amino_acid	templates
CASSLIAGQGSYNEQFF	4027
CASSLWDRASRKLFF	319
CASSQEQTGLAGYTF	193
CSVGTGEGYEQYF	318
CASSSTGPGYNEQFF	303
CASSRAGGHETNYGYTF	135
CAISDGREPTDTQYF	241
CASSLMGQGRGWTQYF	197
CSAWITGRRLNNEQFF	191
CSVGPTAAGAYGYTF	89
CASQYRGNQPQHF	63
CSAYDPKGHNEQFF	150
CASSLIEHQHF	70
CSVIPGQGRLYEQYF	149
CASSSRVSNEKLFF	57
CASSRGPNYEQYF	112
CASSPGSNEQFF	127
CSAWTSSELVYEQYF	124
CSAVDRETIYEQYF	118
CASSQAGGPTNYGYTF	46
CASSPLTDTQYF	103
CASSQVGGEGSYNEQFF	98
CSVVSDEQYF	83
CSARDRGSENTGELFF	103
CASSLATSSSNTGELFF	82
CASSQAREGSNEQFF	85
CASSSGPNYEQYF	70
CASSQVAGQSSYNEQFF	61
CASSLDTTSSNTGELFF	64
CASSPGVHGNTIYF	42
CASRIAGVETGELFF	70
CASSQEAIGTSGTQYF	66
CASSLLAGGGETQYF	72
CASSAGQGLHEQFF	51
CASSLQSGIPNTGELFF	73
CASSPSWGNEQYF	67
CASSPASGMFF	57
CASSHTRDGSSNTEAFF	37
CAISELKITSGRSTYEQYF	52
CASSQDGSSSGANVLTF	81
CASSHSTGTGELFF	59
CASSWTGGSDEQFF	48
CASSQGAGSQPQHF	32
CASSQLAGENNEQFF	49
CASSQEGAIGQPQHF	26
CASSAGTSGNEQFF	45
CASSLRDRGSYNEQFF	56
CASSLGGNTEAFF	27
CSARDARENQPQHF	34
CASSESTGNQPQHF	26
CASSQEHSSGRPLHTQYF	40
CASHERELNEQFF	36
CASSQAVEETQYF	44
CASSLGTLYGYTF	24
CASSWGAGYGYTF	21
CASSQASGEVGYEQYF	29
CSALKREGLGEQYF	51
CASSEGPSSYNEQFF	33
CASSQGRESYGYTF	16
CASRQRDSYEQYF	41
CASSSTGAGNQPQHF	24
CASSYRGLGNEQFF	41
CSVLLAGGPPGELFF	35
CASSAGMGEQYF	34
CASSSLNTEAFF	21
CSARDRQRAYNEQFF	37
CSVGAEYEQYF	33
CASSQDPAVYGYTF	17
CSARDAGLSSGNTIYF	18
CASSQGVKGGYNEQFF	36
CASSWNPEGDEQFF	30
CASSRSVTSGELFF	27
CASSQVTGSSYEQYF	28
CASSPGQVGMAATEAFF	18
CASSFGGDAAKNIQYF	28
CASSQEGGVGNEKLFF	19
CASRGATNEKLFF	13
CASSQDKWGTSGSRGGELFF	25
CASSHASGGEKLFF	14
CSARGLAGGFDYEQYF	29
CASSDRDTGELFF	24
CASSPITTDREAFF	14
CASSLAGNWNEQFF	28
CASSATGGKLFF	14
CASSLEGASTEAFF	14
CASRIAESYNEQFF	22
CSVWTSGRGAYEQYF	33
CASSLNIGEQYF	24
CASSTLASFYNEQFF	16
CASRVTGNYNSPLHF	14
CASSPRTGIVGGYTF	28
CASSPTATYYEQYF	23
CAMGGSGGQPQHF	15
CASSNWGAHEQYF	21
CSARAGTSEVYEQYF	25
CASSPLLYRGNQPQHF	16
CASSQELSVQGRGTEAFF	12
CASRRDQTNEKLFF	14
CASSPHGATGAEAFF	11
CASSQVIGEGSPLHF	17
CASSPGLADSGNEQFF	27
CASSPGQGGSYGYTF	7
CSAFPLAGSPYEQYF	27
CAISVDGLAGVGEQFF	23
CSAWIGREVYEQYF	24
CASSQIIGTSGYEQYF	21
CASSLASLPRKDEKLFF	13
CASSRLLDNEQFF	21
CASSPLGYSNTGELFF	19
CASSLEAGSGELFF	21
CASSQDPGKAQYF	17
CASSRAGGSYGYTF	6
CSTYRDRSTEQYF	20
CAIGATSSEQYF	23
CSAPGTSGRKTYNEQFF	21
CASSPKITGNYGYTF	11
CASSQDGGSSYEQYF	19
CSARLAGQPTQYF	22
CASSYEGSYNEQFF	21
CATSDPLGLAGADTQYF	18
CASSQEAPSGQDHEQFF	18
CASSLSRGPDTQYF	15
CSVTPRDPAGNEQFF	20
CASSQDHGGGPDTQYF	19
CASSSPSGSAAYEQYF	18
CASSPGHLSYEQYF	15
CASSGINRGGGYGYTF	12
CASSEAVPGANTEAFF	9
CSAPQARSSYNSPLHF	13
CASSWNSEDQPQHF	9
CASSLASGLNEQFF	20
CASSHPQGVRAEAFF	9
CSARDPGHSSTEAFF	14
CASSFLSNQPQHF	10
CASSLAGGTEAFF	10
CASSRGLATYEQYF	3
CASSLQAGDTDTQYF	19
CASSQVRQGVGEQFF	16
CASSFSPTANTEAFF	8
CASSPTSAGNQPQHF	13
CASSGGQAGGQPQHF	10
CSVGSGGDGYGYTF	10
CATSGPDPGSGSGNTIYF	9
CASSYLENTEAFF	1
CASSSSGGTDTQYF	18
CASSQDLAGGTDTQYF	15
CASRTGGSYNEQFF	15
CASSQRDYTDTQYF	15
CASSQDTSRRPQHF	7
CASSLGQAYEQYF	13
CASSYTGASQPQHF	10
CASSQTVPGSNTEAFF	7
CATSRDLWSGELFF	13
CASSPAPGWTEAFF	12
CASSLGTVQNEKLFF	8
CASSPAGSLNTEAFF	2
CATHPNKGAANEKLFF	13
CATSRAASGAYEQYF	13
CASSESGANSYNEQFF	12
CASSLVVGGGYNEQFF	12
CASSHLQVPEEKLFF	2
CSHFVVNGPRSADTQYF	17
CASSAEGYGYTF	10
CASSQGLAGMGNEQFF	9
CASSELGPQDEKLFF	3
CSVPQGFEQYF	19
CASSQDEGGSQPQHF	11
CASSNSGSTDTQYF	9
CASSLEDRDYGYGYTF	8
CASREDSNYGYTF	1
CASSLVRGSGETQYF	15
CSAYDPPSGKYNEQFF	15
CSAIGNSGRVGEQYF	14
CASSLWTGVRNTEAFF	7
CSVRRQGMTEAFF	6
CATLRLDPNPGELFF	13
CASSQAGTPTDTQYF	13
CASSQEFGGVDEQFF	10
CASSRDRENEKLFF	9
CASSQGSGGQGAEAFF	6
CSAKDRADTEAFF	9
CASSEGVGGNIQYF	7
CASSLRENQPQHF	5
CASSPSSRGDYGYTF	1
CSARVGDTEAFF	8
CASSQLMQGSGNTIYF	5
CASSLGAGGYEETQYF	14
CASSQDPGTGGDEQFF	11
CSARASSRDSAEAFF	8
CASSYSILGGSPLHF	5
CATSRDGAEQETQYF	16
CASSFPNDGSSYEQYF	16
CASSTGLFDNEQFF	11
CASSSGTNEKLFF	7
CSARGGLAGGPTDGEQYF	17
CSARDGVDTEAFF	8
CSAFPIRSMGTTVYEQYF	18
CASSWTGTGGYEQYF	17
CSAYPGQGAIMGPGEQYF	16
CASSLAGTAGETQYF	10
CASTALEGAGTDTQYF	9
CASSRDTPTGELFF	9
CASSLAAGTGPQHF	7
CVHNEQFF	14
CASSNRPNTGELFF	10
CSARDSRENQPQHF	9
CASSLETPNYGYTF	7
CASSTGTTSPLHF	6
CASRTNRIATNEKLFF	3
CASSLEGAPNTGELFF	15
CASSREEGGQPQHF	9
CASWGNTEAFF	5
CASSQGQGIANSPLHF	7
CASTQQENTEAFF	7
CASSQEKTGETDTQYF	12
CASSATGTGELFF	11
CASSEAAASYNEQFF	10
CSARSQGEYSPLHF	10
CAREDRACTEAFF	8
CASSEEEGPLSYEQYF	8
CASSWGVEFEAFF	8
CASRLTGATEAFF	8
CSALREDRGEEKLFF	5
CAAGAPLGGYTF	4
CASSDSGSRSYNEQFF	2
CASSFGDGYEQYF	13
CSAAPPGVGAETQYF	13
CASSPPGTSGTDTQYF	9
CASSLGGTDNQPQHF	8
CASSPKGASGSTKNIQYF	8
CASSQGISGRTEAFF	1
CASSQGEGGSYEQYF	13
CATSRDVLASGVNEQFF	12
CASSQDMDIQYF	8
CASSQDLPGTPGNTIYF	7
CASSLGHEPYGYTF	5
CASSLGGGRQLTQYF	10
CASSVTASSYEQYF	10
CASSSKEPNTEAFF	6
CASSPRGVSNQPQHF	2
CSVDPGTANYGYTF	2
CSARVTGVDHEQFF	14
CASSYDSPSTQYF	13
CAISNEGDPYEQYF	12
CATSRGPQDGELFF	12
CATRPKRDRENTIYF	8
CATSSKTGYNEQFF	8
CASSLSRQGLYGYTF	8
CASSYSAGPAAQYF	8
CASSASGNNEQFF	8
CASSFVLQGAGGYTF	7
CASSLGGRNTGELFF	7
CASSYSKTQGAIDPFNQPQHF	6
CASSLTGSGNTEAFF	5
CSARPPGIQGGSPLHF	9
CSASSDRGIDGYTF	6
CASSLAGGRETGELFF	11
CASSQVQGYYNEQFF	9
CASSPGTHHEQYF	8
CASSWEGDYGYTF	6
CASTRSRGGYTF	4
CASTPQGMGNQPQHF	2
CATRLYMNTEAFF	1
CASSQGDRTNYGYTF	1
CSASYGRAVPYF	10
CSARDSGGVGGNQPQHF	8
CATRTESSYNEQFF	4
CASSHHTGQFGYTF	1
CASSRQEAYEQYF	12
CASSLWPSEQFF	11
CASSQHRPLAGGQYEQYF	10
CASSFGIGYEQYF	9
CASSTSGGGETQYF	8
CASSLDEREQETQYF	8
CASSLLQGRVNEQFF	8
CASSQELRGTNYGYTF	7
CASSQPAQGASRLYTF	6
CASSGEGYTNEKLFF	5
CASQYRGNQPQHF	4
CSAPGVNTEAFF	3
CASSAGPGGFAEAFF	2
CASSAYGTDYGYTF	2
CASSGPDVGYTF	2
CASSLGRDNSPLHF	2
CSADTSHETQYF	1
CASSFRQGTDEQFF	11
CASSFLGRGGDEQYF	11
CATSDARNREETQYF	10
CASSSGRATDTQYF	8
CASSLGTSVAKNIQYF	10
CASSPGDRSYNEQFF	9
CASSLSSGRYEQYF	9
CASRPTSRGTYNEQFF	9
CASSRGPRRDEQFF	8
CASSSRRTSDNEQFF	6
CASSRSAGQPQHF	6
CSVDSSQPLEAFF	6
CASGAGGDEKLFF	5
CASSLPAGNHQPQHF	5
CASSLGLSSNQPQHF	3
CASSSQGPGNTIYF	2
CASSPTYRDRADGYTF	1
CASRGHGEQPQHF	1
CSVEVGGSSYEQYF	1
CASSPSGGGQETQYF	11
CASSASGGGQETQYF	11
CSVYSQGIKGTGELFF	10
CASSPMVTSSYNEQFF	9
CASSPPGGRAGNEQYF	9
CASSYTTHQPQHF	8
CASSPSPYNEQFF	8
CASSLDGAPSYEQYF	8
CSARVGTLNTEAFF	8
CATSDGRRGLNQPQHF	7
CASSDSAGHGELFF	7
CSVGPGQRGSNYGYTF	7
CASSTASGGRSPLHF	6
CASSQTIGDNSPLHF	6
CSASSDFSGSPLHF	6
CSVDPKEGTEAFF	6
CASSLTGNGNTIYF	4
CASNLRTTSYGYTF	4
CASSYVPGATNYGYTF	2
CASRLAGVGEKLFF	1
CASTRGVQETQYF	11
CASSLGPGQDEQFF	10
CAISEWGIGAISDTEAFF	9
CASSRSLTAGELFF	9
CASSHEPGGEQYF	9
CASSFPSRDTEAFF	7
CASSFLAGGHEQYF	7
CASSQGQDYTEAFF	4
CASSFQGNQPQHF	3
CSAIDPRTTEAFF	3
CATSDWPAGSGPGELFF	1
CASSLVTGGDEKLFF	1
CASRQGWNEQFF	12
CASSVSSTDTQYF	11
CASSDSVTPPQETQYF	11
CATSDPRLAGLSEQFF	9
CASSRLAGDYNEQFF	9
CASSQTRGQANEQFF	9
CATSDFYPSESKNGDTGELFF	8
CASSLARVEQYF	8
CASSGQPLRGYTF	6
CASSHLARHYGYTF	5
CASSPHRGYNYGYTF	4
CASSYSVPDYGYTF	3
CASSHSDRRAEAFF	2
CSAREETGISPLHF	1
CASSWSSRQADTQYF	12
CSVILGDGSYEQYF	10
CASSTTLQGPVVQYF	7
CASSHPRTGMAQYF	7
CSASRPSGSANEQYF	6
CASSGSGGRNQPQHF	5
CASSLLDRSNYGYTF	3
CASSGRGRLNTEAFF	2
CASSLADRPNTEAFF	1
CSARGQPASSGNTIYF	1
CASSQDLGSGPQETQYF	11
CASRTSGIYNEQFF	9
CASSRGPNEKLFF	8
CASSPRTASGYTF	6
CASSSGQGYGYTF	6
CSAKGAGGYTEAFF	6
CASSLVVSEAFF	5
CATRDGYTF	3
CASSGTSGNTIYF	3
CASSLGGTIYGYTF	2
CASSLTEFPREAFF	2
CASSPGLNYGYTF	2
CASSQDLGTGMETQYF	9
CSAPRTTEAFF	8
CASSGMDRGQPQHF	7
CASRRPTGYEQYF	7
CASALGLAGNEQFF	6
CASSPPQSGAFF	5
CASGTGREEINEQFF	4
CSARQGNSPLHF	4
CASSLGRDYGYTF	3
CASTTGGSGNEKLFF	2
CASSVGVSGNTIYF	2
CAWTRQGAQSGAFF	1
CASSNGQPGNTIYF	1
CASSSDGSGNTIYF	1
CSAKSGRDYNEQFF	10
CASTTLSSDTGELFF	9
CASSGTSGSTDTQYF	9
CASSFGVLASGSLGELFF	9
CASSLVTGSNQPQHF	8
CASSQDGQGGPDTQYF	8
CSARLSASANNEQFF	7
CASSVGTSGSNEQFF	6
CSASGLAGADTQYF	6
CASSFQGGTGELFF	5
CASSLGGGYTF	5
CATRASTHTEAFF	4
CASSFSRSQLFF	4
CASSLTGDYGYTF	4
CASSSGGWRSPLHF	3
CASSLAHQGSEAFF	2
CASSINSSGPSTYEQYF	1
CSASLGETQYF	12
CASSWDQPGLAGGPGTGELFF	10
CSARGLAEYNEQFF	10
CASSQVPDYTGELFF	8
CASSLALIDYTF	7
CASSQDWARSTDTQYF	7
CSVEDPPTPETQYF	6
CASTLLAGSSYEQYF	5
CASSLLGQGTYGYTF	5
CASSQAQVNQPQHF	5
CATSATTGDKNYGYTF	2
CASSAGGVNTEAFF	2
CASSLSLNTEAFF	2
CASSSLGTDEKLFF	2
CASSQDEGGYGYTF	2
CASSPGQGRYGYTF	1
CSAPRGNLAADTQYF	1
CSAPYTGTGYGYTF	1
CASSEGENNEQFF	8
CSARVPGGFWGEQFF	8
CSARDGREGFYEQYF	8
CASSYGEWETQYF	7
CASSDSSGSTDTQYF	7
CASSATPGKGADTQYF	7
CASSERYGSSYNEQFF	7
CASSLGHYNEQFF	6
CASSFTGENSPLHF	5
CASSYGQENSPLHF	4
CASSKTGVDQPQHF	3
CASSLRENTEAFF	3
CSVSPMGINYGYTF	3
CASSLVGQGVDEAFF	2
CASSQVGRPTDTQYF	2
CSARGNWDEQFF	1
CASSDGGWDEQFF	8
CASSESLAGGYEQYF	8
CASSPMSSYNEQFF	8
CASSPLAGAMPYEQYF	8
CATIMTGAEETQYF	7
CASSDGTGGTDTQYF	5
CASSSGGGSSGNTIYF	5
CAISVRQGDSNYGYTF	4
CATSSEGQGVEKLFF	4
CASSTGTSGLTDTQYF	4
CSARDAGEGGNQPQHF	3
CSVVQGNGYTF	3
CASRRVSNQPQHF	2
CASSRDRNTIYF	2
CASSPTANYGYTF	2
CASRREVVVNEQFF	2
CASSTYPPTGSWETQYF	1
CASSYSRGTEAFF	1
CASSYSKFVAFF	1
CASSQDRDRSYGYTF	1
CASSTAYEQYF	1
CASSLFGGYYNEQFF	11
CASSYTSGSYEQYF	11
CASSLVTYRTGELFF	10
CSAREGGGHTEAFF	8
CSVTPGEDHEQYF	8
CASSETSGSTDTQYF	6
CASSEKTEGGSPLHF	6
CSASGTFHEKLFF	6
CASSLYLAGSSYEQYF	5
CASSLGETQYF	5
CASSLDSSAGYTF	5
CASSLTPNTEAFF	5
CASSSGWGTEAFF	3
CASSRGGRVIQYF	3
CASTQGDTEAFF	3
CASSYSLGNTEAFF	2
CASSSGVWGEKLFF	2
CASSQVSGGEKLFF	2
CASSATGSGYGYTF	2
CASRDRDSGWTEAFF	2
CASRTGTRSGYTEAFF	2
CASKGRPLVDEQFF	2
CASSEDNYGYTF	2
CSASQGAGVTEAFF	2
CASGAGGGRDGYTF	1
CASSSGVPRKAGYTF	1
CASSGNEKLFF	1
CASSSTAFYGYTF	1
CASSRTGNHQPQHF	1
CASSRLSLRGRTEAFF	1
CASRDLTGGVTEAFF	1
CSATLSGREIGELFF	10
CASSQDWRESYEQYF	9
CASSPFGDTQYF	8
CASRPGTKVGNEQFF	8
CATSDIGTGTSNEQFF	7
CASSLMRTGGSYEQYF	7
CASSRQAVSGGRPSYEQYF	7
CSARLRDYEQYF	7
CSARDPGQGRSYEQYF	7
CASSDSAGGPYEQFF	6
CASSLANWADKDNYGYTF	5
CASRHRTAANYGYTF	5
CASSLERTDANEKLFF	3
CASSARQGLANYGYTF	3
CSVGPGQGPGVEQYF	3
CATSRETVWGNQPQHF	2
CASSPDLATYTF	2
CASCPAGLAGGYSYNEQFF	2
CASSRGVNYGYTF	2
CASMRDSGNTIYF	1
CASSHPYTFNEKLFF	1
CASSQEEGRLPSPLHF	1
CSATTDRATNEKLFF	1
CASSPGGQSGANVLTF	12
CASSLGTGRGKQYF	10
CASSRTVDSYNEQFF	8
CASRYGQGNEQFF	8
CASMPGPERDTQYF	8
CASSRLAGGHEQYF	7
CASSPADEQFF	7
CASSGQERNEQFF	6
CASSSRKRAEQFF	5
CASSATGWNMWAEQYF	5
CASSQDMASGYNEQFF	5
CASSQEPAGASEQYF	5
CASSEGRQGSQPQHF	4
CASSQIDRDYGYTF	4
CASRGIYGYTF	3
CASSPGPGNIQYF	3
CASSQGRAANTEAFF	3
CSARGWLNTEAFF	3
CAISESTGTNEKLFF	2
CATSDTNRDGGYTF	2
CASTPPGGSMNTEAFF	2
CASSYSIEAYGYTF	2
CASSQTFPSNTEAFF	2
CASRDLAGNQPQHF	2
CASSPPSGSGPSTDTQYF	1
CASSQMTPQRNNSPLHF	1
CASEWTGLQPQHF	1
CASSLTAVYGYTF	1
CASSLRGSNEKLFF	1
CASSLTGDFGNQPQHF	1
CASSSRDQGRAFF	1
CASSQEGQPQHF	1
CASSVWSGLDSPLHF	1
CSVAPRSSYEQYF	1
CASSFTAPNTGELFF	8
CASSLSGGITYEQYF	8
CASSLGRGDVNEQFF	8
CASSLRGQGASTDTQYF	8
CASSSGGRPSTDTQYF	8
CASSPGLAGVADTQYF	8
CASSTGLAGVGGELFF	7
CASSLWRSDNEQFF	6
CASSEGSTGELFF	6
CASSLSGTSYEQYF	6
CASSLIVSGNEQFF	6
CASSRSGPEGSFF	6
CATSRVKEGPYGYTF	5
CASSSDAASRSPDTQYF	5
CASSQDPENTEAFF	5
CAINQAGQGTSYTF	4
CASSAGVWRAFF	4
CASRETGRNSPLHF	4
CASSQGTDYGYTF	3
CASSVVAGPYEQYF	3
CASRPFMNTEAFF	3
CSGETGHNEQFF	3
CASSLSTGTGTAQHF	2
CASSSLNSPLHF	2
CASSLDGQPGLNTEAFF	2
CASSFAAGDEKLFF	2
CSTETGNTEAFF	2
CASSLTWNTEAFF	1
CASSLMGGSNSPLHF	1
CASSSPLSSYNSPLHF	1
CASSPGMVQYF	1
CASSFGQHTDTQYF	1
CASSLVLGGWNTEAFF	1
CSASGDRVQDTQYF	8
CAISRLAGASNEQFF	7
CASSSHAGLEQYF	7
CASSELAGGTDTQYF	7
CASSFGVGEGYEQYF	7
CASSQEVGDNSYEQYF	7
CASSQALSGIDIQYF	7
CASSGTYNSNQPQHF	6
CASSPTGQEYNEQFF	6
CSVGHRLAYDTGELFF	6
CASSDSAGGTDTQYF	5
CASSLWPDREAEKLFF	5
CASSQAQGDYNEQFF	5
CASSSLNTEAFF	4
CASSPSGGQGIYGYTF	4
CASSQRLDPGNTEAFF	4
CSATPRIRRANYGYTF	4
CASTRTETYGYTF	3
CASSLREGEKLFF	3
CASSLRAGARNQPQHF	3
CASSLGGNTEAFF	3
CASSVLGFTEAFF	3
CASSQDGRGGSNQPQHF	3
CASSLAQNTEAFF	2
CASSSMVRGMEAFF	2
CASRPSRNYGYTF	2
CASRSGQGFDGYTF	2
CASSQDLGNQPQHF	2
CSVEGQNEKLFF	2
CASSATVSGNTIYF	1
CASSQGLVITEAFF	1
CASSKEGGGNYGYTF	1
CASIGQEGYGYTF	1
CASSLAGSAGQGSYGYTF	1
CASSIRGAGQPQHF	1
CASSRTWTAEETQYF	1
CASSPTGTGNGYTF	1
CASSQAGGLTEAFF	1
CASSPGRGLEKLFF	1
CASSQGFVVDGYTF	1
CASKVSWIGTGELFF	8
CASSSPGRRAEQYF	7
CASSYSLGEGNEQFF	7
CASSPPRADTQYF	7
CASSLAGKKSPLHF	6
CASSDLASGSNEQFF	5
CASSETPKSPLHF	4
CASSLADTQYF	4
CASSQGVAGVNEQFF	4
CASSLSSGYGYTF	4
CSARAASTGTDSPLHF	4
CASSLAGNYGYTF	3
CASSLRTGGGYTF	3
CASSQAGDSYNEQFF	3
CSASLRDRGSSPLHF	3
CSARLNTEAFF	3
CSARDLSGAGGPHEQYF	3
CAIFTGADTEAFF	2
CASSSAGMNTEAFF	2
CASSLGPGNTIYF	2
CASSLSTGEAFF	2
CASSLGPTSNYGYTF	2
CASSSSRNTEAFF	2
CASSLRAANEKLFF	2
CASSLEGGYGYTF	2
CASRLGDRGNQPQHF	2
CASSLCRGLPQAPQHF	2
CSATLSANYGYTF	2
CSVTDLGEAFF	2
CASIPGHRAFNQPQHF	1
CASSPDSIKLSTDTQYF	1
CASSLTAYGYTF	1
CASSLALWGGNSPLHF	1
CASSYRQTGELFF	1
CASSLDVAEVNSPLHF	1
CASSLGGGVGLDTF	1
CASSPGVRQGYGYTF	1
CASSQRLAGENEQFF	1
CASSVAGTRNTEAFF	1
CASSIQGRTEAFF	1
CSVEGQRGNGYTF	1
CASSYAVEVARSYF	8
CASSLSRGTGELFF	7
CASSQLQGPTTDTQYF	7
CSALGQKINLGEQYF	7
CSAHPLGSPDTQYF	7
CATSRDQTDTQYF	6
CASSRPGLAGVGEFF	6
CASSPRRLAGGQETQYF	6
CASSLEGQCSYEQYF	6
CASSQDLGGPNEQFF	6
CAISESGPQAGTQYF	5
CAISEDRGDQPQHF	5
CASSMAPDRSTEAFF	5
CSARDGGRDTEAFF	5
CATLLNTEAFF	4
CATYPGQGHSGNTIYF	4
CASSFDGRGPAEAFF	4
CASSLVISEAFF	4
CASSLSTVNTEAFF	4
CATSRGTGGNEKLFF	3
CASSSPGHLSKNIQYF	3
CASSYGSPGQGYSPLHF	3
CASSQVAGTTEAFF	3
CASSQGTGGSYEQYF	3
CASSRATGGPNSPLHF	3
CASSRTPGELFF	3
CASTPPLRGRRGYTF	2
CASSLSFVEQFF	2
CASSPPQGRARELFF	2
CASSDWGNSPLHF	2
CASSEVGRNEKLFF	2
CASSLGFGQANTEAFF	2
CASSLGQGELYGYTF	2
CASSWDRGTEAFF	2
CASSQARRPLYGYTF	2
CASSQNRKGNTEAFF	2
CASSTRQGAPGSPLHF	2
CASRPRSGGRTEAFF	2
CASRKQGAGNTIYF	2
CASSRTGGGTEAFF	2
CASSQDIEGYQPQHF	2
CASSLPGRGYEKLFF	1
CASSPGTGRSNQPQHF	1
CASSEGQPQHF	1
CASSRQGQYGYTF	1
CASSLELGSNQPQHF	1
CASSSTRTGSQPQHF	1
CASSQRTENTEAFF	1
CASSQDRGNTIYF	1
CASSVEVTPNGYTF	1
CASSQTGNNEKLFF	1
CSVRDRGPGYTF	1
CSARDRLAVDETQYF	1
CASSFSTDTQYF	9
CASSLRGNEQFF	8
CASSPRGPETQYF	8
CASSYSTGGYEQYF	7
CASSLAASYEQYF	7
CASSTLAGEGYNEQFF	7
CASSLAGYSYNEQFF	6
CASSFFDLNQPQHF	6
CASSEASGRDTQYF	6
CASSLEVTSYEQYF	6
CASSQELAGADIQYF	6
CASSAGGNGKTQYF	6
CASSLIQGYEQYF	6
CASSQDMGGLAGVANEQFF	6
CSARDRRGSRSGELFF	6
CASGAIDRGRQETQYF	5
CASSQDPGEGYNEQFF	5
CASSNTDTQYF	5
CSVGQGPYEQYF	5
CASSPDRATNEKLFF	4
CASSLEGAYGYTF	4
CASKDRGTINYGYTF	4
CASIPAGNPGEAFF	4
CASSYWGQNYEQYF	3
CASSCDRGYGYTF	3
CASSQAGGEGEKLFF	3
CASSLSPGNTIYF	3
CSATGVGTEAFF	3
CATLLGGNYGYTF	2
CASSLGGYTF	2
CASSLGGQGWSNQPQHF	2
CASSLSDRGRNTEAFF	2
CASSYRSYEQYF	2
CASSLGGRPNQPQHF	2
CASSPRGYGYTF	2
CASSPGPFYDTQYF	2
CASSQEFGLETSKNIQYF	2
CASRHGTGGIHGYTF	2
CSAGGLPTSNQPQHF	2
CSARTGDTEAFF	2
CSAQSGGGGNQPQHF	2
CAWSTQADYGYTF	1
CASSFPGRSTEAFF	1
CASSRGQGDSPLHF	1
CASSRLSGRDYEQYF	1
CASSSLGQGGQPQHF	1
CASSSDREAFF	1
CASSSTLTGVDGYTF	1
CASSPKTGTEAFF	1
CASSREGGYEQYF	1
CASSQHWDPSGNTIYF	1
CSASSLYYGYTF	1
CSALQGHSYNSPLHF	1
CATSREVYNEQFF	8
CASSPTGTLTGEQYF	8
CASSSFSSGNTIYF	7
CASSPRDGTLICF	7
CSAREAGRDYEQYF	7
CSVEDPRMETQYF	7
CASSDSSGSYNEQFF	6
CASSPEKDQPQHF	6
CSATFSGRIYYNEQFF	6
CSARWDRDYEQYF	6
CASSDSAGGTDTQYF	5
CASSLLQGDSPLHF	5
CASRDPIRADTQYF	5
CASSQEGTGIRGNQPQHF	5
CSARDVKESYEQYF	5
CATSREAGGTEAFF	4
CASSSDRGPRTDTQYF	4
CASSLGGLYSGNTIYF	4
CASSSSQITGELFF	4
CASRLTGQHF	4
CSARQYQHF	4
CSARSGGVGNQPQHF	4
CASSPGTGNYEQYF	3
CASSYGAGETGELFF	3
CASSDRAGGPHEQFF	3
CASSLEAGHYTEAFF	3
CASSHGYNGYTF	3
CASRALGPNQPQHF	3
CASSLGGRNQPQHF	2
CASSLDRQLGTAFF	2
CASSWRVGIRYEQYF	2
CASSYYGDGMNTEAFF	2
CASSPLAGGLNTQYF	2
CASSPGGNSYNSPLHF	2
CASSVVQGATYGYTF	2
CASSLGEKLFF	2
CASSLIHNTEAFF	2
CASSQDEGSNYGYTF	2
CASRGRTEAFF	2
CASRGGLGFEAFF	2
CASSRLHRDSYGYTF	2
CASSLGQGNTEAFF	2
CASSLTGYTEAFF	2
CSAERSQHWVEAFF	2
CASSFDNNYGYTF	1
CASSSQGNQPQHF	1
CASSRDPNTEAFF	1
CASSLKGVEQFF	1
CASSSSGHKETQYF	1
CASSYFRDSMNTEAFF	1
CASSHRDRANSPLHF	1
CASSQELGRQGNTEAFF	1
CASSVNLLAGLHNEQFF	1
CASRGPGQNSPLHF	1
CASSQPTSGTDTQYF	1
CASSQDRGSGANVLTF	9
CATGDTTGSYNEQFF	7
CASSDLTTDTQYF	7
CASSEVLGDRDHEQFF	7
CASSSGTSEVNEQFF	7
CASSPGFGTEYEQYF	7
CASRGGDVHQETQYF	7
CASSQEKAGGPTDTQYF	7
CASSLTHTSYEQYF	6
CASSFTGRGAGRSGNTIYF	5
CASSLLATLLAGENEQFF	5
CASSLAGSSNQPQHF	5
CASSPLGQNTGELFF	5
CASSRRALAGGPPGELFF	5
CASTWDFYEQYF	4
CASSPTGPNYGYTF	4
CASSRLQVDQPQHF	4
CSARRSGINQPQHF	4
CSARTGVTSYGYTF	4
CSVGTGGNQPQHF	4
CATQSLSGENTEAFF	3
CATSPIYRANYGYTF	3
CASSSTPGGYQPQHF	3
CASSEALLAEAFF	3
CASSLRMETLASNQPQHF	3
CASSLSGSRSDTQYF	3
CASSLSEMNTEAFF	3
CASSGTGRYNEQFF	3
CASSLSSSRVQPQHF	2
CASSLSTVSEYGYTF	2
CASSLGPNQPQHF	2
CASSSDRGTEAFF	2
CASSSLGGYTF	2
CASSWTDSNQPQHF	2
CASSLQGRMQFF	2
CASSQTGNYGYTF	2
CASSQGLTRGIWSPLHF	2
CASSKTGANQPQHF	2
CASRVQGNQPQHF	2
CASSLGQSNTEAFF	2
CASSLDGGRGHYGYTF	2
CASSQDGEDGYGYTF	2
CASSKGQGQNTEAFF	2
CSATLKDTGSSPLHF	2
CSARDFGNEQFF	2
CSARTGEYSPLHF	2
CASSFSGGGRNQPQHF	1
CASSYPIYGYTF	1
CASSEQGRNSPLHF	1
CASSLNPGAGYTF	1
CASSLAWQGNGNTIYF	1
CASSLMPGAEAFF	1
CASSLTGDTGYNGYTF	1
CASSRGDLSNQPQHF	1
CASSRDSQRNQPQHF	1
CASSQGTGWNSPLHF	1
CASSQEAARGYEQYF	1
CASSTGLAGGAYNEQFF	1
CASREDRVERGYTF	1
CASSATGTGVSAFF	1
CASSQATGTNEKLFF	1
CASSQDLWTLGQPQHF	1
CASSQEAPGPEGSGNTIYF	1
CSATFDGNTIYF	1
CSARDPEGSRQRETQYF	9
CASSFNEGSYNEQFF	8
CASSRTSTDTQYF	8
CASSLRGNEQFF	7
CASSQGLAGSYEQYF	7
CSARDQDRGDTGELFF	7
CSALSGSDYNEQFF	7
CATGILHDAEQFF	6
CASSSGSSTDTQYF	6
CASSPPGTDTGELFF	6
CASSLVVVQGDTGELFF	6
CASSLDVGVEQYF	6
CASSLDILTGELFF	6
CSVEDPGTGKTYEQYF	6
CATSRGTGGANEQFF	5
CASSLARVKGGYTF	5
CASSLGLAVSYNEQFF	5
CASSDWTSGSTGELFF	5
CASSPLAGVGNEQFF	5
CASSPTTAGYNEQFF	5
CASSQAHPLSGGTYNEQFF	5
CASRSTGTKNTGELFF	5
CASSRQREGRSNEQFF	5
CASSTSAGATDTQYF	4
CASSLVVPYEQYF	4
CASSPRGRMNQNSPLHF	4
CASSQDDYGYTF	4
CASSFSYNEQFF	4
CASSLFSLLNTEAFF	4
CASSHTTGYEQYF	4
CASSGKNGGPYEQYF	4
CSVVESDSYEQYF	4
CSVMDRVGFNSPLHF	4
CAIKAPSTDTQYF	3
CATSDGTGPNQPQHF	3
CASTIGQSYEQYF	3
CASSRTGFNEKLFF	3
CASSFPAGAVNTEAFF	3
CASSLALRGGYTF	3
CASSQYSEQYF	3
CSALDGAPNYGYTF	3
CSAGYGNQPQHF	3
CATSREGYEVEKLFF	2
CASSWTQNTEAFF	2
CASSYRGGTEAFF	2
CASSDPLFYGYTF	2
CASSDTGNSPLHF	2
CASSTRSLSTEAFF	2
CASSATAGTANTEAFF	2
CASKDFRTEAFF	2
CASSLVPGRNYGYTF	2
CASSLRANTEAFF	2
CASSQARSVANEKLFF	2
CASSQVSGEKKLFF	2
CASSVDRGEQYF	2
CSVEDWGQPQHF	2
CAGKRDLNTEAFF	1
CATLTGTVGSYEQYF	1
CATSDSRANTEAFF	1
CATSRADAYLLHF	1
CASPQGGNEQFF	1
CASSLVRNTEAFF	1
CASSLVGGSTEAFF	1
CASSYSKRGGEKLFF	1
CASSTGGYGYTF	1
CASSFMGEQYF	1
CASSLSGGDQPQHF	1
CASSLENSQPQHF	1
CASSLRVSGTGELFF	1
CASSPRTGLGNTIYF	1
CASSQAGQGHNEQFF	1
CASSNRRETADTQYF	1
CASRPTGGYGYTF	1
CASRQNTIYF	1
CASALSGGSYGYTF	1
CASSLAGSNTEAFF	1
CASSLAGSGNTIYF	1
CSASGEAPLTF	1
CSALQGTLAEQYF	1
CSAKGSFLNTEAFF	1
CATSRGEQELIQETQYF	8
CSADNPTNINPGEQYF	8
CASSYVGGTGGVYTDTQYF	7
CASAGRPEAFF	6
CASSDSAGSYNEQFF	6
CSAERPSGNTDTQYF	6
CSVLTSIDTGELFF	6
CASGLGHQGGNEQFF	5
CASSYRGVGTEAFF	5
CASSGTGSTGELFF	5
CASSIGEEVTQPQHF	5
CASSLENLGVSPLHF	5
CASSHLRLAGSNFQETQYF	5
CASSQAQGALDEQYF	5
CASSSRTVNTEAFF	4
CASSEETGSSPLHF	4
CASSLVGRGRNTEAFF	4
CASSLGGSTEAFF	4
CASRKDLAGGPYNEQFF	4
CSAREAGRDTEAFF	4
CSARNPWTDNNEQFF	4
CSAKTGGWETDTQYF	4
CSAPSGKAFNYGYTF	4
CATSDTGGSNQPQHF	3
CASRPQGAAFYSNQPQHF	3
CASADWNTEAFF	3
CASSLGDRVTEAFF	3
CASSLTGASNQPQHF	3
CASSYEWGRQPQHF	3
CASSGLDYNEQFF	3
CASSLPVGGPLGTGELFF	3
CASSPRGVGPQHF	3
CASSPTTGWGNGYTF	3
CASSHRTSGSYEQYF	3
CASSQGRAGAFF	3
CASSQEAGGPQPQHF	3
CASRAGTGAPSPQHF	3
CASGTAQSTGELFF	3
CASSLPGNEQYF	3
CSATLGSGDQPQHF	3
CATRTWGDSNQPQHF	2
CASSPPVGRGYGYTF	2
CASLTNSGNTIYF	2
CASSLRGRDSPLHF	2
CASSLRYLGTEAFF	2
CASSSRRREGYTF	2
CASSYPTGDYNQPQHF	2
CASSEYVRGNQPQHF	2
CASSLDPGNYGYTF	2
CASSPWQSTEAFF	2
CASSPGTLGTEAFF	2
CASSPGQSTNEKLFF	2
CASSRRGENEKLFF	2
CASSEVDWGYNEQFF	2
CASSLVGGIDTEAFF	2
CASSAEGMNTEAFF	2
CASRPAASYGYTF	2
CSASGRMTDTQYF	2
CAIGGSPLHF	1
CATARMGNQPQHF	1
CASSTGRNTEAFF	1
CASRWDRDRESYEQYF	1
CASITDRDQGGTQYF	1
CASTLIARGDQPQHF	1
CASTYQGRQPQHF	1
CASTPGDGEKLFF	1
CASSLFTSEAFF	1
CASSYSDRGNNQPQHF	1
CASSPSRGALGYEQYF	1
CASSLGMANEKLFF	1
CASSLVAGGRYNEQFF	1
CASSLVNSYEQYF	1
CASSSPGRQALHF	1
CASSPVGTEAFF	1
CASSPEGLTDTQYF	1
CASSPTLISGNTIYF	1
CASSPQAGVGGKLFF	1
CASSQTGLAGTGSYNEQFF	1
CASSQVTGDTGGNTEAFF	1
CASSLEGTVVNSPLHF	1
CASSQDPRPGEKLFF	1
CSASGQGGGYTF	1
CSARDGGGNGYTF	1
CSASTPITDPYGYTF	1
CASSYDLPGHLYEQYF	8
CASSLGAGTSWNEQFF	7
CATSREGGGDIPQYF	6
CSASKAGAYNEQFF	6
CASSPPGRSFYEQYF	5
CASSELAATGELFF	5
CASSLGSWKDTQYF	5
CASSLGETQYF	5
CASRTRQGAVTDTQYF	5
CASSPTHIYNEQFF	5
CASRNPIRDRAYEQYF	5
CSVERLSSYEQYF	5
CATSDWPGSGAEDTQYF	4
CASSPTSASGETQYF	4
CASSDSTVGEQFF	4
CASSERTEWEQFF	4
CASSLVELARTGELFF	4
CASKQRQGVAAFF	4
CASSFGFENLAKNIQYF	4
CASSLEPKDTQYF	4
CSANALAGDNYEQYF	4
CASSIGRANEQFF	3
CASSLGSNEQFF	3
CASSLTGGGTEAFF	3
CASSRLIGDNSPLHF	3
CASSHLTTGPGNTIYF	3
CASSQPQDTTRYEQYF	3
CASSQQGSFLNYGYTF	3
CASSVSLNTEAFF	3
CASSASPDIGYEQYF	3
CAREWFPLMAEAFF	3
CASSTQEGYYGYTF	3
CASSLATGGDGYTF	3
CASSLGNTEAFF	3
CASSAGLSSYNEQFF	3
CSVEDRLGELFF	3
CATSRGTEKLFF	2
CASSPGANYGYTF	2
CASINGPGLTHF	2
CASSLWARENTEAFF	2
CASSLRRAGGTTNEKLFF	2
CASSSRDGRQPQHF	2
CASSLLAVNYNEQFF	2
CASSPGGLEAFF	2
CASSFGPLRGDTEAFF	2
CASSLYGGSGNTIYF	2
CASSLARGGGKTQHF	2
CASSSPGTSRYGYTF	2
CASSSTGVLGYGYTF	2
CASSSIRGGGNTEAFF	2
CASSPWTGNEKLFF	2
CASSRFGGDQPQHF	2
CASSHFPGTTEAFF	2
CASSQAGFEQYF	2
CASSGQGGNQPQHF	2
CASSLAGGNYGYTF	2
CASSLGDSPYQPQHF	2
CASSLHPTALNTEAFF	2
CASSQMTGLQYTEAFF	2
CSAISGTGGHQPQHF	2
CATSDSGQEANYGYTF	1
CASMARGSNTEAFF	1
CASSLLGSYGYTF	1
CASSLWDRGTEAFF	1
CASSLRGLGNTEAFF	1
CASSSGSFTEAFF	1
CASSSGSDGYGYTF	1
CASSWSSGSPNEKLFF	1
CASSYGSSNYGYTF	1
CASSLQGVNQPQHF	1
CASSPTSGPYNEQFF	1
CASSPFTGDGTEAFF	1
CASSQDLGPLTEAFF	1
CASSDVREKHEAFF	1
CASSETRTGPSYEQYF	1
CASSLWVGPGEQYF	1
CASSLGQATDTQYF	1
CASSLGEGRYTF	1
CASSLDRAGTGNTIYF	1
CASSLRQAYSGNTIYF	1
CASSPVALDRAPYNEQFF	1
CASSPDRGAGGYTF	1
CASSPDRYQPQHF	1
CASSRDREAFF	1
CASSRTVGQPQHF	1
CASSQDKEGLYGKNIQYF	1
CASSQIGQAGGYGYTF	1
CASSVEDSGNTIYF	1
CASSVEDSSGNTIYF	1
CASSNYEGRGGGHSNYGYTF	1
CASSNSRFSPLHF	1
CASRVRVGTEAFF	1
CASMGSLNTEAFF	1
CASSLSSGNTIYF	1
CASSSQPGNQPQHF	1
CASSPGTGENIQYF	1
CASSQSGLNEKLFF	1
CSASRDRNTEAFF	1
CSASSPPWGAANEKLFF	1
CSARDEGQGNNSPLHF	1
CSVGSNYGYTF	1
CASSPSSYEQYF	8
CASSDSAGATDTQYF	7
CASSLAFAGQETQYF	6
CASSQDHLGAGGYEQFF	6
CASRGQGRYEQYF	6
CASSLQTSTHTGELFF	6
CSGGTGEGYEQYF	6
CASGLGIRDLGFF	5
CASSASGSTGELFF	5
CASSLRGNEQFF	5
CASSLARLAGNTGELFF	5
CASSEGSSGANVLTF	5
CASSQGGLAVTDTQYF	5
CSASFDQETQYF	5
CSAREQGAGPKGGYTF	5
CASSSPYEQYF	4
CASSDGAASTDTQYF	4
CASSLGGGRALKAFF	4
CASSPYTTSNEKLFF	4
CASRFGRTASYEQYF	4
CASSLAGGDEKLFF	4
CASSQDHRGLYEQYF	4
CSALNPALNEKLFF	4
CASSVWRKNTEAFF	3
CASQPGGGGYNEQFF	3
CASSLWGEGYNEQFF	3
CASSPGMGNEKLFF	3
CASSDTNTGELFF	3
CASSSGLIVTDTQYF	3
CASSWGGGNEKLFF	3
CASSLDRGLMNTEAFF	3
CASSPTGGEKLFF	3
CASSQRPTGQNSPLHF	3
CASSQVSGSNGIIQYF	3
CASKSGITDTQYF	3
CSARREEGSPLHF	3
CSVGDRSQPQHF	3
CASAGGGGTEAFF	2
CAISDYNSGQKAFF	2
CASWGQQNSPLHF	2
CASGEAFF	2
CASSFARAGYGYTF	2
CASSLGLNTEAFF	2
CASSTPGLGVNEQFF	2
CASSLAPTEHSNQPQHF	2
CASSSTSGWASYEQYF	2
CASSSGRGEQYF	2
CASSPWGSNEKLFF	2
CASSPGGGNSPLHF	2
CASSQETGTGDEKLFF	2
CASSVDTTGNYGYTF	2
CASSVETRTGNRYEQYF	2
CASSSTGTISPLHF	2
CASSQARGEKLFF	2
CASSQRVATNEKLFF	2
CSARGGTGRNEQFF	2
CSAWTVAGNTIYF	2
CSYLPEGTDTQYF	2
CSVAGLAPDPLLYNEQFF	2
CSASPAGPNYGYTF	2
CAISSTGAPEAFF	1
CAISVGGQEQYF	1
CATRREGNTEAFF	1
CASSKDSSQPQHF	1
CASSLGGMNTEAFF	1
CASGGNQPQHF	1
CASMGQGKRRTEAFF	1
CASTYGLNTGELFF	1
CASTYLGGKQQNYGYTF	1
CASSLVGYNYGYTF	1
CASSQLTDYEQYF	1
CASSVTGTYEQYF	1
CASSEFDRSNQPQHF	1
CASSLDGLNTEAFF	1
CASSLVLGKTHGYTF	1
CASSLGLVGADTYNEQFF	1
CASSYDNPPQHF	1
CASSPEADAYNSPLHF	1
CASSRRDKLFF	1
CASSHGPNQPQHF	1
CASSQAGAEAFF	1
CASSQGPGSNYGYTF	1
CASSVEAVAGYNEQFF	1
CASSTGTGAYGYTF	1
CASSSLAGSLREQFF	1
CASSKWTGMRNTEAFF	1
CASSKVRSGNQPQHF	1
CASRGTGRTAQHF	1
CASRRTDNTEAFF	1
CASSLAGDGYTF	1
CASSSGQNYNSPLHF	1
CASSQGGAVSTNEKLFF	1
CASSQGRQGQLYGYTF	1
CASSQDPARVMNTEAFF	1
CASSQEDRGDQPQHF	1
CASREQGAEAFF	1
CSAPQGGYEQYF	1
CSASSRWGYSYEQYF	1
CSARKSSQEAFF	1
CSAKQGAFQPQHF	1
CSVEVFTGGYGYTF	1
CATSDGKRDTDTQYF	6
CASSPEGGIPYEQYF	6
CASSTYRGFNEQFF	6
CASSQDSDPTETQYF	6
CSAYPRDTPLGQFF	6
CSAIRTSGQLPYEQYF	6
CAISGQGIQETQYF	5
CASSLGDTHQPQHF	5
CASSDGKTSGTDTQYF	5
CASSQDRGLATDTQYF	5
CASNSGSPYEQYF	5
CSVPRGSYNEQFF	5
CSAALAGDYNEQFF	5
CASSYSIGNTGELFF	4
CASSPGLAGGYEQFF	4
CASSLALTGELFF	4
CASSVEGRPIYNEQFF	4
CASNQGDRVRSYEQYF	4
CSARDFAGISYSNQPQHF	4
CSAADYSIQYF	4
CAWNLGLAARTTQYF	3
CASSLAGQGYGYTF	3
CASSLIPSYEQYF	3
CASSSLASGSLETQYF	3
CASSSQGGDQPQHF	3
CASSFILGAEAFF	3
CASSFGQGGSYGYTF	3
CASSLLIGNDQPQHF	3
CASSLARDGNQPQHF	3
CASSYRGENNEQFF	3
CASSQRTGTNYGYTF	3
CASSQEGRASSEQYF	3
CASRLSGRSNYGYTF	3
CASSFNGISNQPQHF	3
CASSTDPDEQPQHF	3
CSAGLGSFEQYF	3
CSASQTSHSSSYNEQFF	3
CSARDFVLAGASYEQYF	3
CSAREGQISYGYTF	3
CSADPGLAVYEQYF	3
CAIRQGKKLFF	2
CATEAQANYGYTF	2
CASTIEGYQPQHF	2
CASSLVGFGLGYTF	2
CASSYSIGDSPLHF	2
CASSYRGQRTTGELFF	2
CASSLNHGYTF	2
CASSELRGSNEKLFF	2
CASSIDRGISGYTF	2
CASSFPNQPQHF	2
CASSLGGGSPDTQYF	2
CASSSSEKLFF	2
CASSSDPPPMDEQFF	2
CASSWEQGLMNEKLFF	2
CASSPRRGFSTEAFF	2
CASSQYTGQQNSPLHF	2
CASSQASAGLNTEAFF	2
CASSGQGGMNTEAFF	2
CASSDSFYGYTF	2
CASRVPPLGTEAFF	2
CASRDTGSYGYTF	2
CASSRTGPVDGYTF	2
CASSLAGNTEAFF	2
CASSLEAGDGYTF	2
CASSSAGVSYNEQFF	2
CASSPTGTGSTEAFF	2
CASSRTGENTQPQHF	2
CASSRNPGQGGEKLFF	2
CASSQVGGYTF	2
CASSQGQGTYNSPLHF	2
CSASGTVNTEAFF	2
CSARGGTSGQETQYF	2
CSARDPDRGLAFF	2
CSVEGTGGEKLFF	2
CSASEESSSYTF	2
CAYTGADNSPLHF	1
CAISENMGVETQYF	1
CATSDRVYSGYTF	1
CASTSGFTDTQYF	1
CASSDTRAVRTEAFF	1
CASSLADNTEAFF	1
CASSPAGQGGSQPQHF	1
CASSRTGENTEAFF	1
CASSFPTWPQHF	1
CASSLIGAQQPQHF	1
CASSLLGGNTEAFF	1
CASSLPGFGSPLHF	1
CASSWGGNQPQHF	1
CASSPPGTTTYGYTF	1
CASSHRPTGENSPLHF	1
CASSARTGPGSPLHF	1
CASSGLGGHGYTF	1
CASSGLDGNGPYNEQFF	1
CASSEAAVNQPQHF	1
CASSIPGQENYGYTF	1
CASSRSPTSYEQYF	1
CASSFGPHMNTEAFF	1
CASSLAATYEQYF	1
CASSLAETYSNQPQHF	1
CASSLDEGLGYGYTF	1
CASSLSRGRNEKLFF	1
CASSPLQGTQPQHF	1
CASSQDYFTSGAYEQYF	1
CASSVGGASNEKLFF	1
CASSAGGQGYTIYF	1
CASSERGSMNTEAFF	1
CASSTDRDGEKLFF	1
CASSRGAGTRDSEAFF	1
CASSKVELRGLKRTPNQPQHF	1
CASKENEDRVGQPQHF	1
CASSETGQFYNEQFF	1
CASSQSDRDNEKLFF	1
CASSQPDRNTEAFF	1
CASSQGTGVGYGYTF	1
CASSQDLDRVTGELFF	1
CASSQDQGRGRGYTF	1
CASSQDGTGGTEAFF	1
CASRGLAGGYNEQFF	1
CSAPGANTEAFF	1
CSARGHPKGYEKLFF	1
CSARDRPYEQYF	1
CSVVSDSSYEQYF	1
CSVGTGDYGYTF	1
CSVRTGSSGNTIYF	1
CSISEQVSGNTIYF	1
CSARDIGTDLGEQYF	7
CATSDPNTSGDVHEQFF	6
CASSPEPLAGNMQYF	6
CASSQDIQGVSEQYF	6
CSAPRALGRYEQYF	6
CATSRDTGGPREQYF	5
CASSLTGTRENEQFF	5
CASSSGTGSSSYNSPLHF	5
CASSPYNEQFF	5
CASSQGLAGPYEQYF	5
CASSTKAGGHWNEQYF	5
CSARGQWREYEQYF	5
CASSFRNEQFF	4
CASSLPRVADTQYF	4
CASSFGPNTEAFF	4
CASSLMGTSETTGELFF	4
CASSPGTMNTGELFF	4
CASSPTYNEQFF	4
CASSQDRAATYGYTF	4
CASSLGVVPGADTEAFF	4
CASSLDPPGVFGYTF	4
CASSQDSGEPYNEQFF	4
CSARGASGLTYEQYF	4
CAVTTLGDGYTF	3
CASSPSSGQDGDTQYF	3
CASSLSSELPQYF	3
CASSLDHTDTQYF	3
CASSLMGQGASEAFF	3
CASSSDRLNEKLFF	3
CASSPDRDGQPQHF	3
CASSRGQTNTEAFF	3
CASSTEAGGLIKSQPQHF	3
CASRLRDRGEKLFF	3
CASNPGQGSEAFF	3
CASRPGPTGYGYTF	3
CASSLASSRAQPQHF	3
CASSLGLAGTDTQYF	3
CASSPSVGAKYGYTF	3
CASSPLGDTQYF	3
CASSQTGTSGSDTQYF	3
CSASRPRDYGYTF	3
CSANAAGVGQPQHF	3
CSVEGVSDRGTDTQYF	3
CSAPDREDPTEAFF	3
CAWRKPSSPDSGNTIYF	2
CATSDLQGANEKLFF	2
CATSRDLEGQRGYTF	2
CATSRDLGPQETQYF	2
CATRVTGVGNSPLHF	2
CASTRDWADLGNSPLHF	2
CASSFTYPQNTEAFF	2
CASSFMRGGYNGYTF	2
CASSLFRQGGTYGYTF	2
CASSLPDFYGYTF	2
CASSLGEKLFF	2
CASSWAGSTDTQYF	2
CASSYRQTDYEQYF	2
CASSVNYGYTF	2
CASSEALRGETAKRGTTGELFF	2
CASSLDRVNYGYTF	2
CASSPGASISPLHF	2
CASSPTGNPPQHF	2
CASSPRADATNEKLFF	2
CASSRSGGTEAFF	2
CASSRLLTNEKLFF	2
CASSRRDRDRNSPLHF	2
CASSRHGSKEETQYF	2
CASSRFGPGDTEAFF	2
CASSRGSGVTEAFF	2
CASSQEGAVNYYGYTF	2
CASSQERTGGTNYGYTF	2
CASSQTSGAYNEQFF	2
CASSGTGGGVSLHF	2
CASRSRDRGKMNTEAFF	2
CASRGQGMSNEKLFF	2
CASRHRNSPMVTEAFF	2
CASNSQGANYGYTF	2
CARRDRRLKRTYEQYF	2
CASSFSTGIDTEAFF	2
CASSFDRMNTEAFF	2
CASSSGTGSDYGYTF	2
CASSLKGGSPLHF	2
CASSPPQVNTEAFF	2
CASSRGQLDGYTF	2
CASSQGTGFNQPQHF	2
CASSQVFEDSYGYTF	2
CASSQAGREYGYTF	2
CASSQDTMNQPQHF	2
CASSDSNQPQHF	2
CASRSGTENSPLHF	2
CSVEGGGNGYTF	2
CAISESQNSNQPQHF	1
CATEDRGGSYNEQFF	1
CATSTGQPYGYTF	1
CATSRVQFYGYTF	1
CASSPWRDNQPQHF	1
CASRRTSGTYNEQFF	1
CASTLRGGLGTEAFF	1
CASSFPGSPPFYGYTF	1
CASSLTGNTEAFF	1
CASSLSVLGLSNTEAFF	1
CASSLAGGDYNSPLHF	1
CASSLNGDSPLHF	1
CASSSRGSWTEAFF	1
CASSSRWTGRYDNQPQHF	1
CASSSGTDYGYTF	1
CASSSDLNTEAFF	1
CASSSGINSPLHF	1
CASSWAGPTQGYGYTF	1
CASSYSTGLPSQF	1
CASSPDRSYTEAFF	1
CASSALPFGTGPKNYGYTF	1
CASSGSTTNEKLFF	1
CASSDQGSPGQPQHF	1
CASSIDGLNTEAFF	1
CASSFGDRAFF	1
CASSLSPPMGTEAFF	1
CASSLGTSFF	1
CASSLNGATNEKLFF	1
CASSSQGLYGYTF	1
CASSSAAGTEAFF	1
CASSYAEEFSGNTIYF	1
CASSLTGGANYGYTF	1
CASSLGVGGSPLHF	1
CASSPSAYTEAFF	1
CASSPWDRASAYGYTF	1
CASSPTGTGSYGYTF	1
CASSPSSGTYLAYGYTF	1
CASSPTGAGEKLFF	1
CASSRLWGTGRMNTEAFF	1
CASSRPPGQAGGYGYTF	1
CASSQAWGGAYYEQYF	1
CASSQPGYGYTF	1
CASSQVEGADYGYTF	1
CASSQASYNSPLHF	1
CASSQAVGWEKLFF	1
CASSVATDRGTHYGYTF	1
CASSGPGPPGGYTF	1
CASSEQGRADTQYF	1
CASRNTGTAYGYTF	1
CASRLGVGLYEQYF	1
CASRSGVNTEAFF	1
CASNSHRTGTKLREKLFF	1
CASRRVRKRGNQPQHF	1
CASSLAPGWGNTEAFF	1
CASSLATLNGRDGYTF	1
CASSLDGGTEAFF	1
CASSLIVGGPANYGYTF	1
CASSLGQMGFSEAFF	1
CSASSRANNYGYTF	1
CSASGRIESPLHF	1
CSASGRPRSYEQYF	1
CSAREPVANYGYTF	1
CSVVPGVDGYTF	1
CSVGGLLMSYNEQFF	1
CSVDRTAYGYTF	1
CSVGLAGVDGANVLTF	7
CATSRRPGTGFSEQYF	6
CASGQGDYNEQFF	6
CASSQVSSGIYEQYF	6
CASSQGQGEGYEQYF	6
CSAFPVGDSKETQYF	6
CASSGQTSGMTDTQYF	5
CASSPLAGVGDTQYF	5
CASSQASGSITGELFF	5
CASSQDLGGGHNEQFF	5
CASSLELAGDTDTQYF	5
CASSQERGTQETQYF	5
CSARDLDVYNEQFF	5
CATSGTTETQYF	4
CASSSLAGGSNEQFF	4
CASSTGTSRNQPQHF	4
CASSFGQGGFEQYF	4
CASSLPLGGDDYEQYF	4
CASSLGPNEQFF	4
CASSPTSGSSDTQYF	4
CASSQFTQSNQPQHF	4
CASSATPEEQYF	4
CASSERDVQETQYF	4
CSARRMNTEAFF	4
CASSAPGGETQYF	3
CASINTGGTEAFF	3
CASTQDGGGLAEAFF	3
CASTLIGLRGADEKLFF	3
CASSLADTQYF	3
CASSSSGQMNTEAFF	3
CASSLAGGSYNEQFF	3
CASSLVLGSSYEQYF	3
CASSSAGLENIQYF	3
CASSSPYYGYTF	3
CASSSSYEQYF	3
CASSLHGPARRGTEAFF	3
CASSPFVGGTEAFF	3
CASSHGDPQLKYF	3
CASSHTGNTLYEQYF	3
CASSQGGNNEQFF	3
CASSVGTGGFGYTF	3
CASRPGQGTYGYTF	3
CASNSPDKYTGELFF	3
CASSRLNPGQGNTEAFF	3
CASSLTETYEQYF	3
CASSPNTGELFF	3
CASSQPGLGGEAQYF	3
CASSQTGVGPTEKLFF	3
CSAPNRGLVTEAFF	3
CSARMRRGMNTEAFF	3
CSARDKGQPGVGAFF	3
CSARDRVSQPQHF	3
CAISAMNTEAFF	2
CATSDRTVYGYTF	2
CASSTDRGTEAFF	2
CASGRQRQEKLFF	2
CASTFPGRGYTF	2
CASTRQGTTDTQYF	2
CASSFLGAQGYTF	2
CASSFGADNQPQHF	2
CASSLSGPNYGYTF	2
CASSLSGDRDEQYF	2
CASSLWESSYNSPLHF	2
CASSCVRAGQPQHF	2
CASSYLGMDQPQHF	2
CASSYLGQGYGYTF	2
CASSYAQGSGNTIYF	2
CASSPPLELGFF	2
CASSDAGLAGGWPDTQYF	2
CASSLGTGEKLFF	2
CASSLQTFRLQETQYF	2
CASSLVMGTGQPQHF	2
CASSLDAGPNTEAFF	2
CASSLDRDGNTEAFF	2
CASSLEVGRTTYEQYF	2
CASSLKWTNYGYTF	2
CASSLAGKLREQYF	2
CASSPDGGGYGYTF	2
CASSQLVDSHNSPLHF	2
CASSQARAVGGYTF	2
CASSAGSGGQGYTF	2
CASSGLTGRGGYTF	2
CASSEGSGNYGYTF	2
CASSTRYRGLDEKLFF	2
CASSTQGGEQFF	2
CASRRDRPKNTEAFF	2
CASNPSGTGAQPQHF	2
CASSLAGTKRPGYTF	2
CASSLRGRTNTEAFF	2
CASSSGQSNSPLHF	2
CASSYGQNYGYTF	2
CASSRAEQRLYSNQPQHF	2
CASSRTIQGLEKLFF	2
CASSQDRVTGELFF	2
CASSQDRSSYGYTF	2
CASSQSPLAAAYEQYF	2
CASRTGPIQYF	2
CASNDRQGYGNTIYF	2
CASKRGELGYGYTF	2
CSAARTVGNQPQHF	2
CSAEQGSFYGYTF	2
CSASSGDRVGYTF	2
CSARGMEEGTEAFF	2
CSARGRGANYGYTF	2
CSAREGRLVTEAFF	2
CSANVPWTRAGTEAFF	2
CSVPGQGGTEAFF	2
CSAKTGLSGNTIYF	2
CATPGRENTEAFF	1
CATSDLSGYTF	1
CATSRQTGPAGYTF	1
CATSRGAGIVEKLFF	1
CASAGRGYQETQYF	1
CASSMSGVNSPLHF	1
CASSIRDTYSNQPQHF	1
CASRGGWGTLNTEAFF	1
CASSPLGNTEAFF	1
CASRSPGQGHYGYTF	1
CASRESSYNSPLHF	1
CASRRDRSNEKLFF	1
CASSFAGTHGYTF	1
CASSFGPSGNTIYF	1
CASSLRFRGDTGELFF	1
CASSLTGDFDGYTF	1
CASSLSTRETQYF	1
CASSLYGYGYTF	1
CASSLQGHGQPQHF	1
CASSLVGLNQPQHF	1
CASSYATGNQPQHF	1
CASSYAGLGNEKLFF	1
CASSLQGVGMGYTF	1
CASSPGTGLLHF	1
CASSPGNTEAFF	1
CASSHRDKSNQPQHF	1
CASSQDSYSNQPQHF	1
CASSVTQNEAFF	1
CASSGQQGNYGYTF	1
CASSERKGTQPQHF	1
CASSTYQSTNEKLFF	1
CASSFTGGGTDTQYF	1
CASSLFRQGRNTEAFF	1
CASSLGPSEAFF	1
CASSLGQGPSLYGYTF	1
CASSLDRGRGGYTF	1
CASSLEGPAGNTIYF	1
CASSLALGSGNTIYF	1
CASSLGVRGYTF	1
CASSLTDEQFF	1
CASSSQGSTEAFF	1
CASSSSPSGPYNEQFF	1
CASSSGAYNEQFF	1
CASSSLAGEPYNEQFF	1
CASSSPPGQGAINEKLFF	1
CASSWTGSNNEQFF	1
CASSLGAQGATEAFF	1
CASSLIGTGRSSYNSPLHF	1
CASSLSQRGWRAFF	1
CASSPHERVGTEAFF	1
CASSPIRDSEEKLFF	1
CASSPTGTNGEKLFF	1
CASSPISGNTIYF	1
CASSRDNQPQHF	1
CASSQRSMNTEAFF	1
CASSQARRTDTQYF	1
CASSQGLWNTEAFF	1
CASSQVGGYYGYTF	1
CASSQGTGGTDTQYF	1
CASSQDNRAQPQHF	1
CASSQTWGGEQYF	1
CASSVGVRGRDTEAFF	1
CASRWLNTEAFF	1
CASRGLLEETQYF	1
CASRYSNTEAFF	1
CASRLPLLQGLNTEAFF	1
CASRGNTEAFF	1
CASRDRSPLHF	1
CASKPDGINSPLHF	1
CASSFGGQYYGYTF	1
CASSLGSDYGYTF	1
CASSLDLNYGYTF	1
CASSLDRDRDGYTF	1
CASSLETGRGYTF	1
CASSLETDQPQHF	1
CASSLRRVQDNSPLHF	1
CASSLQMNTEAFF	1
CASSLLGAFTDTQYF	1
CASSLGQSMNTEAFF	1
CASSQPNAGTNGYTF	1
CASSQVWARVSSGNTIYF	1
CSAGAAVYNSPLHF	1
CSASSGVAPRNSPLHF	1
CSARTFYGYTF	1
CSARSRGLRTEAFF	1
CSARDLGGQGLYGYTF	1
CSARDLRGLYGYTF	1
CASAGAQQETQYF	6
CASSFWDRTSGRPPYEQYF	5
CASSQAGDPYEQYF	5
CASSLIPGLAGPTDTQYF	5
CASSSRLAGGERETQYF	5
CASSPGPGDEQFF	5
CASSPVIGTGGYEQYF	5
CASSASGTSLVEQYF	5
CASSLELETQYF	5
CASSLEETQYF	5
CASSPDSTDTQYF	5
CASSQDPTSGRGTVETQYF	5
CSARDRDWEGMNEQFF	5
CAIDNLAGTEAFF	4
CATSKTGPERNQPQHF	4
CASSLAGGGNEQFF	4
CASSFSGASGTQYF	4
CASSRTSGGHTEAFF	4
CASSQVVGTSGNEQFF	4
CASSQDSYEQYF	4
CASSSGGGNYNSPLHF	4
CASRKANEKLFF	4
CASSFLGNEQFF	4
CASSLLLAGGSYNEQFF	4
CASSLGSADTQYF	4
CASSQSGQNTGELFF	4
CSVRSLAGVNRPSETQYF	4
CSASDLHSGNTIYF	4
CSARDILSWTGYENSPLHF	4
CSTLYSESGSVGTQYF	4
CSATPTRAGTEAFF	4
CASCPASQSDGEQFF	3
CASGGQGLTDTQYF	3
CASSFGATSYEQYF	3
CASSYGDSSYEQYF	3
CASSDGGQVSQPQHF	3
CASSRGPTATQYF	3
CASSQLAGYNEQFF	3
CASSQQGAAVGYTF	3
CASSQQQGAEDSPLHF	3
CASSQDRAGRNYGYTF	3
CASRDGTSGTPEQYF	3
CASKLPGGSRTEAFF	3
CASGWGGRGGGYTF	3
CASSFSGAGELFF	3
CSAPSALGTDTQYF	3
CSVVSGLNEQFF	3
CAISESGMEEKLFF	2
CAIRPEGGSSRSGNTIYF	2
CATSDLNGYTF	2
CATSESGDGANVLTF	2
CATSRDKVQGFGYTF	2
CATTGDQGTEAFF	2
CASLGLAGGEQYF	2
CASSPRLNTEAFF	2
CASRPGGQGVNSPLHF	2
CASIREQGLGGYTF	2
CASTHRENQPQHF	2
CASSFSLQGYNSPLHF	2
CASSFSPNQPQHF	2
CASSFGWSYEQYF	2
CASSLGPEYNEQFF	2
CASSYRSGSRGGRAYNEQFF	2
CASSLITQSYGYTF	2
CASSPAATGDGSPLHF	2
CASSPTRLAGETQYF	2
CASSAQGATDTQYF	2
CASSGTGGKLFF	2
CASSDSDTQYF	2
CASSESPGLDTQYF	2
CASSEAPDGFQETQYF	2
CASSIAQNSGNTIYF	2
CASSKGVHMNTEAFF	2
CASSLGAGRNNEKLFF	2
CASSLPRGRTNEQFF	2
CASSLAGGSAYNEQFF	2
CASSLAPGGYTF	2
CASSSPGTGWYGTEAFF	2
CASSWTGAYTDTQYF	2
CASSYDRGNSPLHF	2
CASSPDSEKLFF	2
CASSPTTGFYGYTF	2
CASSPDGNEKLFF	2
CASSRGTALDYNSPLHF	2
CASSESSYEQYF	2
CASSKTGISEKLFF	2
CASRIQANYGYTF	2
CASREGLSYGYTF	2
CASKGTGIQPQHF	2
CASGSSGGAGTEAFF	2
CASSFGDTEAFF	2
CASSFGSLANYGYTF	2
CASSLVGSGGNEQFF	2
CASSLPAGTDNEKLFF	2
CASSQAYTGGRTQYF	2
CASSQDLGATNEKLFF	2
CASSQDRGIEPQHF	2
CASSQERAYNSPLHF	2
CASSQNPGTGAGNTIYF	2
CASSVDRGKMNTEAFF	2
CASSTGTEAFF	2
CSAWTGWNQPQHF	2
CSVEKRPGQKNTEAFF	2
CSVEDQGADGYTF	2
CSVSSGTETQYF	2
CSVTDRDYGYTF	2
CAISESAVGASNQPQHF	1
CATGTGQDRPQHF	1
CATSQGLASNEQFF	1
CATSDPGTPYGYTF	1
CATSDISETQYF	1
CATRSGGGIRTGELFF	1
CASTGGPPTGNTIYF	1
CASSEGQNTEAFF	1
CASSRDRANSPLHF	1
CASQTQASPLHF	1
CASGDSNNNEQFF	1
CASGYPGHSNSPLHF	1
CASGTMGVANSPLHF	1
CASIEDQAATNEKLFF	1
CASTPTGRGTEAFF	1
CASTRGVLGPYGYTF	1
CASSFTDRPGNTIYF	1
CASSLAGLENSPLHF	1
CASSLGGQGDSPLHF	1
CASSLSPRTQNTEAFF	1
CASSLYWGNEQFF	1
CASSLLGVQPQHF	1
CASSLRLAGGETQYF	1
CASSSQGGNEKLFF	1
CASSYGAAKLALFF	1
CASSYSRVNTEAFF	1
CASSYAISTRGNQPQHF	1
CASSPTPWNTEAFF	1
CASSAPGGYTF	1
CASSGAGQETQYF	1
CASSDPLSTDTQYF	1
CASSTQTGPYTF	1
CASSTLWTAREQFF	1
CASSLSSLQGLGETQYF	1
CASSLGGSRIYGYTF	1
CASSLGGARETQYF	1
CASSLVAGSGYTF	1
CASSLALPHQGGYTF	1
CASSLAVSQGGGTIYF	1
CASSLGAGTLGNTIYF	1
CASSLEEGWNQPQHF	1
CASSSGTGREKLFF	1
CASSSGLAGGEQFF	1
CASSSTNYNEQFF	1
CASSLGQTGNTIYF	1
CASSLRLAGVYNEQFF	1
CASSLGLVNEQFF	1
CASSLNGQIIYF	1
CASSPGQGLQPQHF	1
CASSPSGSRYEQYF	1
CASSPGTGGTEAFF	1
CASSPRGNTEAFF	1
CASSPGLAGVLEQFF	1
CASSPMGLAGGGEQFF	1
CASSRQVGAFF	1
CASSHLGQGFYGYTF	1
CASSQGLSTGELFF	1
CASSQLRVNTEAFF	1
CASSQAIAGGLSYEQYF	1
CASSQDLTGVAFF	1
CASSQDGGQDREAFF	1
CASSQDMPDTQYF	1
CASSQEGITSRNTIYF	1
CASSVGDPNTEAFF	1
CASSALLGSTEAFF	1
CASSAGQDATNEKLFF	1
CASSARGREDEEQYF	1
CASSGRGSNQPQHF	1
CASSEWDRERGYTF	1
CASRPGRVNSPLHF	1
CASRARGNTEAFF	1
CASRGQGWTEAFF	1
CASNFGGALRGPQHF	1
CASKGDGYEQYF	1
CASSLGVNTEAFF	1
CASSFVGADYGYTF	1
CASSFTPGQTYGYTF	1
CASSFTGSYEQYF	1
CASSLASGGSNEKLFF	1
CASSLARTAEDNSPLHF	1
CASSLEEAMNTEAFF	1
CASSLEQPNTEAFF	1
CASSLIVDEKLFF	1
CASSWDSLDSPLHF	1
CASSLRTGGNTEAFF	1
CASSPLPTGNTEAFF	1
CASSPGDGVNQPQHF	1
CASSRGPGATNEKLFF	1
CASSRGETGTGARGYTF	1
CASSQGGNSPLHF	1
CASSQDRPRGEPQHF	1
CASSQKVRQGSTEAFF	1
CASSAGTVISEAFF	1
CASSIRQGEDYGYTF	1
CASRPALQGSYGYTF	1
CSAVRGHGYTF	1
CSARDRGKGYTF	1
CSADTMINSPLHF	1
CSVQQGANGYTF	1
CSVVEINYGYTF	1
CSVVRTGSTEAFF	1
CSVDGVNTEAFF	1
CSVDPTGNTEAFF	1
CSVEDQGITDTQYF	1
CSASSVNWIYGYTF	1
CASSAGAGGENGYTF	6
CASSHDSGSPGELFF	6
CASRSGTSGRPSQFF	6
CSAREILTGETDTQYF	6
CSAKEEGLAGVGPQETQYF	6
CATSDLGDINEQFF	5
CASGDTDTQYF	5
CASSLWALGTSGISSYEQYF	5
CASSQERGAGVETQYF	5
CASRGTDVGNYEQYF	5
CASRTTETGELFF	5
CASNRGGAGTDTQYF	5
CASSRKQGASTDTQYF	5
CASSQDPEGSYNEQFF	5
CATSDRRESADTQYF	4
CATSKRGQGWEKLFF	4
CASSQSGERSPLHF	4
CASGDPGLPSYEQYF	4
CASSLRAGRTYEQYF	4
CASSLYGVQGSTGELFF	4
CASSSTGETDEQFF	4
CASSYSTLSRPDTQYF	4
CASSYRQSRDTGELFF	4
CASSLTGYYNEQFF	4
CASSVTPALASGELFF	4
CASSEGLRTTDTQYF	4
CASSFDVSSYNEQFF	4
CASSRTSGRVNEQFF	4
CASSRTGGQPQHF	4
CASSIPRDCPYEQYF	4
CASRPTSGRMYEQYF	4
CASSFSDTQYF	4
CASSPGTGNTGELFF	4
CASSQVRGAGSDTQYF	4
CSAYPGKRRATIGQYF	4
CSAPTPPTGTGETQPQHF	4
CATSAGTRDTGELFF	3
CATLRRGASYTF	3
CATSDLSLAGENEQFF	3
CASSPIQISNQPQHF	3
CASSFSRDALGYEQYF	3
CASSLLEGSYNEQFF	3
CASSYSDGYTF	3
CASSYTDGSYEQYF	3
CASSPRTGSSGELFF	3
CASSPRTGNSPLHF	3
CASSLLPMNTGELFF	3
CASSLVVGRNTEAFF	3
CASSLGRSSVGELFF	3
CASSWAQNTEAFF	3
CASSPDPTRGYTF	3
CASSQDASGSYEQYF	3
CASSKPGQGRYGYTF	3
CASSSRRGSNQPQHF	3
CASRSMPDANSPLHF	3
CASSLTSVGYDTQYF	3
CASSLRDTPSKSFF	3
CASSQVASRVGGEKLFF	3
CSARDQGGLSSYEQYF	3
CSVTHTGTSLRREYF	3
CSVRGVAGGPGTDTQYF	3
CSALGSGQQYNEQFF	3
CAISDSTGLNQPQHF	2
CAIRRTGWNEQYF	2
CATLWGGEAFF	2
CATSDRGEYGYTF	2
CATSKGTAYQETQYF	2
CASSISGQGSYSNQPQHF	2
CASSSTGGNQPQHF	2
CASSPNPTNEKLFF	2
CASSFGSAGSPLHF	2
CASSFDRVSGNTIYF	2
CASSLSGYRDREYSPLHF	2
CASSLYGEPQHF	2
CASSYSDGGGSPLHF	2
CASSLLSSTGELFF	2
CASSPVSSYNEQFF	2
CASSPPGPSYEQYF	2
CASSPGGDNSPLHF	2
CASSVLLTGTDEQFF	2
CASSESGTTSYNEQFF	2
CASSEWGPGYTF	2
CASSRTYYGYTF	2
CASSKTDSEKLFF	2
CASSFRGSYNEQFF	2
CASSLHSESNQPQHF	2
CASSLDAPLEKLFF	2
CASSLDRGLRNTEAFF	2
CASSLARGTEAFF	2
CASSLGTGGTTEAFF	2
CASSSLASGRPNTGELFF	2
CASSSGLNTEAFF	2
CASSSQGVNQPQHF	2
CASSSQGRNSPLHF	2
CASSSGPMNTEAFF	2
CASSLGGPSYNEQFF	2
CASSLGQMNTEAFF	2
CASSPPAGGGGGYNEQFF	2
CASSPGPGLRPGETQYF	2
CASSPWTGGGVSEAFF	2
CASSPGGYEQYF	2
CASSPGQGTHNQPQHF	2
CASSPDGQGRNEQFF	2
CASSRGDWGNTIYF	2
CASSHRDRGRTGNTIYF	2
CASSQVGHYTEAFF	2
CASSQVRDLASAFF	2
CASSQVLGRYSGNTIYF	2
CASSQGLRGSYYEQYF	2
CASSVWVRGDSYEQYF	2
CASSVDSSGNTIYF	2
CASSVAAGNYEQYF	2
CASSVGGNTEAFF	2
CASSAIPPLAGDFYEQYF	2
CASRTRGQATNEKLFF	2
CASRSTAQSSYEQYF	2
CASSLGTGMNTEAFF	2
CASSHMAGGPYEQYF	2
CASSHRVSGTGDTEAFF	2
CASSQTGGGQPQHF	2
CASSQPLLNTEAFF	2
CASSVDSYGYTF	2
CSASPLRNTEAFF	2
CSARVPGGGYTF	2
CSARVGGYNSPLHF	2
CSARGRMNEKLFF	2
CSARDPGQHSGNTIYF	2
CSARDRNRGYTEAFF	2
CSVGPGQSRLNYGYTF	2
CSVEVQGNYGYTF	2
CSVDRDNYGYTF	2
CASRDSMNTEAFF	1
CAWSVHRGQGNQPQHF	1
CAWSVGGFSGYTF	1
CAISDARVGETQYF	1
CAISESGVGYTF	1
CATQEDSNQPQHF	1
CASSPDRNYYGYTF	1
CASLELNTEAFF	1
CASAWGYNQPQHF	1
CASTLPETRGEAFF	1
CASSFGSNSPLHF	1
CASSFRWDVNNEQFF	1
CASSFGQTATNEKLFF	1
CASSLAEAFF	1
CASSLLWTGEAFF	1
CASSLGEQPQHF	1
CASSSKGGKYRAFF	1
CASSSRQGRWAFF	1
CASSYSLQIINTEAFF	1
CASSYSRDRSGNTIYF	1
CASSYTPGGLYEKLFF	1
CASSLSTGISNQPQHF	1
CASSRLQGWNEQYF	1
CASSQGGPLGYTF	1
CASSVSGQDVPQHF	1
CASSDSSNSPLHF	1
CASSEVSAPGSKSEKLFF	1
CASSNSGPTYEQYF	1
CASSLYKGNQPQHF	1
CASSLRGQYSNQPQHF	1
CASSLVWQGGEKLFF	1
CASSLVGSNEQYF	1
CASSLERNTEAFF	1
CASSLPGTGNTIYF	1
CASSLGGSSYNEQFF	1
CASSLGSGRSGKLFF	1
CASSLDSNTGELFF	1
CASSLSRWTEAFF	1
CASSSQMNTEAFF	1
CASSSISGAAAYGYTF	1
CASSLTGQMGQYF	1
CASSLLQGGTNEKLFF	1
CASSLGQGPNTEAFF	1
CASSPLQNHGYTF	1
CASSPWTGNTIYF	1
CASSPTGRENLNEQFF	1
CASSRGGPGRGYTF	1
CASSRGTALDYNSPHHF	1
CASSRGQRNTEAFF	1
CASSQGGDEKLFF	1
CASSQAGNHQPQHF	1
CASSQGGSLSMSYTF	1
CASSQTRWGTNEKLFF	1
CASSVHELRGVNEKLFF	1
CASSVGQSNEKLFF	1
CASSAQFLAEAFF	1
CASSKGYYGYTF	1
CASRSGTDGYGYTF	1
CASRSTVVHQPQHF	1
CASRVQGYQPQHF	1
CASRATGTEAFF	1
CASRTEGALVYSNQPQHF	1
CASRPLGDYGYTF	1
CASREATGLYAEAFF	1
CASFEGGTNYGYTF	1
CASSEWRDSPLHF	1
CASSFTEDYGYTF	1
CASSLLGDTNQPQHF	1
CASSLGLNNYGYTF	1
CASSLETDVYGYTF	1
CASSLQGFQPQHF	1
CASSLQGASYNEQFF	1
CASSYDREKLFF	1
CASSPGQGSYGYTF	1
CASSRGREQYF	1
CASSQWDNFSPLHF	1
CASSQLSMGAKGNGYTF	1
CASSQVSRPSGYTF	1
CASSQGTLYVYGYTF	1
CASSIRQRIYYGYTF	1
CASRNMGLNTEAFF	1
CASRMMTENTEAFF	1
CGGRQGSTDTQYF	1
CSASRGGANTGELFF	1
CSASRTGVNYGYTF	1
CSARVRQSGGQPQHF	1
CSAREAFADGYTF	1
CSVDGAGQGYGYTF	1
CSVEEPAFTF	1
CSVEGLGFTEAFF	1
CSVETMQFF	1
CSVGGGSNQPQHF	1
CSGEGQGPFLNTEAFF	1
CASSPGTGTTDTQYF	7
CASSFFSPVSGYEQFF	6
CASSQRPDSGANVLTF	6
CSANKGLAEETQYF	6
CAWSRAGEFGELFF	5
CASSYSNGGSETQYF	5
CASSERTGKAYEQYF	5
CASSEGTSGHNEQFF	5
CASSLIPGNTGELFF	5
CASSLTSGRLSEQFF	5
CASSPKETSQETQYF	5
CASSQDSLSYEQYF	5
CSAINRASEKYEQYF	5
CSTYRDEGPEQYF	5
CATSRESSGSGELFF	4
CASSRLAGATDTQYF	4
CASSSAPGPPSYYEQYF	4
CASSPGGTYNEQFF	4
CASSQEDGSTGELFF	4
CASSQSQGQGAETQYF	4
CASSVAGSPSTDTQYF	4
CASSAEGTHPAYEQYF	4
CASRIREYGYNEQFF	4
CASSLARGRAPNEQFF	4
CASSLQGADSYEQYF	4
CASSPTGANTGELFF	4
CASSQALGQASYEQYF	4
CASRPGVQDNEQFF	4
CANSTGSYEQYF	4
CSARGVGGEQYF	4
CSARDLGGIFTDTQYF	4
CSAPAGEQYF	4
CATKPQGNTEAFF	3
CATSRVGGDTQYF	3
CASSSQSSGNDEQYF	3
CASSLLATGGYGYTF	3
CASSLRVGEKLFF	3
CASSYSTPDNNEQFF	3
CASSGSQNQPQHF	3
CASSEGTSGTDTQYF	3
CASSETGNSPLHF	3
CASSEKGTGSDIQYF	3
CASSLGAVPSRQFF	3
CASSLRGNEQFF	3
CASSLAGGSGNTIYF	3
CASSLARRGGVDRLNTEAFF	3
CASSLTRGGSIPNEQFF	3
CASSSGTSYGYTF	3
CASSSGPNYEQYF	3
CASSPRTSKGGNSPLHF	3
CASSPSTRGAFEQFF	3
CASSRGQNNEQFF	3
CASSQTEKLFF	3
CASSQDQHTMNTEAFF	3
CASSVDGTSFYEQYF	3
CASSGTTLNQPQHF	3
CASSEGQNSNYEQYF	3
CASRKTGGYEQFF	3
CASSLTGNYEQYF	3
CASSLNEYNEQFF	3
CASSLSIGGTTNTEAFF	3
CASSRSHGGGNTIYF	3
CASSDPGLAFNEQFF	3
CASSTPALQQFF	3
CASSKQGADEQYF	3
CSAREGDYGYTF	3
CASSSSTDTQYF	2
CAISEPTFPRQFF	2
CAISEMWDQPQHF	2
CAISEQGRQDEQYF	2
CATSSTDSSGNTIYF	2
CATSSPQSSGNTIYF	2
CATSRGGAGDEQFF	2
CASLRGGIYGYTF	2
CASSSGLTHEQYF	2
CASSRDTRETLFF	2
CASSPQGLSTEAFF	2
CASRRRQSSEKLFF	2
CASAGTENTEAFF	2
CASEAGTYGYTF	2
CASMPQGRTEAFF	2
CASTLGSSLRNTIYF	2
CASTPYGGEGRNEQFF	2
CASSFYNQPQHF	2
CASSLGTHYGYTF	2
CASSLSGDVGYTF	2
CASSLRGNQPQHF	2
CASSSPPDSAETQYF	2
CASSYGTASEKLFF	2
CASSYTYNEQFF	2
CASSYRDTYEQYF	2
CASSYRQKSYEQYF	2
CASSPRDIGHQPQHF	2
CASSPGSIGVGGYTF	2
CASSPGRGNQPQHF	2
CASSVDRGAGNTIYF	2
CASSDPQGRYF	2
CASSDRGRQETQYF	2
CASSDRNTEAFF	2
CASSFETDRTEAFF	2
CASSFGEGGSYNEQFF	2
CASSLNSQAPTF	2
CASSLWTPRSLAGGYTGELFF	2
CASSLAQNTEAFF	2
CASSLGLRESEAFF	2
CASSLGPSEKLFF	2
CASSLGGNQPQHF	2
CASSSALAWETQYF	2
CASSSTGTGEKLFF	2
CASSWRDTIYF	2
CASSLLGDREAFF	2
CASSLQGNTEAFF	2
CASSLQDGYQPQHF	2
CASSPLMTRTNEQFF	2
CASSPLTGPNQPQHF	2
CASSPRSGNTIYF	2
CASSPRASGGDTQYF	2
CASSPRALNEKLFF	2
CASSPKGLRDYYSEQYF	2
CASSRMGFYNTEAFF	2
CASSRSAVGTEAFF	2
CASSRQSRGNTEAFF	2
CASSHAYEQYF	2
CASSQNTEAFF	2
CASSQNRGDGAFF	2
CASSQSSGNTIYF	2
CASSQRTGMNTEAFF	2
CASSQAPTAEQFF	2
CASSQGPPGETQYF	2
CASSQDLGARGSPLHF	2
CASSVGPTNTEAFF	2
CASSVTGGDSPLHF	2
CASSDHARDTQYF	2
CASSNFVGGAGNQPQHF	2
CASRARQGRVRLVQPQHF	2
CASKMGRTMNTEAFF	2
CASSLVGDSLYTF	2
CASSLAGNTIYF	2
CASSLGGVNQPQHF	2
CASSLEATNEKLFF	2
CASSSSGTNFYGYTF	2
CASSWDGENTEAFF	2
CASSYDANTEAFF	2
CASSLFGTEAFF	2
CASSRATSGRLYTDTQYF	2
CASSTEGHEQFF	2
CASRVAGTTYEQYF	2
CSALTSGSSNEQFF	2
CSAPPGTSNTEAFF	2
CSASPGITYGYTF	2
CSAREYRDGSNQPQHF	2
CSAKPGTIDQPQHF	2
CSARTGGNQPQHF	2
CSVATPDNTEAFF	2
CSVDRGGQRGGYTF	2
CSVETGGDTEAFF	2
CASRRTYNSPLHF	1
CAWGRDNSPLHF	1
CAISPTGSDAFF	1
CAISDRASGNTIYF	1
CATSDLAGTAETQYF	1
CATSDPLLGTDTQYF	1
CATSDPGGLGYTF	1
CATSVLMTATTEAFF	1
CATSTQTGPNYGYTF	1
CATSRGSDQPQHF	1
CATSRDRVNEKLFF	1
CATSNRFSNTEAFF	1
CASSLPNNNQPQHF	1
CASSMGRKNTEAFF	1
CASSLRQGANQPQHF	1
CASSPRETEAFF	1
CASSRDRENSPLHF	1
CASLGGAGYGYTF	1
CASQGAGRSSYEQYF	1
CASTQTGVSYEQYF	1
CASSFRQAGEAFF	1
CASSFSQGYSNQPQHF	1
CASSFAGTSFIEQFF	1
CASSLLAPGNTEAFF	1
CASSLRLATEAFF	1
CASSLGRYSNQPQHF	1
CASSLRGDTEAFF	1
CASSSSGTGEEKLFF	1
CASSSHSTGNTEAFF	1
CASSSIRGALAKNIQYF	1
CASSSTQGQGYGYTF	1
CASSYSPGGAPRSPLHF	1
CASSPLNSGKGTEAFF	1
CASSPLGTGDNEKLFF	1
CASSPGQGIWGYTF	1
CASSPTGPNTEAFF	1
CASSPNRGPNEKLFF	1
CASSVSITEAFF	1
CASSVGAPFGNYGYTF	1
CASSAGVRVNQPQHF	1
CASSARTEGSSDGYTF	1
CASSADRGNNYGYTF	1
CASSGRTGAGNTIYF	1
CASSGTGDYEQYF	1
CASSELTGAANEKLFF	1
CASSEGFVLSSYNEKLFF	1
CASSEIGLAGIYEQYF	1
CASSTQTGDLTLVGYTF	1
CASSRVRVAKNIQYF	1
CASSNGDVGGYTF	1
CASSFGQYVTDTQYF	1
CASSLEGGNEKLFF	1
CASSLMQGRYGYTF	1
CASSLVTGGNEKLFF	1
CASSLAVDVEAFF	1
CASSLAPRGAETEAFF	1
CASSLGYTEAFF	1
CASSLGQNTEAFF	1
CASSLGYGSGSYRDSDEQFF	1
CASSLEDGDSYEQYF	1
CASSLTSGRNEQFF	1
CASSLRGGLFEQYF	1
CASSLRGNTEAFF	1
CASSSGGPGQGSSGNTIYF	1
CASSSQGWTEAFF	1
CASSSVSGKSYEQYF	1
CASSSTFGQETQYF	1
CASSWRDDEKLFF	1
CASSYSGKFLSGNTIYF	1
CASSLRTGNNSPLHF	1
CASSLKVGGGEKLFF	1
CASSLAIYTEAFF	1
CASSPSGTANTEAFF	1
CASSPRSDTEAFF	1
CASSPRDTEAFF	1
CASSPRWGGFSTEAFF	1
CASSPRLFEWNTEAFF	1
CASSPRPSWGGQPQHF	1
CASSPQPLDRGIGYTF	1
CASSRGQLNTEAFF	1
CASSRGGYTF	1
CASSRGGPGTEAFF	1
CASSRTGQPNSPLHF	1
CASSQRQKTVEAFF	1
CASSQRQGSGELFF	1
CASSQWTGLTGQQFF	1
CASSQVSGVGGYTF	1
CASSQVVKGIYGYTF	1
CASSQDLGDNSPLHF	1
CASSQDPSGSDTDTQYF	1
CASSQDRNTEAFF	1
CASSQEPVGGLGNQPQHF	1
CASSQERDISYNEQFF	1
CASSVVLGKNTEAFF	1
CASSVGGSLAEAFF	1
CASSAALYTEAFF	1
CASSAGAEDTEAFF	1
CASSDWPRITNTEAFF	1
CASSTRQGMDYGYTF	1
CASRAGEKLFF	1
CASRAEGGSGNTIYF	1
CASRLGGNTIYF	1
CASKSSVSGDTIYF	1
CASSVDRGNQPQHF	1
CASSEDLSYGYTF	1
CASSFGQGIYEQYF	1
CASSLAVGSSMNTEAFF	1
CASSLGQGSTDTQYF	1
CASSLENSPLHF	1
CASSLRDGNYGYTF	1
CASSSAVGQGIEKLFF	1
CASSPLGLAGAHEQFF	1
CASSPQGSSPLHF	1
CASSRARDKDEKLFF	1
CASSQPFGKNTEAFF	1
CASSQSQGARIEQYF	1
CASSQHRDPWKNYGYTF	1
CASSQVRGPKLYGYTF	1
CASSQDGTTGNEKLFF	1
CASSQDNGAWDTEAFF	1
CASSQEAGTSWRNEQYF	1
CASSQTGGSTEAFF	1
CASRHDRAFNTEAFF	1
CSAFHGTGGTEAFF	1
CSAFSGAGNTIYF	1
CSAPGLAGDEQYF	1
CSAVGQGINYGYTF	1
CSARAQGALNTEAFF	1
CSARDPMEASNQPQHF	1
CSVVRGPNTEAFF	1
CSVEPSGSNIQYF	1
CSVESLAGGETQYF	1
CSVEDEGGPEAFF	1
CSVEAGTVNTEAFF	1
CSGGGLGSEAFF	1
CATSRGGRHNEQFF	5
CASGHGQGSREQYF	5
CASSSVAGAVETQYF	5
CASSEGVGHNEQFF	5
CASSPGQGMEETQYF	5
CASSQLASGTYEQYF	5
CASSALGGGRLYEQYF	5
CSAATTSEYEQYF	5
CSAIAGVGSYEQYF	5
CSASGGRDYNEQFF	5
CSARSSLAGEAETQYF	5
CATSGTSGEYNEQFF	4
CASSPAGPDTQYF	4
CASSRLAGESDTQYF	4
CASSESYEQYF	4
CASSTGTGTDTQYF	4
CASSLLHSNEQFF	4
CASSLGTGIGEQYF	4
CASSLGSYNEQFF	4
CASSRGTDTGELFF	4
CASGTVSVTGVNGYTF	4
CASSLNGQTSGKEFF	4
CASSRELAGVDEQYF	4
CASSQVLDNEQFF	4
CASRGGTSGSSTGELFF	4
CSARELAGYETQYF	4
CASSRRGARGTEAFF	3
CASSLGTPSYEQYF	3
CASSYSTSADTQYF	3
CASSGGTGHTDTQYF	3
CASSFTGDGYTF	3
CASSLALQRGYNEQFF	3
CASSLAPGQGLNEKLFF	3
CASSLGVNTEAFF	3
CASSSGQNYGYTF	3
CASSSSPARQARRRAFF	3
CASSRDSSYEQYF	3
CASSQSARSSYNSPLHF	3
CASSQAGGRTGELFF	3
CASSQEVIAGTSYEQYF	3
CASRPWDRGAGELFF	3
CASSFDGEVSYEQYF	3
CASSLGSADTQYF	3
CASSPSGREINTGELFF	3
CSASAGLGTGELFF	3
CSARVPGVVSDGYTF	3
CSAREDSMNTEAFF	3
CSATDQGARGRYTF	3
CSVERTGLGYTF	3
CSVKGTGDNQPQHF	3
CAISANTEAFF	2
CAISKDTNTEAFF	2
CATQLVSTDTQYF	2
CATSRSLGPQHF	2
CATSDGFNQPQHF	2
CATSRTTGWDSPLHF	2
CATSRDVGYGYTF	2
CASSEQGTAKNIQYF	2
CASSWREYEQFF	2
CASSLQGQPQHF	2
CASLVWGSGRGEQFF	2
CASPDGGETQYF	2
CASTLPGPGRAFF	2
CASTLQGWNQPQHF	2
CASTRTGWFGYTF	2
CASTEAGETEAFF	2
CASTNSDYEQYF	2
CASSFSGWQNSNQPQHF	2
CASSFGLVGDNEQFF	2
CASSLRELQGNTIYF	2
CASSLVGGVNQPQHF	2
CASSLGLSSYNEQFF	2
CASSLTVPPLHF	2
CASSSASTETFYGYTF	2
CASSSENKPNQPQHF	2
CASSSRGKLQPQHF	2
CASSYSTGSSGNTEAFF	2
CASSYPNQPQHF	2
CASSYIGPNGEKLFF	2
CASSPTGSNQPQHF	2
CASSPGPQRHQPQHF	2
CASSPTGAHLYGYTF	2
CASSRQTGYNEQFF	2
CASSRLNNEQFF	2
CASSVSTGPNSPLHF	2
CASSARGRLKQGGNTEAFF	2
CASSGPGTEAFF	2
CASSDSETATNGYTF	2
CASSDDSAASYNEQFF	2
CASSEAFGYGYTF	2
CASSEALSGGWEAFF	2
CASSFLAQGAYNEQFF	2
CASSFGGSTHYNEQFF	2
CASSLWGKRNQPQHF	2
CASSLGPGDTGELFF	2
CASSLGHRDFYEQYF	2
CASSLGTGTSLAGELFF	2
CASSLDYSDPEQYF	2
CASSSRDRGFNQPQHF	2
CASSSAGYTYEQYF	2
CASSSTGQGSGTEAFF	2
CASSSTRQGYSNQPQHF	2
CASSSNGRGNQPQHF	2
CASSLMQTQYF	2
CASSPSNTEAFF	2
CASSPTGSNQPQHF	2
CASSPGAGNQPQHF	2
CASSRGANQPQHF	2
CASSRIGQAGNTIYF	2
CASSHSSEHTDTQYF	2
CASSQRDRPRSGYTF	2
CASSQGPNQPQHF	2
CASSQEETGSRNYGYTF	2
CASSVAVGDEQYF	2
CASSAQGNYGYTF	2
CASSGEGNQPQHF	2
CASSEDRAAYNEQFF	2
CASSEEMDRRQYF	2
CASSIHTITLNTEAFF	2
CASSRDSYTEAFF	2
CASSRLTGGTEAFF	2
CASRPPRLAEQYF	2
CASRKAVNTEAFF	2
CASNTGLDEQFF	2
CASKVDFGVSTEAFF	2
CASSQDRHEQFF	2
CASSLGQGYGYTF	2
CASSLGGVNQPQHF	2
CASSLDSHSNQPQHF	2
CASSLEAGPAYEQYF	2
CASSLNTEAFF	2
CASSLVGGGTEAFF	2
CASSPDRANYGYTF	2
CASSPAQEDEQYF	2
CASSRGMSPTAYGYTF	2
CASSQVFFRDYGYTF	2
CASSQAAGAGDTEAFF	2
CASSQGGTEAFF	2
CASSQDGTATTYGYTF	2
CASSQEPGLVDEQYF	2
CASSEMGTAHYEQYF	2
CASSTRQASGNTIYF	2
CASSNGWRWGEAFF	2
CASRVGAVNTEAFF	2
CSATGGFESPLHF	2
CSASIRYRGRMEGQPQHF	2
CSASADRGLRHGYTF	2
CSARAPGTENEKLFF	2
CSARGGTLGTGELFF	2
CSARDRRGGTEAFF	2
CSAVRGSYEQYF	2
CSGQTDRVSYTF	2
CSVLQGARGTEAFF	2
CSVQRTSGYNEQFF	2
CSVDSGLYGGYGYTF	2
CSARGRGEKLFF	2
CAVSPDSNQPQHF	1
CAVEGAHEQYF	1
CAIQGAGPYGYTF	1
CATPTAPPDGYTF	1
CATSASAGEQYF	1
CATSRGQVNTEAFF	1
CATSREGLAEAFF	1
CATSREMNTEAFF	1
CATRSEIDTEAFF	1
CASRKRGDYTF	1
CASHTGTGIDGYTF	1
CASANGRPTDTQYF	1
CASSIGAQNEKLFF	1
CASSMWTEQFF	1
CASSTSLASSGNTIYF	1
CASSRVPNQPQHF	1
CASSRLSGTEAFF	1
CASSLQETQYF	1
CASSPLAGNTGELFF	1
CASSPRQGVNEKLFF	1
CASSPAGGYNQPQHF	1
CASSPLAGSYNEQFF	1
CASSPPGTAESKPQHF	1
CASSPQGSYNSPLHF	1
CASSQTTGASEQYF	1
CASSSTGPGDPAEAFF	1
CASWTGGNTEAFF	1
CASGPDWTGELFF	1
CASGGWGTEAFF	1
CASIPTGSNQPQHF	1
CASTDSAPHF	1
CASSFYRRNQPQHF	1
CASSFPGLSPLHF	1
CASSFLTDNQPQHF	1
CASSLSWDQPQHF	1
CASSLGRHSGNTIYF	1
CASSLSVTEAFF	1
CASSLSPLNTEAFF	1
CASSLSAGPRSPLHF	1
CASSLSTGWSNQPQHF	1
CASSLWAGEAFF	1
CASSLLEAGRGEAFF	1
CASSLANTEAFF	1
CASSLDTYGYTF	1
CASSLDQPQHF	1
CASSLTGAGSPLHF	1
CASSLSFFTGGVNYGYTF	1
CASSLSTAGQETQYF	1
CASSSYRDRNQPQHF	1
CASSSTAGTGREKLFF	1
CASSSTADTDTQYF	1
CASSSNDRIDGYTF	1
CASSSNTEAFF	1
CASSWLTGLGPYSNQPQHF	1
CASSWTGVEPQHF	1
CASSYRGMNTEAFF	1
CASSYSFTGIEAFF	1
CASSYLGRADQPQHF	1
CASSYPPDRVVEQYF	1
CASSYRGRSNQPQHF	1
CASSYGNYGYTF	1
CASSYNDGAEAFF	1
CASSLQPGQGTYGYTF	1
CASSPSTGQGGTEAFF	1
CASSPTRGVWYGYTF	1
CASSRKRDFNEQYF	1
CASSVAGTANTEAFF	1
CASSVSGPALGYTF	1
CASSASTGLVNQPQHF	1
CASSESRNTEAFF	1
CASSEDSSGNTIYF	1
CASSEEGPYTEAFF	1
CASSESGQIYGYTF	1
CASSEYREKRPNEKLFF	1
CASSERGLNEKLFF	1
CASSEEGGHPLHF	1
CASSISANTEAFF	1
CASSRGKGTEAFF	1
CASSRIQIDQPQHF	1
CASSNPQGGGNQPQHF	1
CASSFPLTGGYTF	1
CASSFTMGENSPLHF	1
CASSFPAGIDTEAFF	1
CASSFRDRDLWTEAFF	1
CASSFQSPLGGSPLHF	1
CASSFGTANTEAFF	1
CASSLSGPNQPQHF	1
CASSLGTGYNSPLHF	1
CASSLLGNNSPLHF	1
CASSLLHDTQYF	1
CASSLPPGGAGTEAFF	1
CASSLAQGMNTEAFF	1
CASSLGGSSYEQYF	1
CASSLGPNPNYGYTF	1
CASSLDRTEAFF	1
CASSLESANYGYTF	1
CASSLEAGGGQLRSPLHF	1
CASSLTKNQPQHF	1
CASSSPAQNTEAFF	1
CASSSPAYGYTF	1
CASSSRWGAPDYGYTF	1
CASSSTDSNQPQHF	1
CASSSGRAYGYTF	1
CASSSQAWGNTEAFF	1
CASSYGVNTEAFF	1
CASSYRGQGAIGSPLHF	1
CASSLELFSSYNEQFF	1
CASSPSDRGRSNEKLFF	1
CASSPPGSNQPQHF	1
CASSPRDILWGEAFF	1
CASSPRQGPNEKLFF	1
CASSPHRGTPNYGYTF	1
CASSPGNNQPQHF	1
CASSPGQGTYEQYF	1
CASSPTGVQPQHF	1
CASSPTGDYGYTF	1
CASSPSSRGADTQYF	1
CASSPQGSLTEAFF	1
CASSPGTPGASRAKNIQYF	1
CASSRGGGTEAFF	1
CASSRGTPNEQFF	1
CASSRGTGGLNTEAFF	1
CASSRTGTENTEAFF	1
CASSHLGWTRYGYTF	1
CASSQGSYGYTF	1
CASSQTGVNTEAFF	1
CASSQLTSLTQYF	1
CASSQVRGNTEAFF	1
CASSQGSDSPLHF	1
CASSQGSEIISMNTEAFF	1
CASSQDSGINEKLFF	1
CASSQDRTVGYTF	1
CASSQESSGRIGELFF	1
CASSQEVGGSSTGELFF	1
CASSVLSGEEKLFF	1
CASSVSGNTEAFF	1
CASSVASQRGTEAFF	1
CASSVGRENHGYTF	1
CASSAWGNQPQHF	1
CASSAGTEEWNF	1
CASSDRLTNTEAFF	1
CASSERTEMNTEAFF	1
CASSTTPGGGEQFF	1
CASSTGNSGNTIYF	1
CASSSFQGGQPQHF	1
CASSSTDSNQPQHF	1
CASRAGTGNDDGYTF	1
CASRDIRIDRLNTEAFF	1
CASRIIGNQPQHF	1
CASRLRQGLNYGYTF	1
CASRPPAGGRNTEAFF	1
CASRVADRVDEKLFF	1
CASNDRNQPQHF	1
CASKSGLYGYTF	1
CATSRGGREAFF	1
CASSLILTSTEAFF	1
CASSFGRQGLFF	1
CASSFTVLGNTEAFF	1
CASSLVGNEAFF	1
CASSLVGTGTEAFF	1
CASSLAAGDTEAFF	1
CASSLAGLNTEAFF	1
CASSLALAGNTGELFF	1
CASSLGPGQGNEKLFF	1
CASSLGTGGSYGYTF	1
CASSLEGGGTEAFF	1
CASSLGPRTGGLQPQHF	1
CASSSYGDRGNSPLHF	1
CASSLRDTVGNTIYF	1
CASSPGQGNQPQHF	1
CASSPRLGSGNTIYF	1
CASSPDRGTEAFF	1
CASSHEMGEAFF	1
CASSHTGNTEAFF	1
CASSQAGLSRNTEAFF	1
CASSQEGFYEQYF	1
CASSQSYARGLNTEAFF	1
CASSQYRGNYGYTF	1
CASSQVQDQPQHF	1
CASSQALEFSPANQPQHF	1
CASSQDWEGGREKLFF	1
CASSQEPSSGNTIYF	1
CSASPGGYTF	1
CSASTAFSNYGYTF	1
CSASRDRNSPLHF	1
CSASPGAGRADTQYF	1
CSARDRGEKLFF	1
CSAREEEGNQPQHF	1
CSARATNEKLFF	1
CSARDFGGPRNQPQHF	1
CSARDLSYEQYF	1
CSARTGANNSPLHF	1
CSALKSGFYRAFF	1
CSAPSDSTEAFF	1
CSTPTGLNTEAFF	1
CSYPGTNYGYTF	1
CSVLEERGNYEQYF	1
CSVVGQQNTEAFF	1
CSVGDMNTEAFF	1
CSVEGEGGYTF	1
CSVEGGGPEQYF	1
CSVEGDTGELFF	1
CSVGGPYYNEQFF	1
CSVGDSVQPQHF	1
CSAPDRYEQYF	1
CSAAGSLNEKLFF	1
CSGAGNLNYGYTF	1
CASSLVSGGQGEETQYF	6
CSAARVLGYNEQFF	6
CASSLGRRTNEKLFF	5
CASSLLTLAGYEQYF	5
CSAIGTGGIGEQYF	5
CSARDQEAAGGPPYEQYF	5
CATSDRRGGTLDFNEQFF	4
CASSPQGGGSYNEQFF	4
CASSYTGVAGANEQFF	4
CASSVGPEQYF	4
CASSAGSNNEQFF	4
CASSLVREDNEQFF	4
CASSLGVYNEQFF	4
CASSPLILYEAFF	4
CASRGRKPLTERFTGELFF	4
CASSPGSAAYNEQFF	4
CASVGGGTEAFF	4
CASSGTSEQDTDTQYF	4
CSAAPGGEPYEQYF	4
CSARDLAPSYNSPLHF	4
CSAREPSYGEQYF	4
CSAGSYSIYNEQFF	4
CSDMKPGQGAPGEQFF	4
CATSRAQLTRLDYGYTF	3
CATSRDLGGEAFF	3
CASTQDRDGRYTF	3
CASSLSRGLVYYEQYF	3
CASSLRTSGSQDTQYF	3
CASSLTSGSNNEQYF	3
CASSATTEGNSPLHF	3
CASSDNPGLEPYNEQFF	3
CASSLSGVAGQETQYF	3
CASSLAGTRAYEQYF	3
CASSLDLGQPYEQYF	3
CASSLEGPALRKSSYNEQFF	3
CASSLTPDHYNEQFF	3
CASSSRGDTDTQYF	3
CASSSPQDSSHEQYF	3
CASSLAYPTNEKLFF	3
CASSLEIAGLSGNTIYF	3
CASSPGQGGGTDTQYF	3
CASSPRLGDTQYF	3
CASSQRLDGYEQYF	3
CASSQQGNTEAFF	3
CASSQERERTEQFF	3
CASSAPGLNTEAFF	3
CASREDGYEQYF	3
CASNQGGSSYNEQFF	3
CASKLGQNYGYTF	3
CASSLVPNTEAFF	3
CASSLTTGSSGNTIYF	3
CASSPSMGGAYNEQFF	3
CASSPPWSPGEDYNEQFF	3
CASSQVSSGELFF	3
CASSGGRQYNEQFF	3
CSVQGPAEAFF	3
CSALSGIEYNEQFF	3
CSASRGREKNEQFF	3
CSAREPGKDGTEAFF	3
CSAWDGGHQPQHF	3
CAISEGVTEAFF	2
CATSAGYNQPQHF	2
CATSDSSTDGYTF	2
CATSDSGRGNYGYTF	2
CASSPKGQPQHF	2
CASQGQGLTEAFF	2
CASGDSSTDTQYF	2
CASGTGAGGGYGYTF	2
CASTLDIPNTEAFF	2
CASTPSGVDQPQHF	2
CASTQRVLYEQYF	2
CASSLGGNQPQHF	2
CASSLIREKLFF	2
CASSLLVGGPFF	2
CASSLSWAGKPFSGNTIYF	2
CASSLWQGINQPQHF	2
CASSLQGMQPQHF	2
CASSLVLDTEAFF	2
CASSLMSSGNTIYF	2
CASSLRRESAEKLFF	2
CASSYGVRDFSSYNEQFF	2
CASSYSDRGPGNTIYF	2
CASSYSGPGEKLFF	2
CASSYSTAGAGSPLHF	2
CASSYSRVYNEQFF	2
CASSLRDNNQPQHF	2
CASSLGGGQPQHF	2
CASSPIPDTSYGYTF	2
CASSPGQGYQPQHF	2
CASSPNTRGTEAFF	2
CASSPPGRKNEKLFF	2
CASSRQGLNTEAFF	2
CASSVIGQGYNSPLHF	2
CASSVGWQGLSGNTIYF	2
CASSVASVWEQFF	2
CASSGQGGDQPQHF	2
CASSDYEQYF	2
CASSDTTIDEQFF	2
CASSEYGGDTEAFF	2
CASSEGTGAYEQYF	2
CASSEMAGSYNEQFF	2
CASSTGTSGTEAFF	2
CASSTGQLAPLFF	2
CASSRESSYEQYF	2
CASSNRGLGGEKLFF	2
CASSFSTVNTEAFF	2
CASSFSAGNTIYF	2
CASSFQGGGTEAFF	2
CASSFRDRVYGYTF	2
CASSFRDYSTYEQYF	2
CASSFNRGSHYGYTF	2
CASSFRSDTEAFF	2
CASSLWGEGAYEQYF	2
CASSLAAATSTDTQYF	2
CASSLGGPIGVAFF	2
CASSLDGRAETQYF	2
CASSLEVAPDEQYF	2
CASSLFLGTEAFF	2
CASSLWPVGNQPQHF	2
CASSLVGGRDTEAFF	2
CASSLVQATEAFF	2
CASSLVGGRDYGYTF	2
CASSLAPTGNTEAFF	2
CASSLARGGQETQYF	2
CASSLIGEKLFF	2
CASSLIGYTEAFF	2
CASSLTHGQPQHF	2
CASSLSSNQPQHF	2
CASSLNRNTEAFF	2
CASSSSLRRAKADTQYF	2
CASSWDRGNYNEQFF	2
CASSWMEDGNTEAFF	2
CASSLLGGNTEAFF	2
CASSLSRQAYYGYTF	2
CASSLEGARDNSPLHF	2
CASSPGDRGMNTEAFF	2
CASSPNRVGSPLHF	2
CASSPGLANTGELFF	2
CASSPGQGARGYTF	2
CASSPNSGGNTQYF	2
CASSRSIPYEKLFF	2
CASSRDRGGNQPQHF	2
CASSQRQGVDEKLFF	2
CASSQVVRSYGYTF	2
CASSQDAGGSSEQYF	2
CASSQDEALYGYTF	2
CASSQDNRDYQPQHF	2
CASSQTGWNIQYF	2
CASSVGGTAYEPQHF	2
CASSTRGNTEAFF	2
CASSTQRDTEAFF	2
CASSTTGAEAFF	2
CASRRQGPNTEAFF	2
CASREDSRLGGYTF	2
CASRIQGSWTEAFF	2
CASRTQGVHEQYF	2
CASRRQGLSSTEAFF	2
CASNPLGVGAFF	2
CASTAGGDEAFF	2
CASSFESTGYGYTF	2
CASSLPIGQGKGTEAFF	2
CASSLRGYNEQFF	2
CASSLVALNNNSPLHF	2
CASSLGQGNQPQHF	2
CASSLGTEAFF	2
CASSLDQNSPLHF	2
CASSLFAREGNQPQHF	2
CASSWSTGGNEKLFF	2
CASSLTGTVNEKLFF	2
CASSPLGGQALNIQYF	2
CASSPTFSNQPQHF	2
CASSRLQGDNSPLHF	2
CASSRVMGNNQPQHF	2
CASSQGTSGRALETQYF	2
CASSQTGGTEAFF	2
CASSQVEDRGYNGYTF	2
CASSQGTGGYQPQHF	2
CASSQGASGSSYEQYF	2
CASSQDADSGNTIYF	2
CASSQDTWQGNGYTF	2
CASSTGESGQPQHF	2
CASSSGTRYGYTF	2
CSASDRPENSPLHF	2
CSASGGRDTEAFF	2
CSAGMNRGETQYF	2
CSARGQVNTEAFF	2
CSARVPRTAMNTEAFF	2
CSALKTGTGPDQPQHF	2
CSAQTGEASPLHF	2
CSATTGGNSPLHF	2
CSAEGQGPGEQYF	2
CSGTETQYF	2
CSVLKLAGNSYEQYF	2
CSVDEGAKAFF	2
CSVEDGNYGYTF	2
CSVRVGDTEAFF	2
CSVARDSNQPQHF	2
CSARQGGSFVTEAFF	2
CASSQRTGGSPNPHNQPQHF	1
CAISRQGMGDTIYF	1
CAISARRTEALNTEAFF	1
CAISEGQARYGYTF	1
CATSWQGRNQPQHF	1
CATSGTGGNQPQHF	1
CATSDSARYNSPLHF	1
CATSDTGTGNQPQHF	1
CATSDTRTANQNIQYF	1
CATSDSRGIGDTQYF	1
CATSRLTGLTSRNTIYF	1
CATSRPSISSGNTIYF	1
CATKDSGSGNTIYF	1
CATSTGNTEAFF	1
CASSIRGHYNSPLHF	1
CASSNPGGHYEQYF	1
CASFDGYGNTIYF	1
CASLPPGEKLFF	1
CASSLAGYEKLFF	1
CASSSLPGQGGYSNQPQHF	1
CASSPVRTWGFGNSPLHF	1
CASSRTPGITSTDTQYF	1
CASSWGRNTEAFF	1
CASSSYSNQPQHF	1
CASSSRTGSSYNEQFF	1
CASSPLPGGTGTEAFF	1
CASSPPGERTEAFF	1
CASSPWRDGEAFF	1
CASSPPVGQKNYGYTF	1
CASSPRENEKLFF	1
CASWVGKYDSPLHF	1
CASRQGLNEKLFF	1
CASVWEQTRNSPLHF	1
CASGAGRGRREKLFF	1
CASDKQGATDTQYF	1
CASIPVGGRDSPLHF	1
CASTPLGDFYGYTF	1
CASTPGGYTEAFF	1
CASTQVSGGNSPLHF	1
CASTAGQGDTEAFF	1
CASSFYPGTNTEAFF	1
CASSFYRGGQPQHF	1
CASSFGHPADEKLFF	1
CASSFPLRRTSNTEAFF	1
CASSFDRDRGTNEKLFF	1
CASSLLRVKNIQYF	1
CASSLPLDLAFF	1
CASSLFPDVNTEAFF	1
CASSLFDPQEASYGYTF	1
CASSLYPINSPLHF	1
CASSLLGRTGYTF	1
CASSLPNTETQYF	1
CASSLRTGFMNTEAFF	1
CASSLVSGGLEGYTF	1
CASSLGAGYSGNTIYF	1
CASSLGDRGYSPLHF	1
CASSLGTDNSPLHF	1
CASSLGPGTPYEQYF	1
CASSSQSNYGYTF	1
CASSSKRQGGSTFF	1
CASSSLDRPSL	1
CASSSPDRGFYGYTF	1
CASSSGTGFGYTF	1
CASSSVTGKGYGYTF	1
CASSSDRISPLHF	1
CASSSAKGAFF	1
CASSYFRDTEAFF	1
CASSYGGRTNSPLHF	1
CASSYIDRVNTEAFF	1
CASSYTGGVNGYTF	1
CASSYSPGATNEKLFF	1
CASSYSLAGTTGELFF	1
CASSYSGGAKTYEQYF	1
CASSYSGTENTEAFF	1
CASSYPTGSSYTF	1
CASSYGGIRQPQHF	1
CASSYEPGAEAFF	1
CASSYTRLQETQYF	1
CASSYRTARTPGDGYTF	1
CASSLTGGATEAFF	1
CASSPHTPGGREPQHF	1
CASSPWGTVEEKLFF	1
CASSPRTATNEKLFF	1
CASSPTDRVRYTF	1
CASSPKQVLRFGYTF	1
CASSPGADYGYTF	1
CASSPNEQPQYF	1
CASSRTGYYEQYF	1
CASSQQWARAFF	1
CASSASSYYGYTF	1
CASSAQGSQPQHF	1
CASSGTAGSNQPQHF	1
CASSGTGTNQPQHF	1
CASSDRDRNEAFF	1
CASSDGPKLHEQFF	1
CASSDGPGAEAFF	1
CASSESETGFYGYTF	1
CASSENRGNYGYTF	1
CASSITDRGREKLFF	1
CASSTGSPLHF	1
CASSFLSTEAFF	1
CASSFGLAGGPTDTQYF	1
CASSFGQNTEAFF	1
CASSFSVSSSDHEQYF	1
CASSFTGTGNGYTF	1
CASSLYGLQNTEAFF	1
CASSLQGGTEAFF	1
CASSLARGSNQPQHF	1
CASSLASGRSTDTQYF	1
CASSLDATNEKLFF	1
CASSLDIPPFKLFF	1
CASSLTANNEKLFF	1
CASSLYRPGNTIYF	1
CASSLRDQTEAFF	1
CASSLVYEQYF	1
CASSLVGGSYGYTF	1
CASSLAVVRLAGGPFKDTQYF	1
CASSLASGQGKYGYTF	1
CASSLGNSYTF	1
CASSLGEYGYTF	1
CASSLGFNYGYTF	1
CASSLGRGQGYEQYF	1
CASSLGGGWGTEAFF	1
CASSLDGRPNTEAFF	1
CASSLDGPRGYTF	1
CASSLERQETQYF	1
CASSLEAEGNTEAFF	1
CASSLEMEAEGNSPLHF	1
CASSLSQGLYGYTF	1
CASSLNSDPHEQYF	1
CASSSVSTEAFF	1
CASSSNKTGTEAFF	1
CASSSGDRENYGYTF	1
CASSSIQGARSPLHF	1
CASSSTRNTEAFF	1
CASSSLFYEQYF	1
CASSSTASGPHEQFF	1
CASSSTPEDRPVTEAFF	1
CASSSRPRGAENTEAFF	1
CASSYDRLYGYTF	1
CASSLRLAGGGQFF	1
CASSLRGERYEQYF	1
CASSLGWEYSNQPQHF	1
CASSLGQGWTEAFF	1
CASSLGGSYQPQHF	1
CASSLTDRNTEAFF	1
CASSLGQGNEKLFF	1
CASSLDIMNTEAFF	1
CASSLSGRADYNEQFF	1
CASSPLGLINYGYTF	1
CASSPYAGNTIYF	1
CASSPTTWNTEAFF	1
CASSPNDRIYGYTF	1
CASSPGNRQRQEGGYTF	1
CASSPTGEDPEAFF	1
CASSRVTGMNTEAFF	1
CASSRREEFSGNTIYF	1
CASSRETGRSTGYTF	1
CASSHGTGVAKLFF	1
CASSHRLAPTYEQYF	1
CASSHLNSGGASGSNQPQHF	1
CASSHVRNLGGYTF	1
CASSQWDRINTEAFF	1
CASSQGQGEKLFF	1
CASSQPGRMSWKANEKLFF	1
CASSQRYMGEEAFF	1
CASSQVYQPQHF	1
CASSQVPATNEKLFF	1
CASSQGPYGYTF	1
CASSQDWAGTVYYGYTF	1
CASSQDRQGVKLFF	1
CASSQDPDGGSNEQFF	1
CASSQDGHNEQFF	1
CASSQETRNYGYTF	1
CASSVVGEDEKLFF	1
CASSVGVLRLDTEAFF	1
CASSVGIMNTEAFF	1
CASSVDQGAEAFF	1
CASSVDGVPGNTIYF	1
CASSAKDRAVPEAFF	1
CASSAVVSYTF	1
CASSGDRSTNHGYTF	1
CASSDRGGTEAFF	1
CASSIRWDSYQPQHF	1
CASRLTVMNTEAFF	1
CASRPGTGNYGYTF	1
CASRHAGSLTEAFF	1
CASRGREENTEAFF	1
CASRGEKLFF	1
CASRGGNQPQHF	1
CASREVGNQPQHF	1
CASRTASNQPQHF	1
CASRRDINYGYTF	1
CASRKGGGNQPQHF	1
CASRPPYTDTQYF	1
CASRTGANTEAFF	1
CASKGTGGTYGYTF	1
CASKFRGFGSPLHF	1
CANSRDRGPPNYGYTF	1
CASGRGQRDEKLFF	1
CASSVGPGGNTIYF	1
CASSESMGQGSNYGYTF	1
CASSKRDYQPQHF	1
CASSFRTGDNSPLHF	1
CASSLGPTGLGTEAFF	1
CASSLGSEPLHF	1
CASSLVGKAYNEQFF	1
CASSLDPTGFSGNTIYF	1
CASSLRMNTEAFF	1
CASSSLTGSNTEAFF	1
CASSYLAGGAFYEQYF	1
CASSLGYNSPLHF	1
CASSLGTSGSINEQFF	1
CASSPATGFGDYGYTF	1
CASSPYPTANTEAFF	1
CASSPEGGDYGYTF	1
CASSPGRENQPQHF	1
CASSPGQPNTEAFF	1
CASSPGQHYGYTF	1
CASSPGRNTEAFF	1
CASSRNPGLQASNEKLFF	1
CASSRGQTYGYTF	1
CASSHGRDGNYGYTF	1
CASSHAGEGAGNTIYF	1
CASSQAGGRASSPLHF	1
CASSQLTGALGYTF	1
CASSQPDRDNQPQHF	1
CASSQVPPGQPNYGYTF	1
CASSQVGGRAPSNRFF	1
CASSQDRQPRGGYTF	1
CASSQERYGNTEAFF	1
CASSQERYTEAFF	1
CASSQEAGRGGQPQHF	1
CASSQTGVWEKLFF	1
CASSVQGPNTGELFF	1
CSAGPSEREQYF	1
CSAMQGRTVTYNSPLHF	1
CSASGSRGLFF	1
CSARQANSPLHF	1
CSARGPFEGGYGYTF	1
CSARGPTRSETQYF	1
CSARDWWKDATNEKLFF	1
CSARDRRNTEAFF	1
CSARDQGRTGELFF	1
CSARDRNTEAFF	1
CSAPFLDVYQPQHF	1
CSAGTDSGTVNYGYTF	1
CSGGQWAAEAFF	1
CSVVAGEETQYF	1
CSVATGTGYGYTF	1
CSVGSGDQPQHF	1
CSVGTGDQPQHF	1
CSVESGGGNTIYF	1
CSVGPGATEAFF	1
CASESGRDRNEQFF	5
CASIITTGTEGDTQYF	5
CATSRGSNQPQHF	4
CASSMTGQGGFGLHF	4
CASSFGGDARVLTF	4
CASSLAKALIYEQYF	4
CASSDSTSGSNEQFF	4
CASSLTESESYEQYF	4
CASSPLQRMSDYEQFF	4
CASSPPPRWGNEQFF	4
CASSPEDRATDTQYF	4
CASSPVEGGYNEQFF	4
CASSRREEQFF	4
CASSVTGGSGRNEQFF	4
CASRTLAGSSYNEQFF	4
CASNEGEGHVNEQFF	4
CASSLQPAPNEQFF	4
CASSMLTSASYEQYF	4
CSAYNRDKVYEQYF	4
CSALNQLVNSDTQYF	4
CSAIEMAGVFEQFF	4
CSARDVSGPRKNIQYF	4
CAEAGVATGELFF	3
CATGRREVRTQYF	3
CATSTRGGTEAFF	3
CATSRDRENSPLHF	3
CATSRERDPYNEQFF	3
CASTTGRDPYNEQFF	3
CASSFGADGQTQYF	3
CASSLRPGRTDTQYF	3
CASSLAERETQYF	3
CASSLNLGGRETQYF	3
CASSSTGTDSNQPQHF	3
CASSLTRDSYEQYF	3
CASSPTGAKNIQYF	3
CASSEASYTEAFF	3
CASSTRVFSEKLFF	3
CASSFSTSGNTIYF	3
CASSLRGNEQYF	3
CASSLLGTDTQYF	3
CASSLGQGAEADTQYF	3
CASSSGASYNEQFF	3
CASSPYEQYF	3
CASSPTSGSTDTQYF	3
CASSQDYNEQFF	3
CASSQEVTSIGELFF	3
CASSGTVNSNQPQHF	3
CASNGGVNTGELFF	3
CATNSGIGTGELFF	3
CASSLRGSYEQYF	3
CASSPLGGNQPQHF	3
CASSRAPEGVDEQFF	3
CASSHPTDYEQYF	3
CASSHNLEAATYTEAFF	3
CSARQTEYEQYF	3
CSARPIGQGDSSQQYF	3
CSARVDRDTEAFF	3
CSAKSLAGVFFTETQYF	3
CSAKRVGRGMGETQYF	3
CSVKTNSYEQYF	3
CAISDGHSGYTF	2
CAISESPDTFGIGAEAFF	2
CAISEAASGRSYEQYF	2
CAISEDGAGNQPQHF	2
CAIRGDKGDNEQFF	2
CATSDLPRLATQETQYF	2
CATSDTGQGYNEQFF	2
CATSRDLTEKLFF	2
CATSRDGGQPQHF	2
CATSRIMTGPGNTIYF	2
CASLRDSYGYTF	2
CASGSGRNYEQFF	2
CASGPGSGVNTEAFF	2
CASGDGDTEAFF	2
CASGLVLGPPQYF	2
CASIIFPGQGDVYGYTF	2
CASTPFGLAGGSSYNEQFF	2
CASTVGQGYGPLHF	2
CASTTLRETYEQYF	2
CASTSSAYNEQFF	2
CASSFLSSYEQYF	2
CASSFRTGLEAFF	2
CASSFQGLWSQHF	2
CASSFMNTGELFF	2
CASSLSIRDRSFGYTF	2
CASSLASGSTDTQYF	2
CASSLDSNQPQHF	2
CASSLRNTEAFF	2
CASSLVPMNTEAFF	2
CASSLGGNTEAFF	2
CASSLEDSGRNEQFF	2
CASSLSWVQPQHF	2
CASSLRTEKLFF	2
CASSSQREGRNEQFF	2
CASSSTSNYNEQFF	2
CASSYGETQYF	2
CASSYSYSYEQYF	2
CASSYLDGNYEQYF	2
CASSYLQGRYEKLFF	2
CASSYVSPNQPQHF	2
CASSYAGGGNQPQHF	2
CASSPRLTPGEGQPQHF	2
CASSARQGTEAFF	2
CASSAGTTGELFF	2
CASSGPTGTGFNQPQHF	2
CASSDRHRKYGYTF	2
CASSEWPGGNQPQHF	2
CASSEALIYEQYF	2
CASSIGLMNTEAFF	2
CASSTGTVNEKLFF	2
CASSRGRTRVDEQFF	2
CASSKQTSNTGELFF	2
CASSFDGPGTEAFF	2
CASSFRGWGGTEAFF	2
CASSFRGEAFF	2
CASSFDRDSQPQHF	2
CASSLVNTEAFF	2
CASSLGLDEKLFF	2
CASSLDFNQPQHF	2
CASSLTSAIASTDTQYF	2
CASSLWTGGGQPQHF	2
CASSLYRLSSYNEQFF	2
CASSLPSANSPLHF	2
CASSLQPNEKLFF	2
CASSLVYSDTMNTEAFF	2
CASSLVGGANQPQHF	2
CASSLVLQPMGGYTF	2
CASSLGGRTEAFF	2
CASSLDLSSYNEQFF	2
CASSSWTLNTEAFF	2
CASSSRANTEAFF	2
CASSSYRRQGGRNYGYTF	2
CASSYERGSGNTIYF	2
CASSLQQGSYGYTF	2
CASSLLEDASNYGYTF	2
CASSLGLGNTGELFF	2
CASSPSSGRDLDTQYF	2
CASSPRDRAPATNEKLFF	2
CASSPGQGAYNEQFF	2
CASSPRTSGHNEQFF	2
CASSPTTGSYEQYF	2
CASSPNGIYTGELFF	2
CASSRWTGTNTEAFF	2
CASSRWTDYSEDYGYTF	2
CASSRDSFNEKLFF	2
CASSRTQPEAFF	2
CASSRGYGTGTMSPNYGYTF	2
CASSQAIDQPQHF	2
CASSQGGEDQPQHF	2
CASSQGWPSDGYTF	2
CASSQGQGRGYTF	2
CASSQDLAASTDTQYF	2
CASSQDGELAGTDTQYF	2
CASSQDRHRSSRMFF	2
CASSQRHVATNEKLFF	2
CASSVAQNTEAFF	2
CASSVQGPNTEAFF	2
CASSVVGGATEAFF	2
CASSVAASGFTDTQYF	2
CASSAQVNTEAFF	2
CASSATTGSGEQYF	2
CASSGRRTGEKLFF	2
CASSTSGTYNEQFF	2
CASSTDRVSEKLFF	2
CASSNTSLAEKLFF	2
CASRAYNEQFF	2
CASRGQVNTEAFF	2
CASRGGHDQPQHF	2
CASRPIEPDTQYF	2
CASKPRTGSTEAFF	2
CASGPSSNQWRVYGYTF	2
CASSLGSPADYGYTF	2
CASSDPGAGGQPQHF	2
CASSKSNRATEAFF	2
CASSLFLAGEDTQYF	2
CASSLQDNYGYTF	2
CASSLRGQANTEAFF	2
CASSLRGDLNTEAFF	2
CASSLFATNEKLFF	2
CASSPGREYGYTF	2
CASSQGALGFGNTIYF	2
CASSQSSKAFF	2
CASSQSGQGVNTEAFF	2
CASSQQDREKETQYF	2
CASSQGRFQGTGYTF	2
CASSQGVGARSPLHF	2
CASSQDWGRAFF	2
CASSQDGDIGEREGSPLHF	2
CASSQEQGITFEQYF	2
CASSGGQGHYTF	2
CASSTSGSTYEAFF	2
CSAENDPPEQFF	2
CSASWEQALSGDTQYF	2
CSASPGGSYGYTF	2
CSASRQGRSNQPQHF	2
CSASSGTGSGNYGYTF	2
CSASKPASYGYTF	2
CSARLTGRRQPQHF	2
CSARAQSETQYF	2
CSARDVKQGMDTEAFF	2
CSAREPGGYEKLFF	2
CSAREGVYNSPLHF	2
CSANARVKGGTQYF	2
CSVGPEGTVGLINYGYTF	2
CSVGPGPERIF	2
CSVGGTDTQYF	2
CSVETDLNTEAFF	2
CAWKSDRDRGLPRYGYTF	1
CARGQGAEAFF	1
CAVAEAGYSNQPQHF	1
CAISDSGTEQFF	1
CAISESMGRNTEAFF	1
CATRQGRDNYGYTF	1
CATGTPANYGYTF	1
CATGTGGTIGGNQPQHF	1
CATEEARTPPNEQFF	1
CATSDSGGNTEAFF	1
CATSDSVPGQGLLYNEQFF	1
CATSTGLAGVFGELFF	1
CATSRDLRSDGYTF	1
CATREREDGYTF	1
CASEGNRGGYTF	1
CASTRPGVRYGYTF	1
CASSPSTGRETQYF	1
CASSMGASAEAFF	1
CASSFGPMVYNEQFF	1
CASSSDRHLSGNTIYF	1
CASSLGRSPNGYTF	1
CASSPAGELFF	1
CASSPSNSLQIYGYTF	1
CASSPGTGGEKLFF	1
CASSPPIAREDNEKLFF	1
CASSPQGPGNSGNTIYF	1
CASSPGGPGEQYF	1
CASSPDSTGELFF	1
CASSEQGQGNSPLHF	1
CASWASATNEKLFF	1
CASPGQGAGYTEAFF	1
CASRDRSNSPLHF	1
CASRRVNTEAFF	1
CASQRRGSLDGEKLFF	1
CASVGDRPYEQYF	1
CASGRASSTDTQYF	1
CASGAGPTDTQYF	1
CASTPDTSF	1
CASTGGMNTEAFF	1
CASTTQQGFYYGYTF	1
CASTPGQGPTNEAFF	1
CASTWTRATNEKLFF	1
CASSFSGEDTQYF	1
CASSFPLSNQPQHF	1
CASSFPLHNSPLHF	1
CASSFNVQGGKLFF	1
CASSFGSSFNYGYTF	1
CASSFSRGQPQHF	1
CASSFRGNYGYTF	1
CASSLSGHNEKLFF	1
CASSLSGGYGYTF	1
CASSLWGFEAFF	1
CASSLGPGQGYEQYF	1
CASSLGGTNEKLFF	1
CASSLFPQDSNQPQHF	1
CASSLSGPISGNTIYF	1
CASSLSQGPNQPQHF	1
CASSLSAMNTEAFF	1
CASSLWGAGNTIYF	1
CASSLPGTDSNQPQHF	1
CASSLPPRKSPLHF	1
CASSLRHEQFF	1
CASSLQGVASDNSPLHF	1
CASSLQGRAFF	1
CASSLGPDNSPLHF	1
CASSLGGDQPQHF	1
CASSLDRSYSNQPQHF	1
CASSLIGHLSNYGYTF	1
CASSLTVGTEAFF	1
CASSSKYLDRKNTGELFF	1
CASSSWIRDFNYGYTF	1
CASSSRLAYEQYF	1
CASSSGLSGNTIYF	1
CASSSLLSSGGEKLFF	1
CASSSSGVYNEQFF	1
CASSSRGGSEEKLFF	1
CASSYDLGSDTEAFF	1
CASSYSGGRDPNEQFF	1
CASSYSGQGGEKLFF	1
CASSYPRTGPNQPQHF	1
CASSYHLQSRAFF	1
CASSYQENEKLFF	1
CASSYVRGRGQPQHF	1
CASSYGVGTEAFF	1
CASSYMPGGYSGNTIYF	1
CASSYTRQGGLFF	1
CASSLARGGQPEAFF	1
CASSLFYSRTAYGYTF	1
CASSPRRGWNTEAFF	1
CASSPLGTGKEKLFF	1
CASSPGAYGYTF	1
CASSPNRGANEKLFF	1
CASSPTGAVTEAFF	1
CASSPRQASSYNSPLHF	1
CASSPNDGYQPQHF	1
CASSPGTGWNGYTF	1
CASSRDYDTEAFF	1
CASSRRRDYVYGYTF	1
CASSHTGGRDGYTF	1
CASSHTPDTEAFF	1
CASSQTASGNTIYF	1
CASSVGPAYGYTF	1
CASSALTATGESNYGYTF	1
CASSAGGGLNQPQHF	1
CASSGTGTANEKLFF	1
CASSDFGAETQYF	1
CASSDGQGYSPLHF	1
CASSDSSGQRNTEAFF	1
CASSDLRGYTF	1
CASSDRVAGALGPDTQYF	1
CASSDRGWGYTF	1
CASSEQTPGETNEKLFF	1
CASSEVNTEAFF	1
CASSEFGGPTQHF	1
CASSESYNSPLHF	1
CASSEVLDQPQHF	1
CASSKIDRPNEKLFF	1
CASSKLAVGYNEQFF	1
CASSFRTGGTEAFF	1
CASSFQTVKNEKLFF	1
CASSFLPWGSPLHF	1
CASSFPGTDKETQYF	1
CASSFRDREAFF	1
CASSFGPTNTEAFF	1
CASSLQGLGNQPQHF	1
CASSLVDRGSHGYTF	1
CASSLAGGLTEAFF	1
CASSLAGNTIYF	1
CASSLGGNWDGYTF	1
CASSLGRANEKLFF	1
CASSLDPNTEAFF	1
CASSLDSGSGNTIYF	1
CASSLTVYGYTF	1
CASSLRGAVPEAFF	1
CASSLSLAKISGTDTQYF	1
CASSLLHGGDMGYTF	1
CASSLLVRGRLGNYGYTF	1
CASSLHFNEKLFF	1
CASSLQVLGQGTGELFF	1
CASSLVQRAVSSYNEQFF	1
CASSLASLDTSAGTF	1
CASSLAEQGSSNQPQHF	1
CASSLARTGLGNQPQHF	1
CASSLAVIVGTSGHNEQFF	1
CASSLGGGTTDTQYF	1
CASSLGFQETQYF	1
CASSLGQGGYEQYF	1
CASSLGKNTEAFF	1
CASSLGQGTFYEQYF	1
CASSLGAGQINEKLFF	1
CASSLGGGTANYGYTF	1
CASSLDRGRGYTF	1
CASSLDAGELFF	1
CASSLEQGLSTDTQYF	1
CASSLMGGPAGYTF	1
CASSLTGGYSPLHF	1
CASSLKGNQPQHF	1
CASSSGLARETQYF	1
CASSSTEYGYTF	1
CASSSRPNTEAFF	1
CASSSHGENTEAFF	1
CASSSDRYEIAFF	1
CASSSTDRGDQPQHF	1
CASSSRQGATEAFF	1
CASSSSAVPLAAQHF	1
CASSSGTQPQHF	1
CASSSGQDSNQPQHF	1
CASSSDGVFEKLFF	1
CASSSSGSYNEQFF	1
CASSWRAQNYGYTF	1
CASSYSSRTDTQYF	1
CASSYRDSLSNEKLFF	1
CASSLHLQGNQPQHF	1
CASSLGTGSGYTF	1
CASSLTLRGNYGYTF	1
CASSLTGYSNQPQHF	1
CASSLTGTATYEQYF	1
CASSLAVTGELFF	1
CASSLGADGYTF	1
CASSPRGQGYYGYTF	1
CASSPSSRTGKAIYGYTF	1
CASSPSPGRPNTEAFF	1
CASSPSGPGNQPQHF	1
CASSPSGVAYGYTF	1
CASSPYLGFGNTIYF	1
CASSPLFGNEKLFF	1
CASSPRQGGGYTF	1
CASSPRSGRATDTQYF	1
CASSPQGQLTEAFF	1
CASSPQPSGNYGYTF	1
CASSPVGGLNTEAFF	1
CASSPGRDTQYF	1
CASSPGYGYTF	1
CASSPGDRDPYGYTF	1
CASSPDTWNEKLFF	1
CASSPRQGQETQYF	1
CASSPAGGSSTEAFF	1
CASSPGPSNTEAFF	1
CASSPGLYYGYTF	1
CASSPGQGAKNTEAFF	1
CASSPTAEKLFF	1
CASSPGTGNTIYF	1
CASSPEVRSEKLFF	1
CASSRLRTGNYGYTF	1
CASSRSWIDYGYTF	1
CASSRTGTVYGYTF	1
CASSHGSEKLFF	1
CASSHGAGNTEAFF	1
CASSQGQWKAEAFF	1
CASSQRVAAGNRYNEQFF	1
CASSQLEGNSPLHF	1
CASSQLTGRSYTF	1
CASSQVIAQSTDTQYF	1
CASSQVNSNQPQHF	1
CASSQVPGEIYQPQHF	1
CASSQVGTGYDYGYTF	1
CASSQVNTEAFF	1
CASSQVWDTGELFF	1
CASSQAPGVQPQHF	1
CASSQGGEGYTF	1
CASSQGGAVTLHF	1
CASSQDPRRTEAFF	1
CASSQDAVVGSQYF	1
CASSQDGGFLSSGNTIYF	1
CASSQDPGWETQYF	1
CASSQELEGSYEQYF	1
CASSQSRAPQPQHF	1
CASSVSGDQPQHF	1
CASSVLYTGNTIYF	1
CASSVPGGQGASNTEAFF	1
CASSVQGEQPQHF	1
CASSVGGENYGYTF	1
CASSVGQTGNTIYF	1
CASSASGRNTEAFF	1
CASSAGWGTEAFF	1
CASSAGSYGYTF	1
CASSARTGNEKLFF	1
CASSATGPSTNEKLFF	1
CASSAKGLPSTDTQYF	1
CASSAGGFTEAFF	1
CASSAEGIEYGYTF	1
CASSGTGAYNSPLHF	1
CASSGSGTGKISGTAIGTGKISGNTIYF	1
CASSGDPPLHF	1
CASSGRVDGYTF	1
CASSEGEAVATEAFF	1
CASSETGNYGYTF	1
CASSIRVAGELFF	1
CASSINTRQEGGYGYTF	1
CASSTQTGTDEFF	1
CASSRDPGSGNTIYF	1
CASSKSGEAFF	1
CASSKAGRGSTDTQYF	1
CASSKDRSYQETQYF	1
CASRLQGSGTEAFF	1
CASRYSGTGSFSEAFF	1
CASRPGAAYGYTF	1
CASRAQTYNSPLHF	1
CASRADRPTYNSPLHF	1
CASRGPTQVTEAFF	1
CASRDTSGNTIYF	1
CASRDRGKNYGYTF	1
CASREWGSNEKLFF	1
CASRMTGAGYGYTF	1
CASRTRTGYYGYTF	1
CASRTQGSNQPQHF	1
CASRRGTGSNQPQHF	1
CASRAASSGNTIYF	1
CASRTAGTSYTDTQYF	1
CASNLFSEQPQHF	1
CASNPTGAHLTYGYTF	1
CASKTGIEEKLFF	1
CASKGGTEAFF	1
CASKGEDSGYTF	1
CARGVDYGYTF	1
CASSSEGVSPLHF	1
CASSRDSYNSPLHF	1
CASSRDPSGNTIYF	1
CASSESDTYQPQHF	1
CASSLSAMNTEAFF	1
CASSLGGPLNTEAFF	1
CASSLGDPGYGYTF	1
CASSLDGVGNQPQHF	1
CASSLEASDSEKLFF	1
CASSLEGRNNQPQHF	1
CASSLEGINYGYTF	1
CASSLESANEQYF	1
CASSLEVFSSPLHF	1
CASSLTGLNTEAFF	1
CASSLNRGRYGYTF	1
CASSLTGTTEAFF	1
CASSSRTGGNTEAFF	1
CASSWRQGAIYGYTF	1
CASSLAWGSNSPLHF	1
CASSLGGGQPQHF	1
CASSLDRVNTEAFF	1
CASSLGQVSGYTF	1
CASSLRTGKDGYTF	1
CASSPRDSSYNEQFF	1
CASSPNRGDNEKLFF	1
CASSPGTENQPQHF	1
CASSHDREYYNEQFF	1
CASSQAGQSYGYTF	1
CASSQGLRESQHF	1
CASSQERGTANEKLFF	1
CASSQRDRALTNYGYTF	1
CASSQPAVRPPTIYF	1
CASSQVPPASGNTIYF	1
CASSQVGGDTEAFF	1
CASSQVGRDGEKLFF	1
CASSQAGAGSPLHF	1
CASSQGVLARDRAEKLFF	1
CASSQGPEGYGYTF	1
CASSQDLRSNTEAFF	1
CASSQDAGGWYGYTF	1
CASSQDEGNTEAFF	1
CASSQDGLAEVYEQYF	1
CASSQEPVNQPQHF	1
CASSQERRGRPLGYTF	1
CASSQEGSGRAVGGELFF	1
CASSTGTGGNQPQHF	1
CASRDEGNTEAFF	1
CASRVVAGGQYGYTF	1
CSASQGYEQYF	1
CSAWTSWGEQYF	1
CSAYLPSGNNEQFF	1
CSAPKAGAYEQYF	1
CSARHSPSPLHF	1
CSAVTGPQAFF	1
CSAGWDRSYTF	1
CSAGQAGSNSPLHF	1
CSAMDRQGVGQPQHF	1
CSATPPWDLEEIDTQYF	1
CSATLAGLAKNIQYF	1
CSATRDSVSYEQYF	1
CSASGAGVDSPLHF	1
CSARGGGNTIYF	1
CSARIGNGYTF	1
CSARTEAGNTIYF	1
CSARVKAHSYEQYF	1
CSARDLEGQNNSPLHF	1
CSARDSRSSYNSPLHF	1
CSARDPGPALGPQHF	1
CSANFVGNSNQPQHF	1
CSALNSNQPQHF	1
CSAPLPDRGTEAFF	1
CSAHAALAGGYNEQFF	1
CSAVDTTNEKLFF	1
CSAGVEGALGYTF	1
CSAPLAGARTDTQYF	1
CSAHLAGGGETQYF	1
CSASRATNYGYTF	1
CSVSQGINSPLHF	1
CSVVGGEKLFF	1
CSVVRPGPGREAFF	1
CSVGPTGESAGYTF	1
CSVDTGAKNIQYF	1
CSVEIGTPGYTF	1
CSVEVLGPKVYGYTF	1
CSVEIGGAETQYF	1
CSVDSGTNSYEQYF	1
CSVGTENTEAFF	1
CSVRRPDEQFF	1
CSGYTGTGAYGYTF	1
CSGGTANTEAFF	1
CSARLPRGQETQYF	6
CASSLSSQGRAYEQYF	5
CASSNSGGRSYEQYF	5
CSAWASSYEQYF	5
CSAGGQPPSYEQYF	5
CATSDLQADTGELFF	4
CASSTTPETATYEQYF	4
CASSFGVTRTSEQFF	4
CASSLAGTDTQYF	4
CASSLSGTSYPGELFF	4
CASSWGQGAYEQYF	4
CASSLTSATDTQYF	4
CASSPYRDFYNEQFF	4
CASSPIIGTASYEQYF	4
CASSPTSGSSEQYF	4
CASSVDSSTDTQYF	4
CASSPQGPLKGDTQYF	4
CSAKRLAGSMGETQYF	4
CSVGGGRWNEQFF	4
CSARAGENLNTQYF	4
CAISESNEQYF	3
CASSLFGTGEAFF	3
CASSLSLVQPQHF	3
CASSLSGTNTEAFF	3
CASSQTGGAKSYNEQFF	3
CASSVLANNEQFF	3
CASSGGGFDTDTQYF	3
CASSGAGPQHF	3
CASSEAAANEKLFF	3
CASSTTSGRTDEQFF	3
CASSFGLAAISSTDTQYF	3
CASSLWMGGRSNQPQHF	3
CASSLVRGTGGEDYEQYF	3
CASSLAYEQYF	3
CASSLDRATGELFF	3
CASSLTGASDTQYF	3
CASSLNSNTEAFF	3
CASSPHYYGPLTDEQFF	3
CASSPAGLEQYF	3
CASSQGLAGANTQYF	3
CASSQQGPQETQYF	3
CASSQDRGDGTDTQYF	3
CASSQDLSSGEQYF	3
CASSVTGAPGGTDTQYF	3
CASSVGLGGEQYF	3
CASSFGQHYGYTF	3
CASSLVQRELGYEQYF	3
CASSLAAASGNIQYF	3
CASSLGEAGLNEQFF	3
CASSLEPDTGELFF	3
CASSPPGLAGGHGELFF	3
CASSQVPLSGSTDTQYF	3
CASSQEGRAHFGFTF	3
CASRTSGVTEAFF	3
CSASSPGNLNYGYTF	3
CSASQGTDNSPLHF	3
CSAKPGLAANNEQFF	3
CSVDIYNYGYTF	3
CSVGQHEDTQYF	3
CAIRPRTGDSPLHF	2
CAITTDGQGSYGYTF	2
CAISYGHLGSGNTIYF	2
CAISEFGQGAYNSPLHF	2
CAISEPGTGGFTEAFF	2
CAISEDTGELFF	2
CAIRAGTNYEQFF	2
CATSTGNTGELFF	2
CATSSSPRGNEQFF	2
CATSDPRGGGNYGYTF	2
CATSPGPTGLQETQYF	2
CATSRGDQGFSGNTIYF	2
CATSRDQGEWSEKLFF	2
CASSISQRTEAFF	2
CASSFSTDTQYF	2
CASSPPGQANLNTEAFF	2
CASSPALGLVNTEAFF	2
CASSPGTGVLSTEAFF	2
CASLDTANYGYTF	2
CASQRTGNNYGYTF	2
CASVRAHNEKLFF	2
CASGGRSAGAGELFF	2
CASGGTMNTEAFF	2
CASGQGDYGYTF	2
CASIGPGTEAFF	2
CASTLGDRGYTF	2
CASTVWDSGSNEQFF	2
CASTVTPDTGELFF	2
CASTGRYSNQPQHF	2
CASTKAGGVQPQHF	2
CASSFPGPPHQPQHF	2
CASSFPQGYLGNTIYF	2
CASSFRTGSGNTIYF	2
CASSFVGQPQHF	2
CASSFTGIGTEAFF	2
CASSLGEKLFF	2
CASSLLGSNYEQYF	2
CASSLQGKGTEAFF	2
CASSLARGGEKLFF	2
CASSSLGTGRTEAFF	2
CASSSNYGYTF	2
CASSYSMGQGSEAFF	2
CASSYPGTTEAFF	2
CASSYGETGELFF	2
CASSYGTSTDTQYF	2
CASSYSETGELFF	2
CASSLSGSTDTQYF	2
CASSPSERPYNEQFF	2
CASSPGTGVSAFF	2
CASSPRSTGYEKLFF	2
CASSPDRGRGSPLHF	2
CASSHRGTEAFF	2
CASSDSGGGTEAFF	2
CASSDEGNYGYTF	2
CASSDRGNTIYF	2
CASSEVGDNSPLHF	2
CASSEGQPQHF	2
CASSEMGPLAEKLFF	2
CASSTEYEQYF	2
CASSNRAYTGELFF	2
CASSFGTYEQYF	2
CASSFSSRTEAFF	2
CASSFRGQGATGELFF	2
CASSFARGLGQPQHF	2
CASSLGGPSGNEQFF	2
CASSLKTGGQPQHF	2
CASSLFRSTYGYTF	2
CASSLPSLPRQYF	2
CASSLVTEAFF	2
CASSLVQLVNTEAFF	2
CASSLVADVSPLHF	2
CASSLVGLAQSYEQYF	2
CASSLVTLQPNQPQHF	2
CASSLAPLRPRIDTQYF	2
CASSLATGVGGYTF	2
CASSLAQAPNEQFF	2
CASSLAGGYEQYF	2
CASSLAETQYF	2
CASSLGSGETQYF	2
CASSLGSSGPYEQYF	2
CASSLGTGDIRGNQPQHF	2
CASSLGNQPQHF	2
CASSLEPSNQPQHF	2
CASSLEGSTEAFF	2
CASSLESGNTIYF	2
CASSLTPGNTEAFF	2
CASSLSLRGSPLHF	2
CASSSGKNTEAFF	2
CASSSFLQGSSGNTIYF	2
CASSSNRGEKLFF	2
CASSSGLGGSPLHF	2
CASSWTGEGYEQYF	2
CASSYTGDTEAFF	2
CASSLRSFYGYTF	2
CASSPLARTGELFF	2
CASSPDRGSEKLFF	2
CASSPGLAGGFLAKNIQYF	2
CASSPGTSGRRGNEQFF	2
CASSPSQGVRLEKLFF	2
CASSPRGQVDTEAFF	2
CASSPDSHQPQHF	2
CASSPIGAGEVANEKLFF	2
CASSRTYPGEGYNEQFF	2
CASSRTGGGNQPQHF	2
CASSRGGPTEAFF	2
CASSQALAGTPNTQYF	2
CASSQGLAGGFEQFF	2
CASSQPSGGTDGYGYTF	2
CASSQVASPLHF	2
CASSQAVGESNQPQHF	2
CASSQGFDRPTYEQYF	2
CASSQDTGSYSPLHF	2
CASSQEVGYNQPQHF	2
CASSQTYNEQFF	2
CASSQRAGRNQPQHF	2
CASSASSQGTDTQYF	2
CASSALKNTEAFF	2
CASSGAGGDRALHF	2
CASSTHRQGGGPLHF	2
CASSTGKHNEQFF	2
CASRSRDRGYNSPLHF	2
CASRGNTEAFF	2
CASRTKLGHPNTEAFF	2
CASRTGLFTEAFF	2
CASRTGADTQYF	2
CASRRVTEAFF	2
CASRLGGFNSPLHF	2
CASRGTSGTGTQYF	2
CASREGIGGYTF	2
CASGSLYSNQPQHF	2
CASGPGQEYSPLHF	2
CASTAGSYNEQFF	2
CASSWGLAGSYNEQFF	2
CASSESRGWGTDTQYF	2
CASSFSSGHLSSYEQYF	2
CASSFEPSGTEAFF	2
CASSFNTNYGYTF	2
CASSLLAGNEQFF	2
CASSLVRGGTEAFF	2
CASSLAGTAYEQYF	2
CASSLALREKLFF	2
CASSLAEQTYPSEKLFF	2
CASSLGSAAGVEEQYF	2
CASSLGQKRQPQHF	2
CASSLGVGGPNTEAFF	2
CASSLGQGMEGYTF	2
CASSLGVTTVDTEAFF	2
CASSLELATNEKLFF	2
CASSLEQRGNSPLHF	2
CASSLRVSTEAFF	2
CASSSGGTSNTEAFF	2
CASSSESTDTQYF	2
CASSLDWNQPQHF	2
CASSPQLQGEAFF	2
CASSPGIGSPYSNQPQHF	2
CASSPSTGTHEQYF	2
CASSPFGQAATNEKLFF	2
CASSPTGDYGYTF	2
CASSQGNRGSDGYTF	2
CASSQSDTEAFF	2
CASSQSRGDSRDEQYF	2
CASSQVQGSSGYTF	2
CASSQDLRRQGVNYGYTF	2
CASSQDPGIPYEQYF	2
CASSQDTVTGYDQPQHF	2
CASSQDSTYNEQFF	2
CASSQDVNRNTIYF	2
CASSAHMASGSNTGELFF	2
CASSAQPNTEAFF	2
CASSAANTGELFF	2
CASSEGRTYEQYF	2
CASSTQAENTEAFF	2
CASRTSGAPNEKLFF	2
CSVNRARTEAFF	2
CSAYSRREGPDTQYF	2
CSAEFLEAFF	2
CSASPGAVGGYTF	2
CSARETGESPLHF	2
CSARPAASTDTQYF	2
CSARRTSGSGYNEQFF	2
CSARAGRTQYF	2
CSARDSGRGKINEQFF	2
CSARDNSRDSTEAFF	2
CSAVLAGSRNEQFF	2
CSVGVFAEAFF	2
CSVEDTDRVTGYTF	2
CSVKIGPDTQYF	2
CSVDRDRDQPQHF	2
CSVAVSRETEAFF	2
CSGAGPGAFF	2
CSGDRTGYNGYTF	2
CAVDRASQPQHF	1
CAGGGDRAAYEQYF	1
CAIRDRGKGQPQHF	1
CAIGPGFGNQPQHF	1
CAIGEGSRETQYF	1
CAISGFPPGASYNSPLHF	1
CAISDPTGAGNTIYF	1
CAISEGPQRGYTF	1
CAISMTGANEKLFF	1
CAISSPEGGDNSPLHF	1
CATTGWADVGNTIYF	1
CATSAIRPVLYGYTF	1
CATRRAGGDETQYF	1
CATGTAGENIQYF	1
CATSALTSGSPRPGELFF	1
CATSAGQVTNEKLFF	1
CATSDSTEAFF	1
CATSDWDQPQHF	1
CATSDPDAYDSNYGYTF	1
CATSDESYGYTF	1
CATSDLTGVVGYTF	1
CATSDPSPPGDSNNQPQHF	1
CATSDHPNKQGSYGYTF	1
CATSDEKNEKLFF	1
CATSGWDSGGQETQYF	1
CATSSGPPDSGNTIYF	1
CATSRPISGRIGHGYTF	1
CATSRAADLEAFF	1
CATSRDLARANYGYTF	1
CATSRDIAQGAYGYTF	1
CATSRTGNNDEAFF	1
CATTGGNEKLFF	1
CASGFSGQGADQPQHF	1
CASTWGYTEAFF	1
CASSGRGQVNTEAFF	1
CASSIGGFDRPQHF	1
CASSKDRGWDTEAFF	1
CASSLPPHRKLNQPQHF	1
CASSKTVGNTIYF	1
CASSPTVLGGTEAFF	1
CASSPTGTGWTEAFF	1
CASSPVLGNSPLHF	1
CASSPTGAPEAFF	1
CASSPPGQEYRLTEAFF	1
CASSPRGRTISYEQYF	1
CASSPRRESPLAKNIQYF	1
CASSPQGKEKLFF	1
CASSPQSGSDTQYF	1
CASSPRLTDGMNTEAFF	1
CASRGTSGGDEQFF	1
CASREQGDGYTF	1
CASAAWVDSPLHF	1
CASGSGTGGGQPQHF	1
CASGGLAGSGELFF	1
CASGEYSGYTF	1
CASIRTELMNTEAFF	1
CASITGRSYNEQFF	1
CASILDRGLAQPQHF	1
CASIMAGPKYNSPLHF	1
CASIGDNFGPLHF	1
CASTLGQIPNYGYTF	1
CASTPQGGRNEKLFF	1
CASTPGPGAHSNYGYTF	1
CASTPQSSNTEAFF	1
CASTIRTSGGYNEQFF	1
CASTTTGGEQKLFF	1
CASTSYISGEAFF	1
CASTNRETGNTEAFF	1
CASSFFGRTGYGYTF	1
CASSFQPRSSAFF	1
CASSFQTATNEKLFF	1
CASSFVDNYGYTF	1
CASSFTGTNQPQHF	1
CASSFRGDYTEAFF	1
CASSFRGMQPQHF	1
CASSFNRVGQPQHF	1
CASSFSGQPQHF	1
CASSFQGQIGYTF	1
CASSFSPRTEAFF	1
CASSFRQRNYGYTF	1
CASSLPGTGGGQPQHF	1
CASSLQGSDTIYF	1
CASSLGATNEKLFF	1
CASSLGAGNSPLHF	1
CASSLLTVSGNTIYF	1
CASSLSWTDNEQFF	1
CASSLLGAGTEAFF	1
CASSLPGNTIYF	1
CASSLAWGAQNGYTF	1
CASSLANEAFF	1
CASSLGPAFEAFF	1
CASSLGTVNSPLHF	1
CASSLDGNQPQHF	1
CASSLTGLSKNTEAFF	1
CASSLTWATGNTIYF	1
CASSSPRGSGYGYTF	1
CASSSTRNTEAFF	1
CASSSWGESAHNTQYF	1
CASSSRTGVDTEAFF	1
CASSSTGLRDYYGYTF	1
CASSSLPGNTIYF	1
CASSSSAQISGFGGYTF	1
CASSYTGDQPQHF	1
CASSYSRGGTEAFF	1
CASSYSQGSTEAFF	1
CASSYPGGYTF	1
CASSYPRISGNTIYF	1
CASSYRFGDEDTEAFF	1
CASSYRANSPLHF	1
CASSYATGANTEAFF	1
CASSYGRINQPQHF	1
CASSYEGTYSPLHF	1
CASSYRPGAEAFF	1
CASSLLDSYGYTF	1
CASSLPDWTAPRGTEAFF	1
CASSLTSGTIYEQYF	1
CASSPQGMGTEAFF	1
CASSPGLRNSPLHF	1
CASSPWSATNEKLFF	1
CASSPLGSAYEQYF	1
CASSPLMGSSGNTIYF	1
CASSPPGRDGTGELFF	1
CASSPSEGQVNSPLHF	1
CASSPPSGTAFGYTF	1
CASSPTVYTEAFF	1
CASSPTGVDNEQFF	1
CASSPPTLEGSYGYTF	1
CASSRDRVYEQYF	1
CASSRRDSSYGYTF	1
CASSQTEAFF	1
CASSVRMGMNTEAFF	1
CASSVGPDSGNTIYF	1
CASSVFRETNQPQHF	1
CASSALGWKQFF	1
CASSASQVGYTEAFF	1
CASSGPTGNYGYTF	1
CASSDRDRAGNYGYTF	1
CASSDGGASNQPQHF	1
CASSEVYQGFGYTF	1
CASSEAEGQQPQHF	1
CASSINPAAKNIQYF	1
CASSIRTGRSNQPQHF	1
CASSIQGTPINSNQPQHF	1
CASSTANTEAFF	1
CASSTGQGRNQPQHF	1
CASSTQGNTEAFF	1
CASSTTNEKLFF	1
CASSRQGANQPQHF	1
CASSFLGTGTQRTIYF	1
CASSFPEMNTEAFF	1
CASSFPKIGGIPTGELFF	1
CASSFAGGGQPQHF	1
CASSFWENTEAFF	1
CASSLAPWTANYGYTF	1
CASSLAGFGNTIYF	1
CASSLGQAWGYTF	1
CASSLGVYTEAFF	1
CASSLGDISNYGYTF	1
CASSLDFGTEEKLFF	1
CASSLDLSGNTIYF	1
CASSLTAGRTGNTIYF	1
CASSLFGGRTEAFF	1
CASSLYGQGYPSNQPQHF	1
CASSLPGTENTEAFF	1
CASSLREEDYGYTF	1
CASSLQGPNYGYTF	1
CASSLVRDGGVGYTF	1
CASSLVGGPNTEAFF	1
CASSLVSLGGTEAFF	1
CASSLVLAGNPLQETQYF	1
CASSLVGNTEAFF	1
CASSLAPGTNTGELFF	1
CASSLARLDRLNTEAFF	1
CASSLAPGRATYGYTF	1
CASSLADREAYGYTF	1
CASSLAEAGLFF	1
CASSLAEGGWWYTEAFF	1
CASSLGLLLGGLPANYGYTF	1
CASSLGPNSNQPQHF	1
CASSLGGSKHF	1
CASSLGFSGNTIYF	1
CASSLGALNTEAFF	1
CASSLGAAYGYTF	1
CASSLGDEDGYTF	1
CASSLGTAAGYGYTF	1
CASSLGTGTNSPLHF	1
CASSLDLSVGIQYF	1
CASSLERDLYGYTF	1
CASSLNAQGNGYTF	1
CASSSTGQIYEQYF	1
CASSSNREKLFF	1
CASSSSGLDGYTF	1
CASSSRDLLWAEQFF	1
CASSSHPPGLAGWSDTQYF	1
CASSSHRGSGYTF	1
CASSSGQNSNSPLHF	1
CASSSDFF	1
CASSSPGQRNEKLFF	1
CASSSSGWDVNTEAFF	1
CASSYGTAYEQYF	1
CASSYTSTGELFF	1
CASSYVRTGPSGNTIYF	1
CASSYDGSSPQHF	1
CASSLQRTSGDEQFF	1
CASSLRYEQYF	1
CASSLRQVHEQYF	1
CASSLRGDHGYTF	1
CASSPSTDNSPLHF	1
CASSPRWRELDTDTQYF	1
CASSPGQGYTEAFF	1
CASSPLEGGRTPLHF	1
CASSPLAGGLSYEQYF	1
CASSPLADSYEQYF	1
CASSPRILYGYTF	1
CASSPGTGNSPLHF	1
CASSPGTIYNEQFF	1
CASSPGPGGGSNQPQHF	1
CASSPDIWGYGYTF	1
CASSPITGRGYTF	1
CASSPTSGDTDTQYF	1
CASSRQENTEAFF	1
CASSRTIPTTNEKLFF	1
CASSRGLGWSYNEQFF	1
CASSRREGKAFF	1
CASSRRDENNQPQHF	1
CASSRVGASNAELFF	1
CASSRGQGEGYTF	1
CASSRTIPYGYTF	1
CASSRLTGEGEQYF	1
CASSRRRAEGISGNTIYF	1
CASSHSSSQFF	1
CASSHNRGYEQYF	1
CASSHSGGGNTEAFF	1
CASSHPGGSEKLFF	1
CASSHRDRFLSSGNTIYF	1
CASSQRAGGLNYGYTF	1
CASSQLDAREGELETQYF	1
CASSQLTPAHEQFF	1
CASSQVGDSPLHF	1
CASSQVGHLADEQFF	1
CASSQVGGAWTGELFF	1
CASSQAGGDQPQHF	1
CASSQGDGGRNNEQFF	1
CASSQGGQAAYGYTF	1
CASSQDWGYSPLHF	1
CASSQDPAREGEETQYF	1
CASSQDRAGDTQYF	1
CASSQDRGNTIYF	1
CASSQDMTGNQPQHF	1
CASSQEGTSGAKNIQYF	1
CASSQETAFSNEKLFF	1
CASSQETVTFF	1
CASSQMGNQPQHF	1
CASSVRVDRNYGYTF	1
CASSVNWTGGNTIYF	1
CASSVEGTPYTGELFF	1
CASSVGRASGNTIYF	1
CASSVTSGSYEQYF	1
CASSVAYGNYGYTF	1
CASSVGDRWDVAEAFF	1
CASSVGSHNYGYTF	1
CASSVDAAGLNEKLFF	1
CASSVEGNPEETQYF	1
CASSVEFWDHSGNTIYF	1
CASSVEGALSGNTIYF	1
CASSAMTGRNTEAFF	1
CASSAGPGEGDNEKLFF	1
CASSAGQGREKLFF	1
CASSATVAPPGDSPLHF	1
CASSATYEQYF	1
CASSANVDRGYSPLHF	1
CASSGGVSGNTIYF	1
CASSGTGNYGYTF	1
CASSDRPFSWRTSGNTIYF	1
CASSDRGHNNSPLHF	1
CASSEAASGGYTF	1
CASSERTGPTEAFF	1
CASSEGAYGYTF	1
CASSTNRGTEAFF	1
CASSTWDRVDSNYGYTF	1
CASSKTSLSTDTQYF	1
CASSKTSGRYNEQFF	1
CASSKNWAHF	1
CASRRGVIAKNIQYF	1
CASRGGHGNTIYF	1
CASRDDRFDSNQPQHF	1
CASRDTADTEAFF	1
CASRTLPGLGSYGYTF	1
CASRRQGYYYGYTF	1
CASRLGGNYGYTF	1
CASRQGASPRYTF	1
CASRQQGYSNQPQHF	1
CASRVRQPYGYTF	1
CASRGTAGAFF	1
CASRDPGTADNEQFF	1
CASRTPTQGRNQPQHF	1
CASNLLSSEGGAFF	1
CASNRGHSNQPQHF	1
CASKPGTYEGHSPLHF	1
CASKGVVASTDTQYF	1
CASKISGGGSTEAFF	1
CARILRGAGNTIYF	1
CASQTGHNEKLFF	1
CASAEGDRGRRQPQHF	1
CASGAGGVYGYTF	1
CASSQGAGNQPQHF	1
CASSDWTALNQPQHF	1
CASSDAGNQPQHF	1
CASSESGGNQPQHF	1
CASSFYFRDRVNSPLHF	1
CASSFPETGYTEAFF	1
CASSFGPTNTEAFF	1
CASSLLGDYGYTF	1
CASSLPADTRTSTDTQYF	1
CASSLPGTSGYTF	1
CASSLRQGIHGYTF	1
CASSLHGSFRGPSYEQYF	1
CASSLARRDTEAFF	1
CASSLAVGTEAFF	1
CASSLGLASMNTEAFF	1
CASSLGWGMDTEAFF	1
CASSLGPEGNQPQHF	1
CASSLGGDQPQHF	1
CASSLGGKPLHF	1
CASSLDYRDSPLHF	1
CASSLELGSTSPLHF	1
CASSLEAGTQPQHF	1
CASSLIAGGGSPLHF	1
CASSLTPRTGKSNQPQHF	1
CASSLTGTNYGYTF	1
CASSSGQATEAFF	1
CASSSDGGNTEAFF	1
CASSSDRRNTIYF	1
CASSSGQGHTEAFF	1
CASSLASYEEAFF	1
CASSPRQGWLPEAFF	1
CASSPIGTGGPKGNYGYTF	1
CASSPDGFGSTEAFF	1
CASSPRQETMNTEAFF	1
CASSRAPGTGEEKLFF	1
CASSRDRGMNTEAFF	1
CASSRMPQVQGLGQGYTF	1
CASSRSGITNEKLFF	1
CASSRNGAGTDTQYF	1
CASSHVTGGTEAFF	1
CASSQALVSSRGNQPQHF	1
CASSQPGQYNSPLHF	1
CASSQVLSSGNTIYF	1
CASSQVGRPMGYTF	1
CASSQVKGAYFEQYF	1
CASSQVNRWDTEAFF	1
CASSQAYNNEKLFF	1
CASSQGSTVLEGYTF	1
CASSQGSTDGYTF	1
CASSQDLVAVRKSNQPQHF	1
CASSQDYGSRNEKLFF	1
CASSQDRAEGEAFF	1
CASSQDMGQGYSPLHF	1
CASSQDVTASYNEQFF	1
CASSQDRGVYGYTF	1
CASSQELGRGRGYTF	1
CASSGISGVLIYGYTF	1
CASSNPGLQKNIQYF	1
CASRPFDSQRGIYEKLFF	1
CASRNRLSTDTQYF	1
CASRFQAIMVGYTF	1
CASRPDRGGQEKLFF	1
CASNKGGEKLFF	1
CASKGTEVQGYTF	1
CASKLWSTSYNEQFF	1
CAIREAFF	1
CSVPSQGAGQPQHF	1
CSAFDRGLSHYGYTF	1
CSALGHGWLKDQPQHF	1
CSAAPGRADTQYF	1
CSASRGAEDGYTF	1
CSARLLPFYGYTF	1
CSARYSPRGNQPQHF	1
CSARVPGQGQNEKLFF	1
CSARVGIRSNTEAFF	1
CSARALGGPGSQPQHF	1
CSARGGATVSSGNTIYF	1
CSARDRVGQLDQPQHF	1
CSARDGTGPTEAFF	1
CSARDLLGTGDWNEQFF	1
CSARDGNGNTIYF	1
CSARDDPGQGSNYGYTF	1
CSALSMNTEAFF	1
CSAVKGGNSPLHF	1
CSAALRASRVWGGDTQYF	1
CSAQLAGGDNEQFF	1
CSAGQSNQPQHF	1
CSVLIGYTEAFF	1
CSVPGQGRYGYTF	1
CSVVASGRPTDTQYF	1
CSVVGVDRVGTEAFF	1
CSVAYSLNEKLFF	1
CSVDHLGYTF	1
CSVDKQGKDEKLFF	1
CSVEDRTGVYGYTF	1
CSVEGGTGELFF	1
CSVEDGTGNTEAFF	1
CSVEEDSPRAFF	1
CSVRLAGTELGELFF	1
CSVVNTEAFF	1
CSALTGTQETQYF	1
CRTGRPDTEAFF	1
CSARDRFDEKLFF	5
CSASELSSYNEQFF	5
CAISASADTDTQYF	4
CASARGSSYEQYF	4
CASSFQNYEQYF	4
CASSDSSGDYNEQFF	4
CASSFLAGNEQFF	4
CASSLAHDYEQYF	4
CASSLAPSGRSNEQFF	4
CASSPPTGGYGYTF	4
CASSPSGAQRVNEQFF	4
CASSQGDLNTGELFF	4
CASSVAGLRETQYF	4
CASSLAAGNYEQYF	4
CASSLDGTTYEQYF	4
CASSQGRLALQETQYF	4
CASSQEWASGSDEQYF	4
CSPLGGGRMTYSPDTQYF	4
CSAWKASGDMGAYEQYF	4
CSVGRTVANTGELFF	4
CSVKVAGDTGELFF	4
CATSDFPRGELFF	3
CATSRGHGVESQPQHF	3
CATSRDFGGAGELFF	3
CATEGHRETQYF	3
CASSPIGQGRQPQHF	3
CASSPGIHGYTF	3
CASVSGRVQPQHF	3
CASGLGRQGAQYF	3
CASTPREGFDGYTF	3
CASSFFSGGADTQYF	3
CASSLAGEPGELFF	3
CASSHAGTEQFF	3
CASSAQTSGVYEQYF	3
CASSGFPTGELFF	3
CASSESGGGVDQPQHF	3
CASSEGTGGNIQYF	3
CASSFYTDTQYF	3
CASSFQGTSGSGNTQYF	3
CASSLVAWDTEAFF	3
CASSLSGNYEQYF	3
CASSLASGKETQYF	3
CASSLAGTGADGYTF	3
CASSLERGAGQYF	3
CASSLIGGKLDTQYF	3
CASSSLLAGGGYEQYF	3
CASSSSQGLAGGGQFF	3
CASSPPDSRNEQFF	3
CASSPVGGRRGRDNEQFF	3
CASSRSGSWSMRATETQYF	3
CASSRTGDYNQPQHF	3
CASSQAAGVTDTQYF	3
CASSQGSSDTQYF	3
CASSQDARIRDTGELFF	3
CASSQDRGGATDTQYF	3
CASSVGTGGYEQYF	3
CASSGSGSSYNEQFF	3
CASSGRGRASYGYTF	3
CASSGDRYNEQFF	3
CASSEPRASESSTDTQYF	3
CASSTVPRETQYF	3
CASRPLDRGLYEQYF	3
CASRRQGAIDTQYF	3
CASKKERFF	3
CASSAGSTDTQYF	3
CASSYEQYF	3
CASSPTGTNYGYTF	3
CASSRYRDSYNEQFF	3
CASSQLQGGSETQYF	3
CASSQVRGTGAGELFF	3
CASSQDMETQYF	3
CASSETVGAKNIQYF	3
CSAFRDSHFYNEQFF	3
CSARGETLGLEYEQYF	3
CSARVGGGGNSPLHF	3
CSGCAGAYNEQFF	3
SASSFRQGSSEAFF	2
CAWGQGSNQPQHF	2
CAISDPAKTGNTIYF	2
CAISDSRGVSGNTIYF	2
CAISESRLGNQREQYF	2
CATSARPGTGPHGYTF	2
CATSDPRVPNYGYTF	2
CATSDVAQGNYNEQFF	2
CATSDPTAGRQETQYF	2
CATSRIWGYEEEKLFF	2
CATSRLRTASGNTIYF	2
CATSRVGNEQFF	2
CATSRAGTTQETQYF	2
CATSRGQYNSPLHF	2
CATSRDLPGGNQPQHF	2
CATNEPYRLEQYF	2
CASSNPGSQIGAFF	2
CASSPLPGQEDGYTF	2
CASSPPGEGNRNQPQHF	2
CASSPATHLNEQFF	2
CASSPGGLREQYF	2
CASSPIAGDGYNEQFF	2
CASRPRYSNQPQHF	2
CASTPYPRDQPQHF	2
CASSFRGRDNSPLHF	2
CASSFLGNEKLFF	2
CASSLGLPAEQEPTSYNSPLHF	2
CASSLGWGTEAFF	2
CASSLSTEAFF	2
CASSLYPQEYEQYF	2
CASSLLGKPYNEQFF	2
CASSLVGGNQPQHF	2
CASSLEQGAQPQHF	2
CASSSGVTDTQYF	2
CASSSTGGVYGYTF	2
CASSYSVGPQHF	2
CASSYSGLALVQLFF	2
CASSYPQGERGGNQPQHF	2
CASSYGDPSYNEQFF	2
CASSYGQGDQPQHF	2
CASSYERTRNIQYF	2
CASSLGVLDTEAFF	2
CASSLRMGMERLYNEQFF	2
CASSPRQGARSPLHF	2
CASSPWTVNIEAFF	2
CASSPRGGPSTDTQYF	2
CASSPKQVTSGNTIYF	2
CASSPGTGNTEAFF	2
CASSPNGGVTEAFF	2
CASSPPGTQDQPQHF	2
CASSPQGDGNQPQHF	2
CASSRLWTGWAEAFF	2
CASSQDRGFSNQPQHF	2
CASSVQGNTEAFF	2
CASSAGTDGLSPLHF	2
CASSAVGDNSPLHF	2
CASSGTGGYNEQFF	2
CASSGTVNTEAFF	2
CASSTTGWNTEAFF	2
CASSSRSTGGQPQHF	2
CASSNTGTGDTQYF	2
CASSKDFEQYF	2
CASSFYQGSYNSPLHF	2
CASSFGGEQFF	2
CASSFLATNEKLFF	2
CASSFRGDGYTF	2
CASSFGPNRLGYTF	2
CASSFGGLIYNSPLHF	2
CASSLATRPRTEAFF	2
CASSLDDRGVLHQPQHF	2
CASSLIGNTEAFF	2
CASSLTATNEKLFF	2
CASSLTGDIYTEAFF	2
CASSLKGTEAFF	2
CASSLFSSSGNTIYF	2
CASSLLARGSNQPQHF	2
CASSLSGAVSTEAFF	2
CASSLQGGGNTIYF	2
CASSLVSGGDEQFF	2
CASSLVPSPSNQPQHF	2
CASSLVGEKLFF	2
CASSLVNTGELFF	2
CASSLASGISYNEQFF	2
CASSLGLSYQYF	2
CASSLGQGLDYGYTF	2
CASSLGVVGLNEQFF	2
CASSLGSSMNTEAFF	2
CASSLGRTDYEQYF	2
CASSLDSVPNYGYTF	2
CASSLELQGATEAFF	2
CASSLTAGTMNTEAFF	2
CASSLTEANEQFF	2
CASSLKSQGMNTEAFF	2
CASSSPTSGDEQFF	2
CASSSASGGGAKVNEQFF	2
CASSSTTGTGAYNEQFF	2
CASSSGQHQPQHF	2
CASSSDKAGRGYTF	2
CASSSPPGPYGYTF	2
CASSWDRDYGYTF	2
CASSLTGTSGYNEQFF	2
CASSLGTANEKLFF	2
CASSLLGGPSTDTQYF	2
CASSLTNEQFF	2
CASSLAGDVGAQYF	2
CASSPPIAGNEAFF	2
CASSPSTEYNEQFF	2
CASSPNSNTEAFF	2
CASSPRDRDTEAFF	2
CASSPGREAPLHF	2
CASSPGLAGVVKQYF	2
CASSPWTDNYGYTF	2
CASSPAGGYEQYF	2
CASSPGTSGWDEQFF	2
CASSPGQVYLGEQYF	2
CASSPDSGPGQPQHF	2
CASSPRRSGKKDTQYF	2
CASSPQGANTGELFF	2
CASSRDSNQPQHF	2
CASSRDRKRELF	2
CASSRGQTEKLFF	2
CASSHLQLNTEAFF	2
CASSHTSGSVQETQYF	2
CASSQVYEQYF	2
CASSQAQLTGNQPQHF	2
CASSQAGTANTEAFF	2
CASSQAGRSQYF	2
CASSQGVSPTGSPLHF	2
CASSQGGETQYF	2
CASSQDGTGDNQPQHF	2
CASSQDDRVDGYTF	2
CASSQDGKTTDTQYF	2
CASSQEAGQGTYEQYF	2
CASSQEGGLIYEQYF	2
CASSVATGEQYF	2
CASSVKTGGAETQYF	2
CASSASGFSYEQYF	2
CASSGVSYEQYF	2
CASSGGTGDYNEQFF	2
CASSELGAPVENSPLHF	2
CASSEAEEGYQPQHF	2
CASSTLPGNTIYF	2
CASSTRSRDRGGNSGELFF	2
CASSRTGIMPQHF	2
CASSRDRARQPQHF	2
CASRRQGLGNQPQHF	2
CASRTGVGYTF	2
CASRKGTPLNQPQHF	2
CASRSGTAYGYTF	2
CASRRPGQGGEKLFF	2
CASRVDATNEKLFF	2
CASNPGPALGDIQYF	2
CASKGQETQYF	2
CASSLAGGDTDTQYF	2
CASTFLGGEDSPLHF	2
CASSHPPRLLSSYNEQFF	2
CASSDSGRASYEQYF	2
CASSDKGNQPQHF	2
CASSDGLAEYEQYF	2
CASSEDGGGAEAFF	2
CASSLVPDTNYGYTF	2
CASSLVAAGGIYEQYF	2
CASSLAAGTHQPQHF	2
CASSLARGETGELFF	2
CASSLGTDPRPLNTEAFF	2
CASSLGRESPLHF	2
CASSLGGSGRAYEQYF	2
CASSLGTGGALPEQFF	2
CASSLTGRDTEAFF	2
CASSSQPSEQYF	2
CASSSGQPNTGELFF	2
CASSSIDTNTEAFF	2
CASSLAGPPDEQFF	2
CASSPLGLKQETQYF	2
CASSPDPQGLGYTF	2
CASSRITGAGTEAFF	2
CASSRNRGDEQFF	2
CASSHGKSQTGKNTEAFF	2
CASSHPLLAGGRTGELFF	2
CASSQPPQVPEAFF	2
CASSQAGHLEKLFF	2
CASSQGGSPSNEKLFF	2
CASSQGQFSYEQYF	2
CASSQDPEKLFF	2
CASSQESVYQPQHF	2
CASSQELGFGSPLTGELFF	2
CASSAGQRSSGNTIYF	2
CASSDPRRGDTEAFF	2
CASSDGQNTGELFF	2
CASSRAPLLTEAFF	2
CASSRDGSNSPTSESF	2
CASRPVTSGRGYEQYF	2
CASREQGPSYEQYF	2
CASRIDSMNTEAFF	2
CSVTLGNTEAFF	2
CSAWVLAGGGETQYF	2
CSALTLSDSNQPQHF	2
CSALLAGGEAIYEQFF	2
CSAPFYRGSEYGYTF	2
CSATGYGYGYTF	2
CSASRGVTDYGYTF	2
CSASGQTNQPQHF	2
CSASGSHNEQFF	2
CSARVSGNTIYF	2
CSARDRANYGYTF	2
CSARRGASYEQYF	2
CSARQGMGGNTEAFF	2
CSARVTINTEAFF	2
CSARVTGTKVQETQYF	2
CSARGPEGTYEQYF	2
CSARDAGGLFTDTQYF	2
CSANKGIRAFF	2
CSANIGYTTEAFF	2
CSAKVSRGNSPLHF	2
CSGLGPSGTEAFF	2
CSVLGSHYGYTF	2
CSVDAGQNYYEQYF	2
CSVEYVGSYNEQFF	2
CSVEVASYGYTF	2
CSVEVGGAETQYF	2
CSVEIGIEAFF	2
CSVENRLNYGYTF	2
CSVTSIEAFF	2
CASSLGLANQETQYF	1
CASKRGNTEAFF	1
CACDRGLGNTIYF	1
CAVYRDRGHYGYTF	1
CAGRGRANSPLHF	1
CAIRGRTGRFSGNTIYF	1
CAISESRVDEQFF	1
CAISEAGPLNQPQHF	1
CAISRQVFQETQYF	1
CATSTSGEVKYF	1
CATEPQGGGNTIYF	1
CATSDFKATGARYNEQFF	1
CATSDLDSARETQYF	1
CATSDLRDGYTF	1
CATSDSRGSGNTTYF	1
CATSDARTVNQPQHF	1
CATSEAEGQPQHF	1
CATSSANSRAFF	1
CATSSQAGTGSYEQYF	1
CATSRGWDLRDQPQHF	1
CATSRVMGFRNTEAFF	1
CATSRGDRDTYEQYF	1
CATSRDPGGNTEAFF	1
CATSRDRTGGGKLFF	1
CATSRDGGERNTEAFF	1
CATSRELVQGTPANEKLFF	1
CASSTQGATNEKLFF	1
CASCLGEGTEAFF	1
CASRGEDEKLFF	1
CASARVGNQPQHF	1
CASSSQDRVSAEAFF	1
CASSLPPRGPWTTREPQHF	1
CASSIDQEDFLQPQHF	1
CASSNADRAGYEQYF	1
CASKQGNQPQHF	1
CASFAGRENTEAFF	1
CASSGTGSNQPQHF	1
CASSGINSPLHF	1
CASSLVGLGDTEAFF	1
CASSPSGTDNSPLHF	1
CASSPTSGRGSYEQYF	1
CASSPSQSSHGELFF	1
CASSPLQFRGGTYGYTF	1
CASSPPVPGQGSGYTF	1
CASSPVGGSQPQHF	1
CASSPTTGGGYTF	1
CASSDDRERNSPLHF	1
CASSTGRDQPQHF	1
CASSNIAGAQNIQYF	1
CASCGRTESPLHF	1
CASCGMGASNQPQHF	1
CASLEYNEQFF	1
CASRRGRMDEKLFF	1
CASRYRGSNQPQHF	1
CASQGDGGYGYTF	1
CASQITVGKLFF	1
CASQETGPNTEAFF	1
CASVKGRRGRDTQYF	1
CASAWGRGGNEKLFF	1
CASGPRGMNTEAFF	1
CASGALNTEAFF	1
CASGGGYEQYF	1
CASGPRGHPLHF	1
CASGGANTEAFF	1
CASGNGRLNTEAFF	1
CASGKIGSEPQHF	1
CASDVQGADTEAFF	1
CASEGNTEAFF	1
CASIFRAQGYEQYF	1
CASIPAGSGSYYEQFF	1
CASIEQGVRTEAFF	1
CASISGAHSPPQHF	1
CASMAVGAERGYTF	1
CASMGQGSEAFF	1
CASITNSYNEQFF	1
CASTPDQGQGYGYTF	1
CASTSITEAFF	1
CASTYRGSEQFF	1
CASTLGADSPYSNQPQHF	1
CASTQGGNTEAFF	1
CASTPGTGGGETQYF	1
CASTDKWANTEAFF	1
CASTYGTGGSGYTF	1
CASSFSSANTEAFF	1
CASSFYQTGEVYGYTF	1
CASSFRQGSYEQYF	1
CASSFMSGNQPQHF	1
CASSFTGGNYGYTF	1
CASSFNGQPSMNTEAFF	1
CASSFFGDRVNQPQHF	1
CASSFWQNNSPLHF	1
CASSFRTLSSYGYTF	1
CASSFGDNEQFF	1
CASSFDRPPSDRYGYTF	1
CASSFEEYYGYTF	1
CASSFRGLGTEAFF	1
CASSLSGAGNTIYF	1
CASSLWEQGELAKNIQYF	1
CASSLRGENTEAFF	1
CASSLRAGVGETQYF	1
CASSLASRQPQHF	1
CASSLGNRGHQPQHF	1
CASSLGWEKLFF	1
CASSLGRAATNEKLFF	1
CASSLDGVGREAFF	1
CASSLTGGGGYTF	1
CASSLSLRETQYF	1
CASSLNIGNYEQYF	1
CASSLKGVRTEAFF	1
CASSLFLTGGNSPLHF	1
CASSLFDREDTEAFF	1
CASSLLAGAGEKLFF	1
CASSLLYGSTEAFF	1
CASSLSSTGVGYTF	1
CASSLSKSGITEAFF	1
CASSLWVRGGYTF	1
CASSLWAAGELFF	1
CASSLWRQGPGYGYTF	1
CASSLRQVRTEAFF	1
CASSLRGQPQHF	1
CASSLVGGRPRGYTF	1
CASSLGGGNYGYTF	1
CASSLGGTLSNQPQHF	1
CASSLGIMNTEAFF	1
CASSLDGVNEQFF	1
CASSLEGLGEAFF	1
CASSLIGDYYGYTF	1
CASSLSPWYSYNEQFF	1
CASSLSAGRNSPLHF	1
CASSLRLNEQFF	1
CASSLKTPWIYGYTF	1
CASSSLGLGSYNEQFF	1
CASSSPGTGDGYTF	1
CASSSGQDGPEKLFF	1
CASSSEYYGYTF	1
CASSSMGQGGSPLHF	1
CASSSPQRDTIYF	1
CASSSGPLHF	1
CASSSDREYNSPLHF	1
CASSSLPQGTKNTEAFF	1
CASSSLAGQPYEQYF	1
CASSSQGAWHYGYTF	1
CASSWDRVGEKLFF	1
CASSWDRGFQPQHF	1
CASSWREMNTEAFF	1
CASSYFQGNTEAFF	1
CASSYSGTFEGQPQHF	1
CASSYSMTFTNEKLFF	1
CASSYQGAPTINEKLFF	1
CASSYRNTIYF	1
CASSYSWGSRTNEKLFF	1
CASSYRYMLVDTEAFF	1
CASSYQEYAEEKLFF	1
CASSYVGEQFF	1
CASSYAYSAQGEAFF	1
CASSYAGQHTEAFF	1
CASSYAGPKNTEAFF	1
CASSYTPFNQPQHF	1
CASSYTGGAQPQHF	1
CASSYSNQPQHF	1
CASSLRSGFNQPQHF	1
CASSLVIPYNSPLHF	1
CASSLGRYGYTF	1
CASSLTPLGGNQPQHF	1
CASSPRTSGRNEQYF	1
CASSPFGGTEAFF	1
CASSPWTANEQFF	1
CASSPRSGRTYGYTF	1
CASSPQGNGPQHF	1
CASSPQDSNEKLFF	1
CASSPGPDSNQPQHF	1
CASSPRGVPEAFF	1
CASSPFRELFF	1
CASSPGNSFLTF	1
CASSPRDSNYGYTF	1
CASSRTGERTEAFF	1
CASSRGTVMNTEAFF	1
CASSRPGRTYGYTF	1
CASSRTGDDYEQYF	1
CASSQHILSTEAFF	1
CASSQSGDGYTF	1
CASSVRDRGQPGNF	1
CASSVNRGPNEKLFF	1
CASSAPPYQPQHF	1
CASSAPGEVYGYTF	1
CASSASEGQGLEKLFF	1
CASSGEAFF	1
CASSDSTGHRPQHF	1
CASSDIGYTF	1
CASSDSTGVGNQPQHF	1
CASSESEGEAFF	1
CASSEAFTTTEAFF	1
CASSEAGINYGYTF	1
CASSERDDRVDQPQHF	1
CASSIVGGAHDGYTF	1
CASSIIPINYGYTF	1
CASSMDPNQPQHF	1
CASSTDRSSGNTIYF	1
CASSTGQGEAFF	1
CASSTPGVTNEKLFF	1
CASSSPGQMNTEAFF	1
CASSRDIGGTEAFF	1
CASSKGYGIEKLFF	1
CASSKAGAEYNEQFF	1
CASSFGMGTYNEQFF	1
CASSFGPSNTEAFF	1
CASSFLQGANTQYF	1
CASSFPGPEAFF	1
CASSFPGNYGYTF	1
CASSFRPVSNQPQHF	1
CASSFGPEQYF	1
CASSFGIYGYTF	1
CASSLSGTGGIVGNQPQHF	1
CASSLYTGDTEAFF	1
CASSLRLVGDTEAFF	1
CASSLVRPKASGYTF	1
CASSLVGNTIYF	1
CASSLAPDRGVTQYF	1
CASSLAALAGGPGFF	1
CASSLAGPNTEAFF	1
CASSLGGGEQFF	1
CASSLGGTSTYNEQFF	1
CASSLGQGSMDEQYF	1
CASSLDPRGNYGYTF	1
CASSLESGQAFF	1
CASSLEIYATNEKLFF	1
CASSLEWINTEAFF	1
CASSLFRGRNSPLHF	1
CASSLLAGATEAFF	1
CASSLSDSSYNSPLHF	1
CASSLSTRGGDGYTF	1
CASSLLFWTADQPQHF	1
CASSLLQENTEAFF	1
CASSLLLRGRSYNEQFF	1
CASSLPSGYTF	1
CASSLRDRDIYGYTF	1
CASSLVGYNEQFF	1
CASSLVGELFF	1
CASSLVNDNYGYTF	1
CASSLVKVMNTEAFF	1
CASSLAPGTVYTF	1
CASSLALPLAGGNTIYF	1
CASSLAVRQAQHF	1
CASSLGAGRSTDTQYF	1
CASSLGNNEQFF	1
CASSLGDRGAFF	1
CASSLGVDPTANYGYTF	1
CASSLGDTVAYNSPLHF	1
CASSLGSSGNTIYF	1
CASSLGNRANQPQHF	1
CASSLGGEAFF	1
CASSLDSWAAGTF	1
CASSLDSGSYGYTF	1
CASSLDRSGSTTGLSNYGYTF	1
CASSLDLGAYGYTF	1
CASSLEYSNSIGYTF	1
CASSLENPGYYGYTF	1
CASSLTPNTEAFF	1
CASSLSSGSHTEAFF	1
CASSLSLGQLAKNIQYF	1
CASSLSEKLFF	1
CASSLRSADGYTF	1
CASSLRAGGPRSYEQYF	1
CASSLRIRSSYNSPLHF	1
CASSSRQGINTEAFF	1
CASSSYGTVYGYTF	1
CASSSLRSGDSPNYNSPLHF	1
CASSSPPRTANYGYTF	1
CASSSPRVGNTIYF	1
CASSSHLGRGHGYTF	1
CASSSGQPYNSPLHF	1
CASSSAPGLPGAEQYF	1
CASSSGQLNQPQHF	1
CASSSGQPSREKLFF	1
CASSSGQGSGNTIYF	1
CASSSMSGGNQPQHF	1
CASSSQLYSGNTIYF	1
CASSSGGTPGGYEQYF	1
CASSSGRARGYTF	1
CASSSTASGVSTTGNTIYF	1
CASSSTTGGHGYTF	1
CASSWGTGTGYTF	1
CASSYYSKGNTEAFF	1
CASSYGTGGYYGYTF	1
CASSYGGTRGSTEAFF	1
CASSLRAGTGGSSQPQHF	1
CASSLLYSPLHF	1
CASSLRDRDSPLHF	1
CASSLQVDEQYF	1
CASSLGQGDYGYTF	1
CASSLSLGFNYGYTF	1
CASSLGQGVKAAFF	1
CASSLGLAGGPGYEQYF	1
CASSLDRVTEAFF	1
CASSLNPDGYTF	1
CASSLSGQWRYGYTF	1
CASSLPISTEAFF	1
CASSLGGVSGNTIYF	1
CASSLSGAVGEETQYF	1
CASSLRVDLDTEAFF	1
CASSPWGTDGEKLFF	1
CASSPRGDTQYF	1
CASSPGQGITDTQYF	1
CASSPGGVEYGYTF	1
CASSPRDSPEAFF	1
CASSPKGGTEAFF	1
CASSPSTYGYTF	1
CASSPRQVGELFF	1
CASSPRWASSGNTIYF	1
CASSPGPGNTIYF	1
CASSPGQGEAFF	1
CASSPGGRPDGGYTF	1
CASSPDPFQGGQPQHF	1
CASSPTSGNTIYF	1
CASSPRGGSNGYTF	1
CASSPRTGNTEAFF	1
CASSPRQGEVQPQHF	1
CASSPRQGSLQGYTF	1
CASSPTGWGNQPQHF	1
CASSPSSATQPQHF	1
CASSPLGGEGYGYTF	1
CASSPQGSGKLFF	1
CASSPQGLGVPEQYF	1
CASSPGPGDRNTIYF	1
CASSRQPGLAGEGEETQYF	1
CASSRTRRRSTDTQYF	1
CASSRRSGGDQPQHF	1
CASSRSGSEEKLFF	1
CASSRIPPKGQGFEAFF	1
CASSRWDRARDTEAFF	1
CASSRLTGGYSNQPQHF	1
CASSRGQMNTEAFF	1
CASSHDRGGYTF	1
CASSHTGTGDTEAFF	1
CASSHTPRDYDNEQFF	1
CASSQSGTSYNEQFF	1
CASSQELPGRKTEAFF	1
CASSQRRETTTLNGYTF	1
CASSQNLMGDGYTF	1
CASSQNAGPNQPQHF	1
CASSQFQNTIYF	1
CASSQSARSNEKLFF	1
CASSQSATNYGYTF	1
CASSQRAGRNSAFF	1
CASSQVRDYPTDTQYF	1
CASSQAGGSHTEAFF	1
CASSQGGISNEQFF	1
CASSQGPITGLANYGYTF	1
CASSQGVGGSYQETQYF	1
CASSQGGQVFNQPQHF	1
CASSQDLRNSPLHF	1
CASSQDRAGDGYTF	1
CASSQDQGRGLRGGKLFF	1
CASSQDATGEAFF	1
CASSQDGDRGNQPQHF	1
CASSQDGSGHRETQYF	1
CASSQDIYEQYF	1
CASSQDTLNTEAFF	1
CASSQMGYTEAFF	1
CASSVSGRNSPLHF	1
CASSVHRSAGELFF	1
CASSVVANVLGNSPLHF	1
CASSVGELRNTEAFF	1
CASSVGGEEKLFF	1
CASSVPAGTGNTDTQYF	1
CASSVGHSNTEAFF	1
CASSVGQDRLYGYTF	1
CASSVSRTEGEKLFF	1
CASSVVHRGDTEAFF	1
CASSVVSSGPFYGYTF	1
CASSVAPGTEAFF	1
CASSVGSGSSSGYTF	1
CASSVGPADQPQHF	1
CASSVGGADYNSPLHF	1
CASSVGVPTEAFF	1
CASSVGTSPLHF	1
CASSVDGQGSQPQHF	1
CASSVDDRFNQPQHF	1
CASSVEPGNTEAFF	1
CASSVEGVRTEAFF	1
CASSVENRATEAFF	1
CASSARTGGDYGYTF	1
CASSATGAHQPQHF	1
CASSAGPNYGYTF	1
CASSAGSYNSPLHF	1
CASSGYGYTF	1
CASSGRPHYGYTF	1
CASSGGRGGSNQPQHF	1
CASSGRSRGFSDTQYF	1
CASSGRSRDRGYSNTEAFF	1
CASSDPHGTGLRGYTF	1
CASSMNTEAFF	1
CASSIGLGTARSGNTIYF	1
CASSTPGCLLAVKETQYF	1
CASSTRSSTEAFF	1
CASSTWGKGTEAFF	1
CASSTVNTEAFF	1
CASSSSDRACNQPQHF	1
CASSSRGRGSNEKLFF	1
CASSRDGATNEKLFF	1
CASSRMTANTEAFF	1
CASSRTGGEYQPQHF	1
CASSNPCPPGQGCPNEKLFF	1
CASSKGTGSGNTIYF	1
CASSKRRDTSSFNEKLFF	1
CASSKQSKQGALSEQYF	1
CASSKAFRVDGYTF	1
CASSKALLGQTNEKLFF	1
CASRSDRNFSGNTIYF	1
CASRYREDRSEAFF	1
CASRPRDRHSYGYTF	1
CASRPQGGGYTF	1
CASRHTEDYGYTF	1
CASRVPPVGEAFF	1
CASRVGWENTEAFF	1
CASRVGGLHGYTF	1
CASRVQGNTEAFF	1
CASRVQETQYF	1
CASRGQGNTIYF	1
CASRGLAGSYNEQFF	1
CASREQGARGGYTF	1
CASRMTAYANYGYTF	1
CASRRTVATNEKLFF	1
CASRLQHGYTF	1
CASRSLGQGYNSPLHF	1
CASRSHPGGTEAFF	1
CASRSTGRRSNSPLHF	1
CASRSGKGTEAFF	1
CASRPSGGDEKLFF	1
CASRPPLTTGYTF	1
CASRQTGVPGAFF	1
CASRGDRLRNTEAFF	1
CASRGNYGYTF	1
CASRDSCPGLAGGANPGGELFF	1
CASRTSSGNTIYF	1
CASRRDGNQPQHF	1
CASRRTFGRETQYF	1
CASNRRGYGYTF	1
CASNQGWRNEKLFF	1
CASKLIDNTEAFF	1
CASKGQVNEKLFF	1
CASKEGPHSVGSPLHF	1
CASKLKPVDEKLFF	1
CARDGAYQLSNQPQHF	1
CARQGGVNTEAFF	1
CAKTPRPGPDANEQFF	1
CPCYGVEKYF	1
CACGRGRGTEAFF	1
CASAGGQGTEAFF	1
CASTFGSGSGREKLFF	1
CASTLGGTEAFF	1
CASSYGVSGGYTF	1
CASSPTDRMNTEAFF	1
CASSPSPQGIAQYF	1
CASSEFDSYGYTF	1
CASSELGSSGRTILAKNIQYF	1
CASSFSQGGGYTF	1
CASSFDGDQPQHF	1
CASSFKGVHEKLFF	1
CASSLFMFPNTEAFF	1
CASSLFSSYEQYF	1
CASSLYGTGEGYTF	1
CASSLPSGASTDTQYF	1
CASSLRGRDEKLFF	1
CASSLVTGDTEAFF	1
CASSLALAGAYEQYF	1
CASSLAGDGYTF	1
CASSLGYGYTF	1
CASSLGGGEGNEQFF	1
CASSLDGGNQPQHF	1
CASSLDSLNTEAFF	1
CASSLESGSTEAFF	1
CASSLEGFGGYTF	1
CASSLELGSYNEQFF	1
CASSLEGQPYHGYTF	1
CASSLESRGQAFF	1
CASSLQGRRMKSGYTF	1
CASSLGGTDEKLFF	1
CASSLNDRWNSPLHF	1
CASSSRPSLTGELFF	1
CASSSGPGRSNTEAFF	1
CASSSGLSNQPQHF	1
CASSSEPNYGYTF	1
CASSSTTVLALGRPTF	1
CASSSRGEQYF	1
CASSSRQGGGYTF	1
CASSSAGGNYGYTF	1
CASSYTTGSYEQYF	1
CASSYREANTEAFF	1
CASSYDRGGTEAFF	1
CASSLWAPGLGKLFF	1
CASSLGGPYEAFF	1
CASSLFGRNTEAFF	1
CASSPGRSPNGGYTF	1
CASSPWLGVANEKLFF	1
CASSPALVGGRDYNEQFF	1
CASSPGVLNNEQFF	1
CASSPDSGEKLFF	1
CASSPGQGSNQPQHF	1
CASSHPPKDGSFHEQYF	1
CASSHRDTYSNQPQHF	1
CASSQFRGPSGNTIYF	1
CASSQALSRESGYTF	1
CASSQPGTGQSYTF	1
CASSQVVTANEKLFF	1
CASSQAHRDEGYTF	1
CASSQGPQRSEAFF	1
CASSQGTLSSYNSPLHF	1
CASSQDLDREGKLFF	1
CASSQDSVEKLFF	1
CASSQDRGSDYGYTF	1
CASSQDTGIGNTIYF	1
CASSQDRVRGRNTEAFF	1
CASSQDRASDTEAFF	1
CASSQEWQGYGYTF	1
CASSQEGGNYGYTF	1
CASSQEPLGVLFF	1
CASSQISSYEQYF	1
CASSQKNRANTEAFF	1
CASSVGQGGTEAFF	1
CASSASGTSRYEQFF	1
CASSAGQGNYGYTF	1
CASSIGHYRQNTEAFF	1
CASSIDRDNSPLHF	1
CASRRSFQDTEAFF	1
CASRSQGSSTEAFF	1
CASNGGDGGEAFF	1
CATGPGYGYTF	1
CTFNYGYTF	1
CSSSFDSGNTIYF	1
CSASNPRGGAAYEQYF	1
CSASIQGMNTEAFF	1
CSALKLAGGRDTQYF	1
CSARSGGWTEAFF	1
CSAGGDRGSQPQHF	1
CSAEQGDRYTEAFF	1
CSAIPALAGGYEQYF	1
CSAIGGGGQPQHF	1
CSAIKAFNQPQHF	1
CSATRGVGAGYGYTF	1
CSASPGQGSQPQHF	1
CSASRDYQETQYF	1
CSASDRGNTIYF	1
CSARLQNYGYTF	1
CSARGLAGEGPLGELFF	1
CSARDRVNQPQHF	1
CSARRQPSHGYTF	1
CSARPGGGPLGGYTF	1
CSARRDVNTEAFF	1
CSARQTLNQPQHF	1
CSARVRGGTEAFF	1
CSARATLGQLANYGYTF	1
CSARDLGRSDQPQHF	1
CSARDSLSGVGYEQYF	1
CSARDPLTDTQYF	1
CSARDRLWDLSNEKLFF	1
CSARDPDSTDTQYF	1
CSAREATAANYGYTF	1
CSAREQIGSPLHF	1
CSARTGSTADTQYF	1
CSARNLLAGGNEQFF	1
CSALRAPENEKLFF	1
CSAPSRNKNTEAFF	1
CSARARGNTEAFF	1
CSAGARSNQPQHF	1
CSAEQHTDTQYF	1
CSAKGDNNQPQHF	1
CSVFLDSNYGYTF	1
CSVSTRANEKLFF	1
CSVVGLAVSEQFF	1
CSVVQGETQYF	1
CSVAGTASYNEQFF	1
CSVATGARGYTF	1
CSVGGGNQPQHF	1
CSVDGGHSEAFF	1
CSVDERARYGYTF	1
CSVEWLNTEAFF	1
CSVEGIQLNTEAFF	1
CSVEGRTEMNTEAFF	1
CSVRATGSNEKLFF	1
CSTLDSSTDTQYF	1
CRGTADSTTLANYGYTF	1
CATSRDGTSGSYEQYF	5
CASSLAGANVLTF	5
CASSFLGVEQYF	5
CAISSPKPHTDTQYF	4
CATSDPHTVYNEQFF	4
CATSRDLNSPLHF	4
CASSSSKGGPYQETQYF	4
CASSYSGMSGANVLTF	4
CASSDGLASDTQYF	4
CASSEAGQGKAGELFF	4
CASSEAPTRGTYEQYF	4
CASSPSGANVLTF	4
CATTSAQGATGELFF	4
CASSPPAGVSGANVLTF	4
CASSTGTGVQPQHF	4
CASSSLLQETQYF	4
CSARVGSLDTGELFF	4
CSARAGTPQETQYF	4
CSARDSGGVYEQYF	4
CSAPATGATDTQYF	4
CAWSPRETQYF	3
CAISESTGEVEQYF	3
CATSRAPAAREQYF	3
CASARAGSNQPQHF	3
CASAAGGTEAFF	3
CASTSVLLGRGDYNEQFF	3
CASSFRGTDTQYF	3
CASSLGRGIYEQYF	3
CASSLGQAHTGELFF	3
CASSLLGGSYEQYF	3
CASSLSPGAGTDTQYF	3
CASSLGVGYGYTF	3
CASSPLSEYNSPLHF	3
CASSPGTSDTDTQYF	3
CASSGDYYQETQYF	3
CASSGYRGRDYEQYF	3
CASSDSTSGGRDTQYF	3
CASSESGSDPGELFF	3
CASSEVGESSYNEQFF	3
CASSISGSTDTQYF	3
CASSSSGRLADTQYF	3
CASSLFQEYYGYTF	3
CASSLEMSAGTSGRADWTDTQYF	3
CASSLRGLAGGPYNEQFF	3
CASSLQNEYNEQFF	3
CASSLVLSGSHEQFF	3
CASSLVGIGETQYF	3
CASSLAYSGLAGVNEQFF	3
CASSLGAGGSYEQYF	3
CASSSRGTEAFF	3
CASSSSGGAGYTF	3
CASSSTSGVGGELFF	3
CASSLSGGTEAFF	3
CASSPRDTGELFF	3
CASSPPTGIPLNAFF	3
CASSPPGQLLGYYGYTF	3
CASSPTGLAGGGPETQYF	3
CASSPGARRATEAFF	3
CASSPSGTQETQYF	3
CASSQDTGEGLFATDTQYF	3
CASSVGLAGGYEQYF	3
CASSAQGARVGYTF	3
CASSGGTRPYEQYF	3
CASSEQMATYEQYF	3
CASSKGRASGVWDEQYF	3
CASRPRTGGNYGYTF	3
CASRRLSNTEAFF	3
CASRGTTYEQYF	3
CASSFGSGSSYEQYF	3
CASSLVPLSTGELFF	3
CASSLARGSSYNEQFF	3
CASSLAGGSPNYGYTF	3
CASSQFEEQFF	3
CASSQGTSGGREQYF	3
CASSQDPSGPNEQFF	3
CASSQDPGQGGSEQFF	3
CASSQDSSYEQYF	3
CSARDPASGIGETQYF	3
CSARDPGRALETQYF	3
CSARDPTWGTGTYNEQFF	3
CSARDDRTGNYEQYF	3
CSARDLAGWDNEQFF	3
CSVAGQGAYEQYF	3
CSVEGRETQYF	3
CSVEGQVTDTQYF	3
CSVEGPGYPRGAFF	3
CSGAGASYNEQFF	3
CASGLTPTGSMGTDTQYF	2
CACASGPYNEQFF	2
CAISELEVGPGELFF	2
CAISESPSGRSYEQYF	2
CATPRGGELFF	2
CATSGSNEQFF	2
CATSDLRSGDGYTF	2
CATSGVLYGYTF	2
CATSGNRGREAFF	2
CATSRVSEGGVQPQHF	2
CATSRGFAPQHF	2
CATSRGGRVTYNEQFF	2
CATSRDRTGGWPQHF	2
CATSREIENTGELFF	2
CATSRERVGYTEAFF	2
CATRMPGQETQYF	2
CASSRAGGLEKQYF	2
CASSIQSATNEKLFF	2
CASSSPGLVDNEQFF	2
CASSKDRATEAFF	2
CASSSQGNSPLHF	2
CASSARLEETQYF	2
CASSLTGGRDEKLFF	2
CASSPGLESYNEQFF	2
CASSSKTGVSYNEQFF	2
CASLPGGRLDTQYF	2
CASPSFQGNQPQHF	2
CASHFRWGELFF	2
CASQGEYEQYF	2
CASVEGNTDTQYF	2
CASADPVQGLFF	2
CASAKGTGELFF	2
CASGPGAYEQYF	2
CASDSRVTNTEAFF	2
CASEPGTSVNEQYF	2
CASTPHVNQPQHF	2
CASTRTGYIQYF	2
CASTRGVREKLFF	2
CASTKARNYGYTF	2
CASSFGLAGPYEQYF	2
CASSFFGPNRAGGYTF	2
CASSFLPGTSFREQFF	2
CASSFGDSYGYTF	2
CASSLLERADEQFF	2
CASSLGGQPYGYTF	2
CASSLGRNSNQPQHF	2
CASSLRATSGYGYTF	2
CASSLLAPRNTEAFF	2
CASSLYRQPQHF	2
CASSLLVYRGTDTQYF	2
CASSLVGTLNTEAFF	2
CASSLALGGRGKNEQFF	2
CASSLASMNTEAFF	2
CASSLGLGQGGEGEKLFF	2
CASSLETGGGEQPQHF	2
CASSLRQTTEAFF	2
CASSSGFDQPQHF	2
CASSSDTYYEQYF	2
CASSWTSGRMADTQYF	2
CASSYDGTIYGYTF	2
CASSYIKVAEAFF	2
CASSYNRAPYEQYF	2
CASSLTAAHEQYF	2
CASSLARINEQFF	2
CASSPPWDPGNTIYF	2
CASSPQGGEKLFF	2
CASSPRLGYGYTF	2
CASSPSGLAEGYTF	2
CASSPGRGNTEAFF	2
CASSPMDRADEKLFF	2
CASSPTGTNEQFF	2
CASSPGTGTLGEQYF	2
CASSPRGTGGSYNEQFF	2
CASSVLSTDTQYF	2
CASSGDSYYEQYF	2
CASSDRVMNTEAFF	2
CASSDSSGHYNEQFF	2
CASSDLLSTDTQYF	2
CASSELTVHSNQPQHF	2
CASSESWGSEAFF	2
CASSEVEQASPLHF	2
CASSEAAGSSYEQYF	2
CASSEAGKQYF	2
CASSTGANTGELFF	2
CASSSGSSYNEQFF	2
CASSRGNQPQHF	2
CASSKAPDHSGNTIYF	2
CASSFLGLGVRNEQFF	2
CASSFQTGWVAFF	2
CASSFSPGTDTQYF	2
CASSFSDSGLGTFF	2
CASSLSDRGNTEAFF	2
CASSLSGDQADTQYF	2
CASSLRPQSLGSNQPQHF	2
CASSLRDPSSPLHF	2
CASSLREATYNEQFF	2
CASSLQNTEAFF	2
CASSLVRSTAYSNQPQHF	2
CASSLVGADPSNQPQHF	2
CASSLAPTSGSYNEQFF	2
CASSLATGGRAGELFF	2
CASSLGRTNYGYTF	2
CASSLGTSASYEQYF	2
CASSLGGTSGRSTDTQYF	2
CASSLDLALGPYNEQFF	2
CASSLEWGAEAFF	2
CASSLELGTYNEQFF	2
CASSLEGAGYRDQPQHF	2
CASSLTGMDYGYTF	2
CASSLTGTSHETQYF	2
CASSLTAWGAGVPNEQFF	2
CASSLSGGETQYF	2
CASSLKAGGGSTDTQYF	2
CASSSRMNTEAFF	2
CASSSTHGLQETQYF	2
CASSSPGQGDEKLFF	2
CASSSDRSNQPQHF	2
CASSWDINSNTEAFF	2
CASSWTATYEQYF	2
CASSYQRTGFSPLHF	2
CASSYGTDYGYTF	2
CASSYSELEAFF	2
CASSLDRLGYGYTF	2
CASSLDRALSPYGYTF	2
CASSLGALVNTEAFF	2
CASSPVGSNTGELFF	2
CASSPGTPRGEKLFF	2
CASSPTGGQRKAFF	2
CASSPRTGVNTEAFF	2
CASSPWVGAQNTGELFF	2
CASSPRQGPGTGELFF	2
CASSPLAGGPGNEQFF	2
CASSPAGGSTEAFF	2
CASSPTGNQPQHF	2
CASSPTDPYEQYF	2
CASSPRGLKPQHF	2
CASSPSGADQPQHF	2
CASSPTDRGNYGYTF	2
CASSPTRLAGTYEQYF	2
CASSRNGGSYNEQFF	2
CASSRGTVEAFF	2
CASSHPQRGRTYEQYF	2
CASSHGYEQYF	2
CASSQQQGGDQPQHF	2
CASSQQGYQPQHF	2
CASSQAFGQGSDTLHF	2
CASSQAGGQETQYF	2
CASSQGSQSNQPQHF	2
CASSQGEGTTPYEQYF	2
CASSQGTGGTEAFF	2
CASSQGLADSYEQYF	2
CASSQDDVVYNEQFF	2
CASSVQGQGGNEQYF	2
CASSVDGLGVYGYTF	2
CASSVDTDSSYNEQFF	2
CASSAWRAGATNEQFF	2
CASSIESYQETQYF	2
CASSMAQRGNEQFF	2
CASSTSGRPDTQYF	2
CASSTLAKVSYNEQFF	2
CASSNSGSWYNEQFF	2
CASRLNTEAFF	2
CASRLAGEQETQYF	2
CASRPGLAGSTGELFF	2
CASRPDLGGTEAFF	2
CASRRRLARSTDTQYF	2
CASRRTSGSYEQYF	2
CASRKQEGTEAFF	2
CASNPSGQGDEKLFF	2
CASNRDRAEKLFF	2
CASRPGTYNEQFF	2
CASGVSSLADTQYF	2
CASSRTSGVYNEQFF	2
CASSFSFSGDYGYTF	2
CASSFDGENTEAFF	2
CASSFNFDGYTF	2
CASSLWAGDQPQHF	2
CASSLLFRDERNTIYF	2
CASSLVTGNSGELFF	2
CASSLVGGPRDTEAFF	2
CASSLVGLPNYGYTF	2
CASSLVRGSDEQYF	2
CASSLVWTGSNTEAFF	2
CASSLVAGDDTGELFF	2
CASSLAFEGGYTF	2
CASSLAGRDIQYF	2
CASSLALAMSSGELFF	2
CASSLGLDRSRYPEAFF	2
CASSLGDNGGEKLFF	2
CASSLGNYEQYF	2
CASSLDPSSYNEQFF	2
CASSLDPGTYEQYF	2
CASSLEGLSNQPQHF	2
CASSLTGQGDGYTF	2
CASSLTGNSNQPQHF	2
CASSLRGDTQYF	2
CASSSGTESSYNSPLHF	2
CASSSHRDEAFF	2
CASSSATGTGNIQYF	2
CASSLGTATNEKLFF	2
CASSLTSGDTGELFF	2
CASSLTGGEAFF	2
CASSPSSGTDTQYF	2
CASSPSGRAFEQYF	2
CASSPRDKNFGAFF	2
CASSPEGGTNNFATNEKLFF	2
CASSPSLEGEQYF	2
CASSPGQANTEAFF	2
CASSPDRGSGWTEAFF	2
CASSPTGQENSPLHF	2
CASSPVYRGRGNTEAFF	2
CASSHSTDTQYF	2
CASSQAGTSGKDEQFF	2
CASSQARGGSPLHF	2
CASSQAPFGLSGNTIYF	2
CASSQGTGGETQYF	2
CASSQGRGASYEQYF	2
CASSQGLAGAYEQYF	2
CASSQDWTSGYNEQFF	2
CASSQDPTGGSEKLFF	2
CASSQDQDNSPLHF	2
CASSQDRGLNQPQHF	2
CASSQEGQAPYSPLHF	2
CASSQEGLAGGTHEQYF	2
CASSVAAESVGTEAFF	2
CASSASGSTDTQYF	2
CASSAPGQNYYEQYF	2
CASSNGDRINTEAFF	2
CASSKLDHGTDTQYF	2
CASNAGPTGELFF	2
CSLPTGDTEAFF	2
CSVRGAEKLFF	2
CSALTGTSGYNEQFF	2
CSAPATDSNQPQHF	2
CSARSNMNTEAFF	2
CSAGKGVGGKLFF	2
CSASHPGQGGTEAFF	2
CSARPRGTASTDTQYF	2
CSARPETQYF	2
CSARPGTSGIYEQYF	2
CSARAVEGYTF	2
CSARAAAGGTDNEQFF	2
CSARDLVGDHYNEQFF	2
CSARDLQGGTEAFF	2
CSARDPLSRDQPQHF	2
CSARDGLAGDTQYF	2
CSARIGNQPQHF	2
CSAYSWDRETNYGYTF	2
CSSVQGVNGYTF	2
CSSDRLQYGYTF	2
CSVPGTTMGEKLFF	2
CSVADRVNQPQHF	2
CSVGWTGEQYF	2
CSVDVDTQYF	2
CSVEDLGQGTGNTIYF	2
CSVHTRDRGFVEAFF	2
CSVADRGAWREQYF	2
CASLGYEQYF	1
CASGEDQPQHF	1
CAWTDSATNEKLFF	1
CAWSSGQGLYTEAFF	1
CAWSPVWAEAFF	1
CAWSRGSYQPQHF	1
CAWSRSQAPLHF	1
CAWSVGNLLNYNSPLHF	1
CAWSENSPLHF	1
CAWSKGGEKLFF	1
CAALPAWGTEAFF	1
CAAIDPRGTEAFF	1
CAAVATEAFF	1
CAGQMNTEAFF	1
CAGQSFGTEAFF	1
CAIWTGSEAFF	1
CAIRTDANYGYTF	1
CAIGTDLNYGYTF	1
CAISASDLNYGYTF	1
CAISESLGTEAFF	1
CAISEEERRVFF	1
CAIRKTGWNSPLHF	1
CAIRSPSGYTF	1
CAMQEGADSPLHF	1
CATATDNNEKLFF	1
CATSWGAEMNTEAFF	1
CATETPNTEAFF	1
CATTLRGVRYEQYF	1
CATSSGRMNTEAFF	1
CATSVGDTFGYTF	1
CATSASGNQPQHF	1
CATSGGTSSYNEQFF	1
CATSDSRLAGGNEQFF	1
CATSDLEHEHGYTF	1
CATSDPKNYGYTF	1
CATSDASEQGLNYGYTF	1
CATSDLGLTDTQYF	1
CATSDPGQGDTEAFF	1
CATSDALGGGPQHF	1
CATSEPRQGLFF	1
CATSLRTGLIGEKLFF	1
CATSSSRSAAFF	1
CATSPGQGSGYTF	1
CATSPGANEKLFF	1
CATSAGANTEAFF	1
CATSERDRGWQPQHF	1
CATSSPREGSSPLHF	1
CATSSGPFYGYTF	1
CATSRQEIRQPQHF	1
CATSRVSRIEAFF	1
CATSREPVQPRTQYF	1
CATSRESLGGAGNYGYTF	1
CATSREKGGLNEKLFF	1
CATSRETGWQPQHF	1
CATSRTWTSGTSEQFF	1
CATSKGKGLAGVTQYF	1
CATRSREETQYF	1
CATKGDFAEAFF	1
CATSGTAYHEQYF	1
CATLELGQVPYGYTF	1
CASRTALNEKLFF	1
CASARTPTEAFF	1
CASSPRPGILNTEAFF	1
CASSILGPDRVAFF	1
CASSIGGNMNTEAFF	1
CASSITSGSETQYF	1
CASSIRPAAIGYTF	1
CASSIGFRGRRNTEAFF	1
CASRGSGVLSLDTEAFF	1
CASNTGTVDNSPLHF	1
CASLPPGQNNYGYTF	1
CASSLGVFEQFF	1
CASSNPGTGDSPLHF	1
CASSSRQGFYSEAFF	1
CASSLGQVGAYEQYF	1
CASSPSGRETGELFF	1
CASSPGGTQDGYTF	1
CASSPSREGAYNEQFF	1
CASSPVSSTDTQYF	1
CASSPLEGGNGYTF	1
CASSPGRVLSTEAFF	1
CASSPGRTGPQHF	1
CASSPRMITGTVREKLFF	1
CASSPLWTGAYEQYF	1
CASSPLEGRYIQYF	1
CASSPPGPMNTEAFF	1
CASSPGGIDAGELFF	1
CASSPGGGNTEAFF	1
CASSPNGGDGYTF	1
CASSRGNTEAFF	1
CASSQYGQGNQPQHF	1
CASSRPDGNTEAFF	1
CASYDSYGYTF	1
CASYGIYGYTF	1
CASRRTQGPPEAFF	1
CASRSGNDLYGYTF	1
CASRGAMNTEAFF	1
CASRSTGQIFYGYTF	1
CASHPATNEKLFF	1
CASHGDANNSPLHF	1
CASVEWDRNQPQHF	1
CASALAEAGVTPEAFF	1
CASALGASDNSPLHF	1
CASAGQIYNEQFF	1
CASGLFGNYGYTF	1
CASEGFSGNTIYF	1
CASIQDRGGSPLHF	1
CASIGTAGGYTF	1
CASTLLGQTDQNTEAFF	1
CASTITGTFSYNEQFF	1
CASTLVRGGGEKLFF	1
CASTLGSNYGYTF	1
CASTPAAAGPHGYTF	1
CASTPAVAKETQYF	1
CASTPVGGLGGYTF	1
CASTHASGELFF	1
CASTTRGGDRGEKLFF	1
CASTRETNEKLFF	1
CASTSRRSGNTIYF	1
CASTSHNRQIGGYTF	1
CASTGQGSHNEQFF	1
CASSFPGQSFLIGYTF	1
CASSFRQGASEAFF	1
CASSFGYSNTEAFF	1
CASSFGGYTEAFF	1
CASSFGLGGELFF	1
CASSFDGPYEQYF	1
CASSFRAANYGYTF	1
CASSFPYSNQPQHF	1
CASSFPDGDGYTF	1
CASSFRGDGYTF	1
CASSFQGARYEQYF	1
CASSFGGNSPLHF	1
CASSFGTDHGQPQHF	1
CASSFRSLNEKLFF	1
CASSFRTGSSYNSPLHF	1
CASSLVGDTEAFF	1
CASSLAGQGVTEAFF	1
CASSLAGYGYTF	1
CASSLGGTSYNEQFF	1
CASSLGDRAGSPLHF	1
CASSLGTSGRIYEQYF	1
CASSLGQAAGEQYF	1
CASSLSRTEAFF	1
CASSLFLGVYSPFNYGYTF	1
CASSLFPNSGRKQFF	1
CASSLFPRQTNSPLHF	1
CASSLFTRDEQYF	1
CASSLLPNQPQHF	1
CASSLSLGVINTEAFF	1
CASSLSLLSQETQYF	1
CASSLSGAGYGYTF	1
CASSLSEMNYGYTF	1
CASSLSISEAFF	1
CASSLWGVREAFF	1
CASSLWGGHGYTF	1
CASSLWGDSPYF	1
CASSLYGGTNQPQHF	1
CASSLLSGSLRADTQYF	1
CASSLLGGSYGYTF	1
CASSLPTVWGNTIYF	1
CASSLRGALDPPNTEAFF	1
CASSLRGDGPTGGYTF	1
CASSLVPGVGYTF	1
CASSLAPRGLAGNQPQHF	1
CASSLARGLTQPQHF	1
CASSLAWGYEQYF	1
CASSLADGREAFF	1
CASSLGPDGLFF	1
CASSLGVRQETQYF	1
CASSLGTLYGYTF	1
CASSLGAGNQPQHF	1
CASSLGDTGHYGYTF	1
CASSLGSTIYF	1
CASSLDLNTEAFF	1
CASSLILDREDWTEAFF	1
CASSLTALPRNTIYF	1
CASSLTGANTEAFF	1
CASSLSGGPGGLGEKLFF	1
CASSLNGFGYTF	1
CASSLNTEAFF	1
CASSSFGRTHTF	1
CASSSSGTGNTEAFF	1
CASSSLGNSPLHF	1
CASSSPGGGPAGNTEAFF	1
CASSSPLDNNEKLFF	1
CASSSRGTGLNQPQHF	1
CASSSGELRSPLHF	1
CASSSGQLNTEAFF	1
CASSSSQGRENEQYF	1
CASSSQTAQDTEAFF	1
CASSWAGTDTEAFF	1
CASSWGTWGNQPQHF	1
CASSWGTGDNQPQHF	1
CASSWTSGHYEQYF	1
CASSWTGGTGSQPQHF	1
CASSYLDRNTEAFF	1
CASSYRQGRGGYTF	1
CASSYGTGNEQYF	1
CASSYSWRAAGNNEQFF	1
CASSYSGQGERGYTF	1
CASSYSMRQGVGEAFF	1
CASSYSSWRDQPQHF	1
CASSYSRLADEQYF	1
CASSYSLQNTEAFF	1
CASSYSGPTKEAFF	1
CASSYQGGNYGYTF	1
CASSYQGGNTEAFF	1
CASSYGASQETQYF	1
CASSYESDFTF	1
CASSYEGQGADGYTF	1
CASSYIDSNQPQHF	1
CASSYSNYGYTF	1
CASSYRRNQPQHF	1
CASSLTGFRNTEAFF	1
CASSLGPGGSYNEQFF	1
CASSLTGSNSYEQYF	1
CASSLTGKANTEAFF	1
CASSLRHYGYTF	1
CASSPRTGGNSPLHF	1
CASSPSLGSYGYTF	1
CASSPWTGQGQPQHF	1
CASSPRTGRGGAFF	1
CASSPAGTAFGQYF	1
CASSPGGIEIYGYTF	1
CASSPGTDLLSYGYTF	1
CASSPERFGMAQHF	1
CASSPRHGNSNQPQHF	1
CASSPSSGTGLQPQHF	1
CASSPSYGYTF	1
CASSPRPSVDPLHF	1
CASSPLGGQGDTQYF	1
CASSRPGPRDSNQPQHF	1
CASSRGPRSEAFF	1
CASSRDRGANYGYTF	1
CASSRPSRATDTQYF	1
CASSRGTATNEKLFF	1
CASSRTREPFYEQYF	1
CASSQFGGEDEKLFF	1
CASSQGGPYEQYF	1
CASSVLAEGPNEQFF	1
CASSVLPGQGGTEAFF	1
CASSVGLAGPSGANVLTF	1
CASSVAGNSGNTIYF	1
CASSVGPSTGELFF	1
CASSVGGTKNIQYF	1
CASSVTDWYEQYF	1
CASSAQGRAEAFF	1
CASSAQGNYGYTF	1
CASSGQGRSGPLHF	1
CASSGGAGNEKLFF	1
CASSGSNYGYTF	1
CASSGLRPYEQYF	1
CASSGQVAWGYNEQFF	1
CASSGTANYGYTF	1
CASSDLGQGKNIQYF	1
CASSDPRRGQPQHF	1
CASSDGEREAGTDTQYF	1
CASSERPGTDSYEQYF	1
CASSEGTSYNEQFF	1
CASSETGQTHEQYF	1
CASSETGGYNGYTF	1
CASSESLGRYTF	1
CASSESAGRGNTEAFF	1
CASSEYRQGGYTF	1
CASSEHPDTQYF	1
CASSEQGLNQPQHF	1
CASSEARQSNQPQHF	1
CASSEAGGPTIQYF	1
CASSEADGTYGYTF	1
CASSEAISVNTEAFF	1
CASSEGRSGNTIYF	1
CASSEGQGTYNEQFF	1
CASSEESGSGNQPQHF	1
CASSEETGYSNQPQHF	1
CASSEERGNTIYF	1
CASSEIAGGTGELFF	1
CASSEMGTGELFF	1
CASSENVQEAFF	1
CASSIWDSEETQYF	1
CASSIGRNTIYF	1
CASSIGFLSGYGYTF	1
CASSIIRTEAFF	1
CASSTTWTGGYQPQHF	1
CASSTPGQSYGYTF	1
CASSTGTGVQPQHF	1
CASSTGSDSPLHF	1
CASSTTGTANTGELFF	1
CASSRGYGYTF	1
CASSNSGSMSYEQYF	1
CASSNGMNTEAFF	1
CASSKQGGSSGNTIYF	1
CASSKGGRNTDTQYF	1
CASSFFPPTEIYGYTF	1
CASSFGDHTEAFF	1
CASSFMGTEAFF	1
CASSFNGRAAFF	1
CASSFRGSNEKLFF	1
CASSFGPQPQHF	1
CASSFGHYSGNTIYF	1
CASSFDGTNYGYTF	1
CASSFTGLGSPLHF	1
CASSLPTGQYTEAFF	1
CASSLQRRVAGSEQYF	1
CASSLVQGGQGRFQPQHF	1
CASSLVDRENEAFF	1
CASSLAGQGTEAFF	1
CASSLGDVKSEAFF	1
CASSLEDYSYNEQFF	1
CASSLIGQGQNIQYF	1
CASSLMARANTEAFF	1
CASSLSGSGNTIYF	1
CASSLSGERQPQHF	1
CASSLSRASSGTVLMNTEAFF	1
CASSLWGRGGNQPQHF	1
CASSLWGEKLFF	1
CASSLWTGGDTEAFF	1
CASSLWSNTEAFF	1
CASSLYQVSANTEAFF	1
CASSLLSSGNTIYF	1
CASSLPLTGRTNYGYTF	1
CASSLRPRVVYGEKLFF	1
CASSLRYGTQHGTNYGYTF	1
CASSLRGSGVRKETQYF	1
CASSLHREPRGYTF	1
CASSLQDRGGQPQHF	1
CASSLVQVSNEKLFF	1
CASSLVASLYNEQFF	1
CASSLVSQANEKLFF	1
CASSLVQNNEKLFF	1
CASSLAPGQGWYEKLFF	1
CASSLAGNEQFF	1
CASSLAGSEKLFF	1
CASSLALENTEAFF	1
CASSLAVLGRSNTEAFF	1
CASSLAGADGYTF	1
CASSLAGQNYGYTF	1
CASSLGSGTEAFF	1
CASSLGVAGFGYTF	1
CASSLGGGNSPLHF	1
CASSLGTVNTEAFF	1
CASSLGTGIEAFF	1
CASSLGGQNTEAFF	1
CASSLGGLGQPQHF	1
CASSLDGGRTNTEAFF	1
CASSLDTESSYEQYF	1
CASSLDHDRKQFF	1
CASSLEAGENEKLFF	1
CASSLEGARTEAFF	1
CASSLESRGLGNTIYF	1
CASSLEGSTEAFF	1
CASSLETGGQSPLHF	1
CASSLENLSPLHF	1
CASSLITGGQPQHF	1
CASSLTPSSYEQYF	1
CASSLSRELVPGELFF	1
CASSLNGGRAEFF	1
CASSLNRWGYGYTF	1
CASSSFSPAGGYTF	1
CASSSGGGDRNTIYF	1
CASSSHGTVNEKLFF	1
CASSSGTARNEKLFF	1
CASSSGTGASPLHF	1
CASSSGTENTEAFF	1
CASSSDNYYGYTF	1
CASSSTEGNTEAFF	1
CASSSSTELNTEAFF	1
CASSSASNTGELFF	1
CASSSQGVYYNSPLHF	1
CASSSKGAEAFF	1
CASSYQNTNTEAFF	1
CASSYGGLAGDSYNEQFF	1
CASSYRGLFYNEQFF	1
CASSLTRGRPTEAFF	1
CASSLRGGQTEAFF	1
CASSLGLAGGTDTQYF	1
CASSLYTARNSPLHF	1
CASSLTGSGNTIYF	1
CASSLRADTQTNEKLFF	1
CASSLSLGERGYTF	1
CASSLTGFGEKLFF	1
CASSLKVRIGGNTIYF	1
CASSPPWDSYEQYF	1
CASSPLRGSYEQYF	1
CASSPLPGQGARDEQYF	1
CASSPLPPTGTSGNTIYF	1
CASSPLGLAVNSPLHF	1
CASSPPGMGQPQHF	1
CASSPRGGTGYEQYF	1
CASSPRTGGRGGTEAFF	1
CASSPRLASEQFF	1
CASSPRTGGNSPLHF	1
CASSPQTSVQETQYF	1
CASSPQGGSYNSPLHF	1
CASSPAGQSNEKLFF	1
CASSPGSGAVNEKLFF	1
CASSPGRGVTEAFF	1
CASSPGVDEKLFF	1
CASSPGTSGINEQFF	1
CASSPGTSGRPGTDTQYF	1
CASSPGTGTYNEQFF	1
CASSPTHNQPQHF	1
CASSPTGTGFPEAFF	1
CASSPREGGNTGELFF	1
CASSPSGTVNSPLHF	1
CASSPPRTGVTEAFF	1
CASSPGQSYGYTF	1
CASSPGQGNGYTF	1
CASSPDSIYGYTF	1
CASSPTPRNAGGYTF	1
CASSPTGADEKLFF	1
CASSPKGWATNEKLFF	1
CASSPPGENQPQHF	1
CASSPGTMIGKLFF	1
CASSPMRGAPDYGYTF	1
CASSPTNRDGYGYTF	1
CASSRPGRNTEAFF	1
CASSRTSGPSSYNEQFF	1
CASSRKGLEAFF	1
CASSRDRGDGYTF	1
CASSRRRSYTF	1
CASSRNKGSNQPQHF	1
CASSRQAPWNYGYTF	1
CASSRQGGEKLFF	1
CASSRGFPQGAVRLWTF	1
CASSRGPINEKLFF	1
CASSRSGTENSPLHF	1
CASSRRFYEQYF	1
CASSRNTGGEAFF	1
CASSRNTYSDRLNTEAFF	1
CASSRKAGRSWSGNTIYF	1
CASSHLGDYTYQETQYF	1
CASSHSDAYEQYF	1
CASSHSTGAGAGNQPQHF	1
CASSHPGQASGYTF	1
CASSQSFGTGLSALHF	1
CASSQPRGPNYGYTF	1
CASSQGASNYGYTF	1
CASSQFVVSSYEQYF	1
CASSQLAGELSGYTF	1
CASSQPGQVVEAFF	1
CASSQVDVATNEKLFF	1
CASSQVASGSRETQYF	1
CASSQAGRFGIEKLFF	1
CASSQARGPGYGYTF	1
CASSQGRQGTGNTIYF	1
CASSQGVNTEAFF	1
CASSQGAGVTADTQYF	1
CASSQGGSYGYTF	1
CASSQGISTAGELFF	1
CASSQGTAEAFF	1
CASSQGYTGLSGNTIYF	1
CASSQGGSPLHF	1
CASSQDSWDSEAFF	1
CASSQDWAGNTIYF	1
CASSQDLWGTEAFF	1
CASSQDLGINSPLHF	1
CASSQDVGETQYF	1
CASSQDAVTEYNSPLHF	1
CASSQDGETKNIQYF	1
CASSQDLRGTYGYTF	1
CASSQDPTGTGLQPQHF	1
CASSQERGREDYGYTF	1
CASSQEGGNTEAFF	1
CASSQEGQLNEKLFF	1
CASSQEDLMNTEAFF	1
CASSQETGGRNYGYTF	1
CASSQEGTYNEQFF	1
CASSQITTGLGNQPQHF	1
CASSQSRILNTGELFF	1
CASSQKQGAGYEQYF	1
CASSQKGVLPFFAFF	1
CASSVYLFPRDGYTF	1
CASSVTKYEQFF	1
CASSVPNTEAFF	1
CASSVDRIYGYTF	1
CASSVGGGTEAFF	1
CASSVSPDTEAFF	1
CASSVVSSSYNSPLHF	1
CASSVVQGMNTEAFF	1
CASSVVAQGPSYYGYTF	1
CASSVASSRAYGYTF	1
CASSVAVGNSPLHF	1
CASSVAGSSYNEQFF	1
CASSVAEGRDTEAFF	1
CASSVAGQHSNQPQHF	1
CASSVGPRPEAQHF	1
CASSVDLDRSNGYTF	1
CASSVDPNHGYTF	1
CASSVDANRGSPLHF	1
CASSVEPQNTGELFF	1
CASSVEGATNEKLFF	1
CASSVEGSSGNTIYF	1
CASSARRGWVNTEAFF	1
CASSARRGQDTEAFF	1
CASSARQAPYGYTF	1
CASSARQGSQPQHF	1
CASSAHGSSTDTQYF	1
CASSAGPVGYGYTF	1
CASSAREGTEAFF	1
CASSARRRGEQYF	1
CASSARQGLDLYGYTF	1
CASSGASGFNYGYTF	1
CASSGGVSSSPLHF	1
CASSGGSSYNEQFF	1
CASSGTVEKLFF	1
CASSGQSYGYTF	1
CASSDGAVNSPLHF	1
CASSDIPGQGQNQPQHF	1
CASSEMGQGYGYTF	1
CASSEQGNTEAFF	1
CASSERGGSNQPQHF	1
CASSITYEQYF	1
CASSILAGAYNEQFF	1
CASSTPQGQGSYGYTF	1
CASSTQGVVVEAFF	1
CASSRGQVYSNEKLFF	1
CASSRQQGENQPQHF	1
CASSKSTSGSWSYEQYF	1
CASSKAVPRAAEAFF	1
CASSKNPGPSGNTIYF	1
CASRLYEGYTF	1
CASRPGLGNEKLFF	1
CASRVGENTEAFF	1
CASRGGAVSPLHF	1
CASRGTFRDGYTF	1
CASRDTDRRYGYTF	1
CASRDTGVRKLFF	1
CASRDRGLSYGYTF	1
CASRTSGRGNEQFF	1
CASRTLPDRANYGYTF	1
CASRTMEGWTEAFF	1
CASRRTGKSTEAFF	1
CASRYDRAGYYQPQHF	1
CASRLGQVPYGYTF	1
CASRLAGLWAGETQYF	1
CASRPGQSMNTEAFF	1
CASRPTGEVGTEAFF	1
CASRQGPSGNTIYF	1
CASRQLTTSGFYNEQFF	1
CASRQVGKGPNEKLFF	1
CASRATEYSGNTIYF	1
CASRGVGSPLHF	1
CASREGTGRFRVTEAFF	1
CASRISGGYGYTF	1
CASRRDRRENTEAFF	1
CASNFRVATDTQYF	1
CASNPSSRGSGNTIYF	1
CASKVAGKGNEQFF	1
CATPGGNQPQHF	1
CASRSYPDVEAFF	1
CASSADGTYEQYF	1
CASRGDPDTQYF	1
CASRTSLPDEQYF	1
CASTPSSSGNTIYF	1
CASTSGLRNQPQHF	1
CASSSREIDHEQYF	1
CASSPGAARGRKTEAFF	1
CASSQSRQDSNLAKNIQYF	1
CASSDRGNLNEKLFF	1
CASSESGGLAKNIQYF	1
CASSESTGGGATNEKLFF	1
CASSEEGFETSLVGELFF	1
CASSEEPGDQETQYF	1
CASSEKDRGIYQPQHF	1
CASSELGVGAGRNSPLHF	1
CASSFTGDDYGYTF	1
CASSFSGRRADEQYF	1
CASSFAESSYNSPLHF	1
CASSFTGPIENEKLFF	1
CASSFTGGGQPQHF	1
CASSFNDTQYF	1
CASSLFEWGRGEKLFF	1
CASSLYGVSPLNTEAFF	1
CASSLPGGVGSPLHF	1
CASSLAWGAGNTIYF	1
CASSLAVSSYEQYF	1
CASSLAGGGDYGYTF	1
CASSLAGFDYGYTF	1
CASSLGREFNYGYTF	1
CASSLGQADGYTF	1
CASSLGGLGTEAFF	1
CASSLDLREGGMNTEAFF	1
CASSLDSGRMNEQFF	1
CASSLDDRTVAFF	1
CASSLDRANYGYTF	1
CASSLEQLYGYTF	1
CASSLSQGGNSPLHF	1
CASSLSMGGPYGYTF	1
CASSLGQSLYGYTF	1
CASSLITGNTEAFF	1
CASSSRTSGYEQYF	1
CASSSTGTGAFF	1
CASSWDRGLPDTQYF	1
CASSLESVGRRPLSGYTF	1
CASSLPDTEAFF	1
CASSLGQGGTIYF	1
CASSLQGGDQPQHF	1
CASSLQGLGHTEAFF	1
CASSLGGAYGYTF	1
CASSLELGNTEAFF	1
CASSPRAGGVGGYTF	1
CASSPPVRGTGELFF	1
CASSPQFGGANEKLFF	1
CASSPGTSGSHEQYF	1
CASSPGQLHYGYTF	1
CASSPRGTEAFF	1
CASSPNRALADTTNEKLFF	1
CASSPTGSGTEAFF	1
CASSPRVGSDTEAFF	1
CASSPRQGAEAFF	1
CASSPARTGIHEQYF	1
CASSPGDGDQPQHF	1
CASSPRASSGPVNEKLFF	1
CASSPNRRDRGIFNEKLFF	1
CASSRASGTGRSPLHF	1
CASSRTSSSSQSYEQYF	1
CASSRTGDFTEAFF	1
CASSRKGTPATNEKLFF	1
CASSHDDRDDEKLFF	1
CASSHGAADDTQYF	1
CASSHDFPFDSELLSNYGYTF	1
CASSQFVNQPQHF	1
CASSQRGRNTEAFF	1
CASSQGTGILNYGYTF	1
CASSQDGRTEAFF	1
CASSQTTGGYGYTF	1
CASSQSGTGRRNLYGYTF	1
CASSQSTLRTGGDEKLFF	1
CASSQYPGAYEQYF	1
CASSQRRGTEAFF	1
CASSQRQNYGYTF	1
CASSQVGQGHGYTF	1
CASSQVSRSSYGYTF	1
CASSQAPRTGNNQPQHF	1
CASSQAPRGQPQHF	1
CASSQAPRQGSDTEAFF	1
CASSQAGFHYGYTF	1
CASSQGTDYEQYF	1
CASSQGLAGRSYEQYF	1
CASSQGGGRIWNQPQHF	1
CASSQGGTLTSTDTQYF	1
CASSQDSGPLNTEAFF	1
CASSQDWPNTEAFF	1
CASSQDPGVNEKLFF	1
CASSQDRVRARGYGYTF	1
CASSQDRGSYGYTF	1
CASSQDEQRTLSNQPQHF	1
CASSQDRGPGNTIYF	1
CASSQDRGTGNGYTF	1
CASSQDNNSPYSNQPQHF	1
CASSQEWGSGNTIYF	1
CASSQEAGGSYEQYF	1
CASSQEGWFNYGYTF	1
CASSQEGDSPLHF	1
CASSQEGRQGATEAFF	1
CASSQEMRGRTEAFF	1
CASSQEPGQTYGYTF	1
CASSQETGGAIAKNIQYF	1
CASSQESLVVGGYTF	1
CASSQTGYNQPQHF	1
CASSVGQYTEAFF	1
CASSAAGDRGLPQHF	1
CASSGGQGITEAFF	1
CASSGATGGPNSPLHF	1
CASSKTENTEAFF	1
CASRTVLSGNTIYF	1
CASKLGPTGYTF	1
CSPSGGSYGYTF	1
CSVFFPGQGSIYGYTF	1
CSASSGYEQYF	1
CSAYRGSANYGYTF	1
CSALNQGAEAFF	1
CSAPPGDRPYGYTF	1
CSAPPYGYTF	1
CSARAGYTGNTEAFF	1
CSAVGVDTYEQYF	1
CSAGRASRTEAFF	1
CSAGDRAYGYTF	1
CSADDTANTEAFF	1
CSAMDRGRWETQYF	1
CSATGDTEAFF	1
CSATTQRESYNEQFF	1
CSASQVNTEAFF	1
CSASGLAGDAHEQFF	1
CSASRGSGSYNEQFF	1
CSARLRGGEKLFF	1
CSARRPQGQPQHF	1
CSARRGPNEKLFF	1
CSARGGQASYEQYF	1
CSARGRRWEGLNQPQHF	1
CSARDLRGGTEAFF	1
CSARDRQGFQPQHF	1
CSARDQGYTEAFF	1
CSARDQDRGLYEQYF	1
CSARDETSGSYEQYF	1
CSARDTGTSTEAFF	1
CSARDTGIGGYTF	1
CSARDHRDTEAFF	1
CSARDGRGYGYTF	1
CSARDGQGGNTIYF	1
CSARDREAAEAFF	1
CSAREGASESSPLHF	1
CSANTGRRPQHF	1
CSAKDRAKNIQYF	1
CSAKDRGNTIYF	1
CSAYTGQNYGYTF	1
CSALKQGGTEAFF	1
CSAPTAGNTIYF	1
CSAGRMNTEAFF	1
CSADVGGAYGYTF	1
CSAIQLPETEAFF	1
CSAREGRFEQPQHF	1
CSAEGQSLREKLFF	1
CSAQDSYYGYTF	1
CSATVPSTSTDTQYF	1
CSEEREGLNEQFF	1
CSSAIGLAPYEQYF	1
CSVSGTSKGDSYEQYF	1
CSVPWTVNYGYTF	1
CSVRSGEYEQYF	1
CSVRTGGRNQPQHF	1
CSVVAGTEAFF	1
CSVVVENQPQHF	1
CSVVRGNRNQPQHF	1
CSVVRRGNYNEQFF	1
CSVALLKGDTEAFF	1
CSVARSLPNTGELFF	1
CSVALMRGYTF	1
CSVGYGNTIYF	1
CSVGGGIEPQHF	1
CSVGQDSAGNTIYF	1
CSVESQTGGYTF	1
CSVEPLISANYGYTF	1
CSVEGVSENYGYTF	1
CSVEDRVTEAFF	1
CSVMDGYGYTF	1
CSVRGQGARQEKLFF	1
CSVQTGDGYTF	1
CSVARSLNEKLFF	1
CSVATGGSNQPQHF	1
CSVTRQGRLNYGYTF	1
CSVPGQGHETQYF	1
CSVAAGRTEAFF	1
CSVLPSGGWVTEAFF	1
CSAWDNEKLFF	1
CSAQDTGQIYQPQHF	1
CSGLTANYGYTF	1
CSGGIGLKAFF	1
CKPGGPSYNEQFF	1
RRFF	1
HGVGVRETQYF	1
CSARATSGENTGELFF	5
CASSFWRQGVEEQYF	4
CASSLSRLQSADTQYF	4
CASSLVYLGQLAKNIQYF	4
CASSLGMRERDTQYF	4
CASSSRGTSGMGYNEQFF	4
CASSSAGELFF	4
CASSLNSGSVYEQYF	4
CASSDPGLAGGPDTQYF	4
CASSSLAGEAYNEQFF	4
CASSETLGLAGGGSPNTGELFF	4
CASSTGLAYEQFF	4
CSARDQRSYEQYF	4
CSARDLAGAEETQYF	4
CASSPTSGSVNEQFF	3
CATGREYADSYEQYF	3
CATSRDLGATDTQYF	3
CATRTSDSYEQYF	3
CASTKGEAQFF	3
CASTGGGTGKNIQYF	3
CASSFLGGLAGELFF	3
CASSFGLNTEAFF	3
CASSFNHYNEQFF	3
CASSLLGRIFYEQYF	3
CASSLRLAGETQYF	3
CASSLALGGREQFF	3
CASSLGETQYF	3
CASSLRSGRTYEQYF	3
CASSSPAEISYNEQFF	3
CASSYRPGRTDTQYF	3
CASSPRTTDHRSSYEQYF	3
CASSPQARTGELFF	3
CASSGDSHEQFF	3
CASSDGQGYNEQFF	3
CASSENRDTGELFF	3
CASSFLAGRSYEQYF	3
CASSFQREVVDEQYF	3
CASSLDSYEQYF	3
CASSLAGANEQFF	3
CASSLGTGARSTYEQYF	3
CASSLIVSRPQHF	3
CASSSSGTGINEQYF	3
CASSSNTDLNTEAFF	3
CASSPTSGSYEQYF	3
CASSRLGGETQYF	3
CASSQAGGQEQYF	3
CASSQDRGEENPYEQYF	3
CASSQDQGANYGYTF	3
CASSQEASEVSEQFF	3
CASSQSNSNNEQFF	3
CASRGTSFRLFF	3
CASSLGHQKESPLHF	3
CASSLGYEQYF	3
CASSLGSTDTQYF	3
CASSLDQNSYEQYF	3
CASSSWRQGVWEQFF	3
CASSSLPGLWEETQYF	3
CASSPGLLKTLNEQFF	3
CASSPGLVSTHDEQFF	3
CASSRTPSDSRTGELFF	3
CASSQASAGYEQYF	3
CASSQAVKGLAKNIQYF	3
CASSQGLAGVAGYEQYF	3
CASSNPPLGGQPTRRNEQFF	3
CARQGAHWNEQFF	3
CSAWTSGRSTGGYEQYF	3
CSALLTSGTETQYF	3
CSARGRAYNQPQHF	3
CSARVTPGVGYTF	3
CSARGDWGPDSYEQYF	3
CSARDPGYRSEAFF	3
CASGLPGREAFF	2
CACLVMNTEAFF	2
CAISAGQSFEQYF	2
CAISESAAPRPEQFF	2
CAISALAGGPDTQYF	2
CATSRGGEGYTF	2
CATQEGAGEQYF	2
CATSDLGGSSYNEQFF	2
CATSRFQGQGSEKLFF	2
CATSRSVSGPYNEQFF	2
CATSRGREWSQPQHF	2
CATSRGTRTDTQYF	2
CATSRDRAGDQPQHF	2
CATEQKAHTEAFF	2
CASSIVEQFF	2
CASGPGTDYNEQFF	2
CASNGPPVEQYF	2
CASSSYQTDRGDHSPLHF	2
CASSPLKPRGLTDTQYF	2
CASSPNGGTEAFF	2
CASSPWDGNGEKLFF	2
CASSPPDGVYEQYF	2
CASSPQGTGNTIYF	2
CASSPQNSNQPQHF	2
CASRLATVEKLFF	2
CASASLNQPQHF	2
CASARGDRGFAEQYF	2
CASGATSGRGTDTQYF	2
CASGNYEQYF	2
CASGTYEQYF	2
CASDPKRRYQQYF	2
CASILSGQPLRPNTEAFF	2
CASIRRAGNTIYF	2
CASTLAGGAANYGYTF	2
CASTNLIAGYGYTF	2
CASTNHYTGELFF	2
CASTAVSYNEQFF	2
CASSFAEMNTEAFF	2
CASSFGQGSNQPQHF	2
CASSFGEKLFF	2
CASSFTAGGVNNEQFF	2
CASSFGTAHNNQPQHF	2
CASSFIPTEAFF	2
CASSLASTDTQYF	2
CASSLGADTEAFF	2
CASSLGGLEEAFF	2
CASSLRQGSQPQHF	2
CASSLWGATEAFF	2
CASSLYADSYNSPLHF	2
CASSLLGALPYGYTF	2
CASSLVAPGGENTEAFF	2
CASSLASYTEAFF	2
CASSLGLYGYTF	2
CASSLGGPYNSPLHF	2
CASSLGSRDHYGYTF	2
CASSLRALAWWYGYTF	2
CASSSGTEIYEQYF	2
CASSSRPAGELFF	2
CASSSTGTASEAFF	2
CASSYSTGRAGEQYF	2
CASSYSGGNQPQHF	2
CASSYADRGNQPQHF	2
CASSLARGSYEQYF	2
CASSPPKNTGELFF	2
CASSPGGKWTEAFF	2
CASSPGTGSSYEQYF	2
CASSPAHSGRKLFF	2
CASSPTGGGNQPQHF	2
CASSHSYEQYF	2
CASSVSRSTDTQYF	2
CASSATGGSYNEQFF	2
CASSDSTGGYNEQFF	2
CASSDVGTNTGELFF	2
CASSDGGLATDTQYF	2
CASSDMPGQGYSPLHF	2
CASSEGPSYEQYF	2
CASSELGREGSHNQPQHF	2
CASSESLKGSYGYTF	2
CASSEWGYTEAFF	2
CASSETPGGHTEAFF	2
CASSERANRGNSPLHF	2
CASSERETQYF	2
CASSTGTRVTGELFF	2
CASSSGSTDTQYF	2
CASSFYYNEQFF	2
CASSFLASRNTEAFF	2
CASSFTGGNAEAFF	2
CASSFYNEQFF	2
CASSFPQGAQNEQYF	2
CASSFADREGYTF	2
CASSFGRGAPSGYTF	2
CASSFGTLNEQFF	2
CASSLFQGSNQPQHF	2
CASSLLGQGVLEKLFF	2
CASSLVGSVNTEAFF	2
CASSLAPGDYGYTF	2
CASSLAGGFAEAFF	2
CASSLAGTDGYTF	2
CASSLGTGELFF	2
CASSLGVRTSYNEQFF	2
CASSLDPGPNEKLFF	2
CASSLDSNQPQHF	2
CASSLNSNQPQHF	2
CASSLYPGGPSGELFF	2
CASSLHRLNTEAFF	2
CASSLVYFGYTF	2
CASSLVLAGLETQYF	2
CASSLVLGNTGELFF	2
CASSLVRLAEDTQYF	2
CASSLVWTGGRSTEAFF	2
CASSLVGRASEQFF	2
CASSLAVTGRNTEAFF	2
CASSLADGTGNQPQHF	2
CASSLADREDEQFF	2
CASSLARDSSYEQYF	2
CASSLGAGDGYTF	2
CASSLGGIEDTQYF	2
CASSLGATDTQYF	2
CASSLGGGLEDTQYF	2
CASSLELGRVNSPLHF	2
CASSLTAATDTQYF	2
CASSLSPLGGVNTGELFF	2
CASSLRGGNEQFF	2
CASSLKAASTDTQYF	2
CASSSPGRNQPQHF	2
CASSSPGYEQYF	2
CASSSQGGLVADTQYF	2
CASSSGREQYF	2
CASSSKPRTGKSYEQYF	2
CASSSGIFNEQFF	2
CASSSGQGSYGYTF	2
CASSSDRGGAFF	2
CASSSEGGLAKNIQYF	2
CASSWGQGNTEAFF	2
CASSYRDYLNNEQFF	2
CASSLLRGTSGTIGEQFF	2
CASSLLAGVATQYF	2
CASSLRPGQVMKAFF	2
CASSLGTGNNYGYTF	2
CASSLNTEAFF	2
CASSLTHTGPQFF	2
CASSLSMNTEAFF	2
CASSPYSGRLDTQYF	2
CASSPLAGGPGEQFF	2
CASSPPGTSGRALNEQFF	2
CASSPPGQGENEQYF	2
CASSPQLLAEAFF	2
CASSPGTGEKPQHF	2
CASSPEGQSATNEKLFF	2
CASSPGAGTGNSPLHF	2
CASSPDWDGFNEKLFF	2
CASSPDGSNQPQHF	2
CASSPERVSYEQYF	2
CASSPIVGYNEQFF	2
CASSPTSGTSYEQYF	2
CASSPTQPGTGNYEQYF	2
CASSPTGGQPQHF	2
CASSPRMEAETQYF	2
CASSPRTWRATEAFF	2
CASSPGTSGWGELFF	2
CASSPGGYNEKLFF	2
CASSPTAGQTFYGYTF	2
CASSPTTSLDTQYF	2
CASSRPGLAGRTDTQYF	2
CASSRTGTGHGYTF	2
CASSRTGVGTGELFF	2
CASSHVGDTEAFF	2
CASSHSWTSVGDEQFF	2
CASSQSGGIRNEQFF	2
CASSQVLGAGMNTEAFF	2
CASSQVGAGEQYF	2
CASSQAGTGDYNEQFF	2
CASSQGYPAGFLRNQPQHF	2
CASSQDRGGHSAFF	2
CASSQDPGTSGLSYNEQFF	2
CASSQDTDTQYF	2
CASSQEWTHFYEQYF	2
CASSQERLAVMKFF	2
CASSVSPGLAGYNEQFF	2
CASSVGLADSYEQYF	2
CASSVPYNEQFF	2
CASSVADGYQPQHF	2
CASSVASFGGNTIYF	2
CASSVAGGDTEAFF	2
CASSVGSGRSYEQYF	2
CASSVGELAGGSDTGELFF	2
CASSVGGMDQPQHF	2
CASSVGIPGLAINEQFF	2
CASSVGQNYGYTF	2
CASSVDWGSGNTIYF	2
CASSVEDGGEAFF	2
CASSAYAQGEGYGYTF	2
CASSGTSGTANEQFF	2
CASSDSEGLEEDIQYF	2
CASSDRDRWSEKLFF	2
CASSDNTGPGEAFF	2
CASSETLDSYNEQFF	2
CASSSYGRTASYEQYF	2
CASSSTVNTEAFF	2
CASSRNMNTEAFF	2
CASSNRGRAQADSEQYF	2
CASSKPYRAWGTDTQYF	2
CASSKNPGDYGYTF	2
CASRAALTILANEQFF	2
CASRAGVNIQYF	2
CASRGTRGYEQYF	2
CASRGRTSGREQFF	2
CASRTGTGYGYTF	2
CASRPLEAPYSPLHF	2
CASRRTHRGENSNQPQHF	2
CASRKPGLLYNEQFF	2
CASNTDVYSNQPQHF	2
CASKSGTSEQYF	2
CASKTGAYEQYF	2
CARAHIYGYTF	2
CATSPLTSGRGNEQFF	2
CASSVLLGTTSEQYF	2
CASSFGRDREKLFF	2
CASSFDRGPGTEAFF	2
CASSFRSGRGTDTQYF	2
CASSFHWAGAKNTDTQYF	2
CASSLAGPNTEAFF	2
CASSLGVGDGQFF	2
CASSLGEIETQYF	2
CASSLGVNTEAFF	2
CASSLGDPYEQYF	2
CASSLDDRVNQPQHF	2
CASSLEGSATNEKLFF	2
CASSLEGKYTEAFF	2
CASSLEGSYNEQFF	2
CASSLIGPNQPQHF	2
CASSLNSNTEAFF	2
CASSLLPGQGHSPLHF	2
CASSLLAGGPSEQFF	2
CASSLRDGPGPYNEQFF	2
CASSLRGENTEAFF	2
CASSSPGLAGVNEQFF	2
CASSSRQGYEQYF	2
CASSSNPTENSPLHF	2
CASSSGPGNEQFF	2
CASSSTGINEKLFF	2
CASSWRKNTEAFF	2
CASSLGGGMQPQHF	2
CASSLDSSVGNTIYF	2
CASSLYPRGRGEKLFF	2
CASSPRTAGNTIYF	2
CASSPGLAGVETGELFF	2
CASSPTADRGSGNTIYF	2
CASSPRIGNQPQHF	2
CASSREPASGNNEQFF	2
CASSHRDRGRKFYGYTF	2
CASSHAEGREGNQPQHF	2
CASSQPRGRVGGYTF	2
CASSQVPTRNQPQHF	2
CASSQASGGSGNTIYF	2
CASSQGRAGGFGRTQYF	2
CASSQDLGSTEAFF	2
CASSQDLRDTGELFF	2
CASSQDEQAGVYEQYF	2
CASSQDVLRLSEAFF	2
CASSQEQGSPKGEAFF	2
CASSQETGTDRTYYGYTF	2
CASSQTRGEKLFF	2
CASSVDRGLDEQFF	2
CASSEGQGNTEAFF	2
CASRDTSSSYEQYF	2
CSASNLADNEQFF	2
CSASLRDRYSPLHF	2
CSAPGQFQGHYGYTF	2
CSAGDGTGSSPLHF	2
CSAGTGKETEAFF	2
CSAIPTGGNTIYF	2
CSAIPSTGSGNEQYF	2
CSATHGQGNQPQHF	2
CSATGQTNTEAFF	2
CSASPTVEAFF	2
CSARSSGSEVEQFF	2
CSARGGGYIQYF	2
CSARGARITEAFF	2
CSARGGQVDGYTF	2
CSARGTNYGYTF	2
CSARKTGLLEAFF	2
CSARHLDRENNEQFF	2
CSARVSELGTGHRGYTF	2
CSARVPGSGYTF	2
CSARAEAGGPEQYF	2
CSARGDIRNQPQHF	2
CSARGNTNYGYTF	2
CSARDPRRDNSPLHF	2
CSARDPIAGNTEAFF	2
CSARDQRTDDSPLHF	2
CSARDARGAGNTIYF	2
CSARDNRDNQPQHF	2
CSAVGPLNTEAFF	2
CSATNGQPQHF	2
CSAQVGLEQFF	2
CSVASPGDEQFF	2
CSVGTGDDYGYTF	2
CSVEDTKGGYEQFF	2
CSVEELTEAFF	2
CSVRQGANTGELFF	2
CSVPYGNGYNEQFF	2
CSVGGGTPYGYTF	2
CSVGFGSTEAFF	2
CSVGDSGDSSYEQYF	2
CSATGQGPGTEAFF	2
CSIDGGLVGAFF	2
CVVSGNTNEKLFF	1
CASHRGHLDYGYTF	1
CAWSVPGQYEKLFF	1
CAPYLYGYTF	1
CAVYEDTGELFF	1
CAGLREAQTF	1
CAGGDRGFYEQYF	1
CAGTGPSSGNTIYF	1
CAISQGDQPQHF	1
CAISAPGTASHSGNTIYF	1
CAISGGDSIPQHF	1
CAISGGQREAFF	1
CAISGGATGGSTEAFF	1
CAISGKTGRDEKLFF	1
CAISDEYTEAFF	1
CAISESGASYEQYF	1
CAISESHPGSSGNTIYF	1
CAISESVQGAMNTEAFF	1
CAISESAQGSNQPQHF	1
CAISEPDMSNQPQHF	1
CAISEGGGNAFF	1
CAISRQGVNTEAFF	1
CAISQTGRAGNTIYF	1
CAISDQNQGAEAFF	1
CAISRLVGEQYF	1
CAIRSTDTQYF	1
CAIKKDDYGYTF	1
CATSGTGPDGAGNTIYF	1
CATAGGGYTF	1
CATSRDSNEKLFF	1
CATYRYTEAFF	1
CATRRRNLQPQHF	1
CATRDISNTGELFF	1
CATREGSNTEAFF	1
CATTPTGIGEKLFF	1
CATTPQGRVGNEKLFF	1
CATSSSAKKSGGYEQYF	1
CATSPGDNEQFF	1
CATSHRGDQPQHF	1
CATSGGQGGLGAQHF	1
CATSDFPPVTKKGGNTIYF	1
CATSDFPVRQGVQTGELFF	1
CATSDLGQINQPQHF	1
CATSDLGLRGNEQFF	1
CATSDLSSNQPQHF	1
CATSDSAAGYTEAFF	1
CATSDAGQEYYGYTF	1
CATSDSRGGDYGYTF	1
CATSDARQGDTEAFF	1
CATSDGYEQYF	1
CATSEEGSVAFF	1
CATSETRGARGYTF	1
CATSRSGSYNEQFF	1
CATSAGQLPTGDYGYTF	1
CATSGGQVNTIYF	1
CATSTTGREAFF	1
CATSSLRGGPQHF	1
CATSRPGPNEKLFF	1
CATSRHQGALGGTEAFF	1
CATSRATADNYGYTF	1
CATSRSRDRNSNQPQHF	1
CATSRSGTVKNIQYF	1
CATSRVGGSNEKLFF	1
CATSRGLFDKPNTLNSPLHF	1
CATSRGVRDEKLFF	1
CATSRGLGSTGGRVSNQPQHF	1
CATSRGQDSNYGYTF	1
CATSRGGNEKLFF	1
CATSRGGAPSSPQHF	1
CATSRDFSTGSFEVGGYTF	1
CATSRDYSYDREGTEAFF	1
CATSRDLGGYPYEQYF	1
CATSRDLTGVMLSGNTIYF	1
CATSRDIITGDRSTF	1
CATSRDMAAVEQYF	1
CATSREVPVLNEKLFF	1
CATSREDYSTDTQYF	1
CATSREGDDIEPLHF	1
CATSREMQGATF	1
CATSRERANQPQHF	1
CATSRENGAGGYTF	1
CATSRISNEKLFF	1
CATSRTTLGTEAFF	1
CATKSRVTDTQYF	1
CASQSNKSNQPQHF	1
CASGLAGTYEQYF	1
CASTSWETGLYGNTIYF	1
CASTDSGPQHF	1
CASTTQGANEKLFF	1
CASSFTLNTEAFF	1
CASSSDRVSMNTEAFF	1
CASSQRGSSYEQYF	1
CASSIKNRGHGYTF	1
CASSTSTGRNSPLHF	1
CASSARDRPNEKLFF	1
CASRIDREGFYGYTF	1
CASNFQVRQPQHF	1
CASKSWGGGYTF	1
CASSGRTEAFF	1
CASSTTGDKSEAFF	1
CASSSPDRVYEQYF	1
CASSPGTGYTF	1
CASSQDQANYGYTF	1
CASSSGHPSGNQPQHF	1
CASSYSGTSPRYEQYF	1
CASSLGQGSYSNQPQHF	1
CASSLGLQETQYF	1
CASSLMVTGNTIYF	1
CASSLTGQLAEAFF	1
CASSPLVELPPTRGELFF	1
CASSPRQTENYGYTF	1
CASSPDRTYEQYF	1
CASSPPQGASYEQYF	1
CASSPHRGSPLHF	1
CASSPQGLALHF	1
CASSPQGARYTEAFF	1
CASSPANTEAFF	1
CASSPAWSSGNTIYF	1
CASSPWGIESDEQYF	1
CASSPLGTGGVDGYTF	1
CASSPLENSPLHF	1
CASSPPGSGDTEAFF	1
CASSPPPGQLNYGYTF	1
CASSPPSGAVGNQPQHF	1
CASSPPSGETQYF	1
CASSPQAGFGSYGYTF	1
CASSPAGGDEKLFF	1
CASSPGPVISNQPQHF	1
CASSPGQGMNTEAFF	1
CASSPRTSSLPDTQYF	1
CASSPRKGIQETQYF	1
CASSPKSINSPLHF	1
CASSQNRPGQGGNQPQHF	1
CASSAQHQNTEAFF	1
CASSGTSGSLNEQFF	1
CASSTGYDWTQHF	1
CASSTDITGANTEAFF	1
CASWDGKNYGYTF	1
CASPGSGGKLFF	1
CASRVRGVNTEAFF	1
CASRRGLNYGYTF	1
CASRGRANEKLFF	1
CASRRQDRQFF	1
CASRSGRSYGYTF	1
CASRGIENIQYF	1
CASHREGGAAYEQYF	1
CASQEFRGLEAFF	1
CASALLGGTGELFF	1
CASARTGDNSEAFF	1
CASAESGGQQPQHF	1
CASANLRDGYTF	1
CASGLPPVDYTF	1
CASGRDGYNSPLHF	1
CASGTEGYSNQPQHF	1
CASGKRGGDNEKLFF	1
CASGSAGELFF	1
CASGTGVLESGYTF	1
CASGRVLYEKLFF	1
CASGAGSSTDTQYF	1
CASEREITDTQYF	1
CASEGQGAGGYTF	1
CASILLTGGNTEAFF	1
CASIRTGQETQYF	1
CASIQRPGRSTEAFF	1
CASITAGTASYEQYF	1
CASIPGTAIYNSPLHF	1
CASIHTTGTYEQYF	1
CASIAQGFHGYTF	1
CASMAGFNYGYTF	1
CASMGYHPNTEAFF	1
CASTLRQGQETQYF	1
CASTSGQPQHF	1
CASTKKDTRSPLHF	1
CASTLLAERLNEQFF	1
CASTLREGNQPQHF	1
CASTLSTDGYYGYTF	1
CASTLYPTGVPYEQYF	1
CASTLQGSGSPLHF	1
CASTLTGGSGYTF	1
CASTPIKAGGYTF	1
CASTQMGAGTESSYNEQFF	1
CASTAQGEATQYF	1
CASTAAGGFTEAFF	1
CASTGLTQNTEAFF	1
CASTGQGFPYGYTF	1
CASTEAGGRYRSEQYF	1
CASTEGQGNQPQHF	1
CASTRENTEAFF	1
CASTSWGDSNTEAFF	1
CASTDSLNTEAFF	1
CASTSAGNQPQHF	1
CASSFLSGGAAFF	1
CASSFSRGYNQPQHF	1
CASSFLSLIQVRTEAFF	1
CASSFRQGGNTEAFF	1
CASSFQGGSEKLFF	1
CASSFVEANYGYTF	1
CASSFGRGGHSPLHF	1
CASSFGQVEGYTF	1
CASSFITYGYTF	1
CASSFRSAYGYTF	1
CASSFRAGVSSDF	1
CASSFNRQGNQPQHF	1
CASSFKARGTEAFF	1
CASSFSLRRGDTEAFF	1
CASSFSPGWQPQHF	1
CASSFWTGYEQYF	1
CASSFLDRAQPQHF	1
CASSFPGSYAWSNQPQHF	1
CASSFRQGAFF	1
CASSFVAFDTPQHF	1
CASSFGWGDPGELFF	1
CASSFGRNTEAFF	1
CASSFGAGNQPQHF	1
CASSFGQGEGYTF	1
CASSFGQFSGNTIYF	1
CASSFELTNSPLHF	1
CASSFEGGGEAFF	1
CASSFIDRGYGYTF	1
CASSFSGGHLNTEAFF	1
CASSFRLANYGYTF	1
CASSLYDGNYGYTF	1
CASSLLRGISYEQYF	1
CASSLRETQYF	1
CASSLAQGIPFYGYTF	1
CASSLAGDNYGYTF	1
CASSLGTPDTQYF	1
CASSLGQFSGNTIYF	1
CASSLDRADTQYF	1
CASSLEGPVTQYF	1
CASSLIGGTDTQYF	1
CASSLTGAGNTIYF	1
CASSLRDEKLFF	1
CASSLRAGGPYEQYF	1
CASSLFLASGVQETQYF	1
CASSLFSRGGGYTF	1
CASSLFQKGGWDEKLFF	1
CASSLFSSSNYGYTF	1
CASSLLGGYSYNEQFF	1
CASSLLTSNYGYTF	1
CASSLLRYEQYF	1
CASSLLNPRGQPQHF	1
CASSLSQGSFQPQHF	1
CASSLSVWAGNTIYF	1
CASSLSWLGSLAKNIQYF	1
CASSLSDNQPQHF	1
CASSLSSGVGQPQHF	1
CASSLSAYGYTF	1
CASSLWTGRLDGYTF	1
CASSLWNPLDTQYF	1
CASSLYEKVEAFF	1
CASSLYRVYNSPLHF	1
CASSLLGISYGYTF	1
CASSLLSVEDTGELFF	1
CASSLLGGKGYTF	1
CASSLPGLNTEAFF	1
CASSLPNKRAPLHF	1
CASSLRRNTEAFF	1
CASSLRTGGIYEQYF	1
CASSLRRTSLEQYF	1
CASSLRQRANYGYTF	1
CASSLQVTRPGTGENTEAFF	1
CASSLAYGAVPNQPQHF	1
CASSLGGRGVQPQHF	1
CASSLGGGKNEKLFF	1
CASSLGSNTGELFF	1
CASSLGEGGDGYTF	1
CASSLGTGTYNEQFF	1
CASSLEGDQPQHF	1
CASSLIRVSGNTIYF	1
CASSLIPREYNEQFF	1
CASSLTSENTGELFF	1
CASSLTNYGYTF	1
CASSLTRTTFYGYTF	1
CASSLTAALEQYF	1
CASSLTGTSGPYEQYF	1
CASSLRYSKYSNQPQHF	1
CASSLRLVTGELFF	1
CASSLRDPKGEKLFF	1
CASSLNGPKDGYTF	1
CASSLNRGQPQHF	1
CASSLKGSIMNTEAFF	1
CASSSWNTEAFF	1
CASSSLARGYNEQFF	1
CASSSLDRNTEAFF	1
CASSSLADFQETQYF	1
CASSSPGEGREKLFF	1
CASSSPGAGTNEKLFF	1
CASSSPGTNSYEQYF	1
CASSSRTINYGYTF	1
CASSSQRGGRGSTEAFF	1
CASSSGWGNQPQHF	1
CASSSDSIAINQPQHF	1
CASSSTGAHSYEQYF	1
CASSSRTVLYTEAFF	1
CASSSDGGRTLAQHF	1
CASSSIRLGYGYTF	1
CASSSPATGRNYGYTF	1
CASSSGNSEAFF	1
CASSWWAGYNQPQHF	1
CASSWTASYNEQFF	1
CASSWTGYTEAFF	1
CASSYSLAEEFF	1
CASSYRGGNEKLFF	1
CASSYRRANNSPLHF	1
CASSYAEMNTEAFF	1
CASSYGRPGDTEAFF	1
CASSYEASGSETQYF	1
CASSYSQFAKNIQYF	1
CASSYSGGLNNEQFF	1
CASSYSQGVSEHF	1
CASSYSSGGDSSYNEQFF	1
CASSYSGGSSPLHF	1
CASSYSTYGYTF	1
CASSYSRGNTYEQYF	1
CASSYSRAVNYGYTF	1
CASSYSRGQGRGDTEAFF	1
CASSYLGGPRIWSEQYF	1
CASSYLRGLSDTQYF	1
CASSYPRDTGELFF	1
CASSYPTAVGYTF	1
CASSYRPPGTNEKLFF	1
CASSYQLAGQRSEQYF	1
CASSYAPGSSYNEQFF	1
CASSYAPGQGKDTQYF	1
CASSYAQGGPETQYF	1
CASSYGSASNQPQHF	1
CASSYGAGGNTIYF	1
CASSYGAVYGYTF	1
CASSYGTAQGYTF	1
CASSYGTDYSNQPQHF	1
CASSYDGSTEAFF	1
CASSYDGENSPLHF	1
CASSYRGAQPQHF	1
CASSYRGDTEAFF	1
CASSLPGQGWEAFF	1
CASSLRQGTEAFF	1
CASSLTGVVTEAFF	1
CASSLSLNTEAFF	1
CASSLQGYGYTF	1
CASSPLTGANYGYTF	1
CASSPPGQRNTEAFF	1
CASSPGTGLTIYF	1
CASSPDSAWGTEAFF	1
CASSPDRGYGYTF	1
CASSPFGQNTEAFF	1
CASSPLLMRANYGYTF	1
CASSPPGSLRPQHF	1
CASSPPQRYQPQHF	1
CASSPGTAGNTIYF	1
CASSPGTALNTEAFF	1
CASSPDRGLLDGYTF	1
CASSPTGGYGYTF	1
CASSPGQGLYSPLHF	1
CASSPQTAILSGNTIYF	1
CASSPGGYGYTF	1
CASSPGGLGQPQHF	1
CASSPTSGNTDTQYF	1
CASSPSQRGEQYF	1
CASSRLEGRANNQPQHF	1
CASSRSGVSGNTIYF	1
CASSRAGTEAFF	1
CASSRGAGPDGYTF	1
CASSRGGGNQPQHF	1
CASSRSTEPQHF	1
CASSRRGTNQPQHF	1
CASSHTGKTFYGYTF	1
CASSQREAYNEQFF	1
CASSQGYNTEAFF	1
CASSQGGRQPQHF	1
CASSQQGVAGNTIYF	1
CASSQQGALSYGYTF	1
CASSQQGRNSPLHF	1
CASSQGPPFREKLFF	1
CASSQTGYGYTF	1
CASSVQGVSYGYTF	1
CASSVGQPQHF	1
CASSVGIRETQYF	1
CASSATGGSAFF	1
CASSAPGTGAEAFF	1
CASSAQQGNQPQHF	1
CASSAADRGLDGYTF	1
CASSAGTNYGYTF	1
CASSATGFQPQHF	1
CASSASTGINYGYTF	1
CASSGTGTANTEAFF	1
CASSGARSNTEAFF	1
CASSGAGMTEAFF	1
CASSGKGTNTEAFF	1
CASSGSGLGVRALHF	1
CASSGGQGAWGTEAFF	1
CASSDQAGAGDTQYF	1
CASSDGNINTIYF	1
CASSDGRKVYGYTF	1
CASSDEFGYTF	1
CASSDTARGGEKLFF	1
CASSDTYAGELFF	1
CASSDLGVDQPQHF	1
CASSDLKAYFNSPLHF	1
CASSDPGTGNEQFF	1
CASSDPGQGFREPNYGYTF	1
CASSDRGDFMNTEAFF	1
CASSDGRADQPQHF	1
CASSDGRASNQPQHF	1
CASSDTYGYTF	1
CASSDTGLGGYTF	1
CASSDKSGTNTDTQYF	1
CASSELYSNQPQHF	1
CASSEPTGEMEAFF	1
CASSERESNIQYF	1
CASSEGGRDGYTF	1
CASSEGSVGDQPQHF	1
CASSEGTRGQPQHF	1
CASSEGTFAYEQYF	1
CASSEGPSAEAFF	1
CASSESAAKGYTF	1
CASSESGQIDEKLFF	1
CASSEWTAGANEKLFF	1
CASSEQGGNSPLHF	1
CASSEQGTAEAFF	1
CASSEAWGTGRGEQYF	1
CASSEAGQGILSGNTIYF	1
CASSEGYQPQHF	1
CASSEGVAGGFGEQFF	1
CASSEGTANYGYTF	1
CASSEGPRYGYTF	1
CASSEIGVTNYGYTF	1
CASSERGWQEGNEQYF	1
CASSIPQWIGMNTEAFF	1
CASSTSVGSPQPQHF	1
CASSTGTGINQPQHF	1
CASSTDWGLRSNEKLFF	1
CASSTMTGIEAFF	1
CASSTTGDTLLGFF	1
CASSTPGQGKDGYTF	1
CASSRNRDLGISGYTF	1
CASSRQGLDGYTF	1
CASSNEDGYTF	1
CASSNAGTGTRVTF	1
CASSKRLIGGDQPQHF	1
CASSFSPTAMNTEAFF	1
CASSFYDRAVDGYTF	1
CASSFLGSTEAFF	1
CASSFRGADQPQHF	1
CASSFDSPYGYTF	1
CASSFNRNGYTF	1
CASSFPTSGRAGTGELFF	1
CASSFQFGETQYF	1
CASSFQEARGKLFF	1
CASSFGHTEAFF	1
CASSFGAGNEQFF	1
CASSFGARKLHF	1
CASSFTRESGSAFF	1
CASSLLTTVNTEAFF	1
CASSLSATPTYEQYF	1
CASSLSAGGGTYEQYF	1
CASSLWWGRRGYTF	1
CASSLYVRTPSSYEQYF	1
CASSLYGVGEAFF	1
CASSLPGFTEAFF	1
CASSLPLGRGDTEAFF	1
CASSLRRVGQAFF	1
CASSLHLQGNQPQHF	1
CASSLHGGNSPLHF	1
CASSLALGVSGNTIYF	1
CASSLAGRDTEAFF	1
CASSLADEKLFF	1
CASSLASGGNTEAFF	1
CASSLGTTYGYTF	1
CASSLGSSYNEQFF	1
CASSLGGSGGNYGYTF	1
CASSLGRAVEPQHF	1
CASSLGARVNTEAFF	1
CASSLGAPGRNTEAFF	1
CASSLGENTEAFF	1
CASSLGTGYTEAFF	1
CASSLGQGFGNTIYF	1
CASSLDLWNTEAFF	1
CASSLDRVNTEAFF	1
CASSLDRETNTEAFF	1
CASSLEGSGTEAFF	1
CASSLEDRAPLF	1
CASSLTSGANTGELFF	1
CASSLTGSNYGYTF	1
CASSLSRNTIYF	1
CASSLRWDRGNSPLHF	1
CASSLNSGVARGYTF	1
CASSLSWESSGNTIYF	1
CASSLSVGRRLVAEQFF	1
CASSLYRGPYEQYF	1
CASSLLQFSPLHF	1
CASSLLEGADGYTF	1
CASSLRPTGTSVYEQYF	1
CASSLRDEISGTYNEQFF	1
CASSLRWTSGRATSYEQYF	1
CASSLHIPLHRGLGYGYTF	1
CASSLVPSTYEQYF	1
CASSLVGGPTNEKLFF	1
CASSLVRAGTYEKLFF	1
CASSLVGNTEAFF	1
CASSLVEGRLSQPQHF	1
CASSLVSKGYGYTF	1
CASSLVPGSGETQYF	1
CASSLVGRRGNTEAFF	1
CASSLVPNTEAFF	1
CASSLVAAVGNTIYF	1
CASSLAAPLRTNEKLFF	1
CASSLAGATSGGPYEQYF	1
CASSLASSGDSPLHF	1
CASSLAPGFTTIYF	1
CASSLAPGNYGYTF	1
CASSLAQGYGYTF	1
CASSLAGTTTNEKLFF	1
CASSLAGQGNGYTF	1
CASSLARGQSAAAFF	1
CASSLAGAQETQYF	1
CASSLGGRAVTEAFF	1
CASSLGLYLGQGDPDTQYF	1
CASSLGAARGRADTQYF	1
CASSLGGGYTF	1
CASSLGIQGSTEAFF	1
CASSLGSIGNTIYF	1
CASSLGWTGQGYTGELFF	1
CASSLGQGNQPQHF	1
CASSLGQMGTEAFF	1
CASSLGAASNQPQHF	1
CASSLGGPANYGYTF	1
CASSLGGMGQHEKLFF	1
CASSLGGSRYEQYF	1
CASSLGGAGNTIYF	1
CASSLGTGGMDGYTF	1
CASSLGSDSLATNEKLFF	1
CASSLGLGQDGNSPLHF	1
CASSLGAPGNTIYF	1
CASSLDYRGYGYTF	1
CASSLDPGRLNEKLFF	1
CASSLDHRPTYGYTF	1
CASSLDAYGYTF	1
CASSLDIRADEQYF	1
CASSLDLSTGELFF	1
CASSLDRGTEAFF	1
CASSLEGGYNQPQHF	1
CASSLEGRSPLHF	1
CASSLEQSGEKLFF	1
CASSLEGGPQPQHF	1
CASSLEGDYYNEQFF	1
CASSLMSVGRSPLHF	1
CASSLTYEDEAFF	1
CASSLTPDRESYNEQFF	1
CASSLTVGLTNEKLFF	1
CASSLTPYTEAFF	1
CASSLTGVKEETQYF	1
CASSLSPSSQETQYF	1
CASSLSPGGSGNTIYF	1
CASSLSDSRYTEAFF	1
CASSLRSRGATDTQYF	1
CASSLRAGGGYNSPLHF	1
CASSLRAGANTEAFF	1
CASSLNRGTEAFF	1
CASSLNGKRADTQYF	1
CASSLKAIYGYTF	1
CASSLKGRVNTEAFF	1
CASSSWTGGFNTEAFF	1
CASSSGPNQPQHF	1
CASSSTAGTGYGYTF	1
CASSSRDTMNTEVFF	1
CASSSLGMNTEAFF	1
CASSSWDGRGNQPQHF	1
CASSSLPGQLRNTEAFF	1
CASSSPGGSSGNTIYF	1
CASSSRQGVEKLFF	1
CASSSRTSGSTDTQYF	1
CASSSGLDDEQFF	1
CASSSGGQINSPLHF	1
CASSSGRTLTQPQHF	1
CASSSDRNTEAFF	1
CASSSSLANVLTF	1
CASSSNGGAREKLFF	1
CASSSLDRGNNSPLHF	1
CASSSVDGRQENGYTF	1
CASSSGSGSGYTF	1
CASSSDGTEAFF	1
CASSSTGTAYQETQYF	1
CASSSTGGGGYTF	1
CASSSLPGGRETQYF	1
CASSSQGRYGYTF	1
CASSSDTWIMNTEAFF	1
CASSWDFSSYNEQFF	1
CASSWMDREVEDGYTF	1
CASSWREFNSPLHF	1
CASSYPRGDNTEAFF	1
CASSYSGIYGYTF	1
CASSYSTGSGYTF	1
CASSYPGGLTF	1
CASSYSYYGYTF	1
CASSYRVETEAFF	1
CASSYKTYEQYF	1
CASSLLAPAYEQYF	1
CASSLGYGYTF	1
CASSLTSGNEQFF	1
CASSLTLAGQRPQHF	1
CASSLRGVVNTEAFF	1
CASSLNGAYEQYF	1
CASSLLSRGYGYTF	1
CASSLRQRGYGAYEQYF	1
CASSLRGAAGNTIYF	1
CASSLQTGVTEAFF	1
CASSLGRGGEKLFF	1
CASSLTFHEQYF	1
CASSLTGGLTGELFF	1
CASSLTGEAGSPSYEQYF	1
CASSLRTSGKETQYF	1
CASSLGQDYGYTF	1
CASSLDRANYGYTF	1
CASSLTGAQPQHF	1
CASSLSTASYEQYF	1
CASSLLAGEPYEQYF	1
CASSLGRGIGEKLFF	1
CASSLGAQPQHF	1
CASSLDSPGQGRHGYTF	1
CASSPLQGREIKAFF	1
CASSPPRGQINYGYTF	1
CASSPRWYNEQFF	1
CASSPMIRGGNGYTF	1
CASSPTPPGVGTEAFF	1
CASSPSGEQYF	1
CASSPSTEGRLYGYTF	1
CASSPLGRAGEQFF	1
CASSPLMNTEAFF	1
CASSPLAGSSYNEQFF	1
CASSPPRVTEAFF	1
CASSPPGGERGYTF	1
CASSPPGSPDEQFF	1
CASSPPGGFNSPLHF	1
CASSPRPGYEQYF	1
CASSPQAENTEAFF	1
CASSPQGRGGNSPLHF	1
CASSPAGQREKLFF	1
CASSPAGVNEQFF	1
CASSPGSRTYEQYF	1
CASSPGGVGYGYTF	1
CASSPGLAEQYF	1
CASSPGQGGEAFF	1
CASSPDRVGYTF	1
CASSPTGTYNEQFF	1
CASSPTRVTQYF	1
CASSPTGGDQPQHF	1
CASSPRGQGGYTF	1
CASSPSFMGNQPQHF	1
CASSPWENYGYTF	1
CASSPADSPNSPLHF	1
CASSPGGSEQFF	1
CASSPGQPNTGELFF	1
CASSPGQGYEKLFF	1
CASSPTPYSSSYEQYF	1
CASSPTSGTHNEQFF	1
CASSPTDRSNEKLFF	1
CASSPRWGQPQHF	1
CASSPSTGPYGYTF	1
CASSPLGSIYNEQFF	1
CASSPPRQGSGNTIYF	1
CASSPPGHEQFF	1
CASSPRGLAGVVDTQYF	1
CASSPRGQDHEKLFF	1
CASSPGLTEAFF	1
CASSPGGGSSYNEQFF	1
CASSPGRSTEAFF	1
CASSPGGPGISQPQHF	1
CASSPTTGGDGYTF	1
CASSPTAQGEKLFF	1
CASSPRTGVGGYTF	1
CASSPRVASNEKLFF	1
CASSPRGIAGGHSYEQYF	1
CASSRAQYGYTF	1
CASSRGPTETQYF	1
CASSRSTSQETQYF	1
CASSRLGGPNYGYTF	1
CASSRRATSSYNEQFF	1
CASSRSSYTEAFF	1
CASSRDGFSYNEQFF	1
CASSRTRMTEQFF	1
CASSRTALSDEQFF	1
CASSRSKRETQYF	1
CASSRWGVYGYTF	1
CASSRGLDEKLFF	1
CASSRGVMNTEAFF	1
CASSREAEQFF	1
CASSRELATNEKLFF	1
CASSHSYRGWNTEAFF	1
CASSHEGTNSPLHF	1
CASSHRAGQNTEAFF	1
CASSHRGLNTEAFF	1
CASSQAVGQGFTGELFF	1
CASSQGRRESSGNTIYF	1
CASSQGNEKLFF	1
CASSQGTGGRRPQHF	1
CASSQGPGQGYTF	1
CASSQGQWNTEAFF	1
CASSQTAYSGNTIYF	1
CASSQFPTEAFF	1
CASSQLGGVQPQHF	1
CASSQWGPTTNEKLFF	1
CASSQYGTSGRYSNEQFF	1
CASSQPQGNTEAFF	1
CASSQVLAGVLEQFF	1
CASSQVDMNTEAFF	1
CASSQVVGTGNWGAFF	1
CASSQAMNTEAFF	1
CASSQAGGDSGNTIYF	1
CASSQAGGGTEAFF	1
CASSQGVGNGYTF	1
CASSQGGGRWGTEAFF	1
CASSQGGLSDQPQHF	1
CASSQGSGVNTEAFF	1
CASSQGVGPVTGYYEQYF	1
CASSQGQGGTEAFF	1
CASSQGVEGNQPQHF	1
CASSQDWGQGDQPQHF	1
CASSQDPRDQPQHF	1
CASSQDPRVVVETQYF	1
CASSQDRLPGAIYEQYF	1
CASSQDTGTRYNEKLFF	1
CASSQDSEEEAFF	1
CASSQDVGESVYEQYF	1
CASSQDGREAFF	1
CASSQDTGNTEAFF	1
CASSQDSLFSNQPQHF	1
CASSQESLGTEAFF	1
CASSQEAGTSFYGYTF	1
CASSQEGIRSYNEQFF	1
CASSQESRGEAFF	1
CASSQEAGPVGNTEAFF	1
CASSQIGNYGYTF	1
CASSQSRDPEEAFF	1
CASSQRSTAAFYGYTF	1
CASSQRGGLRGGYTF	1
CASSQNSPTGGYTF	1
CASSVRGTSGYNEQFF	1
CASSVHTGGEGEKLFF	1
CASSVGLVTPGELFF	1
CASSVDRVNSPLHF	1
CASSVTGSSYNEQFF	1
CASSVGVEQPQHF	1
CASSVGNTIYF	1
CASSVTLNSPLHF	1
CASSVRTGVGEAFF	1
CASSVQDTIYF	1
CASSVQTHNTEAFS	1
CASSVVQGSGDGYTF	1
CASSVALDGGCPSDQPQHF	1
CASSVAGTGGEKLFF	1
CASSVGVNTEAFF	1
CASSVGVF	1
CASSVGGAGQGARGYTF	1
CASSVGITGYTF	1
CASSVDEGSGKLFF	1
CASSVDDYSNQPQHF	1
CASSVERGSAGYTF	1
CASSVEQGIQSGYTF	1
CASSVENEAFF	1
CASSVTPGGPFDEQFF	1
CASSVSGTGDGYTF	1
CASSARSSAYNSPLHF	1
CASSAAAGDTEAFF	1
CASSAMGLAAGELFF	1
CASSAGTSSQPQHF	1
CASSADLNTEAFF	1
CASSADSRFVTEAFF	1
CASSGGNSNQPQHF	1
CASSGRDAPRAEAFF	1
CASSGFPRGNQPQHF	1
CASSGGYYGYTF	1
CASSGGALAKNIQYF	1
CASSDGSGAGSYNEQFF	1
CASSERPSGRFTEKLFF	1
CASSERQGAKNIQYF	1
CASSEQGLNTEAFF	1
CASSEGGTGKANTEAFF	1
CASSEGQGINSPLHF	1
CASSIPGGLSSYEQYF	1
CASSIGTAAEAFF	1
CASSIMGGRNTIYF	1
CASSTQAYKLANYGYTF	1
CASSTFEGNTEAFF	1
CASSTVKGGYTF	1
CASSTSTRERNQPQHF	1
CASSTSRDRVDYGYTF	1
CASSTRGRPLHF	1
CASSTLTGQLYGYTF	1
CASSTPGTASGYTF	1
CASSTQGNYGYTF	1
CASSTTGNSPLHF	1
CASSSLTGIDTEAFF	1
CASSRGQATSYGYTF	1
CASSRPGLLGMNTEAFF	1
CASSNQHNEQFF	1
CASSNPWAGNQPQHF	1
CASSKGSRGRRPLRPGHAEAFF	1
CASSKTGSVGEAFF	1
CASSKSTASDNEKLFF	1
CASSKRGARSYEQYF	1
CASRLPSDLMNTEAFF	1
CASRLGANQPQHF	1
CASRSVVGGNHNSPLHF	1
CASRSGHLNSPLHF	1
CASRLGWGRGNSPLHF	1
CASRPQGRGNQPQHF	1
CASRREGRGGELFF	1
CASRALRANYGYTF	1
CASRAPNPEKLFF	1
CASRGGNQPQHF	1
CASRGDGDTEAFF	1
CASRGFSGNTIYF	1
CASRGWGAGTDTQYF	1
CASRGSYNEQFF	1
CASRGYQETQYF	1
CASRGITDKEHF	1
CASRGIGGEKLFF	1
CASRGTGRTEAFF	1
CASRGLAGANTGELFF	1
CASRGQGINTEAFF	1
CASRDRDTGELFF	1
CASREEDLGAFF	1
CASREGRGLPITLHF	1
CASRTSGRHSYNEQFF	1
CASRTAGLPQHF	1
CASRTDTMNTEAFF	1
CASRTGEGQPQHF	1
CASRLGLAAPGELFF	1
CASRSAGERGYTF	1
CASRSRGTNEKLFF	1
CASRLWGADYGYTF	1
CASRPPSNIQYF	1
CASRPMTGKNTEAFF	1
CASRPQGADEKLFF	1
CASRQANEKLFF	1
CASRQEPDYGYTF	1
CASRVTSGRTDTQYF	1
CASRVGTKQPQHF	1
CASRVDGEYGYTF	1
CASRGGQSSGNTIYF	1
CASRGTVSGYTF	1
CASRGTAGPQHF	1
CASRGTDTEAFF	1
CASRGLAGAEEQYF	1
CASRTGEGNTIYF	1
CASRSVSGTPGYF	1
CASRKPGRVAGYTF	1
CASRKTGGKTEAFF	1
CASNFQSENTEAFF	1
CASNEPRGTDTQYF	1
CASNRAGGENTEAFF	1
CASNQLRGESPLHF	1
CASNGGPDYNSPLHF	1
CASNIGTSVYEQYF	1
CASKQGIGKNTEAFF	1
CASKEDLNTEAFF	1
CASKENTEAFF	1
CASKNGGLNSGNTIYF	1
CANAPRWGSTEAFF	1
CANRRSMKGTDTQYF	1
CAINAGIGQPQHF	1
CASCTLLSGYEQYF	1
CASQRNHGEKLFF	1
CASGGDSSNLEKLFF	1
CASGLGSSNTEAFF	1
CASGQGTGQPQHF	1
CASTWTSGEFANTEAFF	1
CASTITGGGYGYTF	1
CASTGNTEAFF	1
CASSLGPSSYNEQFF	1
CASSHLYYYGYTF	1
CASSEEGANSPLHF	1
CASSRDRGLTEAFF	1
CASSFPDGGYTF	1
CASSFRQGYIQYF	1
CASSFAWENEKLFF	1
CASSFNIGAYEQYF	1
CASSFRDRRYNEQFF	1
CASSFGQDIATNEKLFF	1
CASSLSPGQEYYGYTF	1
CASSLYREGYTF	1
CASSLLNSPLHF	1
CASSLRDRVYNEQFF	1
CASSLRQGGKLFF	1
CASSLRGGSSSYEQYF	1
CASSLHGTHYGYTF	1
CASSLQGATDYGYTF	1
CASSLVGSVGGNTIYF	1
CASSLVTVGHGYTF	1
CASSLVSRGNSPLHF	1
CASSLVAGRASGELFF	1
CASSLVRANYGYTF	1
CASSLASGVDQPQHF	1
CASSLAEASGYTF	1
CASSLGQTNEKLFF	1
CASSLGIGTKNTEAFF	1
CASSLGSGSIYEQFF	1
CASSLGFSYNSPLHF	1
CASSLGGTETQPQHF	1
CASSLGRFSNQPQHF	1
CASSLGRGALAHNEQFF	1
CASSLGGPAYGYTF	1
CASSLGGDYGYTF	1
CASSLDRVPLHF	1
CASSLDGTSLNEQFF	1
CASSLDTGSGNTIYF	1
CASSLDRANTEAFF	1
CASSLDRGIAKNIQYF	1
CASSLESGKYGYTF	1
CASSLELGQPMNEKLFF	1
CASSLEGSGTLPYEQYF	1
CASSLEGQRSYTF	1
CASSLERGSPWYF	1
CASSLESGLEKLFF	1
CASSLEAGLQPQHF	1
CASSLETGNTEAFF	1
CASSLSKNTEAFF	1
CASSLSGPEAFF	1
CASSLRSGDGYTF	1
CASSLNPGQGINEQFF	1
CASSLGTLVRNLYNEQFF	1
CASSLIGSGNTEAFF	1
CASSLTGGFNQPQHF	1
CASSSVRNSYNEQFF	1
CASSSGTGGKDYGYTF	1
CASSSRGGPNQPQHF	1
CASSSVLPYEQYF	1
CASSSTWAGGYGYTF	1
CASSSVVGQRNSPLHF	1
CASSSGLGGNEQFF	1
CASSSGQGVGNTIYF	1
CASSSRPGQGQPQHF	1
CASSSVPGQGITEAFF	1
CASSSAPNTEAFF	1
CASSWTGGGYTF	1
CASSWTGLGPQHF	1
CASSLLGRTNYGYTF	1
CASSLNPPGPRLQGSPLHF	1
CASSLSWEAVGDTQYF	1
CASSLRGEAGNTIYF	1
CASSLYRVSNYGYTF	1
CASSLGNEKLFF	1
CASSLDRGRTLSGNTIYF	1
CASSPPDLNEKLFF	1
CASSPGQGASNYGYTF	1
CASSPITGGNEQYF	1
CASSPLAQENGYTF	1
CASSPRTGNSPLHF	1
CASSPTGTGGYGYTF	1
CASSPKGGQGLREYYGYTF	1
CASSPLQGSPLHF	1
CASSPWDRGRHTEAFF	1
CASSPGDRAGTEAFF	1
CASSPDAGDYGYTF	1
CASSPSQGATEAFF	1
CASSPDRGPQRPQHF	1
CASSPRRESVAFF	1
CASSRTGPRGGYTF	1
CASSRSRPGGSEAFF	1
CASSRQNTEAFF	1
CASSRDRILVYGYTF	1
CASSHVGGGSTDTQYF	1
CASSHMGRGHEQYF	1
CASSHWGGNYGYTF	1
CASSHPNEKLFF	1
CASSHQLAGVPQNEQFF	1
CASSHTKGQAANTGELFF	1
CASSQVLTGGLFF	1
CASSQGRSNQPQHF	1
CASSQGLRAVNTEAFF	1
CASSQFVASGRASSYEQYF	1
CASSQPRDPIKEQYF	1
CASSQPKLDRVLGYTF	1
CASSQPGQGVYGYTF	1
CASSQHRENYGYTF	1
CASSQQGLNTEAFF	1
CASSQQGAEMDTEAFF	1
CASSQQQGLGAFF	1
CASSQQGAANYGYTF	1
CASSQVTARANGYTF	1
CASSQVGGDQPQHF	1
CASSQVEASNQPQHF	1
CASSQVTGNGYTF	1
CASSQVSPRAGGQPQHF	1
CASSQGLPLITDTQYF	1
CASSQGPGQGTYNEQFF	1
CASSQGSDQPQHF	1
CASSQGAGSLRNTIYF	1
CASSQGGREAFF	1
CASSQDLYNPGNTIYF	1
CASSQDSVVGNEKLFF	1
CASSQDYRNTNYGYTF	1
CASSQDLLTDEKLFF	1
CASSQDRLRQRGNQPQHF	1
CASSQDRRTYGYTF	1
CASSQDRDLFNEGAFF	1
CASSQDVWGYLDTEAFF	1
CASSQDMGHFYNSPLHF	1
CASSQDTRGSPLHF	1
CASSQDRTFGNTIYF	1
CASSQDKRFNQPQHF	1
CASSQDDRNYGYTF	1
CASSQDRTDNYGYTF	1
CASSQELGQGNSPLHF	1
CASSQEGPGTSGYNEQFF	1
CASSQEGSGSGTDTQYF	1
CASSQETGRGYGYTF	1
CASSQEYGTPDEQYF	1
CASSQEIGLNEKLFF	1
CASSQTQISDYGYTF	1
CASSQSLSGRNEQFF	1
CASSQRDGGQLNEKLFF	1
CASSVDRSFRNTIYF	1
CASSVAGTHMNTEAFF	1
CASSAGTGFNYGYTF	1
CASSIGLQMNTEAFF	1
CASSIAVPGGTEAFF	1
CASSITDGGFYGYTF	1
CASSTGQTNTEAFF	1
CASSTNRGPRDFYGYTF	1
CASSNFRGEGTGELFF	1
CASSNLNNEQFF	1
CASSKDRANSPLHF	1
CASRDTDTQYF	1
CASRPGQAEQPQHF	1
CASRRGFPANYGYTF	1
CASRQPTGRGRRGYTF	1
CASREDRGGNGYTF	1
CASRSDSLYGYTF	1
CASRRLAGKNEQFF	1
CASRKALNTEAFF	1
CASKRAREEHEQFF	1
CSPSGKSSYEQYF	1
CSVGEGTEAFF	1
CSAPSLDQPQHF	1
CSAPTGSNQPQHF	1
CSAPRGGETEAFF	1
CSARTPNEQFF	1
CSAQQGLREKLFF	1
CSAGGGGYGYTF	1
CSADGTASSYGYTF	1
CSAEGENTEAFF	1
CSAINRHSHNSPLHF	1
CSAMTSGRNEQFF	1
CSAIRPPWGAGGYTF	1
CSATIVAQYF	1
CSASSSGRGPETQYF	1
CSASVVVVNGYTF	1
CSASAGGLYSNQPQHF	1
CSASAQGVGSPLHF	1
CSASSTGLARTDTQYF	1
CSASRRTGDSPLHF	1
CSASVIVKRPDTQYF	1
CSARGTGNTEAFF	1
CSARGTGSYEQYF	1
CSARGTGLRSSYNEQFF	1
CSARDRGLTEAFF	1
CSARDRTNYGYTF	1
CSAREQGASPLHF	1
CSARSPRTGGNSPLHF	1
CSARPSRDIFGYTF	1
CSARVLVRDLNTEAFF	1
CSARVAGAGTEAFF	1
CSARAGDRGAPWGYTF	1
CSARASSSNSYEQYF	1
CSARASGPFYEQYF	1
CSARAPQRGTEAFF	1
CSARGSQGTSPLHF	1
CSARGAEYQPQHF	1
CSARGNTYNSPLHF	1
CSARDSVGRQLYGYTF	1
CSARDRRAGDTEAFF	1
CSARDRDRVTEAFF	1
CSARDGQRAPWDTQYF	1
CSARDPGGGGPPSTDTQYF	1
CSARETEEKLFF	1
CSARITGANTEAFF	1
CSARISNTGELFF	1
CSARRAVGNQPQHF	1
CSARNRRQGGNTIYF	1
CSANVGVGTEAFF	1
CSANSGLESGNTIYF	1
CSANGGYTF	1
CSAKISRGDSSPLHF	1
CSAKNRGQRDTQYF	1
CSAKGSSGQPQHF	1
CSALLGTSNYQPQHF	1
CSAPTREKGYNEQFF	1
CSARRANNQPQHF	1
CSARAEAFF	1
CSARDRRNTEAFF	1
CSAGRRNNYGYTF	1
CSAILGLEQFF	1
CSAIDGQYTEAFF	1
CSATGTSGRYEQYF	1
CSARTRDNEKLFF	1
CSARNRDRGTREQYF	1
CSAFDSTTEAFF	1
CSAPQSLNTEAFF	1
CSAGYQNTEAFF	1
CSAEAGASGYTF	1
CSANPSGLYNEQFF	1
CSGVYAIEANTEAFF	1
CSGIRGFDGYTF	1
CSGLGTDNSPLHF	1
CSGKTGPSGKLFF	1
CSVPGLKNYGYTF	1
CSVRTRGQGPPFYGYTF	1
CSVVKDWGYTF	1
CSVAGHPAGGAFF	1
CSVGAQLNTEAFF	1
CSVGSASTEAFF	1
CSVGTVSNQPQHF	1
CSVGPAAFEQYF	1
CSVGPNYGYTF	1
CSVGQGYNSPLHF	1
CSVGGDSNSPLHF	1
CSVGNTEAFF	1
CSVDFGDGYTF	1
CSVDLHRQGGLGEAFF	1
CSVDQGGEKLFF	1
CSVEGQFGEPQHF	1
CSVEEGMNTEAFF	1
CSVETGPHPYEQYF	1
CSVEVPPRDAYGYTF	1
CSVEVSPNIQYF	1
CSVEDPRGANYGYTF	1
CSVEDPGRGRSTNEKLFF	1
CSVEETQGHTSTDTQYF	1
CSVETPGTGDEKLFF	1
CSVETDSYGYTF	1
CSVIGRVDYGYTF	1
CSVTRGSGNTIYF	1
CSVNTQGAGYTF	1
CSVKGGARVEQFF	1
CSVHTTDSYGYTF	1
CSVVSGNTIYF	1
CSAQALNGNTQYF	1
CSAAAGRGFGPQHF	1
CSAGSGDGSGNTIYF	1
CSAENGGYGYTF	1
CSAGANYGYTF	1
CSADRDGYTF	1
CSAKLGQGATEAFF	1
CSGSGSYNEQFF	1
CSTWTGTGVLGYTF	1
CRERGLGQPQHF	1
CASSPAYNEQFF	5
CASSQEGQTYGYTF	5
CATSDPSAGTYNEQFF	4
CASLWGTSGSYEQYF	4
CASSLAGPANEQFF	4
CASSEWLGLGQPQHF	4
CASSEAGGGSSYNEQFF	4
CASSQGSSDTQYF	4
CASSVQGANTEAFF	4
CASSAINNEQFF	4
CASSEGGLAGDEQFF	4
CASSQGTTFRQTQYF	4
CASSQDRGQGADTQYF	4
CPQQFDSEANTGELFF	3
CAISTAVDYNEQFF	3
CATSGVRTPRTDTQYF	3
CATSARDPVTDTQYF	3
CATSTQTSGFLETQYF	3
CATSRDQDRAVYEQYF	3
CASSLSGRYEQYF	3
CASTSQAGAGEQFF	3
CASSLGGELFF	3
CASSLGVGANVLTF	3
CASSLDSYEQYF	3
CASSYLLAGGSDTQYF	3
CASSLAGYNEQFF	3
CASSPGSNQPQHF	3
CASSPRAIGDSTDTQYF	3
CASSPGTSGDNEQFF	3
CASSPFTVDYGYTF	3
CASSRLPQNTGELFF	3
CASSDRETDTQYF	3
CASSDRDSNEQFF	3
CASSDTEHTDTQYF	3
CASSETSGRMARTDTQYF	3
CASSELAGGYNEQFF	3
CASSLLGELFF	3
CASSLVAWGPGNEQFF	3
CASSLVSGWVNEQFF	3
CASSLRPTDTQYF	3
CASSSPGEKLFF	3
CASSSSRLAGTYNEQFF	3
CASSSSRNRVAEAFF	3
CASSWGPSTTDTQYF	3
CASSWDVSSYNEQFF	3
CASSYSYEQYF	3
CASSLIGPNQETQYF	3
CASSQGTGELFF	3
CASSQGLAGQETQYF	3
CASSQPTGVNTEAFF	3
CASSQARGVETQYF	3
CASSVGLGEQYF	3
CASSEQGISYEQYF	3
CASSSSGRAWTDTQYF	3
CASSRDNTDTQYF	3
CASRPLIPGQGLGTGELFF	3
CASRTGTGTAYEQYF	3
CASRNPGSFRSRWSDTQYF	3
CASSQGEGSYNSPLHF	3
CASSFRVNTGELFF	3
CASSFPRTSDNEQFF	3
CASSLVGGGNQPQHF	3
CASSLAGFNTEAFF	3
CASSLGSMNTEAFF	3
CASSLQVLSDEQYF	3
CASSSGTGDLDTQYF	3
CASSSGTGGTEQYF	3
CSASLLVAALSTDTQYF	3
CSARGPGARNTEAFF	3
CSARGTSDNEQFF	3
CSARDFRDRVKLNTEAFF	3
CSARDPSLREQFF	3
CSARDREREVGEQFF	3
CSARDRYNEQFF	3
CSANPPEASYEQYF	3
CSGSGTNTGELFF	3
CSVVQGAYNEQFF	3
CSVDPGNQETQYF	3
CSVEGDTQYF	3
CASAPVGAQETQYF	2
CAWSALPRTGTREQFF	2
CAISFNRDTEAFF	2
CAISDTGTDNRQYF	2
CAISEPISGQGSYEQYF	2
CAIRAGDAVEVPGALPGGTF	2
CATYRETGELFF	2
CATSPGPNTEAFF	2
CATSVGDTQYF	2
CATSVAAGNEQFF	2
CATSDIGYSYEQFF	2
CATSDPTSSTDTQYF	2
CATSDMAGGNNEQFF	2
CATSETLAGVSDTQYF	2
CATSSASPGDTQYF	2
CATSRGSGELFF	2
CATSRGVEINSNQPQHF	2
CATSRDPGSYGYTF	2
CATSRDGVYGYTF	2
CATSRERENSPLHF	2
CATSKGQGIEYGYTF	2
CATRWGTYNEQFF	2
CASLPIHLQLGGYTF	2
CASSPWTGADGYTF	2
CASSPGQGNQPQHF	2
CASSPPNASPPNTEAFF	2
CASSPSERLAEAFF	2
CASYTGARNTIYF	2
CASRDRGQGYTF	2
CASGPDREVATNEKLFF	2
CASGRGNTEAFF	2
CASGWEETQYF	2
CASGYGGNEQFF	2
CASGTSAHEQYF	2
CASERGKGGYEQYF	2
CASTRDRRNTEAFF	2
CASTIRNGQRDQPQHF	2
CASSFLEKLGDEQFF	2
CASSFEGYNEQFF	2
CASSFTGADNSPLHF	2
CASSFRQGNSPLHF	2
CASSFLTGGDSPLHF	2
CASSFHPTGYYEQYF	2
CASSFNQATLAYEQYF	2
CASSLGDRPHEQYF	2
CASSLLWGRGTEAFF	2
CASSLSPGHQPQHF	2
CASSLWELPLYGYTF	2
CASSLYGETQYF	2
CASSLYYYNEQFF	2
CASSLYQGANSPLHF	2
CASSLALLAGGYNEQFF	2
CASSLGLAGSSTDTQYF	2
CASSLGQPQHF	2
CASSLGARVNQPQHF	2
CASSLGGSYEQYF	2
CASSLGGSGSEQETQYF	2
CASSLRPTGVLLHF	2
CASSLRSGRAYEQYF	2
CASSLKGTHYGYTF	2
CASSSSRVGETQYF	2
CASSSSLVSTPGMQFF	2
CASSSAYEQYF	2
CASSSGQLNTEAFF	2
CASSSEYYGYTF	2
CASSWGASIQPQHF	2
CASSWDSSYEQYF	2
CASSWTGSSYEQYF	2
CASSYFGLAGVTYEQYF	2
CASSYSPAANYGYTF	2
CASSYSHDLTGTNYGYTF	2
CASSYSAGQVYNEQFF	2
CASSYSKAVNEQFF	2
CASSYPTGKTGSYEQYF	2
CASSYVMNTEAFF	2
CASSYGSGTTQETQYF	2
CASSYGSYQPQHF	2
CASSLGTSGAYEQYF	2
CASSLGTENEKLFF	2
CASSLQETQYF	2
CASSLGLAGEGEQYF	2
CASSPPGLGAEKLFF	2
CASSPVSGELFF	2
CASSPGTGEFEQYF	2
CASSPTNRARTEAFF	2
CASSPLSILEAFF	2
CASSRLTSGSPGELFF	2
CASSRRNEKLFF	2
CASSRLSDRPYEQYF	2
CASSQGRVKNTEAFF	2
CASSQLQGSGGYTF	2
CASSQETQYF	2
CASSQTRTHSALFF	2
CASSAQGPPAEQYF	2
CASSGGWGNGTDTQYF	2
CASSGVNNSPLHF	2
CASSGQGGGEKLFF	2
CASSDSTGNYGYTF	2
CASSESSGRTDTQYF	2
CASSESASGRWFF	2
CASSESPLAGTNEQFF	2
CASSESASGAYNEQFF	2
CASSEAADTQYF	2
CASSEAQYSPLHF	2
CASSEGLAGNNEQFF	2
CASSTPGQYEKLFF	2
CASSRNPGQGRNEQFF	2
CASSFFQSMNTGELFF	2
CASSFGGDYGYTF	2
CASSFGKQPQHF	2
CASSFTGGGNEQFF	2
CASSFKVGRTYNEQFF	2
CASSLAAHSNQPQHF	2
CASSLGWDPGELFF	2
CASSLGLNTGELFF	2
CASSLDPPGTSTDTQYF	2
CASSLDRVDNQPQHF	2
CASSLITGTGNTIYF	2
CASSLTGGITEAFF	2
CASSLTGDSNQPQHF	2
CASSLSANEQFF	2
CASSLSHTGGVYNEQFF	2
CASSLSTGRGNEQFF	2
CASSLYGLAANNEQFF	2
CASSLLAGVGDTQYF	2
CASSLLAGASEQYF	2
CASSLVQGSNSPLHF	2
CASSLVWNSPLHF	2
CASSLVGTPWEQYF	2
CASSLVLAGVNEQFF	2
CASSLAELGRTNTGELFF	2
CASSLALNEKLFF	2
CASSLGRGGHNSPLHF	2
CASSLGGFPSSYNSPLHF	2
CASSLDSGQVYGYTF	2
CASSLDQGKYYEQYF	2
CASSLDVGVSPLHF	2
CASSLDRTTEAFF	2
CASSLELVRPYGYTF	2
CASSLTGARTNEKLFF	2
CASSLSSGRDTQYF	2
CASSLSGRAADTQYF	2
CASSLKADNEQFF	2
CASSSRTGGPKDTQYF	2
CASSSGQGEQYF	2
CASSSWQSGYTDTQYF	2
CASSSRTGITDTQYF	2
CASSSGSERANTGELFF	2
CASSSELDRLASGELFF	2
CASSSTSGNYGYTF	2
CASSSTGAGDQPQHF	2
CASSSRAGTGSSGNTIYF	2
CASSSKGTSGKNEQFF	2
CASSSRPGAYGYTF	2
CASSSGSLAGLSSYNEQFF	2
CASSSTLNTEAFF	2
CASSWGPQAFF	2
CASSWNNGPNQYEQYF	2
CASSYRTNSYNEQFF	2
CASSYRVSPLHF	2
CASSLGGNEAFF	2
CASSLRVSYEQYF	2
CASSLTASPYNEQFF	2
CASSLPGQGSYEQYF	2
CASSLRDKSYEQYF	2
CASSPRDSYNEQFF	2
CASSPERGTASSYNEQFF	2
CASSPLGQGRYEQYF	2
CASSPWGRRSYNEQFF	2
CASSPWIGRDKNEQFF	2
CASSPLTGSPSYEQYF	2
CASSPRADSVAGELFF	2
CASSPRSRLNTEAFF	2
CASSPRVAGVPAYEQYF	2
CASSPQRGQGYTEAFF	2
CASSPGTSGNQETQYF	2
CASSPGTRVVYKQFF	2
CASSPGLAGYEQYF	2
CASSPIPGRETQYF	2
CASSPTAQETQYF	2
CASSPNVGSNTDTQYF	2
CASSPSAAGSYEQYF	2
CASSPRTSGIIPLFF	2
CASSPGEGVQETQYF	2
CASSPGDERSSYNEQFF	2
CASSPGQGANEQFF	2
CASSPDSYEQYF	2
CASSPERTGGIEPQHF	2
CASSRPAQAMGGYTF	2
CASSRPGLAGGPLDEQFF	2
CASSRRRSGAQYF	2
CASSRNVAGGQETQYF	2
CASSRLTGSSYEQYF	2
CASSRVGLAGNEQFF	2
CASSHGGQGLTDTQYF	2
CASSQHPLRVTTANYGYTF	2
CASSQGQGFGEAFF	2
CASSQLAGGETQYF	2
CASSQSRDGYYGYTF	2
CASSQYGQTVDGYTF	2
CASSQQNTGELFF	2
CASSQVRHEQFF	2
CASSQVQSANYGYTF	2
CASSQGIWPGQGRNTIYF	2
CASSQGRPASPLHF	2
CASSQGLAGTYEQYF	2
CASSQGRWGEPQHF	2
CASSQDRAGGLGELFF	2
CASSQDRYSGSQYEQYF	2
CASSQDRGGAYEQYF	2
CASSQEGQEAFF	2
CASSVAIWDRGKGYTF	2
CASSVGQRQADGYTF	2
CASSVRVPETQYF	2
CASSADRRYEQYF	2
CASSGQGYKGNTIYF	2
CASSESGTSGRETQYF	2
CASSEIRGSDYGYTF	2
CASSTPGQSSYEQYF	2
CASSTGTSQETQYF	2
CASSRQGEAKNIQYF	2
CASSNLGRDRNEKLFF	2
CASSKAAGNYGYTF	2
CASRPRFMGDTQYF	2
CASRPGQGATEAFF	2
CASRHGTENSPLHF	2
CASRHRGQGNYEQYF	2
CASRQGGQHTGELFF	2
CASRGVVREGGNEQFF	2
CASRTVVGLYNEQFF	2
CASRTSLPGNTIYF	2
CASRPRDRSMNTEAFF	2
CASRETSGPYNEQFF	2
CASNLQGSDYEQYF	2
CASKSGVSYEQYF	2
CASKHPGTSGRATTGELFF	2
CASKGEDYGYTF	2
CAAHRWQPNTGELFF	2
CASSNRGGSNQPQHF	2
CASGADSSYNEQFF	2
CASSSTSGRWSEQFF	2
CASSFTDLYYGYTF	2
CASSFGGNTEAFF	2
CASSLWASGSNEQFF	2
CASSLQGNYGYTF	2
CASSLVPGLNTEAFF	2
CASSLAPEEFF	2
CASSLARGEKLFF	2
CASSLAGYSIQYF	2
CASSLGQTGRSGNTIYF	2
CASSLGQGSEAFF	2
CASSLDRGFKEKLFF	2
CASSLMAGAVTNEKLFF	2
CASSLTAIEQFF	2
CASSLTGREYGYTF	2
CASSLTGYNEQFF	2
CASSLTGEIGYTF	2
CASSLKWTDQPQHF	2
CASSSLSYEQYF	2
CASSSRLLSSYNEQFF	2
CASSSNRELPNTEAFF	2
CASSSDSYEQYF	2
CASSSTAPRDTQYF	2
CASSWQGYNEQFF	2
CASSWDPAYEQYF	2
CASSLLRGTANYGYTF	2
CASSLTVASPKNEQFF	2
CASSLSGRGEGTEAFF	2
CASSLSGREQYF	2
CASSLDGYNEQFF	2
CASSLRTGMNTEAFF	2
CASSLQGNSPLHF	2
CASSPQTSGSTDTQYF	2
CASSPDRGHNEQYF	2
CASSPGTENPGNTIYF	2
CASSPLDPRASGSLANEQFF	2
CASSRGPTGAQPQHF	2
CASSRGYTDTQYF	2
CASSHRGSVEGQFF	2
CASSQVLGEGETQYF	2
CASSQVAGPNEQFF	2
CASSQVGRDRELFF	2
CASSQAYFGLAGPGYEQFF	2
CASSQGGGTNQPQHF	2
CASSQGAASGRYEQYF	2
CASSQGRGKYNEQFF	2
CASSQDFPLNYGYTF	2
CASSQDWDLSSYNEQFF	2
CASSQDWDSKWQPQHF	2
CASSQDRYRDSPLHF	2
CASSQDGSGRNNEKLFF	2
CASSQDTAGKAYEQYF	2
CASSQDLRRGGYTF	2
CASSQDGKEVETQYF	2
CASSQERSTSNEKLFF	2
CASSQEHSGQPQHF	2
CASSAEGFGGTEAFF	2
CASSDARGVAYGYTF	2
CASSMQTGFPSYEQYF	2
CASSTVGAETYNEQFF	2
CASRNTGEGNQPQHF	2
CASRFDTGELFF	2
CASRAGAPADTQYF	2
CASNSGTTNTGELFF	2
CASKGLAASYEQYF	2
CASKGRLEEDEQYF	2
CSAGRDYAYNEQFF	2
CSATRDRDTKNIQYF	2
CSATQEGLVTEAFF	2
CSATDVASGTYEQYF	2
CSASFQGWVYDQPQHF	2
CSASGGRKGIDEQYF	2
CSARATGPFNSPLHF	2
CSARDRDLNTEAFF	2
CSARIGGNAGELFF	2
CSARSRLTLIHEQFF	2
CSARPGGSEQFF	2
CSARVPSGNTIYF	2
CSARVPRTSGRNEQFF	2
CSARVAYSNQPQHF	2
CSARAAAGDQPQHF	2
CSARGSGNQPQHF	2
CSARGPGNTIYF	2
CSARGGSGQDRLKNIQYF	2
CSARDGFSPLHF	2
CSARERPALAGGSYNEQFF	2
CSAREQGRDGYTF	2
CSAREGGSDYGYTF	2
CSARETRDYEQFF	2
CSARKGAGSPLHF	2
CSANDRGGSMVTEAFF	2
CSAKLTWPRNQPQHF	2
CSAPGPTEAFF	2
CSAQITF	2
CSAMTGTNYEQYF	2
CSAIKPSGRALEQYF	2
CSATGTSGSIAKNIQYF	2
CSATPAGLSYEQYF	2
CSAIWGPGGYTF	2
CSGTDRALSNQPQHF	2
CSFPRGGEQYF	2
CSVVAGKTGELFF	2
CSVAPSSIWEGTPNTEAFF	2
CSVADTRNTGELFF	2
CSVGRPVAEAFF	2
CSVDLGQGAVKLFF	2
CSVDVAGGSNEQFF	2
CSVDGARAGELFF	2
CSVEGPSDTQYF	2
CSVEKQGYEQYF	2
CSVEERVYYGYTF	2
CSVRVRRDSYNEQFF	2
CSVADRDNYGYTF	2
CSVSGPGQGLASWETQYF	2
CSGVLQETQYF	2
FSIGAEQFF	1
CAGRENSNQPQHF	1
CASAPGRNYGYTF	1
CASSFADPGQFNQPQHF	1
CASSLTVYYEQYF	1
CASSPGTSWERDEQFF	1
CASAGQPNEKLFF	1
CASKGRGGDGYTF	1
CASRDSQETQYF	1
CAWSLREQFF	1
CAWRDSYSYGYTF	1
CALGGKNEKLFF	1
CAVSGQAVRDTEAFF	1
CAGRTGVGGGNTEAFF	1
CAGRSGTSTDTQYF	1
CAIPPGFF	1
CAIRGGGGYTF	1
CAIQREHNGYTF	1
CAIAERAGNTIYF	1
CAISVGIITEAFF	1
CAISAGQGGTQPQHF	1
CAISDSDRGLGNSPLHF	1
CAISELGVNYEKLFF	1
CAISESMQGGSNQPQHF	1
CAISESTYNEQFF	1
CAISEWGGNTEAFF	1
CAISEPDSVLYGYTF	1
CAISEDRAYEQYF	1
CAISETLPHGENTEAFF	1
CAISESGGAETEAFF	1
CAISESGVSEAFF	1
CAISEGDGYTF	1
CAIRGQEKPYGYTF	1
CAIRENTEAFF	1
CAIMLVYGYTF	1
CATGGEAFF	1
CATFQGTGDTEAFF	1
CATSVGNQPQHF	1
CATSWGQGAHLGGYTF	1
CATSPGGRTEAFF	1
CATQEGNTEAFF	1
CATARGSGGPTDTQYF	1
CATGGGSGYGYTF	1
CATTTGQGDYGYTF	1
CATTKGSSDQPQHF	1
CATSVKTAGRESSYTF	1
CATSDWAVGQPQHF	1
CATSDPHTVGYYGYTF	1
CATSDPTSGINNEQFF	1
CATSDVDSSFYGYTF	1
CATSDAAGGAGSPLHF	1
CATSDADRGVYGYTF	1
CATSDGDRGGTEAFF	1
CATSDPGQYGYTF	1
CATSDPRQGNQPQHF	1
CATSDATRGNGGYTF	1
CATSDEARYYGYTF	1
CATSDTGQPNTEAFF	1
CATSPRRTGVDTEAFF	1
CATSPDRAYGYTF	1
CATSRRTGRGVSEAFF	1
CATSSDDGWGANEKLFF	1
CATSSPGQGTYEQYF	1
CATSSRDREQPQHF	1
CATSRSGTSYGYTF	1
CATSREGYPEAFF	1
CATSRMVTGDHGYTF	1
CATSRSTMWGSMNTEAFF	1
CATSRVGGRETEAFF	1
CATSRVTANEQFF	1
CATSRADRVRAFF	1
CATSRGEASGNTIYF	1
CATSRGQLYPSGTEAFF	1
CATSRGTGGITEAFF	1
CATSRDGQGPYGYTF	1
CATSRDGANTEAFF	1
CATSRDNQPQHF	1
CATSRDKDRRLIGYTF	1
CATSRDKFPGQGANTDTQYF	1
CATRGDYGYTF	1
CATRKISGNTIYF	1
CATRPSSLPYNEQFF	1
CATGRGNEQFF	1
CATKTGSSGNTIYF	1
CATTRLTGDTQYF	1
CASLGYGRNYNEQFF	1
CASRTFPYGYTF	1
CASRLASYEQYF	1
CASDSTTIEAFF	1
CASTPRDSNQPQHF	1
CASTQHRRVVAEAFF	1
CASSPRTYGYTF	1
CASSATWRNSPLHF	1
CASSESLAGTEQFF	1
CASSIRDSGNTIYF	1
CASSTAPGARGQPQHF	1
CASSTPGQAYEQYF	1
CASSSRGSQPQHF	1
CASRPLAGSSYEQYF	1
CASRGDNEKLFF	1
CASNLRDTNQPQHF	1
CASNSGQASLPNTEAFF	1
CASFSHGGNEQFF	1
CASFGGSTEAFF	1
CASLPRGDQTPNTEAFF	1
CASSPPGDPVGYTF	1
CASSRTGADTEAFF	1
CASSRQSIDYGYTF	1
CASSPGGYEQFF	1
CASSGTDNTEAFF	1
CASSSVRTANSPLHF	1
CASSLNVGDEQFF	1
CASSLQGKETQYF	1
CASSLGSVIGNQPQHF	1
CASSPSNFRPQHF	1
CASSPPAGRELFF	1
CASSPDRTTEAFF	1
CASSPMGREDTEAFF	1
CASSPVGDGDTEAFF	1
CASSPVAGLNTEAFF	1
CASSPNIGTRASSSYEQYF	1
CASSPPSGRMSTGELFF	1
CASSPQGSNQPQHF	1
CASSPDRGLWQPQHF	1
CASSPKGVGEKLFF	1
CASSPLPGQGVGRNQPQHF	1
CASSPSGTGSYTGELFF	1
CASSPSGTRNEKLFF	1
CASSPSGSPTEAFF	1
CASSPYNTGGSMSNQPQHF	1
CASSPLGTGNQPQHF	1
CASSPLLAGGPSTDTQYF	1
CASSPRGVNTEAFF	1
CASSPQEISNYGYTF	1
CASSPGLAGVHEQYF	1
CASSPTGINSPLHF	1
CASSPSQGGVTQYF	1
CASSPRVPTNEKLFF	1
CASSPNTGGLNEKLFF	1
CASSRDINQPQHF	1
CASSHTIEAYTEAFF	1
CASSQGWGNQPQHF	1
CASSVQGAVAGSTEAFF	1
CASSAGQGAYGYTF	1
CASSTSGAGNTIYF	1
CASWDWLEAPLTAGYTF	1
CASYRRDIYNEQFF	1
CASLTAFSLTKNIQYF	1
CASLGRYVYTF	1
CASPPAGYWMAFF	1
CASRVGRDQPQHF	1
CASRAGAASNYGYTF	1
CASRDSAYGYTF	1
CASRTAMNTEAFF	1
CASRTGGGYGYTF	1
CASHLGRNTEAFF	1
CASHNRGSSNQPQHF	1
CASQKQGARSTEAFF	1
CASQFTGSGKNIQYF	1
CASQKDRANLYEAFF	1
CASVRQGSTEAFF	1
CASVQEANTEAFF	1
CASVMPRTGFNSPLHF	1
CASVPNWNTEAFF	1
CASASGQGFGNQLQHF	1
CASARGDNSGNTIYF	1
CASAGTGGIQPQHF	1
CASAWESSGNYEQYF	1
CASGYTRETRNGNEQFF	1
CASGNNRGNYGYTF	1
CASGYGPLDKPQHF	1
CASGLYSDTEAFF	1
CASGPNVFEQYF	1
CASGRTTSYEQYF	1
CASGVRESINYGYTF	1
CASGSSAAGLNTEAFF	1
CASGQPQHF	1
CASGGETNEKLFF	1
CASGTGSYGYTF	1
CASGLAGVNEQFF	1
CASGQGSLQPQHF	1
CASGGFLNTEAFF	1
CASGELADSYNEQFF	1
CASDVTWTESSYNSPLHF	1
CASDRGGSNTEAFF	1
CASIFEGGRNEQFF	1
CASILEGYTEAFF	1
CASIRSSNQPQHF	1
CASIGPSSGGKLFF	1
CASIGADRANSPLHF	1
CASIPQGPNQPQHF	1
CASIASGRADTQYF	1
CASIDSPGPSNQPQHF	1
CASIIRAPTDTQYF	1
CASMKGSALHF	1
CASTLGGQGVIGYTF	1
CASTWDRVYPEGTQYF	1
CASTLDSGNTIYF	1
CASTPFGGANTEAFF	1
CASTPAGGYGYTF	1
CASTEVPGRPGVDEQFF	1
CASTRDTSTGELFF	1
CASTFRQGSNQPQHF	1
CASTLVITTEAFF	1
CASTSWGSYRLFF	1
CASTYSGNEQFF	1
CASTYDYKNNEQFF	1
CASTLGQANYGYTF	1
CASTLTGADAFF	1
CASTPAGLNYGYTF	1
CASTPPGLNSYEQYF	1
CASTQGEPEAFF	1
CASTVGGTEAFF	1
CASTAERQQYF	1
CASTDRRGYQETQYF	1
CASTISNRGEKLFF	1
CASTIRDYGFSYNEQFF	1
CASTNRDQPQHF	1
CASTLWGGVQPQHF	1
CASTLGTEAFF	1
CASTVKQTGLSGNTIYF	1
CASTSSQTQYF	1
CASTRTQGIEKLFF	1
CASTKFSQETQYF	1
CASTAYPRNYGYTF	1
CASSFFLGRRLPGYGYTF	1
CASSFFRGYTEAFF	1
CASSFSGTGYFNQPQHF	1
CASSFSGTENTEAFF	1
CASSFSEGDGYTF	1
CASSFLRANQPQHF	1
CASSFLWDPRGTGELFF	1
CASSFRVGEPQHF	1
CASSFVPSTDTQYF	1
CASSFVDRGGNEQFF	1
CASSFVRDKLYEQYF	1
CASSFGGNQPQHF	1
CASSFGRAGNQPQHF	1
CASSFGRELYGYTF	1
CASSFGFGNGYTF	1
CASSFGGVTNEKLFF	1
CASSFELAPIGNEQFF	1
CASSFIVGQGNYGYTF	1
CASSFSGSSTDTQYF	1
CASSFRGPAETQYF	1
CASSFRAYYGYTF	1
CASSFSRTTNEKLFF	1
CASSFSGRTNTEAFF	1
CASSFPDRVNTEAFF	1
CASSFRSWGYTF	1
CASSFRTPYAGNTIYF	1
CASSFGTGLNYGYTF	1
CASSFGGADEKLFF	1
CASSFGQGSQPQHF	1
CASSFGQGGEKLFF	1
CASSFGQGITEAFF	1
CASSFDVSNQPQHF	1
CASSFIRGDQPQHF	1
CASSFSIGTEAFF	1
CASSFRGNTIYF	1
CASSFREGADSYEQYF	1
CASSLSGTYNEQFF	1
CASSLYRSGGYTF	1
CASSLLNNEKLFF	1
CASSLQGLGGYTF	1
CASSLGLEAFF	1
CASSLGPQDYGYTF	1
CASSLGQPVYNEQFF	1
CASSLGLAGKNIQYF	1
CASSLDTRNGNTIYF	1
CASSLEAPNTEAFF	1
CASSLEGGQGLWGSNQPQHF	1
CASSLILNTEAFF	1
CASSLTVNTEAFF	1
CASSLRTGTYSNQPQHF	1
CASSLFASSYNEQFF	1
CASSLFRGTNYGYTF	1
CASSLFVPTSNEKLFF	1
CASSLLAGREAFF	1
CASSLLTLKTGVDTEAFF	1
CASSLSVRNTEAFF	1
CASSLSFGGNTEAFF	1
CASSLSPSPFEAFF	1
CASSLSRGSGNTIYF	1
CASSLSHNKPQHF	1
CASSLSWQSEQYF	1
CASSLSETDRVWEGIGNTIYF	1
CASSLSSRDRLKGYGYTF	1
CASSLSGGAEAFF	1
CASSLWAGEKLFF	1
CASSLWGDYQETQYF	1
CASSLWMGNEKLFF	1
CASSLYTWGNTEAFF	1
CASSLYPLQGAPNQPQHF	1
CASSLLGNLAFF	1
CASSLLSGTQYF	1
CASSLLWGYYNSPLHF	1
CASSLLTGPYNSPLHF	1
CASSLLRTPRHF	1
CASSLPIGQGAPLGTF	1
CASSLRGTEIATNEKLFF	1
CASSLQSNTEAFF	1
CASSLQLYGYTF	1
CASSLVGAGNQPQHF	1
CASSLVGWGEDQPQHF	1
CASSLAGNYGYTF	1
CASSLAGALEGYTF	1
CASSLGPGTENTEAFF	1
CASSLGPGGDTEAFF	1
CASSLGPIATNYGYTF	1
CASSLGREAFF	1
CASSLGTSYEQYF	1
CASSLGSGANYGYTF	1
CASSLGVAYGYTF	1
CASSLGAGGQPQHF	1
CASSLGEGLNQPQHF	1
CASSLGTGPYEQYF	1
CASSLGYGRQSIWYF	1
CASSLEIGGGRETQYF	1
CASSLESETQYF	1
CASSLEGSREKLFF	1
CASSLMGTGHGYTF	1
CASSLMIGPGDTQYF	1
CASSLRGILEAFF	1
CASSLRDFSSEQFF	1
CASSLRHRGNSNQPQHF	1
CASSLRQTGYGYTF	1
CASSLKGYSYEQYF	1
CASSLKSPSPGELFF	1
CASSSFIGTLNTEAFF	1
CASSSFGDPGGYTF	1
CASSSPFTSSNEKLFF	1
CASSSPSVPSRQGVQNTEAFF	1
CASSSTYEQYF	1
CASSSSGAYGYTF	1
CASSSPSGRFSYEQYF	1
CASSSGDRVTSNTEAFF	1
CASSSGTSRPAFF	1
CASSSGTISYEQYF	1
CASSSGLVVPGEQFF	1
CASSSTDGNSPLHF	1
CASSSRVGGQPQHF	1
CASSSDFNTEAFF	1
CASSSDSRGYGYTF	1
CASSSEPGVQKLFF	1
CASSSTGWAEAFF	1
CASSSSPAARGYTF	1
CASSSSGFNGYGYTF	1
CASSSYGPGQGSYNEQFF	1
CASSSHKGSKNIQYF	1
CASSSAGAESYEQYF	1
CASSSGTSGSFAKNIQYF	1
CASSSTGGNQPQHF	1
CASSWVGGHPHF	1
CASSYFLRGDYGYTF	1
CASSYRQANYGYTF	1
CASSYRIRDRTQPQHF	1
CASSYNQPQHF	1
CASSYFHRGNQPQHF	1
CASSYSLAELQETQYF	1
CASSYSQTGMNTEAFF	1
CASSYSVRVNTEAFF	1
CASSYSGTRGQFF	1
CASSYSMVRPEAFF	1
CASSYSSFDQPQHF	1
CASSYSSMNTEAFF	1
CASSYSSRGESPLHF	1
CASSYSVRGPRSENTEAFF	1
CASSYWQNYGYTF	1
CASSYWETEAFF	1
CASSYLPWRATNEKLFF	1
CASSYLRDPPEAFF	1
CASSYLPRNRVAGYTF	1
CASSYLQGGYTF	1
CASSYLQVYEQYF	1
CASSYLAGSSYEQYF	1
CASSYPLGWDGTEAFF	1
CASSYRDRVMQPQHF	1
CASSYQDSSYEQYF	1
CASSYVPAHSKNEQYF	1
CASSYVQGYGYTF	1
CASSYAGVNTGELFF	1
CASSYAGGKPQHF	1
CASSYGSSPLHF	1
CASSYGPGELFF	1
CASSYGSAAFF	1
CASSYGRGRTEAFF	1
CASSYDQTGTGGQPQHF	1
CASSYDWVTEAFF	1
CASSYDTYYGYTF	1
CASSYDRGGNYGYTF	1
CASSYTGGENSPLHF	1
CASSYTTGGTNTEAFF	1
CASSYTKTGRDEAFF	1
CASSYRGMNTEAFF	1
CASSYRPNSPLHF	1
CASSYKGGNTEAFF	1
CASSYKGGYNSPLHF	1
CASSLEGDSPLHF	1
CASSLMRPNRDRVTDQETQYF	1
CASSLLPPGIRHEQYF	1
CASSLRDPGNTIYF	1
CASSLGPKTGFDYTF	1
CASSLGGEGQPQHF	1
CASSLRDRDNSPLHF	1
CASSLDTNTEAFF	1
CASSLDRGSQPQHF	1
CASSLAGGGTEAFF	1
CASSLGPNYEQYF	1
CASSLGTSGRVGNEQFF	1
CASSLGQAHQPQHF	1
CASSLNGPLTRHF	1
CASSPTPGPYGYTF	1
CASSPTGLGEGTEAFF	1
CASSPSQGPLNYGYTF	1
CASSPSRGLGNTIYF	1
CASSPSQGAFF	1
CASSPWDSMNTEAFF	1
CASSPLPGEQYF	1
CASSPPPTSGRYGSYNEQFF	1
CASSPPGTGGYEQYF	1
CASSPPGQRNEKLFF	1
CASSPPGQTEAFF	1
CASSPPTSLKNIQYF	1
CASSPPTAYGYTF	1
CASSPREGAEKLFF	1
CASSPRPDYMNTEAFF	1
CASSPQGGTGVYEQYF	1
CASSPGWVAPTNEQFF	1
CASSPGGTEAFF	1
CASSPEPHAILFF	1
CASSPTGGNYGYTF	1
CASSPRGEGYGYTF	1
CASSPRTLSSNQPQHF	1
CASSPNPYYGYTF	1
CASSPGLYYTF	1
CASSPGQGVYGYTF	1
CASSPPLRGNEKLFF	1
CASSPADREVYGYTF	1
CASSPGGSSYNSPLHF	1
CASSPGGRYSNQPQHF	1
CASSPGTHLDIQYF	1
CASSPNLGQEQFF	1
CASSRRSYGYTF	1
CASSRYPKTSGRWDIQYF	1
CASSRDRGMNEKLFF	1
CASSRPGTATEAFF	1
CASSRGTGGAEAFF	1
CASSREFGQPQHF	1
CASSRTVSYGYTF	1
CASSHTGTRGNSPLHF	1
CASSHLRQGENTIYF	1
CASSHGGTEAFF	1
CASSHTGASSYNEQFF	1
CASSQSGNEQFF	1
CASSQAGQLNQPQHF	1
CASSQIPLSTGDYGYTF	1
CASSQRGGSYEKLFF	1
CASSVYRGLSNQPQHF	1
CASSVSTYSPLHF	1
CASSVSGTGGGYTF	1
CASSVQTGYTF	1
CASSVGVEESDTQYF	1
CASSAGISSNQPQHF	1
CASSASGSTDTQYF	1
CASSALGLSEAFF	1
CASSALWLSGRNEQYF	1
CASSARAYNEQFF	1
CASSAVGSSYEQYF	1
CASSADARGNQPQHF	1
CASSAGGIGYGYTF	1
CASSAYSNQPQHF	1
CASSAGEFYTEAFF	1
CASSASRTENTEAFF	1
CASSGQWTGELFF	1
CASSGIGIFFYGYTF	1
CASSGPTGNTEAFF	1
CASSGARGETQYF	1
CASSGGTGRKRVYTF	1
CASSGTSGIISKWETQYF	1
CASSGLGNQPQHF	1
CASSGHGAAWGEQYF	1
CASSDGGGFNYGYTF	1
CASSDSFVGSNQPQHF	1
CASSDWGMAEAFF	1
CASSDRLMGPMNTEAFF	1
CASSDRGFGGYTF	1
CASSEFLNYEQYF	1
CASSESNLENIQYF	1
CASSEALKRRYNEQFF	1
CASSEDFRVSGNTIYF	1
CASSEDSYTEAFF	1
CASSEEAGPGTEAFF	1
CASSEFEGSGNTEAFF	1
CASSESPPKGFF	1
CASSELAGMANEQFF	1
CASSEQDNQPQHF	1
CASSEVSLNTEAFF	1
CASSEASRDQPQHF	1
CASSEALNASPLHF	1
CASSEAGGGELFF	1
CASSEAGGRGYTF	1
CASSEAVGSTIYF	1
CASSEARGRYGYTF	1
CASSEGFREYNEKLFF	1
CASSEGQAYEQYF	1
CASSEGGQNEKLFF	1
CASSEDSLGSTEAFF	1
CASSETSSGELFF	1
CASSETYSNQPQHF	1
CASSERTGGDNSPLHF	1
CASSIDSYQPQHF	1
CASSIMTGRLDQPQHF	1
CASSIGVDSPLHF	1
CASSMWPSGEKGTYEQYF	1
CASSIIKTYEQYF	1
CASSTSDRGNQPQHF	1
CASSTPSGSLNTIYF	1
CASSTSRLGLADPAYNEQFF	1
CASSTPTHSSYNSPLHF	1
CASSTRNSYEQYF	1
CASSTTGGVSPLHF	1
CASSTGQDNSPLHF	1
CASSTLWTSGYNEQFF	1
CASSTTGTGELFF	1
CASSSLPSGETQYF	1
CASSSQWQGQQPQHF	1
CASSRGLAKNIQYF	1
CASSRTGPNYGYTF	1
CASSRTGGAYGYTF	1
CASSRQYRGSNYGYTF	1
CASSNHRGGKNIQYF	1
CASSFSLGQGSYEQYF	1
CASSFSGLNTEAFF	1
CASSFSNRDNSPLHF	1
CASSFWGSTDTQYF	1
CASSFYSAYGYTF	1
CASSFPYRRQETQYF	1
CASSFPGSSGYTF	1
CASSFRAFGAPNEKLFF	1
CASSFQAVAVGYTF	1
CASSFARNQPQHF	1
CASSFGPGLAGGKDTQYF	1
CASSFGGNQPQHF	1
CASSFGQVNTEAFF	1
CASSFINRVGYGYTF	1
CASSFMGRSNQPQHF	1
CASSFTDTQYF	1
CASSFTGYNQPQHF	1
CASSFSPSSENNEQFF	1
CASSFFNQPQHF	1
CASSFLTNEQFF	1
CASSFSVTGGNNQPQHF	1
CASSFYAGPTGELFF	1
CASSFLAITGELFF	1
CASSFHREGYTF	1
CASSFAEGNEQYF	1
CASSFGLGDTQYF	1
CASSFGDIWVWETQYF	1
CASSFGDNYGYTF	1
CASSFDTTTEAFF	1
CASSFERSGGVNTEAFF	1
CASSFTGMNTEAFF	1
CASSFRQYSNQPQHF	1
CASSFNGLNTEAFF	1
CASSLFVDRDEKLFF	1
CASSLSRSEQYF	1
CASSLRWAPENSPLHF	1
CASSLREGGPFF	1
CASSLQSGVYNEQFF	1
CASSLQGANTEAFF	1
CASSLQGALEKLFF	1
CASSLVPARGAYGYTF	1
CASSLVSETNYGYTF	1
CASSLALGTEAFF	1
CASSLASAGLSNQPQHF	1
CASSLASGYGYTF	1
CASSLAWGAAEAFF	1
CASSLAPHTGTEAFF	1
CASSLAPRAGNTIYF	1
CASSLAWNYGYTF	1
CASSLGGLTEAFF	1
CASSLGTGHTEAFF	1
CASSLGLPRGAEAFF	1
CASSLGSGIHEQYF	1
CASSLGQGNEAFF	1
CASSLGQGDIYGYTF	1
CASSLDLGLYGYTF	1
CASSLDPSRGGLNTEAFF	1
CASSLDGSQNTGELFF	1
CASSLDSYNSPLHF	1
CASSLEPGSNTEAFF	1
CASSLEAGTTNEKLFF	1
CASSLESGGTEAFF	1
CASSLTGGSYNSPLHF	1
CASSLTGSNEKLFF	1
CASSLRSGGSNYGYTF	1
CASSLRDKPYNEQFF	1
CASSLKGLETQYF	1
CASSLSGNTGELFF	1
CASSLSKTMGNQPQHF	1
CASSLSGQGEEKLFF	1
CASSLSTKGYTEAFF	1
CASSLSGGLNTIYF	1
CASSLLGGVGTEAFF	1
CASSLQGSNYGYTF	1
CASSLQMNTEAFF	1
CASSLVSPYNEQFF	1
CASSLVQGANVYSNQPQHF	1
CASSLVAGSVDTQYF	1
CASSLVGREAFF	1
CASSLVEGRVPSRTEAFF	1
CASSLVNTEAFF	1
CASSLVRGRDYGYTF	1
CASSLVQSEAFF	1
CASSLVAGHLNYGYTF	1
CASSLVTGPTNEKLFF	1
CASSLVRDGRYGYTF	1
CASSLALPEAFF	1
CASSLAPDQPQHF	1
CASSLAPRSYEQYF	1
CASSLAAGRAETQYF	1
CASSLAYGRAGEQFF	1
CASSLAYMEMNTEAFF	1
CASSLAGAVNEKLFF	1
CASSLAKGGPQHF	1
CASSLASGQTYEQYF	1
CASSLARGPGEKLFF	1
CASSLARGREAFF	1
CASSLAGRINHEQFF	1
CASSLADGKLFF	1
CASSLAEGEKLFF	1
CASSLASSASSYNEQFF	1
CASSLAVFMNTEAFF	1
CASSLADSTYNSPLHF	1
CASSLATGFGSGGYTF	1
CASSLGFIRVPGTEAFF	1
CASSLGPEAFF	1
CASSLGRTAGNTIYF	1
CASSLGVSYYNEQFF	1
CASSLGSLVYEQYF	1
CASSLGPSGRGYNEQFF	1
CASSLGATGNTEAFF	1
CASSLGNVDTQYF	1
CASSLGFGPVRQYF	1
CASSLGPRDGYTF	1
CASSLGRRYGYTF	1
CASSLGVLESYGYTF	1
CASSLGGQAPQHF	1
CASSLGGRGLVGTEAFF	1
CASSLGGNGNQPQHF	1
CASSLGDYPTDTQYF	1
CASSLGTVPNEKLFF	1
CASSLGKGAGEQYF	1
CASSLGSSNSPLHF	1
CASSLGPGDGYTF	1
CASSLGASGNTEAFF	1
CASSLGGYTEAFF	1
CASSLGGSTSSYEQYF	1
CASSLGGGNTEAFF	1
CASSLGDRGGNEKLFF	1
CASSLGRQGYQPQHF	1
CASSLDRNSGNTIYF	1
CASSLESISGSVEQFF	1
CASSLEWTGEGIRGAFF	1
CASSLELAGYNEQFF	1
CASSLERGKLFF	1
CASSLEGGITPTF	1
CASSLERGTSTEAFF	1
CASSLESSGTEAFF	1
CASSLEVQGGYTF	1
CASSLEAGTGGDGYTF	1
CASSLEGADTQYF	1
CASSLETGLGGQPQHF	1
CASSLETEYEKLFF	1
CASSLIGNSRETQYF	1
CASSLMGPRGEAFF	1
CASSLMGRGDSPLHF	1
CASSLIQGEDNEQFF	1
CASSLTPGPEYGYTF	1
CASSLTYEQYF	1
CASSLTPFF	1
CASSLTRNTEAFF	1
CASSLTGGEGPQHF	1
CASSLTGTNTEAFF	1
CASSLSVADYGYTF	1
CASSLSAWGGLGNTIYF	1
CASSLRGAIPPGQGNYGYTF	1
CASSLRGSGNQPQHF	1
CASSLRPEEKLFF	1
CASSLRGGPYGYTF	1
CASSLNAAEAFF	1
CASSLNRGRDYGYTF	1
CASSSWKTNEKLFF	1
CASSSRTSGSSYNEQFF	1
CASSSRTGDYGYTF	1
CASSSLADSYGYTF	1
CASSSLTAKGTEAFF	1
CASSSPSPTQYF	1
CASSSPSRGSGNTIYF	1
CASSSPGGEGYTF	1
CASSSRDSFNSPLHF	1
CASSSRDRPRDYGYTF	1
CASSSQGSSQPQHF	1
CASSSGPPGGEQFF	1
CASSSGGGLLGQPQHF	1
CASSSGTGGQPQHF	1
CASSSGQGASQPQHF	1
CASSSGQGSTNEKLFF	1
CASSSDREGNTEAFF	1
CASSSEGLEYSNQPQHF	1
CASSSRGGGTEAFF	1
CASSSPDRGGYGYTF	1
CASSSQETTEAFF	1
CASSSVGNTIYF	1
CASSSGTGARTIYF	1
CASSSGLSNEQFF	1
CASSSDSYSNQPQHF	1
CASSSDRAAGAFF	1
CASSSIQRDREYGYTF	1
CASSSTPNTEAFF	1
CASSSRLNEKLFF	1
CASSSQGWGNTEAFF	1
CASSSQGMNTEAFF	1
CASSSGFRYGYTF	1
CASSSGLDGSYEQYF	1
CASSSEGGGANYGYTF	1
CASSSTGPGNQPQHF	1
CASSSTSGQGSVNTEAFF	1
CASSWPPGQGPNTEAFF	1
CASSWGQGQETQYF	1
CASSWDRRTYGYTF	1
CASSYGDYEQYF	1
CASSYLRQLPTQYF	1
CASSYLAGNNEQFF	1
CASSLLDKSPLHF	1
CASSLRTFYNSPLHF	1
CASSLDPGNTIYF	1
CASSLENNSPLHF	1
CASSLIREAFF	1
CASSLTGNTIYF	1
CASSLTRGRNQPQHF	1
CASSLWGDQYGYTF	1
CASSLRMGNSGNTIYF	1
CASSLRLAGAGTGELFF	1
CASSLQDSSNYGYTF	1
CASSLGATGHYGYTF	1
CASSLGGGAETNEKLFF	1
CASSLDRAGSPLHF	1
CASSLRLQNTEAFF	1
CASSLGRAVRWDSPLHF	1
CASSLGQGPDTQYF	1
CASSLDRNTEAFF	1
CASSLDVNQPQHF	1
CASSLDRVYGYTF	1
CASSLTVNTEAFF	1
CASSLPDRNTEAFF	1
CASSLQAANYGYTF	1
CASSLGFFDQPQHF	1
CASSLDRVGRAQHF	1
CASSLDGNQPQHF	1
CASSLTDGEQYF	1
CASSPFWDGISGNTIYF	1
CASSPLDSFLDGYTF	1
CASSPYGGNTIYF	1
CASSPYSGNTIYF	1
CASSPPGGSYNEQFF	1
CASSPRQGGDTEAFF	1
CASSPRRTGEYGYTF	1
CASSPRGAGGHNEQFF	1
CASSPGPEEKLFF	1
CASSPRTASSYNEQFF	1
CASSPSGGGYGYTF	1
CASSPYDRSGAFF	1
CASSPLSSETEAFF	1
CASSPLSSTSGGLHPYEQYF	1
CASSPPGEGRSDTQYF	1
CASSPPSGGRAYGYTF	1
CASSPRDRGLGTEAFF	1
CASSPRGIRATEAFF	1
CASSPRGQLNTEAFF	1
CASSPHGGLNTEAFF	1
CASSPQTGGPEKLFF	1
CASSPQQGSTEAFF	1
CASSPQGKGAEKLFF	1
CASSPAVAYNSPLHF	1
CASSPGGGYTF	1
CASSPGTSGRHNEQFF	1
CASSPGTANYGYTF	1
CASSPGTGYYGYTF	1
CASSPGQGNSNQPQHF	1
CASSPGGGTEAFF	1
CASSPDRAGEKLFF	1
CASSPDRNQPQHF	1
CASSPTPGTSGSIYEQYF	1
CASSPSRSTEAFF	1
CASSPRTRVYEQYF	1
CASSPRTGVNTEAFF	1
CASSPRQGIRGYTF	1
CASSPYRERTEAFF	1
CASSPGLGEQYF	1
CASSPGVAGVSYEQFF	1
CASSPGGANYGYTF	1
CASSPGLADTDTQYF	1
CASSPGQGSYGYTF	1
CASSPGGMSTDTQYF	1
CASSPDRSSGNTIYF	1
CASSPDQTTEAFF	1
CASSPEVGGANYGYTF	1
CASSPEGEKLFF	1
CASSPTVPRSSYNEQFF	1
CASSPTGTTFGQYF	1
CASSPTGGNEKLFF	1
CASSPSGELAEAFF	1
CASSPSVGEQFF	1
CASSPLGVRGNQPQHF	1
CASSPPRTPAGAFF	1
CASSPQGQAKGPLHF	1
CASSPAAGVKMNTEAFF	1
CASSPAGTVNTEAFF	1
CASSPGTAPYGYTF	1
CASSPGTGTQPQHF	1
CASSPDRSGGYTF	1
CASSPEGQGKGTQYF	1
CASSPIGQGEAFF	1
CASSPTGTARAETQYF	1
CASSPTLQGTYGYTF	1
CASSPTGSGNTIYF	1
CASSRYRASSGNTIYF	1
CASSRPEGTFF	1
CASSRRQTETQYF	1
CASSRTGEGGYTF	1
CASSRLSGQPQHF	1
CASSRREGANYGYTF	1
CASSRGTQNTGELFF	1
CASSRDLKLYDTEAFF	1
CASSRSDSNQPQHF	1
CASSRASSTGGNEKLFF	1
CASSRAVNEKLFF	1
CASSRGSNYGYTF	1
CASSRGRTVFVYTF	1
CASSRTSGRAGYNEQFF	1
CASSRTVNSPLHF	1
CASSRTGTVNTEAFF	1
CASSRTGNYGYTF	1
CASSRQGSPLHF	1
CASSRQMNTEAFF	1
CASSRGPVSNYGYTF	1
CASSRGRREKLFF	1
CASSRDRAGEQYF	1
CASSRETGMGSPLHF	1
CASSRMPYRDSNQPQHF	1
CASSRTSGAYNEQFF	1
CASSHFGPGGSNQPQHF	1
CASSHLLRGATNEKLFF	1
CASSHPGTVNEKLFF	1
CASSHRTVEGYTF	1
CASSHRDRTYGYTF	1
CASSHSFSSGGTDTQYF	1
CASSHYLGTGHEKLFF	1
CASSHRGTGEYGTDTQYF	1
CASSHRTGGKYEQYF	1
CASSHRRGDSGNTIYF	1
CASSHAGQDTGEAFF	1
CASSHTLGLGYNEQFF	1
CASSHRLRHGTMNTEAFF	1
CASSHKGTPYGYTF	1
CASSQSPRNTIYF	1
CASSQLPRLLGYTF	1
CASSQPREDTEAFF	1
CASSQVGAADTQYF	1
CASSQAGRGDSPLHF	1
CASSQAGLYNSPLHF	1
CASSQAASGNTIYF	1
CASSQNPGTEAFF	1
CASSQNRAGNTIYF	1
CASSQNRGQLFF	1
CASSQFDRGDTQYF	1
CASSQSTVNTEAFF	1
CASSQSGNNQPQHF	1
CASSQSIMPQHF	1
CASSQYRTEAFF	1
CASSQLGTGGNYGYTF	1
CASSQPGRQGAFGYTF	1
CASSQPGNGELFF	1
CASSQQGRRTEAFF	1
CASSQQGQGTEAFF	1
CASSQQGRSGRSSSGNTIYF	1
CASSQVRGRGSPLHF	1
CASSQVFGSNQPQHF	1
CASSQVLQGGTEAFF	1
CASSQVGGNQPQHF	1
CASSQVETNTEAFF	1
CASSQVEGGDEKLFF	1
CASSQVSHLGGTEAFF	1
CASSQVSGAGYGYTF	1
CASSQVRSTEAFF	1
CASSQVAGRQPQHF	1
CASSQVGSGPGKTQYF	1
CASSQAGLQDGNQPQHF	1
CASSQAPVYTEAFF	1
CASSQARGGYQPQHF	1
CASSQAGTDTQYF	1
CASSQGGTGWYGYTF	1
CASSQGPLAGGLHTGELFF	1
CASSQGGSGQPQHF	1
CASSQGFRGEGEKLFF	1
CASSQGHNQPQHF	1
CASSQGAYSNQPQHF	1
CASSQGGQGAYEQYF	1
CASSQGTGHSNQPQHF	1
CASSQGLAVGETQYF	1
CASSQGTGNTEAFF	1
CASSQDLGQGYGYTF	1
CASSQDSSGDLAFF	1
CASSQDWAGGQKLFF	1
CASSQDWGLSNQPQHF	1
CASSQDWTTGELFF	1
CASSQDWRAEKLFF	1
CASSQDPGQGAEKLFF	1
CASSQDRGTGNTIYF	1
CASSQDRNRTPFEAFF	1
CASSQDHQPSPLHF	1
CASSQDGVGYGELFF	1
CASSQDLLTYNSPLHF	1
CASSQDRDQPQHF	1
CASSQDGSNQPQHF	1
CASSQDSAQPQHF	1
CASSQERVNTEAFF	1
CASSQEVRDSYGYTF	1
CASSQERLGEKLFF	1
CASSQENTEAFF	1
CASSQEGPLRSYGYTF	1
CASSQEGANQPQHF	1
CASSQESVGLNTEAFF	1
CASSQMRTNYGYTF	1
CASSQISGNEKLFF	1
CASSQTGGGITGELFF	1
CASSQNLEAFF	1
CASSVQGNTEAFF	1
CASSVGVDQPQHF	1
CASSVNGNQPQHF	1
CASSVKPGTEYSSNYGYTF	1
CASSVRSDSRDSPLHF	1
CASSVRQDTEAFF	1
CASSVPNSPLHF	1
CASSVGQGVSPLHF	1
CASSVGGGPEAFF	1
CASSVTGAYEQYF	1
CASSVLGSGYGYTF	1
CASSVVPGNSGNTIYF	1
CASSVVAGGEDGYTF	1
CASSVVWGGNTEAFF	1
CASSVVGRDGYTF	1
CASSVAGVESQPQHF	1
CASSVAGGSSGNTIYF	1
CASSVASGDGEETQYF	1
CASSVAYRDTEAFF	1
CASSVAGVSGNTIYF	1
CASSVGSAGELFF	1
CASSVGVIVGDTTNEKLFF	1
CASSVGGAAGNTIYF	1
CASSVGTNTEAFF	1
CASSVGQGYQPQHF	1
CASSVGGTKVRNEQFF	1
CASSVDVSGNTIYF	1
CASSVDPTVKNYGYTF	1
CASSVDGTPLPSTEAFF	1
CASSVDILGSLYGYTF	1
CASSVEGQHNSPLHF	1
CASSVEDSGISGELFF	1
CASSVETLQGPQETQYF	1
CASSVTGYSNQPQHF	1
CASSVRGGVGTEAFF	1
CASSAGLAGKYNEQFF	1
CASSATTGNTEAFF	1
CASSARGGGYTF	1
CASSASLYNEQFF	1
CASSASDGFEEKLFF	1
CASSAWGTDEKLFF	1
CASSAWTSGYTF	1
CASSAGGQETQYF	1
CASSATIGQGAGYTF	1
CASSATSGGGNEKLFF	1
CASSARDKDGYTF	1
CASSAKWAGGSYEQYF	1
CASSARQGETEAFF	1
CASSAGLRNTIYF	1
CASSATGRSPQHF	1
CASSAGPSFGNQPQHF	1
CASSAGQGSEAFF	1
CASSGLQDQISSNYGYTF	1
CASSGPFGASSSGNTIYF	1
CASSGDSPYGYTF	1
CASSGDRGDYSNQPQHF	1
CASSGTSGRAPYEQYF	1
CASSGTPRYGYTF	1
CASSGQGRQPQHF	1
CASSGGGAANQPQHF	1
CASSGGTENQPQHF	1
CASSGNRDQPQHF	1
CASSDLPGGGGYTF	1
CASSDSPGAPYEQYF	1
CASSDLGGGTEAFF	1
CASSDRDGEAFF	1
CASSDITGNTIYF	1
CASSDRWSSPLHF	1
CASSDRAGQPQHF	1
CASSDNRDGNTEAFF	1
CASSEGQGGYGYTF	1
CASSEEGSLSSEKLFF	1
CASSEESSQGLEYGYTF	1
CASSETERGYGYTF	1
CASSELGGQLNSGNTIYF	1
CASSEPNRTVYGYTF	1
CASSEMTDSNEKLFF	1
CASSETVVGEHEQYF	1
CASSERLAGDNEQFF	1
CASSITRLAGTGELFF	1
CASSIAGTSGNTIYF	1
CASSIGTGDTGELFF	1
CASSMGSGQSYNEQFF	1
CASSTRRGQYTEAFF	1
CASSTSGVEDTQYF	1
CASSTGTKSTEAFF	1
CASSTGTGNSPLHF	1
CASSTLGQSNQPQHF	1
CASSTGVGNTIYF	1
CASSTRSFSGNTIYF	1
CASSSHREAANEKLFF	1
CASSSPSGGNYGYTF	1
CASSSGQGFYQPQHF	1
CASSRDRGNTEAFF	1
CASSREPGQGANSPLHF	1
CASSRTGVNSPLHF	1
CASSNWGYNEQYF	1
CASSNRGIVYGYTF	1
CASSKRLGWVMRGYTF	1
CASSKAAGINQPQHF	1
CASSKGTRSRGQNTEAFF	1
CASSKDRDGGSGSHHEQYF	1
CASRLSVLTGYEQYF	1
CASRLQGEGTEAFF	1
CASRSRGMGYGYTF	1
CASRSQTRLYGYTF	1
CASRYRDYGYTF	1
CASRLGLAGAWDEQFF	1
CASRLFQGTGNTIYF	1
CASRLAPVKSNEQFF	1
CASRPPGGFYNEQFF	1
CASRPNRGSRMGELFF	1
CASRPPSRNTEAFF	1
CASRPERSSEQYF	1
CASRPTGSNQPQHF	1
CASRRSGVSGNTIYF	1
CASRRTRERGNTIYF	1
CASRVGPGTGNTIYF	1
CASRVTGINSPLHF	1
CASRAGEVTGELFF	1
CASRGSYNYGYTF	1
CASRGDTGELFF	1
CASRGMDLSNQPQHF	1
CASRGQGNQPQHF	1
CASRGEGQGGYGYTF	1
CASRDRGPYQPQHF	1
CASREDYNSPLHF	1
CASRTQGLFGETQYF	1
CASRTGQGAEKLFF	1
CASRTTGYVDTEAFF	1
CASRTQGAGNTIYF	1
CASRTGGESDYGYTF	1
CASRRDSRNEQFF	1
CASRRQAEAFF	1
CASRKGALNTGELFF	1
CASRKDGLNTEAFF	1
CASRFPNTEAFF	1
CASRLAATNEKLFF	1
CASRYTSEKLFF	1
CASRYYNLKTTRGEAFF	1
CASRYDIGQPQHF	1
CASRLRQALNYGYTF	1
CASRLLDSSYEQYF	1
CASRPTGQGAEKLFF	1
CASRPLDRVGNQPQHF	1
CASRPNGQGAEKLFF	1
CASRRTRINSPLHF	1
CASRQGIHQPQHF	1
CASRQAATGAGYTF	1
CASRQGTSGRVNEQYF	1
CASRADGEPQHF	1
CASRGTGKGKLFF	1
CASRGDSDNSPLHF	1
CASRGDRVGYTF	1
CASRGTGVSPLHF	1
CASREAGYGYTF	1
CASRIRSYEKLFF	1
CASRTTAGTEAFF	1
CASRRDSYEKLFF	1
CASRRTMNTEAFF	1
CASRKNQPQHF	1
CASRKKGGSQGEDTGELFF	1
CASNSVGEEEKLFF	1
CASNYTRLRFPGQGSRQPQHF	1
CASNPLYENTIYF	1
CASNPLRLQGAQGYTF	1
CASNPWTGITEAFF	1
CASNTEGSEAFF	1
CASNRRDSYEQYF	1
CASNALRTGNTEAFF	1
CASNGEEGRNTEAFF	1
CASNRVGSYYGYTF	1
CASNKNVNTEAFF	1
CASKLDDSYEQYF	1
CASKSLGSNQPQHF	1
CASKRQGARNSPLHF	1
CASKKPAGAEAFF	1
CASKSYSNQPQHF	1
CASKQFRHTEAFF	1
CASKTPLGELFF	1
CASKNLNYGYTF	1
CARVQDRGNTEAFF	1
CANSGTGAGYTF	1
CATKTGGAGTDTQYF	1
CAIPGDRCPHADQPQHF	1
CASYYREKTQQYF	1
CASLTGTGELFF	1
CASLYGRDTEAFF	1
CASALGGDNTIYF	1
CASGLGHYNSPLHF	1
CASGRTGASPLHF	1
CASTKDREASGSPLHF	1
CASSFDRGGNQPQHF	1
CASSSGLNQPQHF	1
CASSLGSQGTGTEAFF	1
CASSPTMTNEKLFF	1
CASSQTGVNSPLHF	1
CASSQGGTENYEQYF	1
CASSVNRGLFYEQYF	1
CASSAGTGDQPQHF	1
CASSAGYKQPQHF	1
CASSDYGYTF	1
CASSDVLGLTSECFF	1
CASSESSRNQFF	1
CASSESGLAGVEQFF	1
CASSEALRGPTEAFF	1
CASSTSGSSYEQYF	1
CASSFQVTGELFF	1
CASSFGTYEAEAFF	1
CASSFGNYGYTF	1
CASSFLGGGGNEQFF	1
CASSFRAPGTINSGYTF	1
CASSFRDRVHEQFF	1
CASSFGQNYGYTF	1
CASSFGRSNEKLFF	1
CASSFGQGLTEAFF	1
CASSFTGGDEKLFF	1
CASSLSGQGKPGGRLFF	1
CASSLSGGNEQFF	1
CASSLCIVQPTLNTEAFF	1
CASSLYRVDEKLFF	1
CASSLLPGENQPQHF	1
CASSLRTSGLRYEQYF	1
CASSLVGGNTEAFF	1
CASSLVIGSNGRNTEAFF	1
CASSLVAQGPTFF	1
CASSLATGFKNTEAFF	1
CASSLASVANEKLFF	1
CASSLAPGTEYGYTF	1
CASSLAPTGGNEQYF	1
CASSLAGTSTEAFF	1
CASSLAGSGEKLFF	1
CASSLATGTGFPYEQYF	1
CASSLAVDQPQHF	1
CASSLAASPLNTEAFF	1
CASSLAAGNQPQHF	1
CASSLGVGRNYGYTF	1
CASSLGIDNEQFF	1
CASSLGSERTGELFF	1
CASSLGPVDGYTF	1
CASSLGGEIAANEKLFF	1
CASSLGDWNYGYTF	1
CASSLGDRDNEKLFF	1
CASSLGMTGNTEAFF	1
CASSLGRQNTEAFF	1
CASSLGDGYNQPQHF	1
CASSLGRQGSTDTQYF	1
CASSLDSRGNSPLHF	1
CASSLDSTNEKLFF	1
CASSLDGLNQPQHF	1
CASSLDGVNEQFF	1
CASSLDGFGYEKLFF	1
CASSLDTGGLSPLHF	1
CASSLDRINSPLHF	1
CASSLEAGYGSPLHF	1
CASSLERGDGYTF	1
CASSLEFIGGNSPLHF	1
CASSLESVNYGYTF	1
CASSLITAGNGYTF	1
CASSLMPDRTTYGYTF	1
CASSLTQNTEAFF	1
CASSLRGRADTEAFF	1
CASSLRVNTEAFF	1
CASSLRQGTNEKLFF	1
CASSLQVGNYGYTF	1
CASSLQGFTEAFF	1
CASSLARTGGEAFF	1
CASSLGDNQPQHF	1
CASSLDSPPEAFF	1
CASSLNSYNSPLHF	1
CASSSRTGGSAPEAFF	1
CASSSGTYGYTF	1
CASSSEGLTEAFF	1
CASSSGTDYGYTF	1
CASSSGQLGEKLFF	1
CASSSIYSNYGYTF	1
CASSSGLAEDTQYF	1
CASSSEGADGYTF	1
CASSSIPSTLEAFF	1
CASSSTGMNTEAFF	1
CASSSKQGRRGSGYTF	1
CASSSPGQGTYGYTF	1
CASSSQYTEAFF	1
CASSSQGANSGNTIYF	1
CASSWGTVGEEKLFF	1
CASSWTGDSNQPQHF	1
CASSYLGGQPQHF	1
CASSLPNTGELFF	1
CASSLRTEASQGYGYTF	1
CASSLRDRADTEAFF	1
CASSLSEPGHGYGYTF	1
CASSLREFKNEQFF	1
CASSLIVAGVETQYF	1
CASSLRATGGYDYGYTF	1
CASSPPSTGFFSYEQYF	1
CASSPPLSGMSYNEQFF	1
CASSPDRAIGYTF	1
CASSPLQGNYGYTF	1
CASSPWTGNTEAFF	1
CASSPLTGDGGVAEAFF	1
CASSPREGDGEAFF	1
CASSPILRVQGNEKLFF	1
CASSPMGNTEAFF	1
CASSPVANEKLFF	1
CASSPGAGGYGYTF	1
CASSPGGTRYGYTF	1
CASSPGQTTGNTIYF	1
CASSPTGAGTEAFF	1
CASSPTGGNSPLHF	1
CASSPGQGMNTEAFF	1
CASSPSSEDGEKLFF	1
CASSRDLVTEAFF	1
CASSRRSENTEAFF	1
CASSRHLASFSDEQYF	1
CASSRDRASAEAFF	1
CASSRGQGEEEKLFF	1
CASSRSGVGLADYEQYF	1
CASSRKTGANTEAFF	1
CASSHGGVPGNQPQHF	1
CASSHTGQLYGYTF	1
CASSHPGNTIYF	1
CASSHKDRRSYNEQFF	1
CASSQSGARQPQHF	1
CASSQPIGGLFHTIYF	1
CASSQPRTGIANYGYTF	1
CASSQPRQGVRYGYTF	1
CASSQAGSGDGYTF	1
CASSQGPLTLHF	1
CASSQGPGHNTEAFF	1
CASSQDGAAGDTEAFF	1
CASSQETSEETQYF	1
CASSQLGGPNGYTF	1
CASSQPGRTATNEKLFF	1
CASSQPSGSTDTQYF	1
CASSQPHGGSGNTIYF	1
CASSQPGTGGGDGYTF	1
CASSQPAEAGVRNYGYTF	1
CASSQQGVGQPQHF	1
CASSQVGQRWDGYTF	1
CASSQVDSGASPLHF	1
CASSQVFGQGEWDTEAFF	1
CASSQVGLLGNTIYF	1
CASSQVEQGNTGELFF	1
CASSQVWQGEAPLHF	1
CASSQVGWGSYGYTF	1
CASSQVGIQETQYF	1
CASSQVSADTGELFF	1
CASSQVRNYGYTF	1
CASSQVRGNYGYTF	1
CASSQAPNQPQHF	1
CASSQAGTGVNGELFF	1
CASSQAGTGISGYTF	1
CASSQAPGQGADTQYF	1
CASSQARNQPQHF	1
CASSQATGRTEAFF	1
CASSQASGTEAFF	1
CASSQGAGTGFEKLFF	1
CASSQGRERLFF	1
CASSQGRLTEAFF	1
CASSQGYGKTVGYTF	1
CASSQGARDMDTQYF	1
CASSQGAGPGAEAFF	1
CASSQDFEGVDEQFF	1
CASSQDLTALREKLFF	1
CASSQDLGRAFF	1
CASSQDLTPGEPLPYEQYF	1
CASSQDWQGTHSNQPQHF	1
CASSQDYSGGYGYTF	1
CASSQDLGTGSEKLFF	1
CASSQDPAYGYTF	1
CASSQDPSGRRDGYTF	1
CASSQDRGYGYTF	1
CASSQDAGSGNTIYF	1
CASSQDGSGRPQHF	1
CASSQDIGVFSGNTIYF	1
CASSQDTVGTLNTEAFF	1
CASSQDTGRMNTEAFF	1
CASSQDLATPLHF	1
CASSQDPGTAEKLFF	1
CASSQDVGQGGHYGYTF	1
CASSQDGYNEQFF	1
CASSQDGDLAESPLHF	1
CASSQDDRVLDGYTF	1
CASSQDELLEAFF	1
CASSQDSSTDTQYF	1
CASSQDRMYEKLFF	1
CASSQEWTVASYEQYF	1
CASSQEPGINTEAFF	1
CASSQEAAPTNEKLFF	1
CASSQEGWGAGEQFF	1
CASSQETAQPQHF	1
CASSQERRKEAFF	1
CASSQEWGKGYGYTF	1
CASSQEPGLAVTDTQYF	1
CASSQERLARGTGSYEQYF	1
CASSQERRINTEAFF	1
CASSQEVAGSGYTF	1
CASSQEGQGDQPQHF	1
CASSQEKRQGGTEAFF	1
CASSQISTGGNTEAFF	1
CASSQMGSATEAFF	1
CASSQTTANTEAFF	1
CASSQTHRENTEAFF	1
CASSQTGGNQPQHF	1
CASSQSGQGVPNTEAFF	1
CASSQSDGQGAWQPQHF	1
CASSQRDSHNYGYTF	1
CASSQNLLTEAFF	1
CASSVDGLNTEAFF	1
CASSDDGYEQYF	1
CASSDMMNTEAFF	1
CASSIGQGSMNTEAFF	1
CASSTWTGEEYEQYF	1
CASSTRQGGNSPLHF	1
CASSRDRGLEELFF	1
CASSKPRSGLGYTF	1
CASRLTGIFQPQHF	1
CASRPLILSGPWGEKLFF	1
CASRQTSGRGGLAGGIIYEQYF	1
CASRAGQGNTEAFF	1
CASRMGAEGTEAFF	1
CASRPKDSSYNSPLHF	1
CASNSGTWNTEAFF	1
CASNERGGADTEAFF	1
CASNNLDGSYGYTF	1
CSSNKGGGTDTQYF	1
CSVPGLAARSYEQYF	1
CSALTSGRANEQFF	1
CSALQTSNQPQHF	1
CSASNQGYNQPQHF	1
CSALEGLNEKLFF	1
CSAPLVEKLFF	1
CSAPSWTSGEETQYF	1
CSARLEVRGGYTF	1
CSARSGTEAFF	1
CSARQDGDTEAFF	1
CSAVDRLADYNEQFF	1
CSAVPGYSNQPQHF	1
CSAGQTRNYGYTF	1
CSAGGTGEAATNEKLFF	1
CSAGASNNQPQHF	1
CSAGTGGSYEQYF	1
CSATRDRDTEAFF	1
CSATGTLNTEAFF	1
CSATSPGNTIYF	1
CSASLGSNTEAFF	1
CSASPSEVSGVFKYGYTF	1
CSASPSGDYGYTF	1
CSASRTAETEAFF	1
CSASGIGFSSGNTIYF	1
CSASGETQYF	1
CSASIAGQIIYGYTF	1
CSASRTVESPLHF	1
CSASRGLAGNSYEQYF	1
CSASRDTNTEAFF	1
CSASVGPDYGYTF	1
CSASAGTMARSPLHF	1
CSASAQGSGNTIYF	1
CSASAGLGNTEAFF	1
CSARARVSPRDQPQHF	1
CSARGRSWGNEKLFF	1
CSARGSIANYGYTF	1
CSARRGRANTEAFF	1
CSARFRESGGYTF	1
CSARFAGMNYGYTF	1
CSARSGGAQETQYF	1
CSARLAGGGTGELFF	1
CSARRSEGGTEAFF	1
CSARQGDTYNSPLHF	1
CSARQPGYTEAFF	1
CSARVFGTGSNQPQHF	1
CSARVAQGAGEKLFF	1
CSARVDRCGGPEASSYNEQFF	1
CSARVEEGGYQPQHF	1
CSARAHREVFKNIQYF	1
CSARAGTGDYGYTF	1
CSARAFKTTGARTEAFF	1
CSARGVQGNSPLHF	1
CSARGGPSFLAGEETQYF	1
CSARGTGLNTEAFF	1
CSARGPWGTEAFF	1
CSARGDSGQGNEKLFF	1
CSARGSESTDTQYF	1
CSARDFTQGVGYTF	1
CSARDLGLAHGELFF	1
CSARDSRTSGRLTDTQYF	1
CSARDSAGGTEAFF	1
CSARDYIGNTIYF	1
CSARDPRRNTIYF	1
CSARDPQDARNTIYF	1
CSARDQWVGIEYGYTF	1
CSARDADAALTF	1
CSARDAGSNQPQHF	1
CSARDEEYSNQPQHF	1
CSARDETSGNNEQFF	1
CSARDTGQGQGTEAFF	1
CSARDRTGLSNQPQHF	1
CSARDLGQGAYEQYF	1
CSAREGSRDEQFF	1
CSAREGQGYGYGYTF	1
CSARMDSLGYTF	1
CSARRAGESGYGYTF	1
CSARRGSLSNTIYF	1
CSARKQGGTEAFF	1
CSALDRGDQPQHF	1
CSAPLAGRVNTEAFF	1
CSAPGASGTDTQYF	1
CSAHREARSNQPQHF	1
CSAAGGLTGQAFF	1
CSAIVTETDTQYF	1
CSATNAGYGYTF	1
CSARTGGAGNQPQHF	1
CSARVGPNPARSYPEAFF	1
CSARKPGPADYGYTF	1
CSAKHRGGWNYGYTF	1
CSAPGVAEAFF	1
CSAEHRVGQETQYF	1
CSAMTGGGQPQHF	1
CSASFRGHNYGYTF	1
CSAAVGNTIYF	1
CSAGTGIGGYTF	1
CSATFPGQGLYNEQFF	1
CSGSEGLLYGYTF	1
CSFPRRGGNEQFF	1
CSVLTSGRGGELFF	1
CSVSGIGGYTF	1
CSVLGAYEQYF	1
CSVRPTIEYGYTF	1
CSVRGRTEGEKLFF	1
CSVVGGSGAIYF	1
CSVVDRGGYTF	1
CSVVKGLNEKLFF	1
CSVVGSGNTIYF	1
CSVVWGPGNQPQHF	1
CSVAGDRVYGYTF	1
CSVATTYGYTF	1
CSVAGGRTANNEQFF	1
CSVADRGLGEAFF	1
CSVARTSNEKLFF	1
CSVAATGGREKLFF	1
CSVGTDTQYF	1
CSVGQGVNQPQHF	1
CSVDLGSTEAFF	1
CSVDGSSGTANTGELFF	1
CSVDRLNYGYTF	1
CSVDYGYTF	1
CSVDPSGRAGDTQYF	1
CSVEALSGNTIYF	1
CSVEDRENYGYTF	1
CSVEEIGDTEAFF	1
CSVEFGGKAFF	1
CSVESDVRVTEAFF	1
CSVEGRNTEAFF	1
CSVEGVTGGFWNTEAFF	1
CSVEGEAGRNTEAFF	1
CSVEDPGSGNTIYF	1
CSVEDRTTGGYTF	1
CSVEEFYGYTF	1
CSVEEDGQANYGYTF	1
CSVEETNIQYF	1
CSVEENGHAFF	1
CSVETNTEAFF	1
CSVEKTPRSSVQPQHF	1
CSVTRGDTEAFF	1
CSVRQGESNQPQHF	1
CSVRDRNTEAFF	1
CSVGGGQPTRGTEAFF	1
CSVNHLRQENTEAFF	1
CSVGLWMNTEAFF	1
CSVITGDGYTF	1
CSAGQYTEAFF	1
CSAGQDYGYTF	1
CSAETSGSYNEQFF	1
CSATQAGELFF	1
CSALRTSEAFF	1
CSAAWGRSTEAFF	1
CSAAGAHNEQFF	1
CSAGPRETQYF	1
CSALGAVTNEKLFF	1
CSAGDTEAFF	1
CSGDLGAEAFF	1
CSGLSGNGYTF	1
CSGRRDIGYTEAFF	1
CAWKSRRERIIAGELFF	4
CASSYQSSYNEQFF	4
CASSFAVNTEAFF	4
CASSLAGREQYF	4
CASSLDRGSSPLHF	4
CASSYRVGSPEGDEQFF	4
CASSQALGSGDEQYF	4
CASRTSGLAGSQETQYF	4
CASSFSVLGQGGNEQYF	4
CASSQEFLTTSTDTQYF	4
CSVGSTSRGTDTQYF	4
CSVEDGYFTDTQYF	4
CASETAQAGGLETQYF	3
CATSDATGPPYEQYF	3
CATSRDSYNEQFF	3
CATSRDIVDTQYF	3
CATSKPRRNTDTQYF	3
CASSPGPGTYEQYF	3
CASTPRWDSFSNQPQHF	3
CASSLLRTDTQYF	3
CASSLAGAGTDTQYF	3
CASSYGTGWPGELFF	3
CASSPGGWMNTEAFF	3
CASSPESYNEQFF	3
CASSAGTGTDTQYF	3
CASSELAGGYNEQFF	3
CASSFRGTGATNEKLFF	3
CASSFWTGGEETQYF	3
CASSFTGTGDGGTQYF	3
CASSLRTGTGNNEQFF	3
CASSLGRAYNEQFF	3
CASSLGQGAGNEQYF	3
CASSLGGWNQPQHF	3
CASSLTPRLRERYEQYF	3
CASSSQTSGSTTDTQYF	3
CASSPILLSSYNEQFF	3
CASSPTEVSADTQYF	3
CASSPTAERPGELFF	3
CASSPGYQAGELFF	3
CASSPILGEEQYF	3
CASSQGGARADTQYF	3
CASSQGDGVTDTQYF	3
CASSQDFAGLGYEQYF	3
CASSQDGTASGANVLTF	3
CASSQELVPDTQYF	3
CASSQERGVGNQPQHF	3
CASSVGTSGSSYNEQFF	3
CASSKQGDGAEAFF	3
CASRGPDTQYF	3
CASQGQRANTGELFF	3
CASTPDIISGNTIYF	3
CASSQSKFPYEQYF	3
CASSLGGVQYF	3
CASSLILADSYEQYF	3
CASSSRTSGSAYEQYF	3
CASSLGLGENIQYF	3
CASSPHRDPNTGELFF	3
CASSQVPGEGPNYGYTF	3
CASSQGLVGGYNEQFF	3
CASSQTWGGSGPQHF	3
CASRKFLAGTDTQYF	3
CSALTPGLASGTQYF	3
CSARLLRGSFEDNEQFF	3
CSAAPGGLYEQYF	3
CSASGQSHTDTQYF	3
CSASLALPSGEQFF	3
CSARLADYNEQFF	3
CSASHPARGEKLFF	3
CSAEHPLYEQYF	3
CSAAVAGDHNEQFF	3
CSVVMDEQYF	3
CSVEDPVLDEQFF	3
CSVTSGGRTYEQYF	3
CSARWSTGELFF	3
CRPRGWDGEAFF	3
CAISEFRRLAGQNEQFF	2
CAISESSPEEQYF	2
CAISESLATQYF	2
CAISEGPTDTQYF	2
CATRNYNEQFF	2
CATQTTGQGYTEAFF	2
CATGAGRSQETQYF	2
CATSVDSAKNIQYF	2
CATSGGSYGQPQHF	2
CATSDFRTGSPDNSPLHF	2
CATSDPPKTGVNEQFF	2
CATSDLVDNLETQYF	2
CATSDPGLAGEQQYF	2
CATSEGGKSNQPQHF	2
CATSHRTSDYNEQFF	2
CATSDTRDRVQQPQHF	2
CATSRDRLVVRSEQFF	2
CATSRDYESTDTQYF	2
CATSRDRVSNQPQHF	2
CATSREATSGLGSYNEQFF	2
CATSKNPGTGTYEKLFF	2
CATKASGSSYEQYF	2
CATKPGQGASDTQYF	2
CASSIYHQAGETQYF	2
CASSILRADNSNQPQHF	2
CASSIDGRTSNQPQHF	2
CASKEALGTDTQYF	2
CASSLGENGITEQYF	2
CASSPSLGEPQHF	2
CASSRRVGTEAFF	2
CASSPRTGQIYGYTF	2
CASSPGGASYGYTF	2
CASSPPARDYEQYF	2
CASSRGQGNYGYTF	2
CASSRVTGGRETQYF	2
CASYDTYNEQFF	2
CASPPRPGTGELRDTEAFF	2
CASRPTLLNEQFF	2
CASRRKVYSNQPQHF	2
CASQTRDGSWNEQFF	2
CASADRGDEQFF	2
CASAFPTGLNYGYTF	2
CASAQYGYTF	2
CASGRWGNTEAFF	2
CASGGYGYTF	2
CASEGTGGSYEQYF	2
CASMHTEAFF	2
CASTCGGQKNTEAFF	2
CASTLSVYEQYF	2
CASTPFSSVYNEQFF	2
CASTGILDYKNIQYF	2
CASTGDYRITDTQYF	2
CASTNETSGQFF	2
CASSFLSSGRAGETQYF	2
CASSFYRGARGYTF	2
CASSFHSRDGNTIYF	2
CASSFGGTEAFF	2
CASSFTTEPYNEQFF	2
CASSFRLGEQYF	2
CASSFRLAGEYF	2
CASSLLWATNEKLFF	2
CASSLTSGSADTQYF	2
CASSLLERSPLHF	2
CASSLSLTGIYNEQFF	2
CASSLQGPPRQYF	2
CASSLVGEGGYEQYF	2
CASSLAANTEAFF	2
CASSLGLAGGEQYF	2
CASSLDGENIQYF	2
CASSLEGYTIYF	2
CASSLTGQGAFRF	2
CASSLSWTVNTEAFF	2
CASSLRSEQYF	2
CASSSPLWVREQYF	2
CASSSPGQGNEKLFF	2
CASSSRSGRGADTQYF	2
CASSSGTGRGNEQFF	2
CASSSMREADTDTQYF	2
CASSSRERQETQYF	2
CASSWADYGYTF	2
CASSYVPGGYEQYF	2
CASSYTRVNEQFF	2
CASSYRTRSSYNEQFF	2
CASSYSTGGNSPLHF	2
CASSYPGQGYTEAFF	2
CASSYRQGNSPLHF	2
CASSYVRGHNEQFF	2
CASSYGGVGTEAFF	2
CASSYGAGDRGETQYF	2
CASSYGGPGQGASEAFF	2
CASSYDRGYGYEQYF	2
CASSYEFSGRAENTGELFF	2
CASSYTRTSNQPQHF	2
CASSYTQGDGYGYTF	2
CASSYKYREYFDGYTF	2
CASSPWTSGTTDTQYF	2
CASSPLMGGPEAFF	2
CASSPGTSHTNEQFF	2
CASSPGTEKTEAFF	2
CASSPDWEAGGLSYEQYF	2
CASSPRGHQPQHF	2
CASSPGLEMYSNQPQHF	2
CASSPGQGNTEAFF	2
CASSPNGVDTIYF	2
CASSRRPRAATGIFRGYTF	2
CASSRQGASTDTQYF	2
CASSRTGSRVNEQFF	2
CASSHPGGEYNSPLHF	2
CASSHQGGSAYEQYF	2
CASSVSGGPGNTIYF	2
CASSVGPSSYNEQFF	2
CASSVGWRLAGNYNEQFF	2
CASSAGTSGSDTQYF	2
CASSGVQGGYQPQHF	2
CASSGGQGRNTEAFF	2
CASSDSAGTPTDTQYF	2
CASSDSTHNEQFF	2
CASSEVATGELFF	2
CASSEGPNYGYTF	2
CASSEDSSYSEAFF	2
CASSESRNTDTQYF	2
CASSELTIAKNIQYF	2
CASSRDRQETQYF	2
CASSFWTENTEAFF	2
CASSFYGTSVRARIKDTQYF	2
CASSFGTLYEQYF	2
CASSFISAPDYGYTF	2
CASSFIRREVSYEQYF	2
CASSFRQGNTEAFF	2
CASSLFTAYEQYF	2
CASSLLSGNTEAFF	2
CASSLLSGANIQYF	2
CASSLPGPTDKLFF	2
CASSLVLAGVIDEQFF	2
CASSLGLQRGNQPQHF	2
CASSLGQPNTEAFF	2
CASSLEPGRFYGYTF	2
CASSLFPGKTNEKLFF	2
CASSLFGQDNSPLHF	2
CASSLSFQNEQFF	2
CASSLSGGGQETQYF	2
CASSLYRVGTEAFF	2
CASSLLKGLAASYEQYF	2
CASSLLNTQYF	2
CASSLPGTGFSGELFF	2
CASSLRGNEQYF	2
CASSLHSQETQYF	2
CASSLVTTTEAFF	2
CASSLVGSYNEQFF	2
CASSLVDRNTGELFF	2
CASSLAPGQGLFF	2
CASSLAAGGGTEAFF	2
CASSLAGNTEAFF	2
CASSLAREQYF	2
CASSLAGQGVYEQYF	2
CASSLAEQANEKLFF	2
CASSLGSSYSYNEQFF	2
CASSLGAQPQHF	2
CASSLGDHGSNQPQHF	2
CASSLGTGELSNEQFF	2
CASSLGSGIYEQYF	2
CASSLGLAGGPETQYF	2
CASSLGGGEDQPQHF	2
CASSLGGNEQYF	2
CASSLDLRAGLYNEQFF	2
CASSLDRQTEAFF	2
CASSLDGDSPLHF	2
CASSLETGDGYGYTF	2
CASSLESLSYEQYF	2
CASSLERGTDTQYF	2
CASSLEGWGSGYTF	2
CASSLTNSPNYGYTF	2
CASSLRVTDTQYF	2
CASSSSVYSYNEQFF	2
CASSSQGTESPLHF	2
CASSSKSRVDGYTF	2
CASSSFGAGSADTQYF	2
CASSSPRREVSEQFF	2
CASSSRGTGELFF	2
CASSSRDSSFRRFF	2
CASSSQRGTSTDTQYF	2
CASSSAGSEQFF	2
CASSSSGDGKNIQYF	2
CASSSRTSGRETQYF	2
CASSSWRAEDDGYTF	2
CASSSDRLPTGELFF	2
CASSSTGSWYTEAFF	2
CASSSPSATSGVVTQYF	2
CASSYLGTYEQYF	2
CASSYLAGLTDTQYF	2
CASSYRGDWNTGELFF	2
CASSLSESSYNEQFF	2
CASSLYEQYF	2
CASSLPGASPEAFF	2
CASSLVREETQYF	2
CASSPPGDQPQHF	2
CASSPGAGGSTGELFF	2
CASSPTAHEQYF	2
CASSPSTDTQYF	2
CASSPPPASGSTDTQYF	2
CASSPRAGRAYNEQFF	2
CASSPGLAGPYEQYF	2
CASSPMSPSFIVAGAEQFF	2
CASSPTGQPIEAFF	2
CASSPWTSPGYEQYF	2
CASSPAAFLFNTEAFF	2
CASSPGLAVTDTQYF	2
CASSPDPYGYTF	2
CASSPTITAGSPLHF	2
CASSPTGSEQYF	2
CASSPWRTDGNTIYF	2
CASSPTTGGAPYNEQFF	2
CASSRGPTMRGYTF	2
CASSRSTGDYGYTF	2
CASSRDRYGYTF	2
CASSRTSDSLYEQYF	2
CASSRQGADSTGELFF	2
CASSRNRVEQFF	2
CASSHSKDREETQYF	2
CASSQSRGLNTEAFF	2
CASSQRGTGVEGYTF	2
CASSQGTSGRELRDTQYF	2
CASSQLSGLVEHEQYF	2
CASSQRASGGAFTYEQYF	2
CASSQRRRNEKLFF	2
CASSQVGSYEQYF	2
CASSQVIGTSWPQHF	2
CASSQAVTADTGELFF	2
CASSQGSGGAYEQYF	2
CASSQGKNIQYF	2
CASSQGSYEQYF	2
CASSQGAGYTF	2
CASSQGGLPITGELFF	2
CASSQDGGGSSYEQYF	2
CASSQDIGKNTGELFF	2
CASSQDTTDTQYF	2
CASSQDLQRVYNEQFF	2
CASSQDVSRYNEQFF	2
CASSQESFWVTGELFF	2
CASSQEAGATYNEQFF	2
CASSVGPSGVYEQYF	2
CASSVDANYGYTF	2
CASSVAPASSYNEQFF	2
CASSVAGLQGPGELFF	2
CASSAGTSGSSDEQFF	2
CASSATGKPFEGYTF	2
CASSADRGTDTQYF	2
CASSGGAGRYEQFF	2
CASSGTGPQYF	2
CASSGQGVPQETQYF	2
CASSDHTTGQGVDEQFF	2
CASSDFYEQYF	2
CASSDPTWNYGYTF	2
CASSDSAKGNTEAFF	2
CASSEGGGLGNEKLFF	2
CASSTRPERQTNTGELFF	2
CASSKGTGGSYEQYF	2
CASSKDRGGSPLHF	2
CASSKMGGELFF	2
CASRLPGLASNEQFF	2
CASRLQGNTEAFF	2
CASRPGTVNQPQHF	2
CASRPGTALGDEQFF	2
CASRPGTGPYGYTF	2
CASRAGTATPYEQYF	2
CASRIQGGETQYF	2
CASRPTGGYTEAFF	2
CASRGPGQSSYNEQFF	2
CASRDGSREEPHYEQFF	2
CASRESGNNEQFF	2
CASRMDNQPQHF	2
CASRTQGINRYEQYF	2
CASNPAIGNGAKNIQYF	2
CASNSGTLPPQYF	2
CASNAGQLRTEAFF	2
CASKSGRARTGELFF	2
CASKNRDSYEQYF	2
CANLQGSNQPQHF	2
CATREGLSLYGYTF	2
CASRRSLALTYEQYF	2
CASGGGNTEAFF	2
CASSLPSGAAGELFF	2
CASSPSGSYEQYF	2
CASSDLAGASETQYF	2
CASSESSGTDTQYF	2
CASSFSGGRSTDTQYF	2
CASSFGLRGPANGYTF	2
CASSLFAGGSDEQYF	2
CASSLSPVGSNQPQHF	2
CASSLWGAGGEQYF	2
CASSLYGETVTGELFF	2
CASSLRQGNEQFF	2
CASSLVGLAGVEQFF	2
CASSLALVGPRDEQFF	2
CASSLGSEQYF	2
CASSLDPNLYEQYF	2
CASSLDGGNTIYF	2
CASSLEPQGFNQPQHF	2
CASSLEGNEQFF	2
CASSLEGDRGQPQHF	2
CASSLMVLTDTQYF	2
CASSLTAANTEAFF	2
CASSLRIGTDTQYF	2
CASSLGGRTEAFF	2
CASSSGEYNSPLHF	2
CASSSDRFHPYEQYF	2
CASSSLVGTGELFF	2
CASSSLRETSYNEQFF	2
CASSSRAGAPSHEQFF	2
CASSWGTSDGETQYF	2
CASSLFSGEQFF	2
CASSLGQGLTTEAFF	2
CASSPGQNPNYGYTF	2
CASSPTSGRAHEQYF	2
CASSPTAGDYEQYF	2
CASSPLAGGLVYNEQFF	2
CASSPGTGESDEQYF	2
CASSPGHQNQPQHF	2
CASSRGTGTPYEQYF	2
CASSHPRGNTEAFF	2
CASSHEDRGGYNEQFF	2
CASSQPGRRNYGYTF	2
CASSQDYGSYNEQFF	2
CASSQFTGTDTQYF	2
CASSQYNRDRERTRFF	2
CASSQLFRLAGKYEQYF	2
CASSQPTSGQETQYF	2
CASSQQLNTEAFF	2
CASSQVSAGLDYEQYF	2
CASSQVRQETYEQYF	2
CASSQVGQGGETQYF	2
CASSQVLGANTEAFF	2
CASSQGVQGPEQFF	2
CASSQGEVEGAYGYTF	2
CASSQGQALYEQYF	2
CASSQDRGTRGGGELFF	2
CASSQDASGSANEQFF	2
CASSQDQFGGYEQYF	2
CASSQETGDSYEQYF	2
CASSQELAGEFYNEQFF	2
CASSAGLVKNTGELFF	2
CASSGTGREQFF	2
CASSGGLLNTEAFF	2
CASSDRISDEQFF	2
CASSEGQGIEKLFF	2
CASSETGPEQYF	2
CASSRDPPGAMNTEAFF	2
CASRLGAANYNEQFF	2
CASRPSQDNYGYTF	2
CASRPDGGRAGETQYF	2
CASRRELATGELFF	2
CASRRERTTGVIYGYTF	2
CASRVGQGVSYGYTF	2
CSPFLDNTEAFF	2
CSVQGSGRAEEQYF	2
CSALEVVMNTEAFF	2
CSAAPDSPLSYEQYF	2
CSAGRGRATEAFF	2
CSAINRRSPNEKLFF	2
CSATGDGEQYF	2
CSASPTNYGYTF	2
CSASDSSNEKLFF	2
CSASQSQPQHF	2
CSASGGSFPNEQFF	2
CSASKSSSISYEQYF	2
CSARGSANYNEQFF	2
CSARDVLVGGYTF	2
CSARETELQYGYTF	2
CSARPGSSGSLFF	2
CSARVGLTRGGYTF	2
CSARVAFHEQYF	2
CSARAGLRGQYF	2
CSARGLAAEYEQYF	2
CSARGLSHTEAFF	2
CSARGDRGYEQYF	2
CSARDFREASGNTIYF	2
CSARDWGGLPNEQFF	2
CSARDLGSAYEQYF	2
CSARDPTGGGLGEKLFF	2
CSAREGANTPQPQHF	2
CSAREGTGGYTF	2
CSARIIKTATNEKLFF	2
CSAKAGGSYNEQFF	2
CSARRPSYNEQFF	2
CSADRGLAYEQYF	2
CSATGRGITEAFF	2
CSATNGAGDSGTEAFF	2
CSAKQGSGTEAFF	2
CSASARGVSYEQYF	2
CSAPGLAAKHIQYF	2
CSAQVYNEQFF	2
CSADGTPKNIQYF	2
CSDRQGADGYGYTF	2
CSTRTGPNQPQHF	2
CSPPWDDGYTF	2
CSPSQNEKLFF	2
CSVYETSSETQYF	2
CSVLLAGGIHSTDTQYF	2
CSVGRKAGELFF	2
CSVGAGQVKGGTDTQYF	2
CSVEATSGNTDTQYF	2
CSVEGTDYGYTF	2
CSVEGSPSGGYTF	2
CSVEDQYWGEGYGYTF	2
CSVGAALEQFF	2
CSVTGTGSPGELFF	2
CSAQWVMNTEAFF	2
CSITSTAYEQYF	2
CSVNYGYTF	1
CVTWTASYSNQPQHF	1
CAPPYGSYNSPLHF	1
CASGLISGGNTGELFF	1
CASGLSGGSIPFF	1
CASGSQGSRLHF	1
CASGWGTGLTEAFF	1
CASSLETSGSNEQFF	1
CASRGGNYGYTF	1
CAWIRHSGNTIYF	1
CAWSSGGDQPQHF	1
CAWSAPSGANVLTF	1
CAWSGDMEKLFF	1
CAVKSCTEAFF	1
CAARGGGYNSPLHF	1
CAAGGLGGTDTQYF	1
CAAGRGTVQPQHF	1
CAGRGASGNTIYF	1
CAISAGQLNQPQHF	1
CAISGQTENYGYTF	1
CAISGIGYNEQFF	1
CAISGTDSYNEQFF	1
CAISDRQPNTEAFF	1
CAISDVTEAFF	1
CAISDLSTNEKLFF	1
CAISDQGQWNYGYTF	1
CAISESLTGGLYGYTF	1
CAISESEGGWRGLDQPQHF	1
CAISESEDSGNTIYF	1
CAISESTRTTEAFF	1
CAISESGTENTEAFF	1
CAISEWLQGPFSYEQYF	1
CAISEGMDGYTF	1
CAISEGQHYGYTF	1
CAISEDGRFEAFF	1
CAISEFGTGNTIYF	1
CAISEKPGYGYTF	1
CAISTDTANYGYTF	1
CAISDSTLKRTLHF	1
CAISRSTEAFF	1
CAIRAGFWGQPQHF	1
CAIRGGQSEAFF	1
CAIRDLRGSGNTIYF	1
CAIRDRGFSTEAFF	1
CAIRDRDYGYTF	1
CAIREQGLSHEQYF	1
CAIKSGTGWTEAFF	1
CAIKPRDRELDGYTF	1
CAIDPELGATDTQYF	1
CAIKGDNQPQHF	1
CATGQDSYGYTF	1
CATSSQLNEKLFF	1
CATLFRFEPNYGYTF	1
CATLNRGGTEAFF	1
CATPTISGNTIYF	1
CATGLGSQAFF	1
CATGGTSGRLNTGELFF	1
CATGPSEYYNEQFF	1
CATTGLEGSPLHF	1
CATSLTGAPNQPQHF	1
CATSLAGSTDTQYF	1
CATSVISGRTDTQYF	1
CATSAVSGANTGELFF	1
CATSDFGAGPQHF	1
CATSDLRGGYTF	1
CATSDLRRETQYF	1
CATSDLEDQPQHF	1
CATSDSGPGQGSYNEQFF	1
CATSDSDSNTEAFF	1
CATSDYTGDGYTF	1
CATSDLKEKLFF	1
CATSDPSDSTAEAFF	1
CATSDPNTQETQYF	1
CATSDRGTEAFF	1
CATSDGGEAFF	1
CATSDGDFDQPQHF	1
CATSDTTGGGNQPQHF	1
CATSDTQAPYGYTF	1
CATSDSDPARSYGYTF	1
CATSDPGTVNYGYTF	1
CATSDRRDGNTIYF	1
CATSEPGPRSRDEQFF	1
CATSEGFRDYGYTF	1
CATSSRPSTEAFF	1
CATSYGTGRSQETQYF	1
CATSPRTGASNQPQHF	1
CATSPLAGAYNEQFF	1
CATSGVSRTDPYGYTF	1
CATSDSLSYEQYF	1
CATSSRDRAQNTEAFF	1
CATSSSLVGGEKLFF	1
CATSRSGQGVTEAFF	1
CATSRVNGELFF	1
CATSRAGTVGEKLFF	1
CATSRGDSAAYEQYF	1
CATSRTGTGDQPQHF	1
CATSRQGSETQYF	1
CATSRVDKGGYTF	1
CATSRVGGMNTEAFF	1
CATSRAQAEKLFF	1
CATSRAGGAYGYTF	1
CATSRGDSPLGYTF	1
CATSRGGRGDEKLFF	1
CATSRDLGTGNTIYF	1
CATSRDLPQDRHGYTF	1
CATSRDLAASGNTIYF	1
CATSRDPSTGINYGYTF	1
CATSRDPGIRNQPQHF	1
CATSRDRTSNEKLFF	1
CATSRDMNQPQHF	1
CATSRDPTGGGTFGEQFF	1
CATSRDKQVSGNTIYF	1
CATSRERVHGETQYF	1
CATSREWAGVDGYTF	1
CATSRTRDSSYNEQFF	1
CATSRTDRVEAFF	1
CATSKAPVVYEQFF	1
CATRETGINYGYTF	1
CATGLAGVVEQYF	1
CASWVVDGNEKLFF	1
CASYAGGLEQFF	1
CASAWDSNQPQHF	1
CASATSGSYEQYF	1
CASAKGSGADTEAFF	1
CASGVGGNPEAFF	1
CASDRQQGGELFF	1
CASDIYNEQFF	1
CASIWTGYADAEAFF	1
CASMSEVYEQYF	1
CASTDRGEQPQHF	1
CASTTGQGVYQPQHF	1
CASSPYRGNQPQHF	1
CASSPRAATNEKLFF	1
CASSPRDRANTGELFF	1
CASSRNYNEQFF	1
CASSQSHGSVYNEQFF	1
CASSISGGREAFF	1
CASSIWPSYEQYF	1
CASSIPDYNIQYF	1
CASSIRDRNTEAFF	1
CASSMTGDYGYTF	1
CASSIVSRQGYGYTF	1
CASSIGARYSNQPQHF	1
CASSITGNMNTEAFF	1
CASSPYSNQPQHF	1
CASREDRNQPQHF	1
CASRPRTGSLNTEAFF	1
CASRRQGRNYGYTF	1
CASFRRRGVWEKLFF	1
CASSWDIGRPQHF	1
CASSPGQGEAFF	1
CASSPDRPDGSPLHF	1
CASSPTRQGLTGELFF	1
CASSGVADYSNQPQHF	1
CASSGSYTEAFF	1
CASSSGQGAYEQYF	1
CASSLNTNTEAFF	1
CASSPSGTGIYEQYF	1
CASSPRRKGTANEKLFF	1
CASSPQGQGEKLFF	1
CASSPDYFPGEQYF	1
CASSPTVMGVYTEAFF	1
CASSPPGDQPQHF	1
CASSPVWGRDTEAFF	1
CASSPSRGAMNTEAFF	1
CASSPLKAGGGRSSYEQYF	1
CASSPPGQRLEKLFF	1
CASSPGRGNTEAFF	1
CASSPGGAQPQHF	1
CASSPGQATTNEKLFF	1
CASSPILAGLDEQYF	1
CASSPFKGDNYGYTF	1
CASSPLGLPADYEQYF	1
CASSPLGGRGGSTDTQYF	1
CASSPPNQPQHF	1
CASSPPVTWRHNEQFF	1
CASSPPGGSNQPQHF	1
CASSPPDSNYGYTF	1
CASSPPSRLNGYTF	1
CASSPPRTATRREKLFF	1
CASSPRQTYEQYF	1
CASSPVVNNEQFF	1
CASSPGTVPGYTF	1
CASSPIGANYGYTF	1
CASSPIGTGDQPQHF	1
CASSPTGTVNQPQHF	1
CASSPRDEQYF	1
CASSRQGGSNQPQHF	1
CASSREAGQASGQPQHF	1
CASSRRDSYNEQFF	1
CASCSAGAPYNEQFF	1
CASCAATDTQYF	1
CASLGTSYEQYF	1
CASLTDRLSYEQYF	1
CASLQGNTEAFF	1
CASPGQSYEQYF	1
CASRFPLVNTEAFF	1
CASRTVNNSPLHF	1
CASRSSGDYNEQFF	1
CASRGDGGTEAFF	1
CASRTGDYGYTF	1
CASRIF	1
CASHPGRVRDTQYF	1
CASHGQYNQPQHF	1
CASHDGGRQYTF	1
CASHLRGFRNQPQHF	1
CASHRDSLSYEQYF	1
CASHTVGYGYTF	1
CASQTGFNQPQHF	1
CASQRQGTEAFF	1
CASVGGSTEAFF	1
CASVTGNYGYTF	1
CASVIGANTEAFF	1
CASATGEDIQYF	1
CASARGRYGYTF	1
CASALQGVSNQPQHF	1
CASAVGGDFSYEQYF	1
CASAAESANYGYTF	1
CASADRGRTDTQYF	1
CASATDRVYGYTF	1
CASGSGPSQPQHF	1
CASGEGARQPQHF	1
CASGPGQLNQPQHF	1
CASGRGTSWETQYF	1
CASGREPYTEAFF	1
CASGQNEQFF	1
CASGVFSYNEQFF	1
CASGFADRLNSPLHF	1
CASGWDSPLHF	1
CASGENRGPYEQYF	1
CASGRGASTDTQYF	1
CASGHPNQPQHF	1
CASGQVNTEAFF	1
CASDGQRTEAFF	1
CASEDKYSNQPQHF	1
CASETPGAYSNQPQHF	1
CASISGGLNEKLFF	1
CASIPRTGVNYGYTF	1
CASISVPRWVRSPLHF	1
CASISPSGSGNTIYF	1
CASIPGGAGLNQPQHF	1
CASMTRGGPKQYF	1
CASMKGGSVHNEQFF	1
CASITTGAVLRF	1
CASTLPGTLNQPQHF	1
CASTRGGQAYF	1
CASTTSGNTIYF	1
CASTKGAGSNQPQHF	1
CASTLGGQQAFF	1
CASTSIGQTNTEAFF	1
CASTSRGNQPQHF	1
CASTWRGEKLFF	1
CASTYPGGSLFF	1
CASTLRTILNTEAFF	1
CASTPGQGSYNSPLHF	1
CASTPTGFDEKLFF	1
CASTPLGGGAYNEQFF	1
CASTPRRGGNQPQHF	1
CASTRTQQETQYF	1
CASTRRGTTNEKLFF	1
CASTQGMRNTEAFF	1
CASTQDGRNSPLHF	1
CASTQPQGSFYGYTF	1
CASTVDRGYGYTF	1
CASTVTGNQPQHF	1
CASTAGTAYQPQHF	1
CASTAEPFQPQHF	1
CASTAPGTYSGNTIYF	1
CASTGQVYGYTF	1
CASTDGWSVGPKNEQFF	1
CASTEGKGQYNSPLHF	1
CASTILQGSNQPQHF	1
CASTMAQGREQYF	1
CASTTLVGQPQHF	1
CASTTLETGTGNTIYF	1
CASTTNRGAGNTIYF	1
CASTTGNGNTIYF	1
CASTSPGRDYGYTF	1
CASTKPGYGYTF	1
CASTKVIWTTLSGNTIYF	1
CASTKGGSPLHF	1
CASTDNYGYTF	1
CASTDLMNTEAFF	1
CASTTGTPYEQYF	1
CASTKTPEQNTEAFF	1
CASTSTGLNEKLFF	1
CASTPGDGGTSPLHF	1
CASTGVTGYTF	1
CASTDYEAYNEQFF	1
CASSFLTGGLSQPQHF	1
CASSFSGTGEFLILEKLFF	1
CASSFSGGSYNEQFF	1
CASSFSRNTEAFF	1
CASSFPNSNTEAFF	1
CASSFRDYISTDTQYF	1
CASSFQGAENTEAFF	1
CASSFALAGVQPQHF	1
CASSFARRSATNEKLFF	1
CASSFGAEAFF	1
CASSFGGEEQYF	1
CASSFGGPYGYTF	1
CASSFGGYNQPQHF	1
CASSFDFNQPQHF	1
CASSFIVEGNTIYF	1
CASSFTQLSSGNTIYF	1
CASSFTGAPYGYTF	1
CASSFRQGYEKLFF	1
CASSFRGEKLFF	1
CASSFRGTRAAFF	1
CASSFNVGARVQPQHF	1
CASSFKWSYEQYF	1
CASSFFRGTTNEKLFF	1
CASSFSPGSGRYEQYF	1
CASSFLGGVGTEAFF	1
CASSFLGTGKDTEAFF	1
CASSFPGAPYGYTF	1
CASSFPTGQMNQPQHF	1
CASSFPLNGGTYEQYF	1
CASSFPPGGETSGYTF	1
CASSFPGQGTLRGEKLFF	1
CASSFPAGGTDTQYF	1
CASSFRATSYLSTNEKLFF	1
CASSFRGWGTGELFF	1
CASSFRPGANEKLFF	1
CASSFRQGANYGYTF	1
CASSFHGYTF	1
CASSFQVSNQPQHF	1
CASSFQGYNEQFF	1
CASSFVETQYF	1
CASSFVNRANTEAFF	1
CASSFAGGPLEQYF	1
CASSFAGYFTEAFF	1
CASSFGVWDTQYF	1
CASSFGGLGTEAFF	1
CASSFGLDSIAGYTF	1
CASSFGQSRYNEQFF	1
CASSFDRRYSNQPQHF	1
CASSFTSGLSPLHF	1
CASSFRTSYNEQFF	1
CASSFKGGLYGYTF	1
CASSLSAGLGEKLFF	1
CASSLPYWANTEAFF	1
CASSLPLVGTSPLHF	1
CASSLVGTGIGQPQHF	1
CASSLADYNYGYTF	1
CASSLGYQPQHF	1
CASSLGGRAYGYTF	1
CASSLGTYGYTF	1
CASSLGWDYGYTF	1
CASSLGYNQPQHF	1
CASSLGQSYGYTF	1
CASSLDSAVQYF	1
CASSLDRRGKPQHF	1
CASSLETSGRKETQYF	1
CASSLTRGGNEQFF	1
CASSLTVYQPQHF	1
CASSLTGVHGYTF	1
CASSLTGGTGYTF	1
CASSLTGTYEQYF	1
CASSLSPRTGDQPQHF	1
CASSLSGSSYNEQFF	1
CASSLRQGAAQPQHF	1
CASSLFPRLMNTEAFF	1
CASSLFGTSGRHEQYF	1
CASSLFSYGYTF	1
CASSLFAGGGSNQPQHF	1
CASSLFGGNTEAFF	1
CASSLLGRSNQPQHF	1
CASSLLLGMNTEAFF	1
CASSLSLPGAADTQYF	1
CASSLSPSYEQYF	1
CASSLSAGGNQPQHF	1
CASSLSGAGVPLHF	1
CASSLSIGTGAFGNTIYF	1
CASSLSPGFQEKLFF	1
CASSLSRGQSGYTF	1
CASSLSGGPNQPQHF	1
CASSLSISAGWAFF	1
CASSLSTEAFF	1
CASSLWAPQRNTEAFF	1
CASSLWGRGQSNQPQHF	1
CASSLYLTSGRSEQYF	1
CASSLYSGGERSPLHF	1
CASSLYPDNQPQHF	1
CASSLYGGPGEQFF	1
CASSLYEDRAGYGYTF	1
CASSLYPGRDGYTF	1
CASSLYRDGEKLFF	1
CASSLLGRISGNTIYF	1
CASSLLARTGNTIYF	1
CASSLLGPQAFF	1
CASSLPGANSPLHF	1
CASSLPNQPQHF	1
CASSLRARLDSPLHF	1
CASSLRHSNQPQHF	1
CASSLRVSQPQHF	1
CASSLRTEPNTIYF	1
CASSLHRDSGGGAFF	1
CASSLQDYGYTF	1
CASSLQDGTGVTYEQYF	1
CASSLQRVQGEELFF	1
CASSLVAFEQYF	1
CASSLVNPKARENNYGYTF	1
CASSLAYQPQHF	1
CASSLARTAGNTIYF	1
CASSLAGQGYGYTF	1
CASSLAGGQGHGYTF	1
CASSLGHGGQGSYEQYF	1
CASSLGINYGYTF	1
CASSLGQINQPQHF	1
CASSLGGTEAFF	1
CASSLGTGLDQPQHF	1
CASSLGQGFVGSPLHF	1
CASSLDLGGKEAFF	1
CASSLDQGSPLHF	1
CASSLDGSVNYGYTF	1
CASSLDRVGEKLFF	1
CASSLEAYTEAFF	1
CASSLEGLAGGTTGELFF	1
CASSLESNSPLHF	1
CASSLEAGMNTEAFF	1
CASSLITGGVETQYF	1
CASSLMGGNTEAFF	1
CASSLTTKEKLFF	1
CASSLTPYGNTIYF	1
CASSLTRAYSPLHF	1
CASSLTVSYEQYF	1
CASSLTGSSYEQYF	1
CASSLRPGLYSPLHF	1
CASSLRYSGGLLHF	1
CASSLNLGNTEAFF	1
CASSLNEGHSPLHF	1
CASSLNSLSNQPQHF	1
CASSSFQGTGRRHGYTF	1
CASSSWVGGNTHNEQFF	1
CASSSLNQPQHF	1
CASSSLRRGRRNSPLHF	1
CASSSPRGRSNQPQHF	1
CASSSPQPQHF	1
CASSSQSSGRSPDTQYF	1
CASSSQGFYGYTF	1
CASSSQDRGVPQHF	1
CASSSGRGGQPQHF	1
CASSSGGTGNTIYF	1
CASSSEGTIPDTQYF	1
CASSSSGRLTDTQYF	1
CASSSRVVNTEAFF	1
CASSSRDRAGAQPQHF	1
CASSSLAKRGLNYGYTF	1
CASSSLQSSYNEQFF	1
CASSSSQLGAQHF	1
CASSSSNSPLHF	1
CASSSPALSTSLTYEQYF	1
CASSSPTRGYTF	1
CASSSPFEQYF	1
CASSSPPGRNTEAFF	1
CASSSPDSTDTQYF	1
CASSSAPDSGNTIYF	1
CASSSGTTRGGYTF	1
CASSSGTTERLGYTF	1
CASSSGLNYGYTF	1
CASSSGQGYNEKLFF	1
CASSSDGNQPQHF	1
CASSSTGLRAFF	1
CASSSRGGYGYTF	1
CASSSSGLSAYEQYF	1
CASSSPSSTGVNTEAFF	1
CASSSVSDTQYF	1
CASSSGLPDSGNTIYF	1
CASSSDRAEAFF	1
CASSSTANYGYTF	1
CASSSFPRNTIYF	1
CASSSPSTGTNSPLHF	1
CASSSPYGVAETQYF	1
CASSSPGYTEAFF	1
CASSSPGTVNTEAFF	1
CASSSRTQGPQHF	1
CASSSASSYNSPLHF	1
CASSSGYTGELFF	1
CASSSDGPPFNGYTF	1
CASSWLAGASSYNEQFF	1
CASSWGLDYEAFF	1
CASSWGNTEAFF	1
CASSWGQTGTEAFF	1
CASSWDFNYGYTF	1
CASSWTAAPGAQYF	1
CASSWRGGSPLHF	1
CASSYLQGSQPQHF	1
CASSYSDARGELFF	1
CASSYSLTSGIYEQYF	1
CASSYSATNEKLFF	1
CASSYYIGTSGPANEQFF	1
CASSYPPRNSNQPQHF	1
CASSYGGGDGYTF	1
CASSYTGTPNTEAFF	1
CASSYFRDTYFYGYTF	1
CASSYFNPGHSNYGYTF	1
CASSYLVAAEAFF	1
CASSYSGTNYGYTF	1
CASSYSRAGELFF	1
CASSYSPRVTNEKLFF	1
CASSYSGSRNTEAFF	1
CASSYSGTGSAQHF	1
CASSYSGQVLGHEQFF	1
CASSYSEGLLNYGYTF	1
CASSYSSGYTF	1
CASSYSSTHSNQPQHF	1
CASSYSRSYNEQFF	1
CASSYSGGKTEAFF	1
CASSYSGNEAFF	1
CASSYSRTPQRGYTF	1
CASSYSRGLNTEAFF	1
CASSYSWNTEAFF	1
CASSYSGRSEEKLFF	1
CASSYYPRVDEKLFF	1
CASSYYGDTEAFF	1
CASSYLSSPGQGAFGYTF	1
CASSYLRDGPFGNTGELFF	1
CASSYLTGTGISPLHF	1
CASSYLAGADTQYF	1
CASSYPGRISGNTIYF	1
CASSYPGPGNTEAFF	1
CASSYPEQGMNTEAFF	1
CASSYPNEQYF	1
CASSYRAGGYGYTF	1
CASSYRDGNQPQHF	1
CASSYREIYGYTF	1
CASSYQWNGQYF	1
CASSYQYPGQGFSPLHF	1
CASSYQAPTGSGYTF	1
CASSYQDRINEKLFF	1
CASSYVPLESNQPQHF	1
CASSYVQSAEAFF	1
CASSYAGAEWNTEAFF	1
CASSYAGTGGSPLHF	1
CASSYAGGDGYTF	1
CASSYGSGGYNEQFF	1
CASSYGGYSYNEQFF	1
CASSYGQGPTDTQYF	1
CASSYGQGSIAEAFF	1
CASSYGAPAYYEQYF	1
CASSYGGIGGYTF	1
CASSYGESSLHF	1
CASSYGRGINYGYTF	1
CASSYGGGNQPQHF	1
CASSYDRLAGVNTGELFF	1
CASSYDSMSSPLHF	1
CASSYDSFNEKLFF	1
CASSYEGVDGYTF	1
CASSYISTGNTEAFF	1
CASSYTQNTEAFF	1
CASSYSVFQETQYF	1
CASSYSMNTEAFF	1
CASSYSNNQPQHF	1
CASSYRGVPGNEQFF	1
CASSLRQRYGYTF	1
CASSLSEDTEAFF	1
CASSLSGLGTEAFF	1
CASSLRDSPGNTIYF	1
CASSLHRAGDTEAFF	1
CASSLSDYNSPLHF	1
CASSLRTGGNEKLFF	1
CASSLALAGAYNEQFF	1
CASSLDGLNTEAFF	1
CASSLRPLAYEQYF	1
CASSPPGLGAEEQFF	1
CASSPRGAQGGYGYTF	1
CASSPRDRLTTEAFF	1
CASSPQGDPGPYGYTF	1
CASSPVQRQLAKNIQYF	1
CASSPDSYSYEQYF	1
CASSPNGQGWNEQFF	1
CASSPSTEAFF	1
CASSPWGRENSPLHF	1
CASSPLVVGNTYEQYF	1
CASSPRALMGGSTDTQYF	1
CASSPRRGDGYTF	1
CASSPRVESNQPQHF	1
CASSPRTIGSRYGYTF	1
CASSPHGQQETQYF	1
CASSPVRAPDYGYTF	1
CASSPGSSGNTIYF	1
CASSPGTAISEKLFF	1
CASSPGTGSHF	1
CASSPGTGAITIYF	1
CASSPGNYGYTF	1
CASSPGYGYTF	1
CASSPEGAQVHSPLHF	1
CASSPEGLQEKLFF	1
CASSPMRTGRSGNTIYF	1
CASSPIPEGNTEAFF	1
CASSPRTGQGYTF	1
CASSPNSATNEKLFF	1
CASSPLILDTQYF	1
CASSPLYTEAFF	1
CASSPGFNQPQHF	1
CASSPGPNTEAFF	1
CASSPTSGFTGELFF	1
CASSPTVKYSSNYGYTF	1
CASSPSATVILYGYTF	1
CASSPRRDPTEAFF	1
CASSPRRQGPEAFF	1
CASSPQGSEAFF	1
CASSPATNEKLFF	1
CASSPGGWNTEAFF	1
CASSPIDRGPTNEKLFF	1
CASSPTEGSYNSPLHF	1
CASSRQGARAFF	1
CASSRTGEDGEAFF	1
CASSRPGYGGYTF	1
CASSRQGGNQPQHF	1
CASSRGAGRPLGEQFF	1
CASSRGLNTEAFF	1
CASSRGIQETQYF	1
CASSRDRGTNEKLFF	1
CASSRDRGNSPLHF	1
CASSREAPYEQFF	1
CASSRTGYNYGYTF	1
CASSRQGLTEAFF	1
CASSHLPNGQGRYGYTF	1
CASSHGTEAFF	1
CASSHTGGTYNEQFF	1
CASSQSRDRVGYTEAFF	1
CASSQQAYTEAFF	1
CASSQGAPPQPQHF	1
CASSQGGEAFF	1
CASSQLGYGYTF	1
CASSQRSIKTNEKLFF	1
CASSQGGDQPQHF	1
CASSQGRTDNEQFF	1
CASSQGSQGGNQPQHF	1
CASSQTFQGSNQPQHF	1
CASSQTVNTGELFF	1
CASSQRQGPMNTEAFF	1
CASSVRDRVSNTEAFF	1
CASSVRSGYTF	1
CASSVGQGSNQPQHF	1
CASSVQSVPIYF	1
CASSVTGSGNTIYF	1
CASSVETQYF	1
CASSVGGTGYYGYTF	1
CASSAGQGGVSPLHF	1
CASSAYGVYGYTF	1
CASSAPGFGYTF	1
CASSARGGRGGMYEQYF	1
CASSAGASGRYYNEQFF	1
CASSANPSEQFNQPQHF	1
CASSAREVEQFF	1
CASSAGQLNEKLFF	1
CASSATGGTDTQYF	1
CASSAPSGPYSNQPQHF	1
CASSAPWTGPNEKLFF	1
CASSAGSYEQYF	1
CASSAGANEKLFF	1
CASSADGYSNQPQHF	1
CASSGQAGGYGYTF	1
CASSGGREETQYF	1
CASSGEHQPQHF	1
CASSGVISTDTQYF	1
CASSGTGLNQPQHF	1
CASSGTGGNSPLHF	1
CASSGLADTQYF	1
CASSGLQGAISGYTF	1
CASSGQYSNQPQHF	1
CASSGQGLHTEAFF	1
CASSGVRYNEQFF	1
CASSGNSGADTQYF	1
CASSDWGDAEAFF	1
CASSDLNEQYF	1
CASSDLELAYSNQPQHF	1
CASSDQWNTEAFF	1
CASSDGQGGNSPLHF	1
CASSDPHITGGRLNTEAFF	1
CASSDGHLTEAFF	1
CASSDGGIPGNTIYF	1
CASSDDSNEQFF	1
CASSDSEEAYNEQFF	1
CASSDRADEKLFF	1
CASSDRYYGYTF	1
CASSEWAVSQPQHF	1
CASSELRRGGYTF	1
CASSEVGENEQFF	1
CASSEDYGYTF	1
CASSEMVDYGYTF	1
CASSEFAGLSNQPQHF	1
CASSELQGGNTEAFF	1
CASSESGTGGTDTQYF	1
CASSEPGTLEAFF	1
CASSERQGRNQPQHF	1
CASSEVMTVINQPQHF	1
CASSEVGGHGGSPQHF	1
CASSEAPTGGHGYTF	1
CASSEAYGISNYGYTF	1
CASSEALLPRSDTQYF	1
CASSEARVQPQHF	1
CASSEDRGTEAFF	1
CASSEESISTEAFF	1
CASSEEGPNVQPQHF	1
CASSEREDQPQHF	1
CASSEKDRGLEGYTF	1
CASSISMNTEAFF	1
CASSILYEQYF	1
CASSIRQGNQPQHF	1
CASSIQGAGNQPQHF	1
CASSTDSGNTIYF	1
CASSTPDRDGAAFF	1
CASSTGGPGREKLFF	1
CASSTGLAGYNEQFF	1
CASSTTWIEQFF	1
CASSTTGTENYGYTF	1
CASSSPPLTTEAFF	1
CASSSNSNQPQHF	1
CASSRWRNYGYTF	1
CASSRHDLGDTEAFF	1
CASSRIQGRAEAFF	1
CASSRLAALYNEQFF	1
CASSNSGTGGSGNQPQHF	1
CASSNRGPTEAFF	1
CASSKGYESSYEQYF	1
CASSKGAGQNQPQHF	1
CASSKDSGNTEAFF	1
CASSKTLMNTEAFF	1
CASSKRGTGNQPQHF	1
CASSKRQGAVAAFF	1
CASSKAGYYGGYTF	1
CASSKEGANSPLHF	1
CASSKRTNEKLFF	1
CASSFFGQGTEKLFF	1
CASSFSRGPDTQYF	1
CASSFSTGFEGDTEAFF	1
CASSFWGDTEAFF	1
CASSFWEAGYTF	1
CASSFYGTASGNTIYF	1
CASSFYSLGNQPQHF	1
CASSFPDNYGYTF	1
CASSFRPMTAGYNSPLHF	1
CASSFHNEQFF	1
CASSFVTWGGNSPLHF	1
CASSFAGEPVPSGYTF	1
CASSFAGVNTEAFF	1
CASSFGALRYEQYF	1
CASSFGGGYNSPLHF	1
CASSFGPGGVYEQYF	1
CASSFGGREEKLFF	1
CASSFGRSTDTQYF	1
CASSFGGVTEAFF	1
CASSFDQGSSTNEKLFF	1
CASSFEHNEQFF	1
CASSFIGAEAFF	1
CASSFIDRNNSPLHF	1
CASSFMDEKLFF	1
CASSFTGGAGPEAFF	1
CASSFSPRRGHNYGYTF	1
CASSFRGRWGEQFF	1
CASSFFSSGNTIYF	1
CASSFSGQGDYEQYF	1
CASSFSGQGNQPQHF	1
CASSFRDRETQYF	1
CASSFQGYQPQHF	1
CASSFQNGYTF	1
CASSFVNGDRINSPLHF	1
CASSFAGGADQPQHF	1
CASSFGGSWGGPQHF	1
CASSFGRLNTEAFF	1
CASSFDSPPEAFF	1
CASSLFGHGNYGYTF	1
CASSLFGAGQPQHF	1
CASSLSDSFHYGYTF	1
CASSLSGESGYTF	1
CASSLLWGARYGYTF	1
CASSLPGLGNQPQHF	1
CASSLRTGRSGNTIYF	1
CASSLQGQYSGNTIYF	1
CASSLQGASSQPQHF	1
CASSLVLGGLGTEAFF	1
CASSLVATGGYEKLFF	1
CASSLVAGSGELFF	1
CASSLAPGRSPLHF	1
CASSLAHSWNYGYTF	1
CASSLAGFYGYTF	1
CASSLASRAAPEAFF	1
CASSLAGGIYEQYF	1
CASSLGLNTEAFF	1
CASSLGGLNTEAFF	1
CASSLGDSPYGYTF	1
CASSLGPGDGYTF	1
CASSLGQGHAFF	1
CASSLGQRSSPLHF	1
CASSLGGGEQFF	1
CASSLDSAGPYGYTF	1
CASSLDLRRLASTDTQYF	1
CASSLDRISYNEQFF	1
CASSLEAGWGNTIYF	1
CASSLEGADEKLFF	1
CASSLEGENTIYF	1
CASSLELGLTTGELFF	1
CASSLERRSNYGYTF	1
CASSLIMLNTEAFF	1
CASSLIPQTGSYEQYF	1
CASSLTSGMRETQYF	1
CASSLTRAVNEKLFF	1
CASSLTANYGYTF	1
CASSLTVRGTEAFF	1
CASSLTAYSGNTIYF	1
CASSLTGGNTIYF	1
CASSLTDMNTEAFF	1
CASSLRSNTEAFF	1
CASSLRAGVDNEQFF	1
CASSLNRNEKLFF	1
CASSLNRLKEGYTF	1
CASSLFGAGDTEAFF	1
CASSLLRDRGSPLHF	1
CASSLLRSKETQYF	1
CASSLLGGAGELFF	1
CASSLLEQGTEAFF	1
CASSLSPPGYSEKLFF	1
CASSLSMMRTDTQYF	1
CASSLSAGVAEAFF	1
CASSLSGVGYGYTF	1
CASSLYNEQFF	1
CASSLYPFEPQHF	1
CASSLLGVNTEAFF	1
CASSLLRTGRGEAFF	1
CASSLPAQGDMGLEQYF	1
CASSLPGGETQYF	1
CASSLPTSLPNEQFF	1
CASSLPRAQHF	1
CASSLPGPGYGYTF	1
CASSLPGARYEKLFF	1
CASSLRVTANTEAFF	1
CASSLRTSGKSGEQFF	1
CASSLRASGNSEETQYF	1
CASSLRNLDAFF	1
CASSLRQGSYNEQFF	1
CASSLHESSYNSPLHF	1
CASSLHGSYEQYF	1
CASSLQGGGNTIYF	1
CASSLQGAKNIQYF	1
CASSLQGPLNTIYF	1
CASSLQGPGNTIYF	1
CASSLQGITNEKLFF	1
CASSLQVGGSTDTQYF	1
CASSLVSGGDSPLHF	1
CASSLVSEYYGYTF	1
CASSLVGTEAFF	1
CASSLVGGLNNSPLHF	1
CASSLVEWGGKEQFF	1
CASSLVRDRMNTEAFF	1
CASSLVGNYGYTF	1
CASSLVGTRAFTDTQYF	1
CASSLVLAGGSSSYEQYF	1
CASSLVAVRAEAFF	1
CASSLVGDQPQHF	1
CASSLVGTELGSPLHF	1
CASSLVASGLGTEAFF	1
CASSLVAGLHEQFF	1
CASSLVGRRNTEAFF	1
CASSLVGPGGYINTLEQYF	1
CASSLVGTEQFF	1
CASSLVSGQPRGGYTF	1
CASSLAPEYEQYF	1
CASSLAPGLTGNTIYF	1
CASSLAGGTEAFF	1
CASSLASGTGGTEAFF	1
CASSLARSMNTEAFF	1
CASSLAQTALNYGYTF	1
CASSLASTSSHNEQFF	1
CASSLAWGGNTQYF	1
CASSLAPQGREEKLFF	1
CASSLAAWDAGYGYTF	1
CASSLAASTDTQYF	1
CASSLAGLYNEQFF	1
CASSLAGGRNEKLFF	1
CASSLGGTGELFF	1
CASSLGTVQHF	1
CASSLGTGPYYEQYF	1
CASSLGLGRRVGQPQHF	1
CASSLGASREKLFF	1
CASSLGGSARETQYF	1
CASSLGYGDQPQHF	1
CASSLGVESYEQYF	1
CASSLGASGRSYNEQFF	1
CASSLGAAGPEAFF	1
CASSLGAGDGYTF	1
CASSLGAEGYTF	1
CASSLGGSTKAFF	1
CASSLGGQQIF	1
CASSLGGTSANEQFF	1
CASSLGGQGYGYTF	1
CASSLGEPGNTIYF	1
CASSLGTGYGYTF	1
CASSLGTGDYGYTF	1
CASSLGSPSNEQFF	1
CASSLGRLGGDTEAFF	1
CASSLGRGGQPQHF	1
CASSLGSPGFLYGYTF	1
CASSLGLAGMGEQFF	1
CASSLGGRDYEQYF	1
CASSLGGSPLHF	1
CASSLGGAGNTIYF	1
CASSLGEGLNTEAFF	1
CASSLGIGTFSSYEQYF	1
CASSLDSGGYYGYTF	1
CASSLDPQDRGSALFF	1
CASSLDRGPQHF	1
CASSLDGQSPNEKLFF	1
CASSLDGGGEVYGYTF	1
CASSLDWKVSSGNTIYF	1
CASSLDQTLAAHF	1
CASSLDAQGNSGYTF	1
CASSLDGQGGEKLFF	1
CASSLEGFGEKLFF	1
CASSLEGIPPQYF	1
CASSLEGPGGGPQHF	1
CASSLEGQRYEQYF	1
CASSLETGATEAFF	1
CASSLERTARGNTIYF	1
CASSLEGGQGYGYTF	1
CASSLEGISQFF	1
CASSLEEIFENTEAFF	1
CASSLIEVGNTEAFF	1
CASSLMAVKNEQFF	1
CASSLIWQGNFEAFF	1
CASSLTRNTEAFF	1
CASSLTLGPGYTF	1
CASSLTGGETQYF	1
CASSLTGDTGNTIYF	1
CASSLTARSSGNTIYF	1
CASSLTGRVNYVDAEAFF	1
CASSLTGGTEAFF	1
CASSLTLLLGEQFF	1
CASSLTRTENYGYTF	1
CASSLTGQVNSPLHF	1
CASSLSRHTDTQYF	1
CASSLSGTGRQPQHF	1
CASSLRPPTDTQYF	1
CASSLRGSYNEQFF	1
CASSLRKSLNTEAFF	1
CASSLNAGLTEAFF	1
CASSLNGHYGYTF	1
CASSLNRNEAFF	1
CASSLNHRDTEAFF	1
CASSLNRGAEAFF	1
CASSLKSTGGTEAFF	1
CASSLKVQGIPGELFF	1
CASSSRQGRDSPLHF	1
CASSSDRVSNEQYF	1
CASSSTRRKFNSYEQYF	1
CASSSSRTRSNYGYTF	1
CASSSYNGGNEKLFF	1
CASSSLRLWKAFF	1
CASSSLAGVLYEQYF	1
CASSSLGDYRTDTQYF	1
CASSSPPEGGGYTF	1
CASSSPRRDYGYTF	1
CASSSRAGSSSGNTIYF	1
CASSSRTGGNSYEQYF	1
CASSSRPEGSGNTIYF	1
CASSSVLGVQHF	1
CASSSASWDRQNTEAFF	1
CASSSGGAEWDEQFF	1
CASSSGTGHQPQHF	1
CASSSGTGDEGYTF	1
CASSSDRANTEAFF	1
CASSSEGGTSGSLRQFF	1
CASSSEELRGYTF	1
CASSSTDDSNQPQHF	1
CASSSTDKNTEAFF	1
CASSSRGYTGELFF	1
CASSSSRQGIRSPLHF	1
CASSSRYGRDRGQGYTF	1
CASSSHDARVEGYNEQFF	1
CASSSVAKNIQYF	1
CASSSARGQSSYNSPLHF	1
CASSSGDRFNTEAFF	1
CASSSDRSNYGYTF	1
CASSSDRAYSPLHF	1
CASSSDRYTEAFF	1
CASSSDRRNSPLHF	1
CASSSEQGYEQYF	1
CASSSINWGRTYEQYF	1
CASSSTWGDEKLFF	1
CASSSTGKRYEQYF	1
CASSSTDLEAFF	1
CASSSRQLSYNSPLHF	1
CASSSYPGLRIGAFF	1
CASSSPTTGDYGYTF	1
CASSSRQGARQPQHF	1
CASSSQVNTEAFF	1
CASSSQGANTEAFF	1
CASSSARVKSPLHF	1
CASSSDWTGAAKLFF	1
CASSSEQISHSPLHF	1
CASSSMIQGDGYTF	1
CASSSTDGTGIGYEQYF	1
CASSSTGLTQPQHF	1
CASSSRLSVFPDTQYF	1
CASSWAQGTNF	1
CASSWGQPQHF	1
CASSWGNTEAFF	1
CASSWGDGMALHF	1
CASSWDSSYEQYF	1
CASSWDRGTEAFF	1
CASSWDRNSPLHF	1
CASSWTEYEQYF	1
CASSWRTNSDTGELFF	1
CASSYRGQAYTEAFF	1
CASSYLGIADQETQYF	1
CASSYQTGPSSGNTIYF	1
CASSYGTGEAFF	1
CASSYDRVSEAFF	1
CASSYRVDYGYTF	1
CASSYRGAYTEAFF	1
CASSLRTGGINQPQHF	1
CASSLRQGGLGSTEAFF	1
CASSLQGGGPEAFF	1
CASSLGFARATEAFF	1
CASSLTGGTNEKLFF	1
CASSLTGGLGSPLHF	1
CASSLSPSSYEQYF	1
CASSLRGAQGAGNQPQHF	1
CASSLLTGHTEAFF	1
CASSLLRGQGYEQYF	1
CASSLRSGGTGTGELFF	1
CASSLRQGGYNEQFF	1
CASSLVVRGNTEAFF	1
CASSLALAQYF	1
CASSLGSGTEAFF	1
CASSLEDRGLHGYTF	1
CASSLIGVNEQFF	1
CASSLTQGYNSPLHF	1
CASSLTGWEGYTF	1
CASSLTGDYGYTF	1
CASSLSSDTEAFF	1
CASSLRVTEAFF	1
CASSLRGTEAFF	1
CASSLQGASYGYTF	1
CASSLGSWTSDYNEQFF	1
CASSLGVNTEAFF	1
CASSLGLVLSDTQYF	1
CASSLGGSGNTIYF	1
CASSLGDTIYF	1
CASSLLQGQEKLFF	1
CASSLLGRLNTEAFF	1
CASSLPQQPQHF	1
CASSLQGYGYTF	1
CASSLQGAGNQPQHF	1
CASSLDPGSTEAFF	1
CASSLDPGQLDNEQFF	1
CASSLIPQNTEAFF	1
CASSLRATETSTDTQYF	1
CASSPWDVVKNQPQHF	1
CASSPLKGAGGYTF	1
CASSPPRRERGEAFF	1
CASSPAGPSNTEAFF	1
CASSPGIRDIEAFF	1
CASSPGIDRNTEAFF	1
CASSPTGGTGNTIYF	1
CASSPRLGGEETQYF	1
CASSPLYQETQYF	1
CASSPLIRDRDSDGGYTF	1
CASSPWGEANYGYTF	1
CASSPWDDQPQHF	1
CASSPWDTTGTQYF	1
CASSPYRVGGEKLFF	1
CASSPLNGDLHYEQYF	1
CASSPLASSYNEQFF	1
CASSPLGTWTTAFF	1
CASSPLMSFYGYTF	1
CASSPPGLDYGYTF	1
CASSPPGLGARPQHF	1
CASSPPGQSGYTF	1
CASSPRGGYNSPLHF	1
CASSPRLGTGVYEQYF	1
CASSPRGGTEAFF	1
CASSPHGGHSPLHF	1
CASSPQIGTGGFEAFF	1
CASSPQGPGEAFF	1
CASSPQGYGEQFF	1
CASSPVRGYGYTF	1
CASSPVLQIRPYEQYF	1
CASSPGRRDEKLFF	1
CASSPGSSEAEAFF	1
CASSPGYGYTF	1
CASSPGRGEQYNEQFF	1
CASSPGVQTNGYTF	1
CASSPGTSEKLFF	1
CASSPGQGGQPQHF	1
CASSPDDPPYEQYF	1
CASSPTGGDTEAFF	1
CASSPRGQSNQPQHF	1
CASSPRTILGNEQFF	1
CASSPNGIYHGYTF	1
CASSPKLGTVYGYTF	1
CASSPLRQGSGYTF	1
CASSPPGGLHTDTQYF	1
CASSPRWGSPLHF	1
CASSPRDRGTGNTIYF	1
CASSPHMDFNYGYTF	1
CASSPQGGNTEAFF	1
CASSPAGGDNYGYTF	1
CASSPASDVLNTIYF	1
CASSPGGVETLFF	1
CASSPGGAQQPQHF	1
CASSPGQAYNEQFF	1
CASSPGQSARNTIYF	1
CASSPDPIRGANYGYTF	1
CASSPDRVNYGYTF	1
CASSPDRENTEAFF	1
CASSPTDRVNQPQHF	1
CASSPTGDGGYTF	1
CASSPTGEGNEKLFF	1
CASSPRRGLGNTIYF	1
CASSPYWDEQFF	1
CASSPYPPRLQPQHF	1
CASSPYKAGNLNQPQHF	1
CASSPLGVFIQYF	1
CASSPPGTGANQPQHF	1
CASSPPGTATYEQYF	1
CASSPRFGQGRPGNTIYF	1
CASSPRGQGNPPLHF	1
CASSPRTGNTIYF	1
CASSPHRGPGEKLFF	1
CASSPGPAQAHYTF	1
CASSPGGTDTQYF	1
CASSPGGANEKLFF	1
CASSPGTSVSTDTQYF	1
CASSPGLDATEQFF	1
CASSPGQGANSPLHF	1
CASSPDRNTEAFF	1
CASSPIQETQYF	1
CASSPTGQNYGYTF	1
CASSPNRGGTEAFF	1
CASSPKQGAANEKLFF	1
CASSRHREVITGELFF	1
CASSRGQFNQPQHF	1
CASSRLQGENTEAFF	1
CASSRRDTPEKLFF	1
CASSRQVALEQFF	1
CASSRGRDSNQPQHF	1
CASSRTDTQYF	1
CASSRSSGKRAEAFF	1
CASSRAQGTEAFF	1
CASSRGRTTNEKLFF	1
CASSRDSLDTQYF	1
CASSRDRGWQPQHF	1
CASSRDRTYGYTF	1
CASSRENTEAFF	1
CASSRTGGLQPQHF	1
CASSRFGETQYF	1
CASSRLGVNTEAFF	1
CASSRLGQGNTEAFF	1
CASSRQLLAKNIQYF	1
CASSRASGVSYEQYF	1
CASSRGGSNSPLHF	1
CASSRTGTSENIQYF	1
CASSHLRGTTEAFF	1
CASSHLDYYNEQFF	1
CASSHPLAGGTDTQYF	1
CASSHPGSNQPQHF	1
CASSHGGLGSGELFF	1
CASSHRVATWRTEAFF	1
CASSHRGLADHYNEQFF	1
CASSHLRSTGSWGNQPQHF	1
CASSHQGGARGGYTF	1
CASSHDPGRSNEKLFF	1
CASSHRDASPLHF	1
CASSHNTHYGYTF	1
CASSQYGTSHYEQYF	1
CASSQYEGPNQPQHF	1
CASSQLQRSSEAFF	1
CASSQPTGHYGYTF	1
CASSQASNTEAFF	1
CASSQGVRVSEAFF	1
CASSQGQLNQPQHF	1
CASSQGGSGYTF	1
CASSQDGINQPQHF	1
CASSQDRARQPQHF	1
CASSQEGLVGYEQYF	1
CASSQTGQDNSNQPQHF	1
CASSQTEVGGYTF	1
CASSQRRGLATNEKLFF	1
CASSQSGLMNTEAFF	1
CASSQWSLGEKLFF	1
CASSQWYLRTEAFF	1
CASSQWGTSTRSGNTIYF	1
CASSQWTENTEAFF	1
CASSQLDRGSGNTIYF	1
CASSQLLRGNYGYTF	1
CASSQPGTSGPYEQYF	1
CASSQPGTGFWGYTF	1
CASSQPTDSNQPQHF	1
CASSQRTYEQYF	1
CASSQQGVQNIQYF	1
CASSQVSGSSGNTIYF	1
CASSQVWSEGAAMNTEAFF	1
CASSQVLGARPFEQYF	1
CASSQVPSNQPQHF	1
CASSQVVGTCTEKLFF	1
CASSQVPAGSPLHF	1
CASSQVGPGDEQFF	1
CASSQAGLAGANEQFF	1
CASSQASQEAQHF	1
CASSQAGPSFQPQHF	1
CASSQAITDTQYF	1
CASSQGSRETGNTIYF	1
CASSQGPGLMTDEQFF	1
CASSQGPGLYEQYF	1
CASSQGQGAYEQYF	1
CASSQGAVGTEAFF	1
CASSQGGPEAFF	1
CASSQGGSGTEAFF	1
CASSQGRGHYTEAFF	1
CASSQGRYNSPLHF	1
CASSQGSYGSFSYEQYF	1
CASSQGSHYGYTF	1
CASSQGSVLQSYGYTF	1
CASSQGYQPQHF	1
CASSQGPTGKLETQYF	1
CASSQGAPGAYGYTF	1
CASSQGAGPMFF	1
CASSQGGRALNQPQHF	1
CASSQGGVGQPQHF	1
CASSQGGTSDSYEQYF	1
CASSQGGQGYSPLHF	1
CASSQGTYEKLFF	1
CASSQDFSENIQYF	1
CASSQDSPHRPAFF	1
CASSQDSFRGRGYTF	1
CASSQDWEVAFF	1
CASSQDYGGPNSYEQYF	1
CASSQDLILGVNTEAFF	1
CASSQDLTADEQYF	1
CASSQDLQVFEAFF	1
CASSQDPLDRDYSYGYTF	1
CASSQDRWTEAFF	1
CASSQDRQGNTEAFF	1
CASSQDRRVVQYF	1
CASSQDQGGSPLHF	1
CASSQDVEGELFF	1
CASSQDVWTPEAFF	1
CASSQDVGGMYQPQHF	1
CASSQDAGTDEKLFF	1
CASSQDAVAGTGYTF	1
CASSQDGREAFF	1
CASSQDISGGGYTF	1
CASSQDILGNQPQHF	1
CASSQDMGVEGYTF	1
CASSQDKETQYF	1
CASSQDSPTVTEAFF	1
CASSQDHRVQPQHF	1
CASSQDQRLRQYF	1
CASSQDGRGMNTEAFF	1
CASSQELVNTEAFF	1
CASSQEPPSGSYGYTF	1
CASSQEGEGANSPLHF	1
CASSQESGQDYGYTF	1
CASSQEYGTLYEQYF	1
CASSQERGVGSPLHF	1
CASSQEIAGASIYEQYF	1
CASSQESGLDSPLHF	1
CASSQERGTDTQYF	1
CASSQMWDGRNTIYF	1
CASSQRVGRPDTQYF	1
CASSQRGASVSSYNEQFF	1
CASSVSPTGVGSPLHF	1
CASSVQPMNTEAFF	1
CASSVEGTNAEAFF	1
CASSVSGSRADTQYF	1
CASSVNYGYTF	1
CASSVKTGNTGELFF	1
CASSVPDRGNTEAFF	1
CASSVAPGLNTEAFF	1
CASSVAGANTEAFF	1
CASSVGQGPANYGYTF	1
CASSVINTEAFF	1
CASSVTGIGNYGYTF	1
CASSVRGGTDTQYF	1
CASSVVGAGGPGTQYF	1
CASSVALDQPQHF	1
CASSVAGSGFTEAFF	1
CASSVAGNKGDTQYF	1
CASSVGVSGYYGYTF	1
CASSVGGNNEKLFF	1
CASSVGGYTEAFF	1
CASSVGGVGDSNYGYTF	1
CASSVGFYGYTF	1
CASSVGGRGRQFF	1
CASSVGGTGANTEAFF	1
CASSVGDYREQFF	1
CASSVDAGPDYEQYF	1
CASSVDGNQPQHF	1
CASSVEWRDSGNTIYF	1
CASSVELAASSYNEQFF	1
CASSVEGGRSYNEQFF	1
CASSVKGHENTEAFF	1
CASSASWGNEQFF	1
CASSALERGRTEAFF	1
CASSAAGEGLPIGYTF	1
CASSAGFAGGEYGYTF	1
CASSAGNTQYF	1
CASSALQGMNTEAFF	1
CASSALMNTEAFF	1
CASSAHPYNEQFF	1
CASSAQGLASHEQFF	1
CASSAVRGYTF	1
CASSAAAGELFF	1
CASSAGTANTEAFF	1
CASSAGTGATEAFF	1
CASSADLAGRAFF	1
CASSATVNTEAFF	1
CASSATKGQGSSPLHF	1
CASSASGVYGYTF	1
CASSAGGAPLQYF	1
CASSAGQGSNEKLFF	1
CASSAGQRQYF	1
CASSAGQNTEAFF	1
CASSAQEFYGYTF	1
CASSAEGIRDEKLFF	1
CASSARNSPLHF	1
CASSGLGLSSYEQYF	1
CASSGTGEGNTEAFF	1
CASSGSGRDYEQYF	1
CASSGSGYEQYF	1
CASSGSPTVRAYNSPLHF	1
CASSGAQGAISYNEQFF	1
CASSGATNTEAFF	1
CASSGALDRSTDTQYF	1
CASSGALFEGYGYTF	1
CASSGGLTYGYTF	1
CASSGTSGRHEQYF	1
CASSGKGTVNTEAFF	1
CASSGLQGWNSPLHF	1
CASSGQGGRPNEKLFF	1
CASSGQGNSPLHF	1
CASSGQGGSNQPQHF	1
CASSGGTDTYNSPLHF	1
CASSGETPQETQYF	1
CASSDRQSLGNEKLFF	1
CASSDPIYPGDTEAFF	1
CASSEPFRGLSSYNSPLHF	1
CASSEPSGGTEAFF	1
CASSEARPQNTEAFF	1
CASSEGQAIGDTEAFF	1
CASSETGSTQPQHF	1
CASSEWEGTQYF	1
CASSEQTGNTIYF	1
CASSEDGQLYYGYTF	1
CASSERATNEKLFF	1
CASSITTGEAFF	1
CASSIQPGQNSPLHF	1
CASSIDSPYSNQPQHF	1
CASSINRGRLGTEAFF	1
CASSMSGSDTQYF	1
CASSMTGPGGELFF	1
CASSIQRNTEAFF	1
CASSIGYGYTF	1
CASSIGRQGALQPQHF	1
CASSIDSNYGYTF	1
CASSITTGGADTQYF	1
CASSTLAGGSYEQYF	1
CASSTPSTDTQYF	1
CASSTIRDREKLFF	1
CASSTIGTVYEQYF	1
CASSTTGSGGYTF	1
CASSTLVALSYEQYF	1
CASSTLAGVEDTQYF	1
CASSTHWGRGMGQPQHF	1
CASSTGGNEQFF	1
CASSTTRSGELFF	1
CASSTSEAGLTYEQYF	1
CASSTGRGGPQHF	1
CASSTGQGTEAFF	1
CASSTRRDRGVNSPLHF	1
CASSTQGRGTEAFF	1
CASSTQTGPYGYTF	1
CASSTAGLRNEQFF	1
CASSTGLRGYTF	1
CASSTGTDNTEAFF	1
CASSTTGVREFF	1
CASSRQGRNSPLHF	1
CASSRQGALTDTQYF	1
CASSRDRSGNSPLHF	1
CASSNLGTGATQPQHF	1
CASSNRPLEGGGYTF	1
CASSNGQGLAGNTIYF	1
CASSNTGSIQEANEKLFF	1
CASSNNREINEQYF	1
CASSNPTRYYEKLFF	1
CASSNAVTGKDGYTF	1
CASSNRGGAGGYTF	1
CASSKSRGLAKDRNEQFF	1
CASSKPEEDRVGDEKLFF	1
CASSKRYRGQWGYTF	1
CASSKQGVGTEAFF	1
CASSKVPPRLNTEAFF	1
CASSKVAHGTEAFF	1
CASSKAADRGDGYTF	1
CASSKGTAGGTEAFF	1
CASSKDRARGYTF	1
CASSKDRERSYEQYF	1
CASSKESAGTGGRGQPQHF	1
CASSKIVRQPSGYTF	1
CASSKKGVGYGYTF	1
CASRFTGGMNTEAFF	1
CASRLTGGNSPLHF	1
CASRSGYNEQFF	1
CASRSGLEAFF	1
CASRSQVLGPQHF	1
CASRSTGGGGSPLHF	1
CASRSNFNYGYTF	1
CASRSTTQRMNTEAFF	1
CASRSREGTGDFHGYTF	1
CASRWTGSGELFF	1
CASRLSRNTEAFF	1
CASRLDRVGPGTQYF	1
CASRPWGQGAEAFF	1
CASRPHTYTEAFF	1
CASRPGTSRTGELFF	1
CASRPGQGARQPQHF	1
CASRPGGGGAFQPQHF	1
CASRPIRGSGYTF	1
CASRVLQGATEAFF	1
CASRVSGSGEQFF	1
CASRVGLNTEAFF	1
CASRVTGASSSGNTIYF	1
CASRAQGFPNSPLHF	1
CASRAGRPTEAFF	1
CASRATGTEELFF	1
CASRAGTTGNTIYF	1
CASRGLDEKLFF	1
CASRGPRPGGGYTF	1
CASRGGTNYGYTF	1
CASRGTGYSPLHF	1
CASRGSGTGDYGYTF	1
CASRGQGVDGYTF	1
CASRGQGEKSNEKLFF	1
CASRDQGAEKLFF	1
CASRDQTSNQPQHF	1
CASRDPYSYTF	1
CASRDVQSNYGYTF	1
CASRDGSYEQYF	1
CASRDRDTEAFF	1
CASREPGSSYNEQFF	1
CASREGRTNGEAFF	1
CASREGQTDGYTF	1
CASREDRANLVSGNTIYF	1
CASRELAGNEQFF	1
CASREERGTQPQHF	1
CASRIGTITEAFF	1
CASRITNTEAFF	1
CASRIQGLDQPQHF	1
CASRTKGLRSSYEQYF	1
CASRTQGDTEAFF	1
CASRSNNEQFF	1
CASRRWDRNQPQHF	1
CASRRENTEAFF	1
CASRNRDPLGPLHF	1
CASRNRGLNTEAFF	1
CASRKNRGWAFF	1
CASRKLYGEKGLGNQPQHF	1
CASRLTGYSNQPQHF	1
CASRSLLVWGRAYEQYF	1
CASRSLGLVNEQYF	1
CASRSGQGVNQPQHF	1
CASRSVELNTEAFF	1
CASRYPGEDTNTEAFF	1
CASRLQGWSANTIYF	1
CASRLYAVGNTEAFF	1
CASRPRGNEKLFF	1
CASRPYHLEAFF	1
CASRPPSGRYYEQYF	1
CASRPGQGGQPQHF	1
CASRPRTGYNQPQHF	1
CASRPDGAANEKLFF	1
CASRPDRSYGYTF	1
CASRPTGWSGTEQYF	1
CASRRVAEAFF	1
CASRRLAEGTDTQYF	1
CASRRDSGQTYGYTF	1
CASRRTGRNAEAFF	1
CASRRQVYSNQPQHF	1
CASRRQGAEAFF	1
CASRQTGRGYGYTF	1
CASRQGPNQPQHF	1
CASRQGQGNNQPQHF	1
CASRVGKGDQPQHF	1
CASRGDGSYTEAFF	1
CASRGGQTNEKLFF	1
CASRGQGHNSPLHF	1
CASRMRDSNQPQHF	1
CASRTGPLNTEAFF	1
CASRTGTGGPGNTIYF	1
CASRTDRESSYNSPLHF	1
CASRTSRTGGKEKLFF	1
CASRRQLLEKLFF	1
CASRNRESDSPLHF	1
CASNYRDRVTEAFF	1
CASNRGPEAFF	1
CASNEGNEQFF	1
CASNPLNQPQHF	1
CASNPSGHEKLFF	1
CASNDQGWNYGYTF	1
CASNTAGNNNQPQHF	1
CASKPGLGNTIYF	1
CASKGLKRDSSLANYGYTF	1
CASKDRVAYGYTF	1
CASKWSAEGFTEAFF	1
CASKPLGTSYEQYF	1
CASKQRAGGTSPNYGYTF	1
CASKVRDRVSSPLHF	1
CASKVAGANEQYF	1
CANRDTLNTEAFF	1
CASRLKQENKNIQYF	1
CVERPYGYTF	1
CATKGGVISEAFF	1
CATTTDGNTEAFF	1
CASRTGPNTEAFF	1
CASYMGTVKGGYTF	1
CASRGIDDGFNSPLHF	1
CASGSGSNYGYTF	1
CASGQSGTYTGELFF	1
CASGELNTEAFF	1
CASGYRTGEEDGYTF	1
CASIQGATFF	1
CASTRDGYYGYTF	1
CASTQDRANTEAFF	1
CASTDRDSGNTIYF	1
CASTSYGSPYEQYF	1
CASSLGINTEAFF	1
CASSSDRVDQPQHF	1
CASSCRGPTLMNTEAFF	1
CASSPEGAQAFF	1
CASSPLTGGNYNSPLHF	1
CASSRTTGATNEKLFF	1
CASSQGTYNEKLFF	1
CASSDRGGNTIYF	1
CASSELRFSEAFF	1
CASSESRRLRDEQYF	1
CASSESMAGGEETQYF	1
CASSEGLIYEQYF	1
CASSETREGPYEQYF	1
CASSETGVNTEAFF	1
CASSESNPSYEQYF	1
CASSENRVDQPQHF	1
CASSFASGDYEQYF	1
CASSFAGVNTEAFF	1
CASSFGSTANTEAFF	1
CASSFGSGEKLFF	1
CASSFGNTIYF	1
CASSFSGSSTEAFF	1
CASSFFDMNTEAFF	1
CASSFSRDRAYGYTF	1
CASSFRTGSYGYTF	1
CASSFGGDRDTEAFF	1
CASSFDRTEAFF	1
CASSFEGPNYGYTF	1
CASSLFGDTDQPQHF	1
CASSLSPIATNTEAFF	1
CASSLSGVGEKLFF	1
CASSLYMKWRGARIKRNYGYTF	1
CASSLYSNQPQHF	1
CASSLLTGTYGYTF	1
CASSLPSGNTIYF	1
CASSLRALEQYF	1
CASSLQPTNEKLFF	1
CASSLVGQGGSGYTF	1
CASSLVGFNTEAFF	1
CASSLVLGNSYNEQFF	1
CASSLVADYYTEAFF	1
CASSLASGRTEAFF	1
CASSLAGNGNTIYF	1
CASSLALDRTNTEAFF	1
CASSLAVAGMNTEAFF	1
CASSLAANSYGYTF	1
CASSLAAGNSPLHF	1
CASSLAAGTEAFF	1
CASSLAGRVVNTEAFF	1
CASSLAGGETEAFF	1
CASSLAERGEAFF	1
CASSLATGTPRGYTF	1
CASSLAVAGVGGGYTF	1
CASSLAGYSNQPQHF	1
CASSLAGSEAFF	1
CASSLADSTYGYTF	1
CASSLARRAEAFF	1
CASSLAGVAFF	1
CASSLGPEAFF	1
CASSLGPGSGNTIYF	1
CASSLGSDTDTQYF	1
CASSLGFYEQYF	1
CASSLGAGELFF	1
CASSLGLASSYGYTF	1
CASSLGLQGFAEAFF	1
CASSLGHTTGEGYTF	1
CASSLGGTRGYTF	1
CASSLGEGTEAFF	1
CASSLGTYTEAFF	1
CASSLGTGSNQPQHF	1
CASSLGQGASYNSPLHF	1
CASSLGQDTEAFF	1
CASSLGVGVIYAEAFF	1
CASSLGGPANTEAFF	1
CASSLGGGRNNSPLHF	1
CASSLDISNYGYTF	1
CASSLDTGLSYGYTF	1
CASSLDSGMVDSPLHF	1
CASSLDLEGNEQYF	1
CASSLDTSNYGYTF	1
CASSLDRRFGNTIYF	1
CASSLDRGVTNEKLFF	1
CASSLEVGHQPQHF	1
CASSLEPSPRLNTEAFF	1
CASSLEGEWEKLFF	1
CASSLEGRGEKLFF	1
CASSLMAFF	1
CASSLTTDTQYF	1
CASSLTGRNTEAFF	1
CASSLSSGNTIYF	1
CASSLSRFTEAFF	1
CASSLNHLDNGYTF	1
CASSLNKAEAFF	1
CASSLPGQGNYGYTF	1
CASSLRPNSNQPQHF	1
CASSLQGGEEKLFF	1
CASSLGDIYGYTF	1
CASSLGEMNTEAFF	1
CASSLGGEGNTIYF	1
CASSLDRRAYGYTF	1
CASSLEGRRNTEAFF	1
CASSLTGHQPQHF	1
CASSSSAGDGYTF	1
CASSSWYGYTF	1
CASSSLGRGLGNTIYF	1
CASSSSRPGTGPPDTQYF	1
CASSSRQAENSPLHF	1
CASSSESGGSEAFF	1
CASSSGQGALGYTF	1
CASSSDRDQPQHF	1
CASSSDRVGYGYTF	1
CASSSTGSSGNTIYF	1
CASSSQGDYGYTF	1
CASSSAGTEYGYTF	1
CASSSGQDEKLFF	1
CASSSNVDQPQHF	1
CASSYLTGSQPQHF	1
CASSYLGGLLSYEQYF	1
CASSLAPDRVTYEQYF	1
CASSLLEGVGGYTF	1
CASSLREGGSYGYTF	1
CASSLRTIGISNYEQYF	1
CASSLIPNTEAFF	1
CASSLIAGVETQYF	1
CASSLPGSSQYF	1
CASSLPDSSNSPLHF	1
CASSLQMGLASEQYF	1
CASSLGQGPYEQYF	1
CASSLDSSEQFF	1
CASSLDLNEKLFF	1
CASSLLQGMNTEAFF	1
CASSLQGGTEAFF	1
CASSLQTPRGNQPQHF	1
CASSLGLAPADTQYF	1
CASSPLGGEKLFF	1
CASSPASGSLSDTQYF	1
CASSPEAGREKLFF	1
CASSPWTGASYEQYF	1
CASSPPRGREKLFF	1
CASSPRFLTAANSPLHF	1
CASSPGSFGGEKLFF	1
CASSPGSNYGYTF	1
CASSPGLLATGARKPQHF	1
CASSPGWPGGNQPQHF	1
CASSPGQGNQPQHF	1
CASSPGQGARTEAFF	1
CASSPELTGILHF	1
CASSPEVEGEQFF	1
CASSPMGAGGWNSPLHF	1
CASSPIENTEAFF	1
CASSPTRAEFYGYTF	1
CASSPRGPWAFGEKLFF	1
CASSPDGANYGYTF	1
CASSPDAEKLFF	1
CASSPIGRTYNEQFF	1
CASSPAPRTGRTEAFF	1
CASSPGYTEAFF	1
CASSPGDRVNYGYTF	1
CASSPDTGVEKLFF	1
CASSPDPRAGNTIYF	1
CASSPDRDEQYF	1
CASSPDRNYGYTF	1
CASSRYVQGAGEKLFF	1
CASSREGASNQPQHF	1
CASSRTGTRMYGYTF	1
CASSRVIGDRDTF	1
CASSHLGPSNTEAFF	1
CASSHPTEQETQYF	1
CASSHGRFNQPQHF	1
CASSHGDSNQPQHF	1
CASSHPGGQADSNQPQHF	1
CASSQFDRENGYTF	1
CASSQLQREKLFF	1
CASSQPGTGRNGYTF	1
CASSQQGRNTEAFF	1
CASSQATAGPGYPLHF	1
CASSQASQMGLLFF	1
CASSQGSGFGYTF	1
CASSQGAGIGNTIYF	1
CASSQGLQNTEAFF	1
CASSQGPGEFNEKLFF	1
CASSQDPGQVVQPQHF	1
CASSQDRAQNYGYTF	1
CASSQEDSRFYGYTF	1
CASSQEASGTGRETQYF	1
CASSQSRYLPRVEKLFF	1
CASSQKELGGSEAFF	1
CASSQYPLLNEQFF	1
CASSQPGDGMNTEAFF	1
CASSQPRMELFF	1
CASSQVSVPGVYGYTF	1
CASSQVGTEAFF	1
CASSQVDSSNEKLFF	1
CASSQVTGTWTNTQYF	1
CASSQVLAGESGQETQYF	1
CASSQVGQGNYGYTF	1
CASSQVVTGELSNQPQHF	1
CASSQVGASGRIREQFF	1
CASSQVGQGTSNTEAFF	1
CASSQAPNRNTEAFF	1
CASSQAPRDNQPQHF	1
CASSQAGGRYPYGYTF	1
CASSQATDSEAFF	1
CASSQAAERSLNF	1
CASSQGFSNYGYTF	1
CASSQGRGYTF	1
CASSQGHRSDGYTF	1
CASSQGRASNQPQHF	1
CASSQGFTTGRSNQPQHF	1
CASSQGGTEQFF	1
CASSQGNGAFF	1
CASSQGPVNTEAFF	1
CASSQGDRGKLFF	1
CASSQGTGDYGYTF	1
CASSQGRVFGTEAFF	1
CASSQGNSGNTIYF	1
CASSQGEDRAGQAFF	1
CASSQDFIYNEQFF	1
CASSQDLDTGELFF	1
CASSQDSWRSNEKLFF	1
CASSQDSLGGLQPQHF	1
CASSQDSGSSEKLFF	1
CASSQDSGLGTDTQYF	1
CASSQDSGNTIYF	1
CASSQDWFDREGGAEAFF	1
CASSQDWNSPLHF	1
CASSQDPLGYGYTF	1
CASSQDRRLNSPLHF	1
CASSQDRGRGALPQHF	1
CASSQDRRTSGRETQYF	1
CASSQDHGGYGYTF	1
CASSQDVGQLKEKLFF	1
CASSQDGSGRAHNEQFF	1
CASSQDEGDRDLSPLHF	1
CASSQDMPGAQYF	1
CASSQDIRPPGREKLFF	1
CASSQDTAGSRPNTF	1
CASSQDSWGAEAFF	1
CASSQDSSGRYGYTF	1
CASSQDNFGDSNQPQHF	1
CASSQDNNRFGYTF	1
CASSQDSPYGYTF	1
CASSQEFVKGTEFATNEKLFF	1
CASSQEGGLESPLHF	1
CASSQEGTGNTIYF	1
CASSQEGVSEAFF	1
CASSQETGNYGYTF	1
CASSQEKQGQETQYF	1
CASSQESTGVGKLFF	1
CASSQELARLNTEAFF	1
CASSQEPFYEQYF	1
CASSQEPGLEGRNTIYF	1
CASSQEPGLGYTIYF	1
CASSQEARTDEKLFF	1
CASSQEGWGMTEAFF	1
CASSQEGQGYGYTF	1
CASSQEGGQGTNYGYTF	1
CASSQESAAPEAFF	1
CASSQERGGRGEGYTF	1
CASSQERQGAGDDTEAFF	1
CASSQTAGVQETQYF	1
CASSQRDRGFQPQHF	1
CASSQNPPDLRYGYTF	1
CASSQNHRSGNTIYF	1
CASSVVMNTEAFF	1
CASSVAGGNYGYTF	1
CASSATGRELFF	1
CASSAVQSLSGYTF	1
CASSAAGGTNYGYTF	1
CASSAKIIVQPQHF	1
CASSAGGGSNQPQHF	1
CASSAMGNTEAFF	1
CASSARQGAKNIQYF	1
CASSGRTGGRDTQYF	1
CASSGAAVSFYGYTF	1
CASSGTTGYNEKLFF	1
CASSGQGPNGYTF	1
CASSGATSYTF	1
CASSGKFLDDWKTQYF	1
CASSDDGGANYGYTF	1
CASSDRVSYSEQYF	1
CASSEQGTWYGYTF	1
CASSEGWTGTIHGYTF	1
CASSIRGTGALSSYTF	1
CASSIRLAETYEQYF	1
CASSMDGVPNTEAFF	1
CASSTGDRSNQPQHF	1
CASSTDRDGYTF	1
CASSTTSANTIYF	1
CASSKSGVVNYGYTF	1
CASSKEYEQYF	1
CASRLGDNNSPLHF	1
CASRPPHGTATDTQYF	1
CASRVGQPTTEKLFF	1
CASRADLRSGNTIYF	1
CASRAVQPQHF	1
CASRGTALNTEAFF	1
CASREDRPLGSGNTIYF	1
CASRIRDSRGTEAFF	1
CASRMEQGVETQYF	1
CASRIPGDTEAFF	1
CASNPNENSPLHF	1
CASNRRLQGADEAFF	1
CASKLGESNEQYF	1
CASKKGGVTNEKLFF	1
CASKKGGLAYNEQFF	1
CARTLRGAGQPQHF	1
CARNDLGGNNSPLHF	1
CDGTGGLYEQYF	1
CSCGLAGEGPYNEQFF	1
CSRTSGPTQYF	1
CSVSGSRTNSPLHF	1
CSVLGNYEQYF	1
CSVRGDMNTEAFF	1
CSAFPGALSYEQYF	1
CSAFDRGSEAFF	1
CSASRGGETNTEAFF	1
CSASTGITEAFF	1
CSASHQTSGAGELFF	1
CSACLAGRDTQYF	1
CSAWTEDFPYGYTF	1
CSAPDRGLGEAFF	1
CSAPTRNSGNTIYF	1
CSAPRNNEQFF	1
CSAPTIQGGNQPQHF	1
CSARTGNGEAFF	1
CSARNPGNPYNEQFF	1
CSAQTDQETQYF	1
CSAVVQPSDEQYF	1
CSAVRSLREIRDTQYF	1
CSAAVRGTYNEQFF	1
CSAGKQGPETYGYTF	1
CSADPRVTNTEAFF	1
CSAIFLNTEAFF	1
CSAIYGLMNTEAFF	1
CSAMGAPNTEAFF	1
CSATDWSYSGIQYF	1
CSASFQVPNTEAFF	1
CSASFQIYSNQPQHF	1
CSASSGRESSYNEQFF	1
CSASWTGGAGQPQHF	1
CSASLRGLNSNQPQHF	1
CSASPGQGRQPQHF	1
CSASVRTGTGYTF	1
CSASDAGSSDEQFF	1
CSASERQYGYTF	1
CSASRGTEAFF	1
CSASKGASGNTIYF	1
CSASSPFPQGIYQETQYF	1
CSASWVAAFF	1
CSASLGTVNSPLHF	1
CSASAPPGAKYAEAFF	1
CSASGGRLNTEAFF	1
CSASGGRGGQPQHF	1
CSASMEPTNEKLFF	1
CSARSDSFNEKLFF	1
CSARWGGSNQPQHF	1
CSARLSPAPNEKLFF	1
CSARPQTAIPEKLFF	1
CSARQGQGSPLGSGEQYF	1
CSARVLEAFF	1
CSARVEGATNEKLFF	1
CSARAPGGYTF	1
CSARAEGANTEAFF	1
CSARAGGLAGEQYF	1
CSARAEQGYGYTF	1
CSARATGANTEAFF	1
CSARGAPNYGYTF	1
CSARGQGYNSPLHF	1
CSARETTSYEQYF	1
CSARIRGNQPQHF	1
CSARSYWGAPNTEAFF	1
CSARSGTGVLSGNTIYF	1
CSARPDRVFYGYTF	1
CSARPPEGTYNQPQHF	1
CSARRQGVGEAFF	1
CSARQPRGLGEKLFF	1
CSARVSRIYNSPLHF	1
CSARVRNTEAFF	1
CSARVPRQPQHF	1
CSARVRTGEYQPQHF	1
CSARVLDSQPQHF	1
CSARVPAGGETQYF	1
CSARAKGWNTEAFF	1
CSARAAGGIGEQYF	1
CSARGPGWQFF	1
CSARGEGPEAFF	1
CSARGPRSQPQHF	1
CSARGDRDGQPQHF	1
CSARGTSGKSSYNEQFF	1
CSARGGLEGEKLFF	1
CSARGRGQGYTF	1
CSARDSGRVGQPQHF	1
CSARDWAEGTYGYTF	1
CSARDRRVNTEAFF	1
CSARDRGREAEKLFF	1
CSARDVRRNTEAFF	1
CSARDAGRPNYGYTF	1
CSARDDLHTGELFF	1
CSARDQAGTGAYNEQFF	1
CSARDQTGTAEKLFF	1
CSARDAPGQGVRDYGYTF	1
CSAREGQGWEKLFF	1
CSARETGKGSEKLFF	1
CSAREPTARNTIYF	1
CSAREGERKFFYGYTF	1
CSARTPTGSSYEQYF	1
CSARTGGDYNSPLHF	1
CSARRGSTGNTEAFF	1
CSARRDSNQPQHF	1
CSARRDRGYNEQFF	1
CSARRTGSNQPQHF	1
CSARKGGVTEAFF	1
CSANGLADYNEQFF	1
CSANERGVSYGYTF	1
CSAKLIGGQMQETQYF	1
CSAKSGGGGREQYF	1
CSAKQGGYTF	1
CSAKTGINTEAFF	1
CSAKTGSRGYGYTF	1
CSASGIRPNYGYTF	1
CSAPLGDRELFF	1
CSAPRLSNQPQHF	1
CSAPLGSSGYTF	1
CSAPRDQPTAGYTF	1
CSAPVLTGADEQYF	1
CSARLGPLNTEAFF	1
CSAQSTGSNEKLFF	1
CSAVAPRDGYTF	1
CSATSGGNQPQHF	1
CSATDRVWAFF	1
CSARGRGGKLFF	1
CSARRDRAIEKLFF	1
CSARQGVVEKLFF	1
CSAREQGLLIGYTF	1
CSANDNTEAFF	1
CSAKTGPTNEKLFF	1
CSASYTDTQYF	1
CSAPDRGTNEKLFF	1
CSAQKPRDEQFF	1
CSAQPGQLNYGYTF	1
CSARRDRDSPLHF	1
CSARGTGFAGELFF	1
CSALENTEAFF	1
CSAGRDVPYTEAFF	1
CSADPTGGNSPLHF	1
CSADVRGIYGYTF	1
CSARDFLGYNEQFF	1
CSARTGMGEKLFF	1
CSARRDGTPVAFF	1
CSARRQGFGTEAFF	1
CSANRGLAGRNEQYF	1
CSGSVYSNQPQHF	1
CSGSGSSYNEQFF	1
CSGLDRGRSGAQHF	1
CSFLGTYTDTQYF	1
CSFIGTNTEAFF	1
CSPRGLADPYEQYF	1
CSPSVNGYTF	1
CSVFWYTEAFF	1
CSVSRSGYGYTF	1
CSVSGGDEKLFF	1
CSVWDRENTEAFF	1
CSVLQGARNTEAFF	1
CSVPGQWDTEAFF	1
CSVREGTSPLHF	1
CSVVLQFTEAFF	1
CSVVTAGVNEQYF	1
CSVVGQKETQYF	1
CSVVPVSGNTIYF	1
CSVVHASGYTF	1
CSVALAPETQYF	1
CSVAYQGHEKLFF	1
CSVGGTGYGYTF	1
CSVGGQGNYGYTF	1
CSVGTGGDLETQYF	1
CSVGSGKNIQYF	1
CSVGQLSGQYF	1
CSVGRGGGNTEAFF	1
CSVDWTGANTEAFF	1
CSVDWGGNGYTF	1
CSVELGGKAFF	1
CSVESRANTGELFF	1
CSVELPGQARSYEQYF	1
CSVEERGQPQHF	1
CSVEEGLNTEAFF	1
CSVERGGWTEAFF	1
CSVEYVGGANTEAFF	1
CSVERSGVAKNIQYF	1
CSVERPESSTDTQYF	1
CSVEHTELELANYGYTF	1
CSVEHRADGYTF	1
CSVEAVGPNRENEKLFF	1
CSVEGQGHGYTF	1
CSVEGARGNEQFF	1
CSVEGASYEQYF	1
CSVEGFNEQFF	1
CSVEDQGGPFTDTQYF	1
CSVEEPTQNGYTF	1
CSVEERLNYGYTF	1
CSVETDVTYEQYF	1
CSVESGTGDGYTF	1
CSVRAALNYGYTF	1
CSVRGGEKLFF	1
CSVSFMNTEAFF	1
CSVSGGSNEQFF	1
CSVRLLPGQGNYGYTF	1
CSVQGETGGYTF	1
CSVVKSYNEQFF	1
CSVGTGMNTEAFF	1
CSVTGGVETQYF	1
CSVSSGLPAGTEAFF	1
CSVVGKARTGGEKLFF	1
CSVGRLAGASEQYF	1
CSVFSGMNTEAFF	1
CSVAGRASYEQYF	1
CSVAIQGAAFF	1
CSVEGQTNTEAFF	1
CSAEGTDEKLFF	1
CSAIDRANTEAFF	1
CSALTDLNTEAFF	1
CSARGGIAGQETQYF	1
CSGPGRELSYEQYF	1
CSTVGNSPLHF	1
CASSLPGLGTEAFF	5
CASGRQGTRAGTGELFF	4
CASSSGLAGRARSYNEQFF	4
CASSRRTSETGELFF	4
CASSHTWNTEAFF	4
CASSTGLGGNIQYF	4
CASSLNTGELFF	4
CSARSATSGRDNEQFF	4
CASGSGANTGELFF	3
CAWNGDPNQPQHF	3
CAISESLGQGATTSETQYF	3
CATSDLMGGSDNEQFF	3
CATSRDREGKNIQYF	3
CASQDQVSTDTQYF	3
CASSPQGGPSEKLFF	3
CASSSPGSPYEQYF	3
CASGPSTGELFF	3
CASERGDGADTQYF	3
CASTTSGETQYF	3
CASSLWSVSYNEQFF	3
CASSLIGPLLTDTQYF	3
CASSLWTNSGANVLTF	3
CASSLHSGNEQFF	3
CASSLGFGDQPYNEQFF	3
CASSLTAKNIQYF	3
CASSSDTSYNSPLHF	3
CASSWGLDSYEQYF	3
CASSYRAEGEQYF	3
CASSDSSTNEQFF	3
CASSDSVEGGYNEQFF	3
CASSDSGDMYNEQFF	3
CASSEGTSGYNEQFF	3
CASSEALPGQGAPEQYF	3
CASSIRLDGSYEQYF	3
CASSFNWGGNTEAFF	3
CASSLALTGPGDTQYF	3
CASSLQGTDTQYF	3
CASSLVAGGGGANVLTF	3
CASSLVASGRAMYEQFF	3
CASSLGETQYF	3
CASSLGSSYNEQFF	3
CASSLEIGELFF	3
CASSLKGSGGQFF	3
CASSSPQGPYEQYF	3
CASSWVGADQETQYF	3
CASSLLAGGYEQYF	3
CASSLTGTAYNEQFF	3
CASSPFPDRNYGYTF	3
CASSPRGYGYTF	3
CASSPGTAYEQYF	3
CASSRAGSTDTQYF	3
CASSQDRDGANVLTF	3
CASSEGTALEKLFF	3
CASSTGGSYEQYF	3
CNQPSGNSSYNEQFF	3
CASSFGTSLVF	3
CASSLATVGSAIYEQYF	3
CASSLDGGYNEQFF	3
CASSLDSANYNEQFF	3
CASSLISGSTDTQYF	3
CASSLSQGREAFF	3
CASSSDEGAYTEAFF	3
CASSPMEGGGELFF	3
CASSPIPQGAKNIQYF	3
CASSHVGVDTGELFF	3
CASSHPTMGDTQYF	3
CASSQGRGLSFEEQYF	3
CSAFTDRGFPGELFF	3
CSARGRGMVQETQYF	3
CSASLSVSNQPQHF	3
CSASAPGGSYNEQFF	3
CSASRDRGRDEQFF	3
CSARPSTGGMGVYEQYF	3
CSARGDYKETQYF	3
CSARGYGGDKAGGPEETQYF	3
CSARDLKITSTDTQYF	3
CSARDDPWTSGRVADTQYF	3
CSARESTSGRYEQYF	3
CSAHGGTDHNEQFF	3
CSAQTSGRAVTGELFF	3
CSAWTSGRSSSYEQYF	3
CSVGLAGGQETQYF	3
CSVTGEWTYNEQFF	3
CASGYRSGLAGTGDNEQFF	2
CAAVSVAGSEQYF	2
CAGGPAGPSYEQYF	2
CAIAGGYNYGYTF	2
CAIDIAGGGEQYF	2
CAISDRDEQFF	2
CAISESLKGQESYEQYF	2
CAISEPPAEQFF	2
CAISEPAGVALYGYTF	2
CAISEGTFEQYF	2
CAISELESGNTIYF	2
CAISEVAGDPTIYF	2
CAISTGQGSHSNQPQHF	2
CATAGNSGNVGNEQFF	2
CATSGPAVNEQFF	2
CATSDLWGAEAFF	2
CATSDSTDTQYF	2
CATSDLGSTWYF	2
CATSDPSGSYEQYF	2
CATSDPGRGETQYF	2
CATSSRRGEQYF	2
CATSVWGMWETQYF	2
CATSGGRGYGYTF	2
CATSSIGQVYGYTF	2
CATSRAASDRSYNEQFF	2
CATSRSPPGQINTGELFF	2
CATSRVRTSVMSSYNEQFF	2
CATSRGDANYGYTF	2
CATSRDRATTGELFF	2
CATSRDHREETQYF	2
CATSRDGGYEQYF	2
CATSRDSGRNTEAFF	2
CATSREYSNSPLHF	2
CATRGGADEKLFF	2
CATKRGSRDYEQYF	2
CATRAPGGNQETQYF	2
CASREGNKNTEAFF	2
CASTKLQGYGYTF	2
CASTTGFGNTEAFF	2
CASSTSQPNQPQHF	2
CASSGSQETQYF	2
CASSPTPPSLSYNEQFF	2
CASSPRGYSGNTIYF	2
CASSPGTLSNTEAFF	2
CASSPGSGEEQYF	2
CASSPGQEETQYF	2
CASSRAGTPNYGYTF	2
CASRFVGHSETDTQYF	2
CASHKRDIINEQFF	2
CASQETGDSGANVLTF	2
CASGDSFQETQYF	2
CASGSGTVVTDTQYF	2
CASGLSFPLHF	2
CASGEAGGSYNEQFF	2
CASDRPSTASSYNEQFF	2
CASIEAGMDYGYTF	2
CASIRGHGYTEAFF	2
CASIGGPAKNIQYF	2
CASISDSNTGELFF	2
CASTLSLGTDTQYF	2
CASTDGGPNYGYTF	2
CASTPDTYEQYF	2
CASTVYVSSGRAVTDTQYF	2
CASTEELLGNEKLFF	2
CASTIGQVKQFF	2
CASTTTGGQETQYF	2
CASTNPGTGMNTEAFF	2
CASTEGNSPLHF	2
CASTSYQETQYF	2
CASSFSVATNEKLFF	2
CASSFWTEQETQYF	2
CASSFRQGVGNEQFF	2
CASSFDRWTLLGEQYF	2
CASSFRGLYEQYF	2
CASSFSSPAQYF	2
CASSFVQGSYEQYF	2
CASSFAQGIHNEQFF	2
CASSLSRGFSPLHF	2
CASSLSLGTEAFF	2
CASSLVGTGKETQYF	2
CASSLAGDPYEQYF	2
CASSLGIDPAYTEAFF	2
CASSLMSSADTQYF	2
CASSLSGGFLELFF	2
CASSLSSSGAYEQYF	2
CASSLYTGRYTEAFF	2
CASSLPTGPFSATDTQYF	2
CASSLHSGNTIYF	2
CASSLVSGLAAGNEQFF	2
CASSLGGSYNEQFF	2
CASSLGGSGNTIYF	2
CASSLDGTRELFF	2
CASSLNPSRTGELFF	2
CASSLKGGQANTEAFF	2
CASSSRPSGYNEQFF	2
CASSSSYEQYF	2
CASSSLGEYLSNQPQHF	2
CASSSPGGGNQPQHF	2
CASSSPGQVGRRVFF	2
CASSSRQGWYYEQYF	2
CASSSQTGGYEKLFF	2
CASSSGTSSNQPQHF	2
CASSSGGSNQPQHF	2
CASSSPGTDRSYEQYF	2
CASSSTGYGYTF	2
CASSSTGGGSEKLFF	2
CASSWGDSYEQYF	2
CASSYFRESVYEQYF	2
CASSYSLGTPKLFF	2
CASSYPRGSTEAFF	2
CASSYPPLAGVDEQFF	2
CASSYPTSGRYLEETQYF	2
CASSYRDGGGYGYTF	2
CASSYRDNNEQFF	2
CASSYVERRAFF	2
CASSYAGTASNQPQHF	2
CASSYGSSYNEQFF	2
CASSYENPQETQYF	2
CASSPRLAGWGEQYF	2
CASSPFRGNTEAFF	2
CASSPWTGGNEQFF	2
CASSPDSLAGQPQHF	2
CASSPDRGSYEQYF	2
CASSPTLAGRMEQYF	2
CASSPGTGGVDEQYF	2
CASSPGQGGGTDTQYF	2
CASSPDRWNLNSPLHF	2
CASSPTAQPGGYTF	2
CASSRQDGQETQYF	2
CASSRDRGRETQYF	2
CASSRAPGTEAFF	2
CASSVRTGYNEQFF	2
CASSAANTGELFF	2
CASSGEATNYGYTF	2
CASSGGPNTEAFF	2
CASSDSPGQRNEKLFF	2
CASSDRGSTDTQYF	2
CASSEDSSYNEQFF	2
CASSEIAGAGDTQYF	2
CASSERSSYEQYF	2
CASSELDSYEQYF	2
CASSEREVNEQFF	2
CASSEAGTVYQPQHF	2
CASSILDAVRFF	2
CASSTRGFYNEQFF	2
CASSFGEASYEQYF	2
CASSFGSTDTQYF	2
CASSFTSGNTGELFF	2
CASSFTGRGRGSTQYF	2
CASSFSTSGGYNEQFF	2
CASSFLGGSYEQYF	2
CASSFLGLRNQETQYF	2
CASSFGGRGNTEAFF	2
CASSFGSDTQYF	2
CASSFGQGTYNEQFF	2
CASSFTPSGSGTGELFF	2
CASSLGYEQYF	2
CASSLGALLHNYGYTF	2
CASSLGETQYF	2
CASSLGLARYNEQFF	2
CASSLGSNQPQHF	2
CASSLDGYRAFF	2
CASSLMGRSNQPQHF	2
CASSLTKGEVYGYTF	2
CASSLLAGNSPLHF	2
CASSLSSALAGGLSSYNEQFF	2
CASSLSPGQNNSPLHF	2
CASSLSGELFF	2
CASSLSDRVYEQYF	2
CASSLQTSGNTIYF	2
CASSLVTNTEAFF	2
CASSLVSGYGYTF	2
CASSLAGGDLSYEQYF	2
CASSLALTKGRFGEQYF	2
CASSLAGTTYNEQFF	2
CASSLAGQGDNYGYTF	2
CASSLARDYGYTF	2
CASSLAVIDYNEQFF	2
CASSLAGDTQYF	2
CASSLAGGPYNEQFF	2
CASSLATSGTSYNEQFF	2
CASSLAGNTEAFF	2
CASSLGSGIEEQYF	2
CASSLGPGTGNQPQHF	2
CASSLGGQPQHF	2
CASSLGGGSEAFF	2
CASSLGTGSYEQYF	2
CASSLGFNPSYEQYF	2
CASSLGLAGNNEQFF	2
CASSLGGSSEAFF	2
CASSLDLRAEQYF	2
CASSLDHVNSYEQYF	2
CASSLDAQPQHF	2
CASSLDRDRGFGNTGELFF	2
CASSLEGLAHEQYF	2
CASSLIAGVGTYNEQFF	2
CASSLTIAGYEQYF	2
CASSLTATGGMNTEAFF	2
CASSLTGDQPQHF	2
CASSLSLAGSYNEQFF	2
CASSSGSGRTYNEQFF	2
CASSSTYEQYF	2
CASSSTGNTEAFF	2
CASSSSYEQYF	2
CASSSFRDTQYF	2
CASSSSSGQETQYF	2
CASSSPGPGGDTEAFF	2
CASSSTSGSYNEQFF	2
CASSSGLLTGELFF	2
CASSSGQGNTEAFF	2
CASSSLGFGGELFF	2
CASSSGTGGAGPGELFF	2
CASSLPGYTEAFF	2
CASSLDTSGELFF	2
CASSLAPSGGQETQYF	2
CASSLARTSGGSYEQYF	2
CASSLAGTYYGYTF	2
CASSLGLAGGYEQYF	2
CASSLSSDHEQYF	2
CASSLTREPDTQYF	2
CASSLLLGNSNEQFF	2
CASSLLMGRQPEQYF	2
CASSLLAGGPLYEQYF	2
CASSLRLLAGSNEQFF	2
CASSLDGRPRETQYF	2
CASSPLGDEQFF	2
CASSPGSSTDTQYF	2
CASSPSGGELFF	2
CASSPRGADRLNTEAFF	2
CASSPSVLSGYGYTF	2
CASSPYTDTQYF	2
CASSPLGGDAYEQYF	2
CASSPPGLAIQETQYF	2
CASSPPTGTSEYNEQFF	2
CASSPRRADTYGYTF	2
CASSPQGLSYNSPLHF	2
CASSPARASYGYTF	2
CASSPATGDYGYTF	2
CASSPEGQGLFYGYTF	2
CASSPTENTEAFF	2
CASSPSWTYNEQFF	2
CASSPGQGDYEQYF	2
CASSPMGGGRAGEQFF	2
CASSPTGVTDTQYF	2
CASSPTGLQETQYF	2
CASSPSGGQQPQHF	2
CASSRSGDNYGYTF	2
CASSRYEQYF	2
CASSRLPDSTDTQYF	2
CASSRAGTGYTEAFF	2
CASSRGTPSSGNTIYF	2
CASSRRGASYEQYF	2
CASSRSSYNSPLHF	2
CASSRSLDYGYTF	2
CASSRQGPEDTQYF	2
CASSHGYPNYEQYF	2
CASSQPDSYEQYF	2
CASSQDPGTGGAEQYF	2
CASSQLAGGMDEQYF	2
CASSQLAGENIQYF	2
CASSQRGRRTDTQYF	2
CASSQRGTGELFF	2
CASSQVIAGNTGELFF	2
CASSQVKRRNEQFF	2
CASSQVVSGAGDTQYF	2
CASSQARGGSYEQYF	2
CASSQGLRGYEAFF	2
CASSQDWQTQPQHF	2
CASSQDRATGGYYEQYF	2
CASSQDRWGPSPLHF	2
CASSQDIERTPLHF	2
CASSQDSAGMEKLFF	2
CASSQDSKKETQYF	2
CASSQDKGGRSNQPQHF	2
CASSQDFSSGAFYEQYF	2
CASSQDRGGYNEQFF	2
CASSQESGQGDEQYF	2
CASSQETGFNSPLHF	2
CASSQSYEQYF	2
CASSVGQSNQPQHF	2
CASSVAGPPRAEQFF	2
CASSVGGFGLGYNEQFF	2
CASSVITTEAFF	2
CASSARIVGGIYTDTQYF	2
CASSAAEGQPFYGYTF	2
CASSAGLAGTYEQYF	2
CASSDSSSGYTF	2
CASSEQGAGEQYF	2
CASSEGAGEAFF	2
CASSTRAGEPQHF	2
CASSTRQDTEAFF	2
CASSTGTSVGEQFF	2
CASSTNQGAGSPLHF	2
CASSTYMGGLEETQYF	2
CASSTRQAYNSPLHF	2
CASSSEVHNEQFF	2
CASSSTDTQYF	2
CASSKTREDEQFF	2
CASSKRDGMAGELFF	2
CASRLGRGYTF	2
CASRSLRDREYEQYF	2
CASRIHPTGELFF	2
CASRFGNSYEQYF	2
CASRSIGKETQYF	2
CASRLQGLNEKLFF	2
CASRLGSGRAVSGELFF	2
CASRAPGGFEQYF	2
CASRGLAGRSGNEQFF	2
CASRTREGPNSPLHF	2
CASRRLAGINTDTQYF	2
CASRKTSSNEQFF	2
CASNQYGTGVKAQETQYF	2
CASKTGNTEAFF	2
CARGQGGNTEAFF	2
CAATAGTYGYTF	2
CASQGLAGGATDTQYF	2
CASSHWAEYLKSRNTGELFF	2
CASSGAGGPFEQYF	2
CASSGNRNTEAFF	2
CASSFSGTGYF	2
CASSFDGAMYNEQFF	2
CASSLSTGPNTEAFF	2
CASSLLGDYEQYF	2
CASSLANRPNTEAFF	2
CASSLAGQNYNEQFF	2
CASSLAGNNEQFF	2
CASSLADPGNTIYF	2
CASSLGSVNTEAFF	2
CASSLGQGSDTQYF	2
CASSLGQSYNEQFF	2
CASSLGDPGTGPDNEQFF	2
CASSLGDGSTDTQYF	2
CASSLEQEWDEQFF	2
CASSLEGLAAETQYF	2
CASSLISNTEAFF	2
CASSLSQGSSSSYNEQFF	2
CASSLNGFQETQYF	2
CASSLLSLYNEQFF	2
CASSLPTSGSYEQYF	2
CASSLRTNTGELFF	2
CASSSLPLAGTLTDTQYF	2
CASSSSGDTGSPLHF	2
CASSSPTGNNYYEQYF	2
CASSSERAAYNEQFF	2
CASSSGEGSTDTQYF	2
CASSSISDTQYF	2
CASSWGRNYGYTF	2
CASSYSGRGYTF	2
CASSYETPGQAEAFF	2
CASSLRTVAYEKLFF	2
CASSLYSGNTIYF	2
CASSLGLAGTYEQYF	2
CASSPSSSTDTQYF	2
CASSPGLAGSSYEQYF	2
CASSPFWEGYGYTF	2
CASSPEAGNPFYEQYF	2
CASSPGLAGGPNEQFF	2
CASSPTQGRDGYTF	2
CASSPRQAYTDTQYF	2
CASSRREGRAGELFF	2
CASSRGLINEQFF	2
CASSRTSETWEQYF	2
CASSRNRENEQFF	2
CASSRDGRLADTQYF	2
CASSHPLSHEQFF	2
CASSQIGGVTINEQFF	2
CASSQTQGVEQYF	2
CASSQSEDQPQHF	2
CASSQKSTGDYNEQFF	2
CASSQLPGQGPYEQYF	2
CASSQSGTGRYEQYF	2
CASSQSYPGGDEQFF	2
CASSQPRAGRHTGELFF	2
CASSQVPRDTQYF	2
CASSQVVGQPQHF	2
CASSQVSGETQYF	2
CASSQVGRTYEQYF	2
CASSQAGRSEAFF	2
CASSQARGSPYEQYF	2
CASSQAGQGIKRGYTF	2
CASSQGAGSYEQYF	2
CASSQDLVAADTQYF	2
CASSQDSGRGSTDTQYF	2
CASSQDSDHEQYF	2
CASSQDLLGFRVGGDTQYF	2
CASSQDLGATNEKLFF	2
CASSQDPRGTEAFF	2
CASSQDQGQGHSPLHF	2
CASSQDMGSYYGYTF	2
CASSQEPSYEQYF	2
CASSQESTGTRVHF	2
CASSVGTGFGDEKLFF	2
CASSIGLAGGGIQFF	2
CASSTIPDAGELFF	2
CASRELARTDTQYF	2
CASKTFGGPYEQYF	2
CSVKRAVAGGPTDTQYF	2
CSVPLITEAFF	2
CSAFRTATSPLHF	2
CSASGADTQYF	2
CSALRVQGEGYTF	2
CSAPLARVQETQYF	2
CSAPRTVNTEAFF	2
CSAQSTEDNLYGYTF	2
CSAESRGIQPQHF	2
CSATQPAGGFVQFF	2
CSATTAAYSNQPQHF	2
CSATAGTGRPQHF	2
CSASLALTGELFF	2
CSASPMTSVDNQPQHF	2
CSASEGQGSWQPQHF	2
CSARWTGNTEAFF	2
CSARVMTSGLNEQFF	2
CSARGGRDTEAFF	2
CSARSPVGNTIYF	2
CSARRAGRYNEQFF	2
CSARFSVDGYTF	2
CSARLEAGVDIQYF	2
CSARLAGGPGDTQYF	2
CSARRRGSYNSPLHF	2
CSARVRDRQFF	2
CSARVDGNQETQYF	2
CSARVDRANNQPQHF	2
CSARVWGAGYTF	2
CSARGGAGETQYF	2
CSARDSTSGSHEQYF	2
CSARDPRNTEAFF	2
CSARDRGRGELFF	2
CSARDGREQETQYF	2
CSARDGDRGHNEQFF	2
CSARDEGVGGGSYNSPLHF	2
CSARDNRGHTEAFF	2
CSARDSTRRHQPQHF	2
CSARDAAGWANEQFF	2
CSARELGVPEAFF	2
CSAREPRGGGHSPLHF	2
CSAREGVSNEKLFF	2
CSANVGETEAFF	2
CSALDRPAYEQYF	2
CSARPLGLAGGETYEQYF	2
CSAMTGVNTEAFF	2
CSAKRQGEAQPQHF	2
CSAAEAGVSGYTF	2
CSALHSEAFF	2
CSAVRSEKLFF	2
CSGQLAGDHGPEQFF	2
CSTTGTSRTDTQYF	2
CSVYEGSHNEQYF	2
CSVRRTTNTGELFF	2
CSVQRDRRDTQYF	2
CSVAPVSRDRVGKTQYF	2
CSVARAADTQYF	2
CSVGYRGDADTQYF	2
CSVDAGELDTQYF	2
CSVDAGEADGYTF	2
CSVEYNEQFF	2
CSVEGLEGQWDDSNQPQHF	2
CSVEWGPMNTEAFF	2
CSVEVVSSSGSRTDTQYF	2
CSVEARGEQFF	2
CSVEGDRVNTEAFF	2
CSVEDGKGKETQYF	2
CSVEDLAGVTDTQYF	2
CSVEEGRGEGYTF	2
CSVKPDSGGTQYF	2
CSVRSLTGELFF	2
CSAGTFDIGELFF	2
CSATAHDGYTF	2
CSIRQDGPNQPQHF	2
CVTNRDRVTTEQFF	1
CASSRGQENYGYTF	1
CAQQPKRGTSYGYTF	1
CAILGSGNTIYF	1
CASAGSGYGYTF	1
CASTSARKNNSPLHF	1
CASSLAGVADTQYF	1
CASSLYASGGEQYF	1
CASSLYENTEAFF	1
CASSSTSGYEQFF	1
CASQGQGHQPQHF	1
CASREVGAGSYEQYF	1
CASQRGWGRQPQHF	1
CASSPGNTIYF	1
CAWSPGVRFEAFF	1
CAWSVLGQAAGELFF	1
CAWSVSAYEQYF	1
CAWSVRLGTQPQHF	1
CAWSIGTDTQYF	1
CAWSRIGQVNEKLFF	1
CAWSNGLSKTEAFF	1
CAWSMTVSNQPQHF	1
CAWRGRTGDYNEQFF	1
CARSRTSGNTGELFF	1
CAHGSTTYEQYF	1
CAVWRGWTEAFF	1
CAVRTGSTEAFF	1
CAVTGTGSMNTEAFF	1
CAAAEAGGIYNEQFF	1
CAGGNGPPTGEQYF	1
CAGSRASNQPQHF	1
CAGSRGADYGYTF	1
CAGNRAGTDYGYTF	1
CAISGNYGYTF	1
CAILDRGNEKLFF	1
CAIRGDYGYTF	1
CAIPQGREYRPEQFF	1
CAIRPGLGIGEQFF	1
CAIADRGDQPQHF	1
CAIGDTSNYGYTF	1
CAIGEAGTLQETQYF	1
CAITPDRNQPQHF	1
CAISYERVNTGELFF	1
CAISARGWTEAFF	1
CAISGAGTVNYGYTF	1
CAISGPQGVGGYTF	1
CAISGVGTGGYNEQFF	1
CAISGELTYEQYF	1
CAISGQALGYTF	1
CAISDPAAGNTIYF	1
CAISDAGGTNYGYTF	1
CAISDGIAKNIQYF	1
CAISDSSNQPQHF	1
CAISESPGRKPPHF	1
CAISESASNTEAFF	1
CAISESGGIPEAFF	1
CAISESTEKLFF	1
CAISESTAGTEAFF	1
CAISEWGENTEAFF	1
CAISELSEAFF	1
CAISEPQGPEAFF	1
CAISEGFSTDTQYF	1
CAISEGFRGTEAFF	1
CAISETGRNTEAFF	1
CAISERPGATEAFF	1
CAISERGAPNTEAFF	1
CAISEPGQGSTEAFF	1
CAISVGSTEAFF	1
CAISAGYSNQPQHF	1
CAISRGSSYNSPLHF	1
CAIRSAYEQYF	1
CAIRDPRLYGGYNEQFF	1
CAIRDRNTIYF	1
CAIRTHGDAFF	1
CAINPGPNTEAFF	1
CAINPSGDRVAYGYTF	1
CATQVGNQPQHF	1
CATQGREGAFF	1
CATTYFRRPNEQFF	1
CATSRVGANQPQHF	1
CATSAGPKAAFF	1
CATSAPPLNTEAFF	1
CATSGQGAGNQPQHF	1
CATSTEAPVQGGYTF	1
CATSQGSQPQHF	1
CATWGPRDTEAFF	1
CATPQGPEAFF	1
CATRGQGGTGNTIYF	1
CATRPGNTIYF	1
CATRAQLTNYGYTF	1
CATQGFSGNTIYF	1
CATVRDTQETQYF	1
CATVGVEFHSGNTIYF	1
CATAKTQVPNQPQHF	1
CATGREEAQHF	1
CATGPGVSGNTIYF	1
CATGVRDRPYEQYF	1
CATGGASNQPQHF	1
CATDRYSNQPQHF	1
CATTKGSATQPQHF	1
CATSLAGGAEAFF	1
CATSWLGGYTF	1
CATSLSHRDTQYF	1
CATSVRTSEQETQYF	1
CATSGGLSNQPQHF	1
CATSGGNSNQPQHF	1
CATSDFGETQYF	1
CATSDFGVNQPQHF	1
CATSDLRLGSYGYTF	1
CATSDLRGNTIYF	1
CATSDLREKLFF	1
CATSDSRPGTGISEAFF	1
CATSDSGVPNEKLFF	1
CATSDYSVNYGYTF	1
CATSDPGQRADTQYF	1
CATSDPDGGSNQPQHF	1
CATSDPDIGDQPQHF	1
CATSDRRDAREKLFF	1
CATSDRGHSNQPQHF	1
CATSDRDGGSGELFF	1
CATSDVAGGRYEQYF	1
CATSDSAGLKNIQYF	1
CATSDPISGPSGYTF	1
CATSDRMDSTDTQYF	1
CATSETGSNTGELFF	1
CATSETGTGRHGYTF	1
CATSSRSEKLFF	1
CATSSGDGSSSYNEQFF	1
CATSPRSGTYGYTF	1
CATSHSSSGFGYTF	1
CATSAHRGRAEAFF	1
CATSANRGQPQHF	1
CATSGYPGEIQYF	1
CATSGFVGPAYEQYF	1
CATSGSGTGNGYTF	1
CATSDSGTLGEQYF	1
CATSIDSDGYTF	1
CATSTRTGFQPQHF	1
CATSTGSYSPLHF	1
CATSSHRAEAFF	1
CATSSDTGITEAFF	1
CATSSSSNYGYTF	1
CATSSSGDLNTEAFF	1
CATSRSVGAWTEAFF	1
CATSRGGQQNYGYTF	1
CATSRGQLADTQYF	1
CATSRSKGGQPQHF	1
CATSRWTAGTQYF	1
CATSRHPRLVDNEQFF	1
CATSRVRAGGNTEAFF	1
CATSRVGNQPQHF	1
CATSRARTSTIYF	1
CATSRGTGGLEQYF	1
CATSRGRDGNQPQHF	1
CATSRGSPGQEGDYGYTF	1
CATSRGWGVVIGQPQHF	1
CATSRGTSGFYNEQFF	1
CATSRDLAPYNSPLHF	1
CATSRDSKGPAEQYF	1
CATSRDSLTQDTQYF	1
CATSRDLRDRINYGYTF	1
CATSRDAGLGYTF	1
CATSRDRLAESSYNEQFF	1
CATSRDRGEKLFF	1
CATSRDNGVKVTNYGYTF	1
CATSRDPGQNYGYTF	1
CATSRDRTIDEQYF	1
CATSRDSSRGSEGYTF	1
CATSRDSNQPQHF	1
CATSREVSTEAFF	1
CATSREGPRQNTEAFF	1
CATSRETGNGYTF	1
CATSREQGAGGNTIYF	1
CATSREGTGVIGYTF	1
CATSRKGWETEAFF	1
CATRDESNTGELFF	1
CATREAGVETQYF	1
CATRGNYGYTF	1
CATNGPGVNYGYTF	1
CATNTDYNEQFF	1
CATQGAANTEAFF	1
CATGLESSGNTIYF	1
CATSTGGLGAEAFF	1
CATSPGGYTEAFF	1
CATRSGLNTEAFF	1
CATGQFPGTGTGELFF	1
CATRGEAKGQPQHF	1
CATKEDPGRDGYTF	1
CASSKGNGNEKLFF	1
CASSKGANTIYF	1
CASQTGTEAFF	1
CASTPSGGVLFEAFF	1
CASSRPRATQGFNQPQHF	1
CASSADTYGYTF	1
CASSIYRDRAAFF	1
CASSIRAQRYSNQPQHF	1
CASSIAQGTEAFF	1
CASSIFVGRYEQFF	1
CASSIVVDSYEQYF	1
CASSIASGLGNEQFF	1
CASSIGRWDRGHSGLTGELFF	1
CASSIDPGQTYEQYF	1
CASSIDGGNEQFF	1
CASSSYSLMNTEAFF	1
CASSKDRRYGYTF	1
CASSKRGAGQPQHF	1
CASSLWGDGYTF	1
CASSYEQFF	1
CASSLGVSNQPQHF	1
CASSPMAWGAGELFF	1
CASSPHAQSSPLHF	1
CASSAPTAKNIQYF	1
CASKPPGGRIEAFF	1
CASKTGNTEAFF	1
CASFPQRGRAYNEQFF	1
CASSYEQYF	1
CASSLAGYQPQHF	1
CASSPWGEKLFF	1
CASSPGTGEEKLFF	1
CASSPRPEQPQHF	1
CASSRERNTIYF	1
CASSQHMNTEAFF	1
CASSQQGRWTEAFF	1
CASSGGGAATEAFF	1
CASSSGTSVYSYEQYF	1
CASSSEQYEEKLFF	1
CASSLGLAGEYQETQYF	1
CASSLDSNYGYTF	1
CASSLLAGEGYEQYF	1
CASSLQGSNQPQHF	1
CASSLGQGLYNEQFF	1
CASSPPGSNEQYF	1
CASSPPGQATDTQYF	1
CASSPRDSDGYTF	1
CASSPRQADSGNTIYF	1
CASSPLRTDYGYTF	1
CASSPRRGSGYEQYF	1
CASSPRQGDQPQHF	1
CASSPAGRGGIYEQYF	1
CASSPGRGVAEAFF	1
CASSPGRNQVAFF	1
CASSPGVGYGYTF	1
CASSPDRDEQYF	1
CASSPTNTEAFF	1
CASSPLGSGETQYF	1
CASSPCGQGDTEAFF	1
CASSPLDRDNEQFF	1
CASSPLEQKTYTGELFF	1
CASSPPGAGYTF	1
CASSPPGQGNYGYTF	1
CASSPPAPLGNKLGEAFF	1
CASSPPQDRQPQHF	1
CASSPPAIYNEQFF	1
CASSPRQALTSPLHF	1
CASSPHSGEGSYEQYF	1
CASSPQQGGGETQYF	1
CASSPQSGAYNEQFF	1
CASSPADTHEAFF	1
CASSPAGPYEQYF	1
CASSPGTEAFF	1
CASSPGVRDSPLHF	1
CASSPTGQGASNSPLHF	1
CASSPSVGEEHQPQHF	1
CASSPRVSSGNTIYF	1
CASSPKGGTGELFF	1
CASSRTRGTEAFF	1
CASSRLTEDEKLFF	1
CASSHGQGWAEQYF	1
CASSQDRSYEQYF	1
CASSVGQGNGYTF	1
CASSDSGTPEKLFF	1
CASSTDRNTEAFF	1
CASSRARNTEAFF	1
CASCLFSGRTDTQYF	1
CASWPGGGETQYF	1
CASWELQGDNSPLHF	1
CASWKGGDYGYTF	1
CASLDWGNYGYTF	1
CASLASSTDTQYF	1
CASLKRESNHEQYF	1
CASLWTRADVYAFF	1
CASLDRWNTEAFF	1
CASPTLAELNYGYTF	1
CASRPSSNEQFF	1
CASRITDTQYF	1
CASRRQGQETQYF	1
CASRFGGSGNTIYF	1
CASRPRAKNIQYF	1
CASRGNQPQHF	1
CASREREAYEQYF	1
CASRTGNQPQHF	1
CASRTGGRNQPQHF	1
CASRSGMSEFF	1
CASHLGGLQETQYF	1
CASHGAGNSNQPQHF	1
CASQPQQGFDFSPLHF	1
CASQIPGLTTGELFF	1
CASQDVNTEAFF	1
CASVLQFSEKLFF	1
CASVGLGRNEQFF	1
CASVAFLDSPLHF	1
CASAERGSPDTQYF	1
CASAFLEMNTEAFF	1
CASASGLAGIEQYF	1
CASASGGDQPQHF	1
CASADSLLSNQPQHF	1
CASAGSNYGYTF	1
CASAGTALGDTEAFF	1
CASGAGSSYNSPLHF	1
CASGTSEVIWPQHF	1
CASGLGNTEAFF	1
CASGYRDWYTMRYTF	1
CASGLRGREKLFF	1
CASGQTRTRANTEAFF	1
CASGQAQEAFF	1
CASGQRGRGEKLFF	1
CASGRANTEAFF	1
CASGRGISPTEAFF	1
CASGLGYEQYF	1
CASGLGGAALGYTF	1
CASGAGGSEQYF	1
CASGERDGEGDTIYF	1
CASGTGDPSNQPQHF	1
CASGTTNYGYTF	1
CASGRTEAFF	1
CASGPDYGYTF	1
CASGHLVRFPEGEAFF	1
CASGQGANQPQHF	1
CASGQTGGHQPQHF	1
CASGAVSYEQYF	1
CASDPHGGRGTFF	1
CASDRGTVWAEAFF	1
CASDGGRSNQPQHF	1
CASEAFEVQNTEAFF	1
CASIGGRVGPKETQYF	1
CASIRETSTEAFF	1
CASILLLGGGEAFF	1
CASIPQTGGEDSNQPQHF	1
CASIRDSIPGDYGYTF	1
CASIRDLASVNQPQHF	1
CASIQLGTSGGEQFF	1
CASIQETTNEKLFF	1
CASIQHGNYGYTF	1
CASIGVSTNEKLFF	1
CASITNRGGGYTF	1
CASMPRNPGVGNTIYF	1
CASMTRGVRNQPQHF	1
CASMSPNTEAFF	1
CASMNRGTRNQPQHF	1
CASILREGGDQPQHF	1
CASIPRGGPNTEAFF	1
CASTLGPTWFSGNTIYF	1
CASTSFSGLIQETQYF	1
CASTVPWGEKLFF	1
CASTTGGRIYGYTF	1
CASTRMNSPLHF	1
CASTSFRGGSTEAFF	1
CASTSGAVYEQYF	1
CASTSEREETQYF	1
CASTSGPDQETQYF	1
CASTYQGGIVETQYF	1
CASTLSQRGNQPQHF	1
CASTLCATEAFF	1
CASTLSGSYNEQFF	1
CASTLLRGGVEQFF	1
CASTLNYEKLFF	1
CASTLRGTSGGDEQFF	1
CASTLGGLNQPQHF	1
CASTLNTEAFF	1
CASTPVGEPFSEQFF	1
CASTPHSLGNQPQHF	1
CASTPHGATGELFF	1
CASTPHSRRWYEQYF	1
CASTPAAKSEKLFF	1
CASTPGPGQQADTQYF	1
CASTPRWGAEGYTF	1
CASTPQLAGAYEQYF	1
CASTPGQVGYGYTF	1
CASTPVLGTRTEAFF	1
CASTRTLAGELFF	1
CASTRSGRVGKLFF	1
CASTQAGGRNQPQHF	1
CASTQGTEAFF	1
CASTAVGILGTEAFF	1
CASTAGTNNSPLHF	1
CASTARGQGPGGYTF	1
CASTGRISNYGYTF	1
CASTGQGHISYTF	1
CASTDRAGDINTEAFF	1
CASTDRAGNTIYF	1
CASTIRGTVPGNTIYF	1
CASTIGTGEDSPLHF	1
CASTTPTKSELGGETQYF	1
CASTTGLLNTEAFF	1
CASTTGGRDTGELFF	1
CASTTSLVGRKNYGYTF	1
CASTNSGWTEAFF	1
CASTKKPDTQYF	1
CASTKQGGSNQPQHF	1
CASTKGLGRDQPQHF	1
CASTFVSKSYEQYF	1
CASTDPRSTHEAFF	1
CASTTYLGRGRDGNYGYTF	1
CASTKRQGDNQPQHF	1
CASTPTLASTDTQYF	1
CASTMRDNYGYTF	1
CASTRSNQPQHF	1
CASSFLLGSNQPQHF	1
CASSFLWGNNQPQHF	1
CASSFSGGNQPQHF	1
CASSFWGSNQPQHF	1
CASSFWGLGPPLHF	1
CASSFWGTYEQYF	1
CASSFYRGEAFF	1
CASSFYKTEAFF	1
CASSFLDRRGYGYTF	1
CASSFPAIPPGQGIVNEQFF	1
CASSFPGFGNTIYF	1
CASSFRSWSGDEKLFF	1
CASSFVHGGGYTF	1
CASSFGSSGLAGGYEQYF	1
CASSFGYGYTF	1
CASSFGARVYGYTF	1
CASSFGGAVTGELFF	1
CASSFGGDSNQPQHF	1
CASSFDPTINEQFF	1
CASSFERDRDEQFF	1
CASSFIRRSSYEQYF	1
CASSFTPDSTNEQFF	1
CASSFSGQPQHF	1
CASSFNRHHSSYEQYF	1
CASSFKGTRSGYTF	1
CASSFFPASTDTQYF	1
CASSFLNTEAFF	1
CASSFLKGQVSNQPQHF	1
CASSFSYEQYF	1
CASSFSDTIYF	1
CASSFSGPRTSPLHF	1
CASSFYRVDGYTF	1
CASSFLGRSNQPQHF	1
CASSFPRLGREVTDTQYF	1
CASSFPQQGASVGAFF	1
CASSFPTGAAFSSPLHF	1
CASSFPNEKLFF	1
CASSFPSWDTDGYTF	1
CASSFRDRGPGELFF	1
CASSFRGNNQPQHF	1
CASSFRDYGYTF	1
CASSFHNSPVSTDTQYF	1
CASSFGQPQHF	1
CASSFGGTDTQYF	1
CASSFGLVENSPLHF	1
CASSFGRQSPLHF	1
CASSFGVRPQHF	1
CASSFGNGNTIYF	1
CASSFTWTGPTEAFF	1
CASSFTLGSYNSPLHF	1
CASSFTTGSNQPQHF	1
CASSFTGDSEQYF	1
CASSFSQTNSPLHF	1
CASSFRGLNQPQHF	1
CASSFRGRTEAFF	1
CASSFKGVGNQPQHF	1
CASSFKQPDGYTF	1
CASSLSDVGITDTQYF	1
CASSLWGYGAFF	1
CASSLPGNGYTF	1
CASSLRLGQETQYF	1
CASSLREKLFF	1
CASSLQGTDTQYF	1
CASSLVGNTEAFF	1
CASSLVGIQNEKLFF	1
CASSLAGKSYNEQFF	1
CASSLARHLPGEQYF	1
CASSLAGGFQPQHF	1
CASSLGGGAVTEAFF	1
CASSLGSSYEQYF	1
CASSLGRSNQPQHF	1
CASSLGVTGREPQHF	1
CASSLGTGGRYEQYF	1
CASSLGTGTFGGLFF	1
CASSLGQGTYNEQFF	1
CASSLDRVGRSGNTIYF	1
CASSLDRDQPQHF	1
CASSLEDRGPYNEQFF	1
CASSLTGGLTKNIQYF	1
CASSLNGRGGGYTF	1
CASSLNVLGAFF	1
CASSLNRGDYGYTF	1
CASSLFLALNTGELFF	1
CASSLFLGPRAINEKLFF	1
CASSLFSGYNEQFF	1
CASSLLGGYQPQHF	1
CASSLLGGDSTEAFF	1
CASSLLIRGDYGYTF	1
CASSLSSVLSPGDNQPQHF	1
CASSLSDSRRDEQYF	1
CASSLSRGNQPQHF	1
CASSLSREGGNEQFF	1
CASSLSPELTDTQYF	1
CASSLSPGIGSPLHF	1
CASSLSAGFRHLHF	1
CASSLSGHTEAFF	1
CASSLSGGPLFHEQYF	1
CASSLSGTGGNQPQHF	1
CASSLSGLAGETQYF	1
CASSLSTVRQPQHF	1
CASSLSTNSPLHF	1
CASSLSRAQNIQYF	1
CASSLSKRGNGYTF	1
CASSLSQGNQPQHF	1
CASSLSGANTEAFF	1
CASSLWQGGRGTEAFF	1
CASSLWGTEAFF	1
CASSLWGRVSQPQHF	1
CASSLWGHDYSNQPQHF	1
CASSLWSTSPYGYTF	1
CASSLYPLRGNTEAFF	1
CASSLYRAGAHKNIQYF	1
CASSLYVRGHLNTEAFF	1
CASSLYPRVNQPQHF	1
CASSLYAGFNQPQHF	1
CASSLLQGAEAFF	1
CASSLLDNQPQHF	1
CASSLLGARSTEAFF	1
CASSLPSQAQHF	1
CASSLPWGNMNTEAFF	1
CASSLPGTGGAWDYGYTF	1
CASSLPGIYEQYF	1
CASSLPGATVNYGYTF	1
CASSLPDRNNSPLHF	1
CASSLRPGLRSKPQHF	1
CASSLRSTRGEKLFF	1
CASSLRAPAGNTIYF	1
CASSLRSGHGRIGGYTF	1
CASSLRGTGFQPQHF	1
CASSLQGADQPQHF	1
CASSLQGRSYNEQFF	1
CASSLVPIREKLFF	1
CASSLVGYGNSPLHF	1
CASSLAGGYNQPQHF	1
CASSLAGGNRAFF	1
CASSLADRDTQPQHF	1
CASSLATHYGYTF	1
CASSLARRPNTEAFF	1
CASSLAVGSVVLSSPLHF	1
CASSLADSWKPQHF	1
CASSLASNGPYGTDTQYF	1
CASSLAANYGYTF	1
CASSLGPRNQPQHF	1
CASSLGPSRDTEAFF	1
CASSLGGKYSNQPQHF	1
CASSLGRGGAEKLFF	1
CASSLGLAGAEQFF	1
CASSLGLGYQPQHF	1
CASSLGRIYGYTF	1
CASSLGQLANQPQHF	1
CASSLGQGRAAFF	1
CASSLGQSNQPQHF	1
CASSLGVGTEAFF	1
CASSLGEGIWNQPQHF	1
CASSLGTNYEQYF	1
CASSLGTGDSYTF	1
CASSLGTRIPIYF	1
CASSLGRGRNTEAFF	1
CASSLDRGWGYGYTF	1
CASSLDSPYGYTF	1
CASSLDRNNEKLFF	1
CASSLEGRASGRSEQFF	1
CASSLISFGTGQKQPQHF	1
CASSLIENTEAFF	1
CASSLTRSYEQYF	1
CASSLTDPGTAYGYTF	1
CASSLTSYEQYF	1
CASSLTSGVLTDTQYF	1
CASSLTQQQGLVYGYTF	1
CASSLTASGSYEQYF	1
CASSLTAQGGYTF	1
CASSLTVPVGNQPQHF	1
CASSLTGRFNEKLFF	1
CASSLTGKSEAFF	1
CASSLTMNTEAFF	1
CASSLRSDNQPQHF	1
CASSLRVLYYGYTF	1
CASSLRVSNQPQHF	1
CASSLRGYLYEQYF	1
CASSLRGQAFF	1
CASSLRGENTEAFF	1
CASSLRRVEAFF	1
CASSLRAPNPMNTEAFF	1
CASSLKTNYGYTF	1
CASSSLANYGYTF	1
CASSSPQTGNGYTF	1
CASSSPGTGVYEQYF	1
CASSSGPARGQPQHF	1
CASSSSREGLFYEQFF	1
CASSSFGQGNEKLFF	1
CASSSLDLLFHPKLFF	1
CASSSWAVFGNTEAFF	1
CASSSYDGGLNTEAFF	1
CASSSLQGTTEAFF	1
CASSSLGANTEAFF	1
CASSSLDTNGYTF	1
CASSSLAGGTYEQYF	1
CASSSPLPDEQFF	1
CASSSPPQGRYTEAFF	1
CASSSPRVSYGYTF	1
CASSSPFSSSGNTIYF	1
CASSSPTTKAYGYTF	1
CASSSPENTEAFF	1
CASSSRTYEQYF	1
CASSSRGGLPPYGYTF	1
CASSSRTGDLSGNTIYF	1
CASSSQGAVNQPQHF	1
CASSSQGTELFF	1
CASSSGLAKYTQYF	1
CASSSGADEKLFF	1
CASSSGIHTEAFF	1
CASSSGTLASEQYF	1
CASSSGTVGYGYTF	1
CASSSGTGDNSPLHF	1
CASSSIIGTQYEQYF	1
CASSSINYGYTF	1
CASSSTGGAGYGYTF	1
CASSSRTGNTEAFF	1
CASSSHGTTYEQYF	1
CASSSQGNQPQHF	1
CASSSQQDEQYF	1
CASSSAGRNTDTQYF	1
CASSSGDRGRSDGYTF	1
CASSSMTEAGKLFF	1
CASSSTLRVRSSF	1
CASSSTGAQAQHF	1
CASSSTQRNYGYTF	1
CASSSTGKGNTIYF	1
CASSSTDLGYTF	1
CASSSNQPQHF	1
CASSSFTGGSGYTF	1
CASSSLNTVASYNEQFF	1
CASSSHTEAFF	1
CASSSVGPNQPQHF	1
CASSSGFKLFF	1
CASSSGGRNQPQHF	1
CASSSDRESAQHF	1
CASSSRGWTEAFF	1
CASSSNYGYTF	1
CASSWSTRNGSGYTF	1
CASSWSGDSNQPQHF	1
CASSWADSYNEQFF	1
CASSWGDYGYTF	1
CASSWGTVNTEAFF	1
CASSWDYEQYF	1
CASSWDSENQPQHF	1
CASSWTVTNNYGYTF	1
CASSWTGYSEKLFF	1
CASSWRQGAGEANEKLFF	1
CASSYSTVGNYGYTF	1
CASSYLGTSNQPQHF	1
CASSYRRDSNSPLHF	1
CASSYAGFSGNTIYF	1
CASSYGVSEQFF	1
CASSYGGQPQHF	1
CASSYGEGDGYTF	1
CASSYGTGGIAFF	1
CASSYGQVMNTEAFF	1
CASSYDGNQPQHF	1
CASSYMTGLDGYTF	1
CASSYTGVEQYF	1
CASSYTGGNQPQHF	1
CASSYRSDAVRGYGYTF	1
CASSYFGAMGEQYF	1
CASSYFQGRGSEQFF	1
CASSYLTGDQPQHF	1
CASSYLGQRPDTQYF	1
CASSYSLGTGLSYEQYF	1
CASSYSRRSSYEQYF	1
CASSYSPLDVMTQYF	1
CASSYSPGTGEKLFF	1
CASSYSPEGNTEAFF	1
CASSYSASEAFF	1
CASSYSGYGYGYTF	1
CASSYSGGANEKLFF	1
CASSYSVQGKYGYTF	1
CASSYSGQGPEPQHF	1
CASSYSIGSSGGNTEAFF	1
CASSYSMGTGTGYTF	1
CASSYSIGNQPQHF	1
CASSYSTLRVTEAFF	1
CASSYSTAGVLATNEKLFF	1
CASSYSRTYEQYF	1
CASSYSRVDGYTF	1
CASSYSNPGRGNQPQHF	1
CASSYSGTVHGYTF	1
CASSYWEGSEKLFF	1
CASSYLQDVNYGYTF	1
CASSYLSGSFADTQYF	1
CASSYPQGAGNTEAFF	1
CASSYPPAGREAFF	1
CASSYPTEAFF	1
CASSYPGYQQPQHF	1
CASSYPLTGANTEAFF	1
CASSYPSIAKNIQYF	1
CASSYRPGWGTEAFF	1
CASSYRLAGASTDTQYF	1
CASSYRSNTEAFF	1
CASSYRQGEKLFF	1
CASSYRGLPEDEKLFF	1
CASSYRTGGMRTEAFF	1
CASSYQGKIGNTIYF	1
CASSYQGAGTEAFF	1
CASSYVSQGTYEQYF	1
CASSYAGAGQPQHF	1
CASSYAIQGGTQYF	1
CASSYAGGSNQPQHF	1
CASSYGLGQSYEQYF	1
CASSYGGTSGIYNEQFF	1
CASSYGLAHYNEQFF	1
CASSYGQLNTEAFF	1
CASSYGQKNSPLHF	1
CASSYGVQDGYTF	1
CASSYGTGEAFF	1
CASSYGTDGYTF	1
CASSYGDGALHF	1
CASSYGEPEAFF	1
CASSYDIRSTDTQYF	1
CASSYEWGQETQYF	1
CASSYEVRGAGDGYTF	1
CASSYEGRGGEKLFF	1
CASSYEEVIDAFF	1
CASSYTGLGDGYTF	1
CASSYTLDSFNQPQHF	1
CASSYTIQGSDTEAFF	1
CASSYRASEAFF	1
CASSYRGLNSPLHF	1
CASSYRGRTNEQFF	1
CASSYNLVGAGNYGYTF	1
CASSYKLNTEAFF	1
CASSLRPVGNTIYF	1
CASSLGGVRTEAFF	1
CASSLTGTTGELFF	1
CASSLYRQAMNTEAFF	1
CASSLPHRVRGSPLHF	1
CASSLRVAGVGTYNEQFF	1
CASSLDRHSNQPQHF	1
CASSLYLAGLQETQYF	1
CASSLRKEKLFF	1
CASSLESNQPQHF	1
CASSLTGLYGYTF	1
CASSLFYEQYF	1
CASSLHSGELFF	1
CASSLQGAYGYTF	1
CASSLQGAGSNEKLFF	1
CASSLDNRGNTEAFF	1
CASSPSVGPQETQYF	1
CASSPYRSSWNTEAFF	1
CASSPLLDTFNEAFF	1
CASSPLFASGNTIYF	1
CASSPPTGGNSPLHF	1
CASSPPRTGGLTEAFF	1
CASSPRQGYQPQHF	1
CASSPHDVNSPLHF	1
CASSPGQGRDTEAFF	1
CASSPSYRDGYTF	1
CASSPSQGRGGYTF	1
CASSPWDGNQPQHF	1
CASSPWDRVTEAFF	1
CASSPYGTGANYGYTF	1
CASSPLSTGRTEAFF	1
CASSPLRGRDYGYTF	1
CASSPPAANTGELFF	1
CASSPPGQGIGYTF	1
CASSPPTRKTEAFF	1
CASSPRVAMITDTQYF	1
CASSPRTGSGNTIYF	1
CASSPRQGARNEQFF	1
CASSPGGGHGYTF	1
CASSPGDSYNSPLHF	1
CASSPGENTGELFF	1
CASSPGGHYGYTF	1
CASSPGTRADTQYF	1
CASSPGTANTEAFF	1
CASSPGTGSWAQHF	1
CASSPGSTDTQYF	1
CASSPGHQGAYGYTF	1
CASSPGQGTRYGYTF	1
CASSPTTRGNTEAFF	1
CASSPTFE	1
CASSPTLGEGGIEAFF	1
CASSPTPGQGLRAQHF	1
CASSPNKIVEPQHF	1
CASSPLVSPLHF	1
CASSPLRFDKVGNTIYF	1
CASSPLTGRNYGYTF	1
CASSPLTGDDGAFF	1
CASSPDPPEAFF	1
CASSPIIRDLSF	1
CASSPTANYGYTF	1
CASSPRAWGSYGYTF	1
CASSPRGVLTEAFF	1
CASSPSWQGDTEAFF	1
CASSPSDFPEAFF	1
CASSPLWPGQPETSGNTIYF	1
CASSPPLRLAGGVSAGELFF	1
CASSPPGQGAREKLFF	1
CASSPQGLFLHF	1
CASSPQGPTEAFF	1
CASSPAGGPRTYEQYF	1
CASSPGPPMGNQPQHF	1
CASSPGGRGGYTF	1
CASSPGDRGLRNQPQHF	1
CASSPGQAGGSPLHF	1
CASSPGQGDEQFF	1
CASSPDGTNEKLFF	1
CASSPTFWTGRGQPQHF	1
CASSPTTGWLSYGYTF	1
CASSPTGGANYGYTF	1
CASSPTGRTEAFF	1
CASSPTGHLTYEQYF	1
CASSPNYGYTF	1
CASSRLGGRFYTGELFF	1
CASSRGVGNVVNYGYTF	1
CASSRSRGNQPQHF	1
CASSRYQGELFF	1
CASSRRDRVLLFNQPQHF	1
CASSRGTVYEQYF	1
CASSRNQNRGPGNTIYF	1
CASSRNPLDNSPLHF	1
CASSRDTTNEKLFF	1
CASSRTSGTYNEQFF	1
CASSRTGGEHTQYF	1
CASSRPRGLNTEAFF	1
CASSRRQGRNQPQHF	1
CASSRQGASPEAFF	1
CASSRGSDTQYF	1
CASSRGTGAYQPQHF	1
CASSHRQGRNTEAFF	1
CASSHKGLTSSYEQYF	1
CASSHGQTNEKLFF	1
CASSQSITSTDTQYF	1
CASSQKPQGYTF	1
CASSQWSLRAKNIQYF	1
CASSQPGAGYNSPLHF	1
CASSQATILPPQHF	1
CASSQDTRIAKNIQYF	1
CASSQDKTRYSNQPQHF	1
CASSQMDREVTEAFF	1
CASSQTRVKAFF	1
CASSVPRDRDTEAFF	1
CASSVGSETQYF	1
CASSVDRGGTEAFF	1
CASSVEGEKLFF	1
CASSVSLAGGPDNEQFF	1
CASSVPSGGDGYTF	1
CASSVPGGAFTEAFF	1
CASSVGRGLNTEAFF	1
CASSVGTGDLEKLFF	1
CASSVTGYYEQYF	1
CASSVGRGANYGYTF	1
CASSVERGQADTQYF	1
CASSVRGSYNSPLHF	1
CASSVQGGQPQHF	1
CASSVGIDSTDTQYF	1
CASSVSTSDTEAFF	1
CASSVNYGNTIYF	1
CASSAGGDENYGYTF	1
CASSATGGMNTEAFF	1
CASSAFKTLSYSPLHF	1
CASSAQSGVANYGYTF	1
CASSAQGNTEAFF	1
CASSAAGWELNTEAFF	1
CASSAGLGDNSPLHF	1
CASSAVGGSGELFF	1
CASSAAESVYEQYF	1
CASSAGTYGYTF	1
CASSADFRPGELFF	1
CASSAENTEAFF	1
CASSASGDNQPQHF	1
CASSAGNQPQHF	1
CASSGRPYGAGAEAFF	1
CASSGRGLSGDSPLHF	1
CASSGRSGSNQPQHF	1
CASSGRGNTEAFF	1
CASSGLIDRESYEQYF	1
CASSGDRVNQPQHF	1
CASSGTEEETQYF	1
CASSGRAAPPRETQYF	1
CASSGPSSPARDTQYF	1
CASSGQGWNQPQHF	1
CASSGAGGTDTQYF	1
CASSGGLANEQFF	1
CASSGDRYTDTQYF	1
CASSGNRRNGYTF	1
CASSDLGDGYTF	1
CASSDPGSGQPQHF	1
CASSDQGGQPNSPLHF	1
CASSDGTPEKLFF	1
CASSDTRVGEKLFF	1
CASSDRRNTEAFF	1
CASSDSPGQGADTQYF	1
CASSDSRQTNYGYTF	1
CASSDSYEQYF	1
CASSDSGTSDTGELFF	1
CASSDSTLTRDTGELFF	1
CASSDSVGELFF	1
CASSDLRGSYEQYF	1
CASSDPGTEAFF	1
CASSDHGGRWEQFF	1
CASSDAAGNQPQHF	1
CASSDGASYGYTF	1
CASSDDSSGNTIYF	1
CASSDTDRGPNSPLHF	1
CASSDSSYNEQFF	1
CASSDKTSGRTEQFF	1
CASSEPGQGFSPLHF	1
CASSEQGSWQPQHF	1
CASSEVTTYNEQFF	1
CASSEVGGGNTEAFF	1
CASSEGGADQPQHF	1
CASSELAGVDTEAFF	1
CASSELSDITNTEAFF	1
CASSEWPYGYTF	1
CASSEYGEGYNQPQHF	1
CASSELSGGSYEQYF	1
CASSEPPMSAIEPQHF	1
CASSERRSRRTEAFF	1
CASSEHLRGDDYNSPLHF	1
CASSEHSGSVETQYF	1
CASSEQGPNTEAFF	1
CASSEARKTVSNQPQHF	1
CASSEAGTALQNEQFF	1
CASSEAGNTEAFF	1
CASSEALFFLSGEGTEAFF	1
CASSEAPGATEAFF	1
CASSEAGRQSQETQYF	1
CASSEAGQTNTEAFF	1
CASSEGPGGRGTGGYTF	1
CASSEGQTTGSYGYTF	1
CASSEGDLGTEAFF	1
CASSEGFTDIQYF	1
CASSEGSAGNQPQHF	1
CASSEGWRGNNQPQHF	1
CASSEGYTTEAFF	1
CASSEGLTATNEKLFF	1
CASSEGQPQHF	1
CASSEGPFSGNTIYF	1
CASSEEGNVVGSQHF	1
CASSEEATGTSPLHF	1
CASSEEGLANEQFF	1
CASSETGTGEYGYTF	1
CASSERRPLDNSPLHF	1
CASSEKGYQPQHF	1
CASSEKGQGDNTQYF	1
CASSIHGSSGNTIYF	1
CASSMMGTQNTEAFF	1
CASSITTAAPLHF	1
CASSTRYQGIKSNQPQHF	1
CASSTEILDSINTGELFF	1
CASSTTGGAGAGYTF	1
CASSTSGPPQHF	1
CASSTADWNTEAFF	1
CASSTGTSNTEAFF	1
CASSTGRGYTF	1
CASSTTGANQPQHF	1
CASSTTRIPQHF	1
CASSTNREPTYGYTF	1
CASSTPGTASNSPLHF	1
CASSTDTDNQPQHF	1
CASSTKTGGSVDTEAFF	1
CASSTTGGNIQYF	1
CASSSGQGNYGYTF	1
CASSSEGSPLHF	1
CASSRGLAGGGFQFF	1
CASSRPGTGFNQPQHF	1
CASSNRDIQSNQPQHF	1
CASSNGQSVPGPQHF	1
CASSKGQGREKLFF	1
CASSFLDRENTEAFF	1
CASSFSTGNTIYF	1
CASSFWYRTIYF	1
CASSFYPGVNTEAFF	1
CASSFPGTYNEQFF	1
CASSFPLSEAFF	1
CASSFRGAQDTQYF	1
CASSFQGNTEAFF	1
CASSFVGSGRNGELFF	1
CASSFASNLNTEAFF	1
CASSFGPAGVGTEAFF	1
CASSFGPNTEAFF	1
CASSFGRTEAFF	1
CASSFGQAYYEQYF	1
CASSFGLKRGITF	1
CASSFGAPETQYF	1
CASSFGGSTEAFF	1
CASSFGGGGGEKLFF	1
CASSFGSSGGQPQHF	1
CASSFIGSYEQYF	1
CASSFTSGSEAFF	1
CASSFTRQGNNSPLHF	1
CASSFTGREPQHF	1
CASSFTGENQPQHF	1
CASSFSGHAEQFF	1
CASSFSGGRADTQYF	1
CASSFRLAESYEQYF	1
CASSFKGGTEAFF	1
CASSFFRNYGYTF	1
CASSFSPTIVGYTF	1
CASSFSENEKLFF	1
CASSFSGWNTGELFF	1
CASSFLQGPMNTEAFF	1
CASSFPAEGRGGKLFF	1
CASSFRGRARGEQYF	1
CASSFRTNYGYTF	1
CASSFHSRNTEAFF	1
CASSFQGRETQYF	1
CASSFQGAHGGELFF	1
CASSFQVQETLYGYTF	1
CASSFQGTDYGYTF	1
CASSFAYRATNEKLFF	1
CASSFGDARPTRPYGYTF	1
CASSFGPTGFNYGYTF	1
CASSFDSEETQYF	1
CASSFDLQETQYF	1
CASSFMDTEAFF	1
CASSFTGVDTQYF	1
CASSFTTDTQYF	1
CASSFRGRETQYF	1
CASSFRDRGRGSPLHF	1
CASSFNNSPLHF	1
CASSLFKGRVTEAFF	1
CASSLFGPTEGFGYTF	1
CASSLLTGNQPQHF	1
CASSLLEPSSASSYNEQFF	1
CASSLSPMNTEAFF	1
CASSLSPDRGWGEQFF	1
CASSLSGNEKLFF	1
CASSLWGANTEAFF	1
CASSLWDRGLSPLHF	1
CASSLWETQYF	1
CASSLWSQPSGNTIYF	1
CASSLYLSPTEAFF	1
CASSLLLGQTAEAFF	1
CASSLLTNTEAFF	1
CASSLLDYGYTF	1
CASSLRNQPQHF	1
CASSLRVGRNTEAFF	1
CASSLREATEAFF	1
CASSLQVTSGNTIYF	1
CASSLVIYIAGGPRDTQYF	1
CASSLVAGPLRNTEAFF	1
CASSLVLTGTGDRFNYGYTF	1
CASSLVGPRNIQYF	1
CASSLVGGAPYGYTF	1
CASSLVGSQPQHF	1
CASSLVGQGQAFF	1
CASSLVRREWTEAFF	1
CASSLVYTEQFF	1
CASSLAPTSGNTIYF	1
CASSLATNQPQHF	1
CASSLARGQGADGYTF	1
CASSLAHGYEQYF	1
CASSLAGFHTEAFF	1
CASSLAEKLFF	1
CASSLASASGQQAFF	1
CASSLGYGYTF	1
CASSLGRGQANEKLFF	1
CASSLGRGALAFF	1
CASSLGSRDYEQYF	1
CASSLGSHYEQYF	1
CASSLGPYEAFF	1
CASSLGPDGYTF	1
CASSLGMDRNTGELFF	1
CASSLGTASGNTIYF	1
CASSLGQPSGNTIYF	1
CASSLGQGPYNEQFF	1
CASSLGQGRYTF	1
CASSLGQGATNEKLFF	1
CASSLGQTNYGYTF	1
CASSLGQGHGYTF	1
CASSLGGYEQYF	1
CASSLGTSRIQETQYF	1
CASSLGTGGPAGGHNEQFF	1
CASSLDLGLDTEAFF	1
CASSLDHSNQPQHF	1
CASSLDVNTEAFF	1
CASSLDVASNQPQHF	1
CASSLDGTHNQPQHF	1
CASSLESLGGTEQYF	1
CASSLERNYGYTF	1
CASSLEAGLLTEAFF	1
CASSLEGNGSPLHF	1
CASSLEGLAGADEQFF	1
CASSLEDHEQYF	1
CASSLELWGYTF	1
CASSLEPERNQPQHF	1
CASSLEQFENSPLHF	1
CASSLTVSNQPQHF	1
CASSLTGGRDEQYF	1
CASSLRGTEAFF	1
CASSLRGAGTEAFF	1
CASSLRDLNEKLFF	1
CASSLRGASNQPQHF	1
CASSLNLSGYTF	1
CASSLNPKGEKLFF	1
CASSLNIPDEQYF	1
CASSLNTEAFF	1
CASSLKRGTEAFF	1
CASSLKRNRTEAFF	1
CASSLFPQGHTEAFF	1
CASSLFPSGRATIETQYF	1
CASSLFAGGDTDTQYF	1
CASSLFWDNEQFF	1
CASSLFGYSMEDTQYF	1
CASSLFNEQYF	1
CASSLLGPDTQYF	1
CASSLLREYVTGELFF	1
CASSLLGGNGYTF	1
CASSLSLESTDTQYF	1
CASSLSTWGEKLFF	1
CASSLSLHSTEGYTF	1
CASSLSGSNYGYTF	1
CASSLSVGIETQYF	1
CASSLSDGNTIYF	1
CASSLSSTGRGGELFF	1
CASSLSELALYEQYF	1
CASSLWGVEIGQPQHF	1
CASSLWGQRNQPQHF	1
CASSLWDSPLHF	1
CASSLYYDRVGTEAFF	1
CASSLYGATYGYTF	1
CASSLYPSSGRGGELFF	1
CASSLYSGDEKLFF	1
CASSLLQGFAEAFF	1
CASSLLKRVGTTWDNEQFF	1
CASSLPRVDRGEKLFF	1
CASSLPGKEASPLHF	1
CASSLRADTGELFF	1
CASSLRGLNSPLHF	1
CASSLRGGNTEAFF	1
CASSLRDRVVGNTIYF	1
CASSLQGEETQYF	1
CASSLQGALNSPLHF	1
CASSLQLNTEAFF	1
CASSLQVSGRKNTGELFF	1
CASSLQGGTEAFF	1
CASSLVYRAGEETQYF	1
CASSLVPQGDEKLFF	1
CASSLVGIGNTIYF	1
CASSLVPGSVADTQYF	1
CASSLVRKNTIYF	1
CASSLVQHSGNTIYF	1
CASSLVGGATKKPQHF	1
CASSLVGSSNQPQHF	1
CASSLVEGGSPLHF	1
CASSLVSIRDGYTF	1
CASSLVWGALGDTEAFF	1
CASSLVYRDNEQFF	1
CASSLVQGDQPQHF	1
CASSLVGENTEAFF	1
CASSLVNNSPLHF	1
CASSLAYNQPQHF	1
CASSLAGVTEAFF	1
CASSLAGPSNQPQHF	1
CASSLASGSWYEQYF	1
CASSLARAVDSGTEAFF	1
CASSLASFSGNTIYF	1
CASSLASVNTEAFF	1
CASSLAPSGRSSGNTIYF	1
CASSLARLTEAFF	1
CASSLARDQPQHF	1
CASSLASGLSYEQYF	1
CASSLAWASGSWETQYF	1
CASSLALGIGYTF	1
CASSLALDPSQPQHF	1
CASSLALERRLNYGYTF	1
CASSLARENTEAFF	1
CASSLAQGLNYGYTF	1
CASSLAVLNTEAFF	1
CASSLADSRPQHF	1
CASSLADRASGNTIYF	1
CASSLAEAGSSYEQYF	1
CASSLATSSTDTQYF	1
CASSLASRDRGLRNTEAFF	1
CASSLASRYEQYF	1
CASSLAGFNYGYTF	1
CASSLAGGNYGYTF	1
CASSLGSGTGTYEQYF	1
CASSLGPSGAFF	1
CASSLGQGATNEKLFF	1
CASSLGGSGRYEQYF	1
CASSLGNEQFF	1
CASSLGGQANQPQHF	1
CASSLGSTGELFF	1
CASSLGLGQGLRYQPQHF	1
CASSLGSGPGGPQHF	1
CASSLGYRYEQYF	1
CASSLGPRFLHF	1
CASSLGPGQGGAFF	1
CASSLGRSYEQYF	1
CASSLGQPYEQYF	1
CASSLGVTEKLFF	1
CASSLGGGGEQYF	1
CASSLGGRGRIVPYEQYF	1
CASSLGGNTDTQYF	1
CASSLGGKNIQYF	1
CASSLGGPYEQYF	1
CASSLGDHLRTF	1
CASSLGDGLYGYTF	1
CASSLGDGAYGYTF	1
CASSLGDRDEKLFF	1
CASSLGTSNQPQHF	1
CASSLGTGYGGLFF	1
CASSLGTGVEKLFF	1
CASSLGTGGTNYGYTF	1
CASSLGRNQPQHF	1
CASSLGSVNTEAFF	1
CASSLGPREFEKLFF	1
CASSLGRGDYGYTF	1
CASSLGQGPEAFF	1
CASSLGQGMETQYF	1
CASSLGQGRYGYTF	1
CASSLGGWASTDTQYF	1
CASSLGGGNTEAFF	1
CASSLGGENTIYF	1
CASSLGGSLFEAFF	1
CASSLGGQYGYTF	1
CASSLGISNYGYTF	1
CASSLDLGEAFF	1
CASSLDPLGEQYF	1
CASSLDPGSLNYGYTF	1
CASSLDEGKTYEQYF	1
CASSLDYRYEQYF	1
CASSLDLAVGGLEQYF	1
CASSLDPGDEAFF	1
CASSLDHPYF	1
CASSLDAGYRGYTF	1
CASSLDGRFDGSGVHNEQFF	1
CASSLDGRADQFF	1
CASSLDRVTSMNTEAFF	1
CASSLDKTVGYTF	1
CASSLELVGTGYGYTF	1
CASSLEVYGYTF	1
CASSLEVAGKNTEAFF	1
CASSLEAGGPYNEQFF	1
CASSLEAGIDQPQHF	1
CASSLEGFMNTEAFF	1
CASSLEGQGPYGYTF	1
CASSLEGAYTDTQYF	1
CASSLEGGDALHF	1
CASSLEGGERSQYF	1
CASSLEGEAFF	1
CASSLEGTALNYGYTF	1
CASSLELAGGSYNEQFF	1
CASSLESPTGVGHTQYF	1
CASSLEPGEKLFF	1
CASSLEQHPNYGYTF	1
CASSLEGPRGSPLHF	1
CASSLIGDEQYF	1
CASSLIGTGQRPQHF	1
CASSLINTDTQYF	1
CASSLMRGGEAFF	1
CASSLMEGEQFF	1
CASSLMTGVNEKLFF	1
CASSLILNTEAFF	1
CASSLTSGRASYEQYF	1
CASSLTLGTAEAFF	1
CASSLTRTGNEQFF	1
CASSLTFRGFWEQYF	1
CASSLTLASGSLEQYF	1
CASSLTWPAGKGGYTF	1
CASSLTVNTEAFF	1
CASSLTGGSSYGYTF	1
CASSLTGNTEAFF	1
CASSLTGQGILGYTF	1
CASSLTGQTEAFF	1
CASSLTGAGNQPQHF	1
CASSLSPSGDSYEQYF	1
CASSLSSFSYNEQFF	1
CASSLSSGTGYEKLFF	1
CASSLRLDNEQFF	1
CASSLRGTGSPLHF	1
CASSLRGSRRQSSYNEQFF	1
CASSLRGSNQPQHF	1
CASSLNTGIGELFF	1
CASSLNPGWDGYTF	1
CASSLNRGEKLFF	1
CASSLNARGPLHF	1
CASSLNDLDSYEQYF	1
CASSLKHGSLHEQYF	1
CASSSLGQPNQPQHF	1
CASSSPSYRGSTTNEKLFF	1
CASSSSGRNIGEQFF	1
CASSSSGRRGETQYF	1
CASSSRTGGEYGYTF	1
CASSSLSGRRMNEQFF	1
CASSSSGGELFF	1
CASSSSRSGAFF	1
CASSSSEGRNYGYTF	1
CASSSYIGSGNTIYF	1
CASSSLGAGSYEQYF	1
CASSSPPGQSHTEAFF	1
CASSSPRQGHYGYTF	1
CASSSPGGNTEAFF	1
CASSSPDRWYYGYTF	1
CASSSPQAVLDSPLHF	1
CASSSPGHGGPETEAFF	1
CASSSRARQNEKLFF	1
CASSSRDRAHTEAFF	1
CASSSRTAEAFF	1
CASSSQGDAYEQYF	1
CASSSQINQPQHF	1
CASSSQMGAGYGYTF	1
CASSSVQGPGTEAFF	1
CASSSARALYGYTF	1
CASSSGTGNEKLFF	1
CASSSGTGPYNEQFF	1
CASSSGTGGGYGYTF	1
CASSSDVASNQPQHF	1
CASSSTPRLSGTGTYGYTF	1
CASSSTPRDRGQPQHF	1
CASSSTGTSGTTGELFF	1
CASSSSGRAPAFF	1
CASSSRWIGDIQYF	1
CASSSRVAGPNEQFF	1
CASSSRTGDTEAFF	1
CASSSSGTTDYEQYF	1
CASSSLGTGAYGYTF	1
CASSSGLSTGELFF	1
CASSSGLAVDTQYF	1
CASSSGLDGAAFF	1
CASSSGQGDTEAFF	1
CASSSDLGEQYF	1
CASSSDGLGIEKLFF	1
CASSSDRGTEAFF	1
CASSSTRGQGREKLFF	1
CASSSTTGSGNTIYF	1
CASSSTVYPGNTIYF	1
CASSSTGSTPTDTQYF	1
CASSSTGEGTEAFF	1
CASSSTDSPLHF	1
CASSSTTPQFF	1
CASSSNRWNSQPQHF	1
CASSSKGANTEAFF	1
CASSSKTGRTEAFF	1
CASSSSSTGGNQPQHF	1
CASSSSSQGRRHYGYTF	1
CASSSYGGSNQPQHF	1
CASSSYRGGFTGELFF	1
CASSSPGAGNTIYF	1
CASSSHPGQGKYEQYF	1
CASSSQVSGNTIYF	1
CASSSAGTPYNEQFF	1
CASSSGEGSPLHF	1
CASSSEQGYGYTF	1
CASSSIPGDQETQYF	1
CASSSTSEPGQLSGELFF	1
CASSSTWGYGYTF	1
CASSSTVASTEAFF	1
CASSSRIIQNSPLHF	1
CASSWQTGQATDTQYF	1
CASSWGGSSYNEQFF	1
CASSWGNGGNQPQHF	1
CASSWGQPYSGNTIYF	1
CASSWDLVNYGYTF	1
CASSWDGQGRTEAFF	1
CASSWDRGSSELFF	1
CASSWIRDPHLPNTEAFF	1
CASSYSGANTEAFF	1
CASSYGRDRGPLGNIQYF	1
CASSYDRDRRNTIYF	1
CASSYIGQGSREQYF	1
CASSYTSGSYNEQFF	1
CASSYQENTEAFF	1
CASSYGQGRQHF	1
CASSYTGAGQPQHF	1
CASSYTGGPRAFF	1
CASSYSPDEQYF	1
CASSLSIGEIPDTQYF	1
CASSLYNYGYTF	1
CASSLLASGELFF	1
CASSLQGAEWETQYF	1
CASSLGSPLHF	1
CASSLGQGLAKNIQYF	1
CASSLTWGNYGYTF	1
CASSLSAAYNEQFF	1
CASSLSGYEQYF	1
CASSLSDLSWRGYTF	1
CASSLWGAGQPQHF	1
CASSLRDTSGNTIYF	1
CASSLRTGNEQFF	1
CASSLRTGDYNEQFF	1
CASSLAGNTIYF	1
CASSLGGTEAFF	1
CASSLGTVATNEKLFF	1
CASSLGTNTEAFF	1
CASSLGTGESLTGAFF	1
CASSLDGNYGYTF	1
CASSLSPGTGGAFF	1
CASSLSTANTGELFF	1
CASSLRTGDNQPQHF	1
CASSLRETYNEQFF	1
CASSLGLGSQPQHF	1
CASSLGRGNQPQHF	1
CASSLGQGLAQVF	1
CASSLDPSGNTIYF	1
CASSLDSYNSPLHF	1
CASSLKDRVNYGYTF	1
CASSLYAGNTEAFF	1
CASSLLEGGEQFF	1
CASSLQGPIGDGYTF	1
CASSLVQGNTEAFF	1
CASSLAGNTIYF	1
CASSLGDILYTEAFF	1
CASSLGPAGGTEAFF	1
CASSLGGPAGNYGYTF	1
CASSLDGVAKNIQYF	1
CASSLTRDHEQFF	1
CASSLNRVSTEAFF	1
CASSLKYSNQPQHF	1
CASSPFGNTIYF	1
CASSPFRALNEKLFF	1
CASSPSGTGGTEAFF	1
CASSPWEGGEKLFF	1
CASSPLGDEKLFF	1
CASSPPLGDEQYF	1
CASSPPGQRVRTEAFF	1
CASSPPRTGALEQYF	1
CASSPHGGGLNYGYTF	1
CASSPQPGSTNEKLFF	1
CASSPVRAYNEQFF	1
CASSPVTGNEQYF	1
CASSPAVGQGSYEQYF	1
CASSPAGSYEQYF	1
CASSPAGSGILAKNIQYF	1
CASSPGGTGDYEQYF	1
CASSPGWDTEAFF	1
CASSPGTGAYEQYF	1
CASSPDGLEQYF	1
CASSPTGATNEKLFF	1
CASSPSRLYGYTF	1
CASSPSEGVNQPQHF	1
CASSPRPIDGSFF	1
CASSPRLALSDEQYF	1
CASSPRPGSGNTIYF	1
CASSPRHTTNEKLFF	1
CASSPNTRTGSLYEQFF	1
CASSPNSGNTIYF	1
CASSPNHYEQFF	1
CASSPLPRSGNTIYF	1
CASSPLRREPQHF	1
CASSPSLRETQYF	1
CASSPSLANTEAFF	1
CASSPSTGGGPEVSGNTIYF	1
CASSPWTGGDSPLHF	1
CASSPYGEAFF	1
CASSPLGVYGYTF	1
CASSPLGRGSYEQYF	1
CASSPPGQSYGYTF	1
CASSPPGALNGYTF	1
CASSPPSGSLDNEQFF	1
CASSPPNPGPGNTIYF	1
CASSPRADQPQHF	1
CASSPREATQETQYF	1
CASSPRMGVSYNEQFF	1
CASSPRTGNTEAFF	1
CASSPRTGGALLRTEAFF	1
CASSPRTSGEQFF	1
CASSPRSGKSYEQYF	1
CASSPQGATNEKLFF	1
CASSPAGQGDQPQHF	1
CASSPADRAEKLFF	1
CASSPGWTAGEKLFF	1
CASSPGRRAETQYF	1
CASSPGGGLHTEAFF	1
CASSPGTYSYEQYF	1
CASSPGTGRSNTEAFF	1
CASSPGTEAFF	1
CASSPGQGATEAFF	1
CASSPGQRNEKLFF	1
CASSPDFGDRNTEAFF	1
CASSPDFSGNTIYF	1
CASSPDRGYYGYTF	1
CASSPEGNQPQHF	1
CASSPTTDTQYF	1
CASSPTGDVGEAFF	1
CASSPSATNEKLFF	1
CASSPSRFRGGGYTF	1
CASSPSGTGAPGHF	1
CASSPRGTVTEAFF	1
CASSPRGPPNTEAFF	1
CASSPNRIGYTF	1
CASSPWSSGRGNEQFF	1
CASSPWTGMNTEAFF	1
CASSPYGNTEAFF	1
CASSPLLLGTDLYGYTF	1
CASSPRRDTEAFF	1
CASSPRQGNYGYTF	1
CASSPQGGGYGYTF	1
CASSPQLVKKSTDTQYF	1
CASSPAGNHYGYTF	1
CASSPGWIATDTQYF	1
CASSPGARGLNYGYTF	1
CASSPGGPNQPQHF	1
CASSPGTSGLYEQYF	1
CASSPGRQGPGYTF	1
CASSPGWIEAFF	1
CASSPGLAGFEQYF	1
CASSPGPTEQYF	1
CASSPGQGDQPQHF	1
CASSPGGGPTNEKLFF	1
CASSPDRGFGNTIYF	1
CASSPDREFYEQYF	1
CASSPEHSYGYTF	1
CASSPIGPSYGYTF	1
CASSPMGPRSSYEQYF	1
CASSPIGSSYGYTF	1
CASSPTGETQYF	1
CASSPTGPVKETQYF	1
CASSPTGGLAEQYF	1
CASSPTGGASPLHF	1
CASSPSSNQPQHF	1
CASSPRWGSEAFF	1
CASSPRGGSYNEQFF	1
CASSPRPTGGANTGELFF	1
CASSPNLGNQPQHF	1
CASSPWTGNGYTF	1
CASSPPGLADNEQFF	1
CASSPRRLAGAYEQYF	1
CASSPRPPMNTEAFF	1
CASSPRDSNSPLHF	1
CASSPRGGWGVYGYTF	1
CASSPQHLNTEAFF	1
CASSPVEGFVGYTF	1
CASSPGGIRENTEAFF	1
CASSPGPGGGYTF	1
CASSPGEPFEKLFF	1
CASSPGTTGNTEAFF	1
CASSPGLSNQPQHF	1
CASSPGQLNTEAFF	1
CASSPEATGYHRELFF	1
CASSPETGIGPQHF	1
CASSPTDREPEAFF	1
CASSPTGGFSGNTIYF	1
CASSPRTGQVEKLFF	1
CASSRRSSTNEKLFF	1
CASSRQVDQPQHF	1
CASSRSGSGADTQYF	1
CASSRSGQGNYGYTF	1
CASSRLMGIAANEKLFF	1
CASSRPGQGNYGYTF	1
CASSRRAGVHQPQHF	1
CASSRRTDYGYTF	1
CASSRQGTSRNQPQHF	1
CASSRVRSPNQPQHF	1
CASSRGLNTEAFF	1
CASSRGQGAFF	1
CASSRGQKETQYF	1
CASSRGTGTEAFF	1
CASSRDRANTEAFF	1
CASSRKAGGGIYSYNSPLHF	1
CASSRLGTDTQYF	1
CASSRVRTNTEAFF	1
CASSRGPTGLNEKLFF	1
CASSRGQGLTDTQYF	1
CASSRGNEAFF	1
CASSRDWAADTQYF	1
CASSRDSSGNTIYF	1
CASSRDRLNSPLHF	1
CASSRDRGNSPLHF	1
CASSRDRGITEAFF	1
CASSRDRNYEQYF	1
CASSRDRIQTEYGYTF	1
CASSREVEGDTQYF	1
CASSRTGTSKNIQYF	1
CASSRTGSWTEAFF	1
CASSRTVSGNTIYF	1
CASSRRGRVNEKLFF	1
CASSRFEGGSSRNEQFF	1
CASSRYGYTF	1
CASSRLALAGPRSTDTQYF	1
CASSRLSSGSPLHF	1
CASSRLNTEAFF	1
CASSRRDGANEKLFF	1
CASSRQGPPLHF	1
CASSRQGAAYGYTF	1
CASSRVSGNTIYF	1
CASSRADSYNEQFF	1
CASSRGTSGSNEQFF	1
CASSRGRGNQPQHF	1
CASSRTMGPLNTEAFF	1
CASSRRATGVGNTIYF	1
CASSRRTSGKDEQFF	1
CASSRRLNTEAFF	1
CASSHLREKLFF	1
CASSHLGTDGYTF	1
CASSHPDGLNTEAFF	1
CASSHQRRRDYEQYF	1
CASSHVSGATNEKLFF	1
CASSHTRQGETEAFF	1
CASSHSKGLDYGYTF	1
CASSHLGGLQETQYF	1
CASSHPQGNLAWSPLHF	1
CASSHRDSVEKLFF	1
CASSHGTRVQGGEQYF	1
CASSHGQEADTQYF	1
CASSHGTGELFF	1
CASSHGYRGLGNTIYF	1
CASSHDRRLEKLFF	1
CASSHDRVMATNEKLFF	1
CASSHIGQGRGQPQHF	1
CASSHSGGLRGNTIYF	1
CASSHRGSSNQPQHF	1
CASSQLTGTEKLFF	1
CASSQSRDATNEKLFF	1
CASSQPYTPGDEKLFF	1
CASSQPGTGRNTEAFF	1
CASSQVGQANEKLFF	1
CASSQARQGLNYGYTF	1
CASSQAVDPQNTEAFF	1
CASSQGPGVYNEQFF	1
CASSQGGTGQFGYTF	1
CASSQGPNEQYF	1
CASSQGAAYGYTF	1
CASSQGLAEVYEQYF	1
CASSQSGNPYEQYF	1
CASSQRGTVEAFF	1
CASSQRDLGDSPLHF	1
CASSQNGPQHF	1
CASSQKAWTGDYGYTF	1
CASSQSLSGTYRLQYF	1
CASSQSQNQPQHF	1
CASSQSDDYEQYF	1
CASSQYYDRLTGELFF	1
CASSQLYSGQGLTTEAFF	1
CASSQLLAAVGETQYF	1
CASSQLSAEAFF	1
CASSQLTGTGDYGYTF	1
CASSQLTGTLEDNYGYTF	1
CASSQLPGGPQHF	1
CASSQLAAEQYF	1
CASSQPGQGNTEAFF	1
CASSQRDGNTEAFF	1
CASSQRDRGSTPLHF	1
CASSQRDNYGYTF	1
CASSQRTPYEQYF	1
CASSQRQATTEAFF	1
CASSQQGSGQPQHF	1
CASSQVLAGNANYGYTF	1
CASSQVEGRQPQHF	1
CASSQVEGLPNYGYTF	1
CASSQVTGSLGNTIYF	1
CASSQVNRNYGYTF	1
CASSQVVYNSPLHF	1
CASSQVNEQYF	1
CASSQVGGPGGHEQYF	1
CASSQVTANGYTF	1
CASSQVKETQYF	1
CASSQAGVPTEAFF	1
CASSQATGTQPQHF	1
CASSQARDTYEQYF	1
CASSQAVGGTSF	1
CASSQAASNQPQHF	1
CASSQARSHYGYTF	1
CASSQAGGETQYF	1
CASSQGPGGNYGYTF	1
CASSQGGHSPLHF	1
CASSQGSNQPQHF	1
CASSQGSAPGNSPLHF	1
CASSQGSSLLAGLFNEQFF	1
CASSQGGAYNQPQHF	1
CASSQGGEKLFF	1
CASSQGINTGELFF	1
CASSQGMEGTQYF	1
CASSQGTYGYTF	1
CASSQGLLAGGPKVKNIQYF	1
CASSQGLAGLYNEQFF	1
CASSQGLAGGQFF	1
CASSQGPRNSPLHF	1
CASSQGQGRRYTF	1
CASSQGTDRRGEKLFF	1
CASSQDLRLGNTIYF	1
CASSQDWGGYGYTF	1
CASSQDYPYGTATYEQYF	1
CASSQDYGDGLGYTF	1
CASSQDYGQVYGYTF	1
CASSQDYRTILSGNTIYF	1
CASSQDLEIRVYGYTF	1
CASSQDLRTPNNEQFF	1
CASSQDPSSGNEQFF	1
CASSQDRIVSAYNSPLHF	1
CASSQDHSQTHNSPLHF	1
CASSQDQGDEKLFF	1
CASSQDQRGGEKLFF	1
CASSQDVYTGELFF	1
CASSQDGQRGQPQHF	1
CASSQDGFGYTF	1
CASSQDGREVEAFF	1
CASSQDGGGNTEAFF	1
CASSQDEDQPQHF	1
CASSQDILVGGYNSPLHF	1
CASSQDIVGSNQPQHF	1
CASSQDSPLGPLEKLFF	1
CASSQDGSTQGSGNTIYF	1
CASSQDRTSGNTIYF	1
CASSQDKGRANSPLHF	1
CASSQEVLNTEAFF	1
CASSQEAGINYGYTF	1
CASSQEGLGSYEQYF	1
CASSQESRYGYTF	1
CASSQERTGVNTF	1
CASSQEDSGLNTGELFF	1
CASSQETAGGYTF	1
CASSQETGRTEAFF	1
CASSQMGQGGRNIQYF	1
CASSQIPGQGNEQYF	1
CASSQISGPYNEQFF	1
CASSQSAGPTEAFF	1
CASSQKGGRSGNTIYF	1
CASSVMQGSYEQYF	1
CASSVTGATDTQYF	1
CASSVSGSSYEQYF	1
CASSVLRGRTGNTIYF	1
CASSVDPGANYGYTF	1
CASSVLGQNTEAFF	1
CASSVGTGPYNEQFF	1
CASSVDSTNEKLFF	1
CASSVTGSYSGNTIYF	1
CASSVRGGDIQYF	1
CASSVSDRGYGYTF	1
CASSVSSLGDTQYF	1
CASSVQAYNSPLHF	1
CASSVQGAGYEQYF	1
CASSVQSLNTEAFF	1
CASSVVSSGSYNEQFF	1
CASSVVPGELFF	1
CASSVVGGTEAFF	1
CASSVATGATKNIQYF	1
CASSVAGRDYGYTF	1
CASSVAGTGTSPLHF	1
CASSVAGQGNTEAFF	1
CASSVAVSSQDIDEQYF	1
CASSVAGMNTEAFF	1
CASSVGGSISGNTIYF	1
CASSVGRDRGVRQPQHF	1
CASSVGATEGSPLHF	1
CASSVGGQNNQPQHF	1
CASSVGGQNEKLFF	1
CASSVGGLAGVGKTQYF	1
CASSVGERVWGAKNIQYF	1
CASSVGTGSYGYTF	1
CASSVGLGSYNEQFF	1
CASSVGGGYNEKLFF	1
CASSVGGGSHQETQYF	1
CASSVGGGSNYGYTF	1
CASSVGDTQYF	1
CASSVDPTRAGASKQFF	1
CASSVDGSSYEQYF	1
CASSVDSYGYTF	1
CASSVDGSTVMPQHF	1
CASSVDRVDYGYTF	1
CASSVEGMSGNTIYF	1
CASSVEDSNSPLHF	1
CASSVEDRDYYGYTF	1
CASSVESEGYTF	1
CASSVESGNTEAFF	1
CASSVRPTEAFF	1
CASSVKAAPSTDTQYF	1
CASSADMNTEAFF	1
CASSASSYNEQFF	1
CASSASGAVNTEAFF	1
CASSAPGTLTGPPLHF	1
CASSARYGYPAGNTIYF	1
CASSAHGSWGNEQYF	1
CASSAQTGSDTEAFF	1
CASSAGAGAQNGYTF	1
CASSAGGRWGYTF	1
CASSAGTTDTQYF	1
CASSAGTAYEQYF	1
CASSAGPLAPGYTF	1
CASSAGRTDSPLHF	1
CASSATGSPGEKLFF	1
CASSARVNTEAFF	1
CASSACESTEAFF	1
CASSAWDGMNTEAFF	1
CASSAVYGYTF	1
CASSAGLNTEAFF	1
CASSAGLAGGAGELFF	1
CASSAGQFPNQPQHF	1
CASSAGQMRNTIYF	1
CASSAGIGDGYGYTF	1
CASSATLGEKLFF	1
CASSATTGYYGYTF	1
CASSATGFNTEAFF	1
CASSARQGVNTEAFF	1
CASSAQGAYQETQYF	1
CASSGASGRLRYNEQFF	1
CASSGRVGEKLFF	1
CASSGKTGENTEAFF	1
CASSGTSDSDEKLFF	1
CASSGLTGYYGYTF	1
CASSGLGPVGEKLFF	1
CASSGRTALLGPQHF	1
CASSGGGRRNTGELFF	1
CASSGGQASNQPQHF	1
CASSGDRQDDEQYF	1
CASSGTGEGNSPLHF	1
CASSGWTGNTEAFF	1
CASSGVEGYTF	1
CASSGGTGGYTEAFF	1
CASSGRHEGYEQFF	1
CASSDPYRRDPSYEQYF	1
CASSDQTGPYGYTF	1
CASSDGGSNQPQHF	1
CASSDRSGHRSGNTIYF	1
CASSDLDSEAFF	1
CASSDPDSYGYTF	1
CASSDQSGELFF	1
CASSDGGRNYGYTF	1
CASSDRGYGYTF	1
CASSDRGPMNTEAFF	1
CASSESIASAGTDTQYF	1
CASSEDRSYNEQFF	1
CASSELPSGNSPLHF	1
CASSEPGRGDEKLFF	1
CASSEQGKSPLHF	1
CASSEGRDWTYNEQFF	1
CASSETRNSEQFF	1
CASSETRRANTGELFF	1
CASSIRLSSYEQYF	1
CASSIRTRGRAYGYTF	1
CASSISGTGFYGYTF	1
CASSIPRRGTPGSCFF	1
CASSIHPGPYEQYF	1
CASSIGGTAGNTIYF	1
CASSITGTISYNEQFF	1
CASSIRRGDTEAFF	1
CASSMDVSYEQYF	1
CASSMDRDTEAFF	1
CASSMMGGGSEAFF	1
CASSMNNPGQGYGYTF	1
CASSISGTTNQPQHF	1
CASSTQTGIVYNEQFF	1
CASSTTSGSYDEQFF	1
CASSTSYEQYF	1
CASSTWDNYGYTF	1
CASSTAGTGGGTQYF	1
CASSTEGRATEAFF	1
CASSTRAGQETQYF	1
CASSTDLGFATNEKLFF	1
CASSTLYGYTF	1
CASSTGGFYCQFDTEAFF	1
CASSTGQGNIQYF	1
CASSTTSGRREQYF	1
CASSSQRVPREKLFF	1
CASSSTPGQWDGYTF	1
CASSSNIGNTIYF	1
CASSRFDRNQHF	1
CASSRSPGQGVSEQFF	1
CASSRHENYEQYF	1
CASSRGGMNTEAFF	1
CASSRGYVDTEAFF	1
CASSRGGDRTDTQYF	1
CASSNGRSFNQPQHF	1
CASSNIAGASTDTQYF	1
CASSNSGTGDGYTF	1
CASSNLAGGTSTDTQYF	1
CASSNPGTRGETQYF	1
CASSNRDSFNYGYTF	1
CASSNGGVRSNQPQHF	1
CASSNGTHYTF	1
CASSNTGSYQETQYF	1
CASSNRVGNTIYF	1
CASSKWGRQGTGSNQPQHF	1
CASSKGRTNQPQHF	1
CASSKTSVQVREQYF	1
CASSKTGGGVTEAFF	1
CASSKFTGTSYEQFF	1
CASSKPPGTTRGGYTF	1
CASSKHPITNTEAFF	1
CASSKQGAVGTEAFF	1
CASSKVAGSNQPQHF	1
CASSKVGAGDQPQHF	1
CASSKAKGDRVVTEAFF	1
CASSKGQGNYGYTF	1
CASSKDGTDTQYF	1
CASSKDIIQSQFAQPQHF	1
CASSKEGTGCLEAFF	1
CASSKTDRGLEKLFF	1
CASSKSRGGFETQYF	1
CASRFGTVNEKLFF	1
CASRLGRYNEQFF	1
CASRLPLGSSGNSLNTGELFF	1
CASRLQGSISGNTIYF	1
CASRPSLVVAQYF	1
CASRPQGVLGQPQHF	1
CASRPDREGGAFF	1
CASRPLDHYTTEAFF	1
CASRPRRGRLFGYTF	1
CASRPTGYNQPQHF	1
CASRRTVNEKLFF	1
CASRHGTRFNNSPLHF	1
CASRQRGIRPQHF	1
CASRQQGRNQPQHF	1
CASRQGGSPLHF	1
CASRVGNTIYF	1
CASRVQMNTEAFF	1
CASRALAGITDTQYF	1
CASRGGRAGNTIYF	1
CASRGYRDSGNTIYF	1
CASRGAGGGQPQHF	1
CASRGIWGQGISSSYNEQFF	1
CASRGTGGLISGNTIYF	1
CASRGNSPLHF	1
CASRGQGLGYTF	1
CASRGQGGEKLFF	1
CASRGEGTEAFF	1
CASRDGVGLSTYGYTF	1
CASRDGTDYGYTF	1
CASRDPDENQPQHF	1
CASRDGLNYGYTF	1
CASRDTYSNQPQHF	1
CASRDREVEKLFF	1
CASRDNNSPLHF	1
CASRELAKNIQYF	1
CASREGVSNQPQHF	1
CASREEQGTGELFF	1
CASREQGEVTEAFF	1
CASRMPGQPFSRYTF	1
CASRIQGGNYGYTF	1
CASRTEGLADEQYF	1
CASRTGTSGYNEQFF	1
CASRTSGGTLFF	1
CASRTTSSYEQYF	1
CASRTTGGNQPQHF	1
CASRNGGRLDGYTF	1
CASRNYRGQGYGYTF	1
CASRKWGAGNQPQHF	1
CASRFGQRYGYTF	1
CASRLGAPHLYNEQFF	1
CASRLLGNYGYTF	1
CASRSIGGGRGELFF	1
CASRYSQGGNQPQHF	1
CASRLDRGRTEAFF	1
CASRLPPTVLNTEAFF	1
CASRLAGGPHEQYF	1
CASRLGQGGSQPQHF	1
CASRPPTENIQYF	1
CASRPIAGGSYNEQFF	1
CASRPGTGAQPQHF	1
CASRPGRDTQYF	1
CASRPPGQGSRAEAFF	1
CASRPTGTKETQYF	1
CASRPGGPSIPLHF	1
CASRPNPGGQDEQFF	1
CASRRLAGPSYEQYF	1
CASRQGLNTEAFF	1
CASRQGAFRAFF	1
CASRQDTEHGYTF	1
CASRQEGNQPQHF	1
CASRQSTGSNQPQHF	1
CASRQRMGYTF	1
CASRQQGRKEKLFF	1
CASRVFGGEIPYEQYF	1
CASRVWTGPVYTF	1
CASRVDRAGTQPQHF	1
CASRAGTGYGYTF	1
CASRAMGDNYGYTF	1
CASRAGSPRGAFF	1
CASRGYPNQPQHF	1
CASRGTSGATYEQYF	1
CASRDTYYEQYF	1
CASRDSFLTFNSPLHF	1
CASRDRAHTEAFF	1
CASRDREGYGYTF	1
CASRIPTGFRGEAFF	1
CASRTGEHGPLHF	1
CASRTDRDYEQYF	1
CASRTGPRVWYTEAFF	1
CASRTGGGYTF	1
CASRTDRGNTEAFF	1
CASRRDRVGRNQPQHF	1
CASRRQSILSNSPLHF	1
CASRNAGEVRGTEAFF	1
CASRNTDRVGNTEAFF	1
CASRNRVLTEAFF	1
CASRKQGNEKLFF	1
CASRKGRGDYGYTF	1
CASNSQADSNQPQHF	1
CASNSGPNYGYTF	1
CASNPSASYEKLFF	1
CASNPRRIASRTDTQYF	1
CASNPRGGDEKLFF	1
CASNPGTGLPPQPQHF	1
CASNRAMGGQETQYF	1
CASNHPATANYGYTF	1
CASNGVRGVATGELFF	1
CASKSGDRDNSPLHF	1
CASKREGRTDTQYF	1
CASKQQPGFPGDF	1
CASKGLKLYEQYF	1
CASKGQGGYEQYF	1
CASKGWRSYNSPLHF	1
CASKGGRSNQPQHF	1
CASKGLAGFEQFF	1
CASKGQGPNYGYTF	1
CASKEAPMNTEAFF	1
CASKTRVRGHEQYF	1
CASKSRTFIGEKLFF	1
CASKRGTSSWAEQFF	1
CASKAGVWGNQPQHF	1
CASKGQGGGSIQYF	1
CASKDIQGSGNTIYF	1
CASKDRINTEAFF	1
CASKSSGTGVYGYTF	1
CASKRQVNNQPQHF	1
CARTGTGSTEAFF	1
CARTGLKDGYTF	1
CARKAPEAFF	1
CARRDRDRVEFNQPQHF	1
CANSGYNTEAFF	1
CANPGKPYEQYF	1
CATLSTEAFF	1
CASRLVWGPANTGELFF	1
CASKRGNYGYTF	1
CASSTHSYNEQFF	1
CASRTEPNTEAFF	1
CASRTSGTGELFF	1
CASSRRERTEAFF	1
CASSAGTGGYGYTF	1
CASLCLEEGGTYEQYF	1
CASPTEVVEKLFF	1
CASPQGAVAEAFF	1
CASRPGGPGELFF	1
CASALQGFTRDSGNTIYF	1
CASAGTTANEKLFF	1
CASAGQGTEKLFF	1
CASATGSSYEQYF	1
CASARWASPSAGEQYF	1
CASGRGRFNSPLHF	1
CASGYRVAEAFF	1
CASIIFLGREPYEQYF	1
CASTQMVAGPTDTQYF	1
CASTVGGNTEAFF	1
CASTGGGITEAFF	1
CASSFFDGTGHGYTF	1
CASSFGGDSNTEAFF	1
CASSLWDRGSPLHF	1
CASSSDRDPYNEQFF	1
CASSSGQGALNEAFF	1
CASSYQTPNYGYTF	1
CASSPSGRIWELFF	1
CASSPGTDSNQPQHF	1
CASSPDGNQPQHF	1
CASSRPGTSGRNEQYF	1
CASSHRQGYQPQHF	1
CASSAASGNTIYF	1
CASSGRGDSPLHF	1
CASSDASGYEQYF	1
CASSDGGSEFF	1
CASSESVGEQAFF	1
CASSESGVGSPLHF	1
CASSEYAGTTEAFF	1
CASSEYREGRTEAFF	1
CASSEREVYEQYF	1
CASSKTGANYGYTF	1
CASSFLGSSNSPLHF	1
CASSFLAGVGDTQYF	1
CASSFHGVSTGGKNTEAFF	1
CASSFQGAGNTIYF	1
CASSFQTEITYEQYF	1
CASSFGVRGENTEAFF	1
CASSFGDGQPQHF	1
CASSFGTGGEKLFF	1
CASSFGTTDPNEKLFF	1
CASSFEQNTEAFF	1
CASSFTRDRGEQFF	1
CASSFSGQGNTEAFF	1
CASSFRDSTVYGYTF	1
CASSFRPKIGELSVYTF	1
CASSFLFKNTEAFF	1
CASSFLATNEKLFF	1
CASSFAQGNYGYTF	1
CASSFGTGAGQPQHF	1
CASSFGSSGNTIYF	1
CASSFDRLNTEAFF	1
CASSFEQGTNNSPLHF	1
CASSFTGATNEKLFF	1
CASSFNGSEYF	1
CASSLFGLQAGNEKLFF	1
CASSLFARGFADTQYF	1
CASSLLWTENTEAFF	1
CASSLWPRGKTGNTIYF	1
CASSLYMSKDSYTF	1
CASSLYRAGTDTQYF	1
CASSLLGFTEAFF	1
CASSLHQDTGELFF	1
CASSLQTRDNEQYF	1
CASSLVSGAGNTIYF	1
CASSLVWGETTNEKLFF	1
CASSLVVTDSPYNSPLHF	1
CASSLVADTNTEAFF	1
CASSLVAGTDTEAFF	1
CASSLVAGSNQPQHF	1
CASSLVGGTTNEKLFF	1
CASSLVDYRTGELFF	1
CASSLVMGGGTEAFF	1
CASSLVSFNTEAFF	1
CASSLVSADSNTEAFF	1
CASSLVTVNTEAFF	1
CASSLVADGATNEKLFF	1
CASSLVGIAKNIQYF	1
CASSLVVNTEAFF	1
CASSLVRGSGGYTF	1
CASSLAGVSNKNIQYF	1
CASSLALENGYTF	1
CASSLAWGNTEAFF	1
CASSLALATGELFF	1
CASSLAPDRVDSPLHF	1
CASSLAAVGTEAFF	1
CASSLAGIDYGYTF	1
CASSLAIGQPQHF	1
CASSLATGAFYGYTF	1
CASSLAAGGIDTQYF	1
CASSLATYRGSGTEAFF	1
CASSLGPGGTEAFF	1
CASSLGGRGDYGYTF	1
CASSLGREKLFF	1
CASSLGAITEAFF	1
CASSLGGLSNQPQHF	1
CASSLGDTNQPQHF	1
CASSLGMETEAFF	1
CASSLGLADTGELFF	1
CASSLGQGSSNQPQHF	1
CASSLGQGNEKLFF	1
CASSLGQDEKLFF	1
CASSLGASASTDTQYF	1
CASSLGGSYGYTF	1
CASSLGGGQGFTEAFF	1
CASSLGIGRKSYEQYF	1
CASSLDLGGQPQHF	1
CASSLDGMDGGYTF	1
CASSLDGSPNTEAFF	1
CASSLDTGTGNTIYF	1
CASSLDRGASGYTF	1
CASSLDQGKAFF	1
CASSLDSSLNEKLFF	1
CASSLELNYGYTF	1
CASSLEPGGDSPLHF	1
CASSLEPNPNYGYTF	1
CASSLERGARTEAFF	1
CASSLEGARSNYGYTF	1
CASSLEGTDQPQHF	1
CASSLEGLAGGGNEQFF	1
CASSLEGPGDEKLFF	1
CASSLEGPYGYTF	1
CASSLEGGPYNEQFF	1
CASSLEEGTTQHF	1
CASSLEQGDTEAFF	1
CASSLEGYGYTF	1
CASSLEGLDNQPQHF	1
CASSLEGGPYEQYF	1
CASSLESREKLFF	1
CASSLMGQGEGYTF	1
CASSLITANTEAFF	1
CASSLTGEQPQHF	1
CASSLSPLEGYEQYF	1
CASSLSGGATNEKLFF	1
CASSLRSTDYSYSGNTIYF	1
CASSLRPGVGYTF	1
CASSLRGAATNEKLFF	1
CASSLRGDWNTEAFF	1
CASSLRGQGNTEAFF	1
CASSLNSGTYSGNTIYF	1
CASSLNDRGGYEQYF	1
CASSLPGDIQYF	1
CASSLRVGDQPQHF	1
CASSLVVASVLAEAFF	1
CASSLGQLTNTEAFF	1
CASSLGQNTEAFF	1
CASSLEGQFNQPQHF	1
CASSLINEQFF	1
CASSLIVGVNEKLFF	1
CASSLNDRGSGYTF	1
CASSSRPPRDYYNSPLHF	1
CASSSAGTLYNEQFF	1
CASSSGGYEQYF	1
CASSSMNTEAFF	1
CASSSPPSGSSYGYTF	1
CASSSRTENTEAFF	1
CASSSQMGSEAFF	1
CASSSLGYYGYTF	1
CASSSVTGQINEKLFF	1
CASSSTSGSPDTQYF	1
CASSSTGTGGADYGYTF	1
CASSSPGLGEYEQYF	1
CASSSQGVDTEAFF	1
CASSSGDNQPQHF	1
CASSSDYVGTKLFF	1
CASSSNALAGNYNEQFF	1
CASSWWTWGREVPNYGYTF	1
CASSWPRESTDTQYF	1
CASSWTGGNEKLFF	1
CASSWSGRAGGTEAFF	1
CASSWREGSYGYTF	1
CASSYTALGEKLFF	1
CASSYTGGDQPQHF	1
CASSLRTGQPYNEQFF	1
CASSLHSGDSGNTIYF	1
CASSLRVAGSNTEAFF	1
CASSLGDEVWNEQFF	1
CASSLGTPRDEQYF	1
CASSLDGVTNEKLFF	1
CASSLIRQGPYGYTF	1
CASSLTGGDYSNQPQHF	1
CASSLSWEHTGELFF	1
CASSLSGRDYTF	1
CASSLHDTIYF	1
CASSLGRGGVEAFF	1
CASSLGTDYGYTF	1
CASSLEGRNTEAFF	1
CASSPPGSYEQYF	1
CASSPRQGVNSPLHF	1
CASSPGAGALVEKLFF	1
CASSPGQGLELFF	1
CASSPDLAGTYNEQFF	1
CASSPIGTSGSYEQYF	1
CASSPFGGPGELFF	1
CASSPSFTANYEQYF	1
CASSPSVSRYSNQPQHF	1
CASSPRGGTANTEAFF	1
CASSPQGLEGYTF	1
CASSPVGGIVYGYTF	1
CASSPASGRSYNEQFF	1
CASSPAPPNYGYTF	1
CASSPGYPSYGYTF	1
CASSPGTGGAGSNQPQHF	1
CASSPGQGGEKLFF	1
CASSPGGTNYGYTF	1
CASSPTEFGEKLFF	1
CASSPRGLHTEAFF	1
CASSPSGEQTEAFF	1
CASSPYREGSYGYTF	1
CASSPRGPNYGYTF	1
CASSPVAGTYEQYF	1
CASSPGDRLYYGYTF	1
CASSPGLHQGQYF	1
CASSPGQGAHGYTF	1
CASSPGQGGNTIYF	1
CASSPDGVLGYGYTF	1
CASSPDRALNEKLFF	1
CASSPDRANSPLHF	1
CASSPTGTGATEDYGYTF	1
CASSPASWGRQGYTF	1
CASSPAEKTGTTEAFF	1
CASSPAGGTYEQYF	1
CASSPGQGPPHGYTF	1
CASSPEHRTEAFF	1
CASSPSQGANYGYTF	1
CASSRGQQVNTEAFF	1
CASSRTGPSTSGGYTF	1
CASSRRADNTGELFF	1
CASSRTRGSGNTIYF	1
CASSRVQGAGSPLHF	1
CASSRVDYTEAFF	1
CASSRGTGEAAFF	1
CASSRGTGNEKLFF	1
CASSRDRGPYGYTF	1
CASSRDRNTDTQYF	1
CASSRTGGFEAFF	1
CASSRSGSRDEKLFF	1
CASSRGTGGSGNTIYF	1
CASSREAWGMTEAFF	1
CASSHRGGRNEKLFF	1
CASSHRWRQGGYEQYF	1
CASSHPGSTGNTIYF	1
CASSHPVQGVGEAFF	1
CASSHEFDRRRGAFF	1
CASSHTVGRSNQPQHF	1
CASSHKRESTYEQYF	1
CASSQLQGMRREQYF	1
CASSQRLASYEQYF	1
CASSQQIQGMRPNTEAFF	1
CASSQGRTVSNQPQHF	1
CASSQGPQPSNEQFF	1
CASSQGLGLTYNEQFF	1
CASSQTQTFNQPQHF	1
CASSQTGADRNQPQHF	1
CASSQRTSGTGELFF	1
CASSQRRTANTEAFF	1
CASSQFLDPVSGYTF	1
CASSQFGGDQPQHF	1
CASSQSLFGSFIRNTEAFF	1
CASSQSHLSSYNEQFF	1
CASSQWTGPNTEAFF	1
CASSQYPAGSGNQPQHF	1
CASSQPGTGGKDTQYF	1
CASSQPKDRGPYNEQFF	1
CASSQPDRENTEAFF	1
CASSQPTGPNTEAFF	1
CASSQPGGANEKLFF	1
CASSQRALAGAKNIQYF	1
CASSQVPGGNQPQHF	1
CASSQVRDSETYGYTF	1
CASSQVQGGNYGYTF	1
CASSQVGTGNSPLHF	1
CASSQVESRTASSGYTF	1
CASSQVTQVLTEAFF	1
CASSQVRGETEAFF	1
CASSQVLNEQFF	1
CASSQVQAGEQYF	1
CASSQVAEFRTEAFF	1
CASSQVGVGEAGNTIYF	1
CASSQVEGQFDTEAFF	1
CASSQVAGFGDYGYTF	1
CASSQVGGATEAFF	1
CASSQVEGRGGYTF	1
CASSQAPWTGNEQYF	1
CASSQAPIRGDRGPHGYTF	1
CASSQASQNTEAFF	1
CASSQASGSTYEQYF	1
CASSQAPIEGIRGYTF	1
CASSQARRQFGENIYSEAFF	1
CASSQAGVLTNYGYTF	1
CASSQADGSNQPQHF	1
CASSQAQGRNQPQHF	1
CASSQAVWVGYGYTF	1
CASSQAVGEKLFF	1
CASSQAGFNQPQHF	1
CASSQAGRDEQYF	1
CASSQAWLASYNEQFF	1
CASSQAPGQGHTEAFF	1
CASSQAEREGLVYEQFF	1
CASSQGGTEAFF	1
CASSQGWNTEAFF	1
CASSQGVAFEQYF	1
CASSQGGSYGYTF	1
CASSQGDSSYEQYF	1
CASSQGELGGYTF	1
CASSQGIQRDQPQHF	1
CASSQGMGNENTEAFF	1
CASSQGHGVIAEAFF	1
CASSQGQGNTIYF	1
CASSQGAGSVPGELFF	1
CASSQDFTEQFF	1
CASSQDLNTEAFF	1
CASSQDSFSPATNEKLFF	1
CASSQDSRDIRGQGGNTIYF	1
CASSQDSGGPIEAFF	1
CASSQDSTGSYGYTF	1
CASSQDWGRGNQPQHF	1
CASSQDWTSGRTDTQYF	1
CASSQDYEAGDPSYEQYF	1
CASSQDLGYNEQFF	1
CASSQDPGITEAFF	1
CASSQDPGGPGYEQYF	1
CASSQDPGISGNTIYF	1
CASSQDRGDSPLHF	1
CASSQDRGPYGYTF	1
CASSQDQGTNYGYTF	1
CASSQDVWRYQPQHF	1
CASSQDVRQGRSYEQYF	1
CASSQDGETGWNSPLHF	1
CASSQDISLRNTEAFF	1
CASSQDTDSLYEQYF	1
CASSQDTAWTEAFF	1
CASSQDPRQPQHF	1
CASSQDRLGPNEKLFF	1
CASSQDGGPAGYGYTF	1
CASSQDGGSRNTEAFF	1
CASSQDGTSGRWASTDTQYF	1
CASSQDGGYEQYF	1
CASSQDEFSGNTIYF	1
CASSQDMSYEQYF	1
CASSQDTGQGDGYTF	1
CASSQDRGRYGYTF	1
CASSQEFPLGEAWPPLHF	1
CASSQEASSNTEAFF	1
CASSQEGLWEKLFF	1
CASSQEGDGYEKLFF	1
CASSQENGGGSPLHF	1
CASSQESGSPLHF	1
CASSQESGGHEKLFF	1
CASSQELASGSWGNIQYF	1
CASSQEPGTGYGNTIYF	1
CASSQEPDRASSPLHF	1
CASSQERDSPLHF	1
CASSQEQSRSGTEAFF	1
CASSQEGTGPPEAFF	1
CASSQEIEVIIYGYTF	1
CASSQEISGRHEQYF	1
CASSQERKWPQHF	1
CASSQILGPSNDYGYTF	1
CASSQTGGDHSGNTIYF	1
CASSQTGQGAVYGYTF	1
CASSQTRQGIQPQHF	1
CASSQTGTVYGYTF	1
CASSQRGETYNEQFF	1
CASSQKRGTSPLHF	1
CASSVVGVNNQPQHF	1
CASSVGQGGDEQYF	1
CASSVDRGFGYTF	1
CASSVGANEKLFF	1
CASSAEGFPNTGELFF	1
CASSARTVYSNQPQHF	1
CASSAGQPGNTIYF	1
CASSADLGQRYGYTF	1
CASSAWTDNTEAFF	1
CASSATSGRGTDTQYF	1
CASSGGQGNTEAFF	1
CASSGTGGADGYTF	1
CASSDGLAGNTGELFF	1
CASSDGGAEAFF	1
CASSDGTVNSPLHF	1
CASSEGQGRSPLHF	1
CASSEGQKTGELFF	1
CASSEGRFEAFF	1
CASSEIQGRNTEAFF	1
CASSILRDRANYGYTF	1
CASSIRLAGGADTQYF	1
CASSMLPDPEAFF	1
CASSIRTGGPGYEQYF	1
CASSIAAKSKETQYF	1
CASSTWTGNTEAFF	1
CASSTDRPNTEAFF	1
CASSTDSGAEGYTF	1
CASSRGALAYF	1
CASSRTGGNNSPLHF	1
CASSRIWGPGTVNTGELFF	1
CASSRTGVTEAFF	1
CASSNPLTGVYGYTF	1
CASSNTGLNTEAFF	1
CASSNKQGTNTEAFF	1
CASSKGQSPMNTEAFF	1
CASRPGVGYGYTF	1
CASRDPGPSYGYTF	1
CASRTSGRFYEQFF	1
CASRLGASSGNTIYF	1
CASRQTGGDQPQHF	1
CASRQKENTEAFF	1
CASRVGQANEKLFF	1
CASRAGGYTF	1
CASRGTASSYNSPLHF	1
CASKQGAVSGNTIYF	1
CMQGPIVNTIYF	1
CSPRGGTGGGYTF	1
CSVHQLGEGYTF	1
CSVDRGNTEAFF	1
CSVPPLGYNSPLHF	1
CSVPAIYGYTF	1
CSVKQVYEQYF	1
CSVPGLAGGPQHF	1
CSALNRLYGYTF	1
CSASETGANYGYTF	1
CSASSTAATNEKLFF	1
CSAWINEKLFF	1
CSAWTGGGYYGYTF	1
CSALGQGGTEAFF	1
CSALLGTTVDSPLHF	1
CSAPRIPGTDHGYTF	1
CSAPSGNYEQYF	1
CSAPLGRDSSPLHF	1
CSAPLTSGLYEQYF	1
CSAPVTGKEAFF	1
CSARERDSVHEQYF	1
CSARPAGVRARQPQHF	1
CSARDWGESTEAFF	1
CSARSTGGNEKLFF	1
CSARRRGQKNTEAFF	1
CSARGTGSSYNSPLHF	1
CSAHRAAGLGYNEQFF	1
CSAQRGTSNIQYF	1
CSAAGGGNTIYF	1
CSAATSVSTDTQYF	1
CSAATGGPYSNQPQHF	1
CSAGTVGYTF	1
CSAERRVGSSPLHF	1
CSAISGTDTQYF	1
CSAIPTGGHGYTF	1
CSAIDRGQPQHF	1
CSAMWGYTF	1
CSAMGNQPQHF	1
CSAIQGAGWAEAFF	1
CSAIAGGSFSYNEQFF	1
CSAIGSSYNSPLHF	1
CSAIDRGPTEAFF	1
CSAISQGAINEQYF	1
CSATLDTNTEAFF	1
CSATGVSSYEQYF	1
CSATESANTGELFF	1
CSASLIANTGELFF	1
CSASPIDLYGYTF	1
CSASRPISYNEQFF	1
CSASRQGAYNEQFF	1
CSASHPRTSGYNEQFF	1
CSASQGGSGDYGYTF	1
CSASVRNTEAFF	1
CSASVQGAGQPQHF	1
CSASVGIGYGYTF	1
CSASAGSGNTIYF	1
CSASGRLAGGVYEQYF	1
CSASGQRYGGYTF	1
CSASGRGQPQHF	1
CSASGTRSSYNSPLHF	1
CSASSWLPMNTEAFF	1
CSASSGSTDTQYF	1
CSASREHSNQPQHF	1
CSASRAGQGIEKLFF	1
CSASWTGIGNQPQHF	1
CSASLLVPSNEQFF	1
CSASPQTYGYTF	1
CSASPGLAETDTQYF	1
CSASPRRATEAFF	1
CSASRTGRPSFRSHLYGYTF	1
CSASRGADQETQYF	1
CSASRGLAGETGELFF	1
CSASRDSTYEQYF	1
CSASVSYTEAFF	1
CSASETGMNTEAFF	1
CSASSFSRPMVTQYF	1
CSASRAGQGRSQPQHF	1
CSARWQDDGYTF	1
CSARLLMGLAGSQEQFF	1
CSARVRDSVVFF	1
CSARGSGGRIGGYTF	1
CSARGWGSNQPQHF	1
CSARGPSYEQYF	1
CSARGVNYGYTF	1
CSARDLQRGDTQYF	1
CSARDGGLNNEQFF	1
CSARDRETYGYTF	1
CSARESSYNEQFF	1
CSAREGPPGPQHF	1
CSARMDTNTGELFF	1
CSARTVMNTEAFF	1
CSARNRDYGYTF	1
CSARLVEKLFF	1
CSARLTRGPYEQYF	1
CSARSNPYYGYTF	1
CSARSLLSNYGYTF	1
CSARSVYGRNTEAFF	1
CSARWGLNYGYTF	1
CSARWGAQQPQHF	1
CSARYSREAFF	1
CSARPAGGIRGNTIYF	1
CSARPGQGAAPLHF	1
CSARPNGDYGYTF	1
CSARPRTGKVTEAFF	1
CSARQQKHYGYTF	1
CSARVRVRTSIQETQYF	1
CSARVPGGSNQPQHF	1
CSARVSRGPPNQPQHF	1
CSARVAGEAAEAFF	1
CSARVGRGRKNTEAFF	1
CSARAPAPDYNEQFF	1
CSARAQLNTEAFF	1
CSARAQINQPQHF	1
CSARAVDRGSSPLHF	1
CSARAAEPGETQYF	1
CSARAGGPNEKLFF	1
CSARAGTPNEQFF	1
CSARGGLAGGSIYEQYF	1
CSARGRDGRGTGELFF	1
CSARGNTEAFF	1
CSARGDRVDGYTF	1
CSARGSGGYGYTF	1
CSARDFTDENEKLFF	1
CSARDLEPLHF	1
CSARDSLSGRAGHEQYF	1
CSARDPRTAPTNEKLFF	1
CSARDPGYTF	1
CSARDPGQMTEAFF	1
CSARDPQDSSNQPQHF	1
CSARDRVGTSGRTYHEQYF	1
CSARDRFRGTDTQYF	1
CSARDRQGSYEQYF	1
CSARDHRQGKTEAFF	1
CSARDQWGLKNTEAFF	1
CSARDVAGGEYNEQFF	1
CSARDVAGPGNTIYF	1
CSARDGGTGSEKLFF	1
CSARDIGRGNSPLHF	1
CSARDTRTYGYTF	1
CSARDRHSGNTIYF	1
CSARDRILEAFF	1
CSARDFPDRRNYGYTF	1
CSARDYDRGGNQPQHF	1
CSARDPDRGISYGYTF	1
CSARDQGRDQPQHF	1
CSARDETGPGHF	1
CSARDTLAGPYNEQFF	1
CSAREGLMNTEAFF	1
CSAREGMNTEAFF	1
CSAREEPTSTDTQYF	1
CSARETGPGNTIYF	1
CSAREGGTEAFF	1
CSARETGARGTQYF	1
CSARNLEHNTEAFF	1
CSARNPGAVNTEAFF	1
CSARNRVSNYGYTF	1
CSANGQYNQPQHF	1
CSANPIQGTEAFF	1
CSAFLPDRDTQYF	1
CSALLDRVNQPQHF	1
CSASGELNTEAFF	1
CSAYDRGRGEKLFF	1
CSALRGGGLQETQYF	1
CSALRQGSSYNSPLHF	1
CSALRGHTEAFF	1
CSAPRGLFSPLHF	1
CSAPDRVNYGYTF	1
CSAPSTALDGYTF	1
CSAPNTDSNSNQPQHF	1
CSARIPGLLNTGELFF	1
CSARGLYNSPLHF	1
CSAQGVSSNSPLHF	1
CSAQGPAGLEQYF	1
CSAVDRGSGNEKLFF	1
CSAAKDIYGYTF	1
CSAGPQNQPQHF	1
CSAEDSTDLNEQYF	1
CSATRDRGEAFF	1
CSATGQGHEAFF	1
CSASSMSGLVSYNEQFF	1
CSARGRTGGYTF	1
CSARSGRGLNQPQHF	1
CSANRRQGNSNQPQHF	1
CSAKGGGVTEAFF	1
CSAKEASDRYQPQHF	1
CSAALNRGRNSPLHF	1
CSARGRAWNIQYF	1
CSAQEYSYNSPLHF	1
CSAQKGTGDSPLHF	1
CSATSGLNGNEQFF	1
CSARRGNREKLFF	1
CSANKRSYEQYF	1
CSAKADTQYF	1
CSAKQGSSYNSPLHF	1
CSGALWLAGVYEQYF	1
CSGEDRASSYNSPLHF	1
CSSLTLLRDSNYGYTF	1
CSVFDRAYGYTF	1
CSVWVRNTIYF	1
CSVLDQGQNNYGYTF	1
CSVLGRGQTNEKLFF	1
CSVRTSSNEKLFF	1
CSVQVNRDTEAFF	1
CSVQGGGNYGYTF	1
CSVVGQGNGYTF	1
CSVVRRNTEAFF	1
CSVVGNTEAFF	1
CSVVYETKNDNEQFF	1
CSVVQGPEAFF	1
CSVAYGYGNTIYF	1
CSVARGGEKLFF	1
CSVATGNSNQPQHF	1
CSVAGGHHSEAFF	1
CSVATSGSFENIQYF	1
CSVAQITEAFF	1
CSVAGNYGYTF	1
CSVATGQRYGYTF	1
CSVGGYTF	1
CSVGGQGQIEGPGYGYTF	1
CSVGAQGGSGYTF	1
CSVGAGEGEQYF	1
CSVGQQLNTEAFF	1
CSVGQGMNTEAFF	1
CSVGAGDTGGLSIQYF	1
CSVDVLAGNTGELFF	1
CSVDVGANYGYTF	1
CSVDGSGGVGSEAFF	1
CSVDRVSGYTF	1
CSVEYINTEAFF	1
CSVEDPGNTEAFF	1
CSVERQYTEAFF	1
CSVEKGDFPYNEQFF	1
CSVEKSTDTQYF	1
CSVEYPGLNTEAFF	1
CSVEYGTNGEKLFF	1
CSVEPRDLNYGYTF	1
CSVERGSNTEAFF	1
CSVEQGRGGYTF	1
CSVEQDRPFGQYF	1
CSVEQTMNTEAFF	1
CSVEVNSNQPQHF	1
CSVEVRDSQVQETQYF	1
CSVEVGYAFF	1
CSVEGGRVGYGYTF	1
CSVEDLQARIYGYTF	1
CSVEDPGSIYGYTF	1
CSVEDSLNYGYTF	1
CSVEDRGAATEAFF	1
CSVEETPQKLFF	1
CSVETSADTEAFF	1
CSVETYRENTEAFF	1
CSVILGGAGYGYTF	1
CSVTLGQGFTEAFF	1
CSVTLPLLSYGYTF	1
CSVTPHTENTEAFF	1
CSVTPMNTEAFF	1
CSVSPQPNEKLFF	1
CSVRGGGYGYTF	1
CSVSRQEKNIQYF	1
CSVLPGMDTEAFF	1
CSVLTSGTNPDTQYF	1
CSVAGLTNTGELFF	1
CSVGDNTYGYTF	1
CSVKGQSNQPQHF	1
CSVLGGSYEKLFF	1
CSVPTGGYMNTEAFF	1
CSVRTGDRTDTQYF	1
CSVAQGRGNNQPQHF	1
CSVGTSSNYGYTF	1
CSVDGTGVNTEAFF	1
CSVRTSGSYEQYF	1
CSVKTGGNEKLFF	1
CSVQAYGYTF	1
CSVAGHRNTEAFF	1
CSVEQGVNTEAFF	1
CSAEGQRRDTEAFF	1
CSARGGLNTEAFF	1
CSASSQMNTEAFF	1
CSASRRGNYGYTF	1
CSAWGNRNTQYF	1
CSAVDRTTGNTIYF	1
CSAAWENTEAFF	1
CSAGEGGPQHF	1
CSAEGGSDTEAFF	1
CSATRGEKLFF	1
CSAQTVYQETQYF	1
CSGTQTLGDTQYF	1
CSGRAWVPTEAFF	1
CSGNQGLGVNTEAFF	1
CSGVQGNPAGNTIYF	1
CSGIRDFAEAFF	1
CSDDRDYGYTF	1
CSIPEQGRGGYTF	1
WGGQGLPEQYF	1
CASSFRQGVTGELFF	4
CASSDEPGGYNEQFF	4
CASSLDGSGVNTEAFF	4
CASSSPGNTIYF	4
CSARDPSGDSYEQYF	4
CSVRGGQGTDTQYF	4
CAISETIGAYEQYF	3
CATSDPGYSRDTQYF	3
CATNGGLEADTQYF	3
CASSQGLESYEQYF	3
CASTVGQSPTYNEQFF	3
CASSLTSGWSSYNEQFF	3
CASSLITFNYGYTF	3
CASSLNGPGETQYF	3
CASSYREIYNEQFF	3
CASSPAPTSSTDTQYF	3
CASSRQGAGEQFF	3
CASSQQDSGANVLTF	3
CASSDSGGSYNEQFF	3
CASSESRGGIVGELFF	3
CASSERTGFGMFF	3
CASSEVGGGHSYNEQFF	3
CASSTGLAKKETQYF	3
CASSFNTGELFF	3
CASSLVQGSNEQFF	3
CASSLGTGVTDTQYF	3
CASSLVPGTTNEKLFF	3
CASSLAGGTNQPQHF	3
CASSLGGSPNNEQFF	3
CASSLGGYNEQFF	3
CASSLDRETQYF	3
CASSSYMETDTQYF	3
CASSWAPTNEQFF	3
CASSLSGGTDTQYF	3
CASSLRSTSYEQYF	3
CASSPTRLAGGQETQYF	3
CASSPGLAAPYEQYF	3
CASSPTRPGGFSYEQYF	3
CASSPTRGGSPAYEQYF	3
CASSPGGAGQETQYF	3
CASSRAGSRARGNEQFF	3
CASSRPQGADTKGKSSYEQYF	3
CASSGTSGRSTGELFF	3
CASSDRAKNIQYF	3
CASSMTGWEDIQYF	3
CASSRSGIPTGELFF	3
CASRPGLAGPGQQFF	3
CASRTGTDQETQYF	3
CASSFGETQYF	3
CASSRTQRGSGTDTQYF	3
CASSHHRDRGTQYF	3
CASSQVPGLAMGEGTDTQYF	3
CASSQGPRNKNIQYF	3
CASSQESRLAGQAWYNEQFF	3
CASSQEGTTGNTGELFF	3
CASSDLAGNQETQYF	3
CSAITSSGMGEQFF	3
CSASFGGSGGELFF	3
CSASPLGTDYEKLFF	3
CSARGGRVVEQFF	3
CSARGEEAAAPYEQYF	3
CSARDNRGSYEQYF	3
CSAITKAGAYNEQFF	3
CSATPYRGLYEQYF	3
CSVAKQQEGEQFF	3
CSVEELAGGYNEQFF	3
CSVGTGDYNEQFF	3
CSGTSGSRNNEQFF	3
CASGLGRTGDENTEAFF	2
CASGGGLNTEAFF	2
CAWSVGGTGYPEQFF	2
CAWSTGSFSNEQFF	2
CAPLPTGGFGEQYF	2
CAARPSSSYEQYF	2
CAGRDYSTDTQYF	2
CAGESGQSYEQYF	2
CAGGQGRGYSGNTIYF	2
CAGNSGRAPPGELFF	2
CAIGGDRGFGETQYF	2
CAILPPDEAFF	2
CAIQREPNTGELFF	2
CAITRDGPGYEQYF	2
CAISSRDGQGDTEAFF	2
CAISATETQYF	2
CAISEFDKNEQFF	2
CAISESEGAKYEQYF	2
CAISNPGQGSYEQYF	2
CAISSQGFEQYF	2
CAIKGSYNSPLHF	2
CATSPHPGGNNEQFF	2
CATQFANEQFF	2
CATSHQGDYEQYF	2
CATSDFQGQDQETQYF	2
CATSDLLGDTQYF	2
CATSDSGTGNYNEQFF	2
CATSDSRESYNEQFF	2
CATSDPPRGHNEKLFF	2
CATSDTGFGELFF	2
CATSDPTGVSYNEQFF	2
CATSEGGTDLRYGYTF	2
CATSPQGEGFYGYTF	2
CATSPRDPPYTEAFF	2
CATSRSADSYEQYF	2
CATSSIGVMNTEAFF	2
CATSRGLGQTPGGNEQFF	2
CATSRDPNNSPLHF	2
CATSRGQNNYGYTF	2
CATSRDLGGDTQYF	2
CATSRDRGILNTGELFF	2
CATSRDGTSGTTDTQYF	2
CATSREPVYGYTF	2
CATSREPGLATTGELFF	2
CATSKQLAVEPQYF	2
CATRGRDHEQYF	2
CATGLKFTGELFF	2
CASTHRTQGEAFF	2
CASSPRTDPYGYTF	2
CASRDRVMGGYTF	2
CASSGSGTGNQPQHF	2
CASSPLSPTGRYYEQYF	2
CASSPPNQPQHF	2
CASSPASNYGYTF	2
CASCRLADGTSLSYEQYF	2
CASWGGGDGYTF	2
CASLVGGRLSSEQFF	2
CASLNAGNTEAFF	2
CASLLAGVDTQYF	2
CASLRGFTEAFF	2
CASPSNQPQHF	2
CASRPLVRYEQYF	2
CASRRGGNEQFF	2
CASRDLAGDNEQFF	2
CASQRGGLYNEQFF	2
CASAGGLAGLRGYNEQFF	2
CASADRVPTNEQFF	2
CASIVAGAVGELFF	2
CASTEGTGGYYGYTF	2
CASTFGVGAGNTIYF	2
CASTSQGIQETQYF	2
CASTPSGRVDTQYF	2
CASTHSGRHGNEQFF	2
CASTILALVGGNEQFF	2
CASTSDGYGYTF	2
CASSFWGGSQPQHF	2
CASSFTITPRDTQYF	2
CASSFRTGDQPQHF	2
CASSFWTGQVDTQYF	2
CASSFATEETQYF	2
CASSFGVTGELFF	2
CASSFDDRGGGYTF	2
CASSFSRGFYGYTF	2
CASSFRELPYEQYF	2
CASSLGVMGGYTF	2
CASSLGGTLTYEQYF	2
CASSLTGGNQPQHF	2
CASSLTEMNTEAFF	2
CASSLFNEQFF	2
CASSLRQGSNQPQHF	2
CASSLVWGNSYEQYF	2
CASSLAPTPNTEAFF	2
CASSLADSTDTQYF	2
CASSLGTPGPQHF	2
CASSLGTDTQYF	2
CASSLGQPQETQYF	2
CASSLGGGGTQPQHF	2
CASSLGDWVSEQYF	2
CASSLGGLAGNEQFF	2
CASSLGGGATGELFF	2
CASSLGGELFF	2
CASSLDPDKPYGYTF	2
CASSLDRSSYNEQFF	2
CASSLEGYEQYF	2
CASSLKGPSNQPQHF	2
CASSSGTSFQFF	2
CASSSTWAETNISYNEQFF	2
CASSSTGRVNQPQHF	2
CASSSSARPYNEQFF	2
CASSSGTAAETQYF	2
CASSSRAVDTQYF	2
CASSSRDKLYF	2
CASSSKAGGNNYGYTF	2
CASSSSLGGSYSYEQYF	2
CASSSRRTVNTEAFF	2
CASSSKGGYDQPQHF	2
CASSYRDTQETQYF	2
CASSYSSGTGGTGELFF	2
CASSYSYQGRSTYEQYF	2
CASSYSGDAEEGYTF	2
CASSYSDTGELFF	2
CASSYRETYNEQFF	2
CASSYNTGTDNSPLHF	2
CASSLPWEGTEAFF	2
CASSLDGNTEAFF	2
CASSLRTSGRSKNIQYF	2
CASSLVSTDTQYF	2
CASSLEGTGGAGTEAFF	2
CASSPYFRAGYGYTF	2
CASSPNSVNEKLFF	2
CASSPLLAVAKNIQYF	2
CASSPGGTYNEQFF	2
CASSPGTVNEKLFF	2
CASSPGLAINEQFF	2
CASSPGVAGEIGEQFF	2
CASSPTRWNQPQHF	2
CASSPGGGASYNEQFF	2
CASSPIDRPNYEQYF	2
CASSPSGSSPDTQYF	2
CASSRGTYGYTF	2
CASSRAGTGFIDIQYF	2
CASSRDRWGGPNTEAFF	2
CASSRIATNEKLFF	2
CASSRTGGNSYEQYF	2
CASSHRDGTEAFF	2
CASSHQGSSRSEAFF	2
CASSQREKDTQYF	2
CASSQPGQGQETQYF	2
CASSVGIAGQGTNQPQHF	2
CASSDATGTINEQFF	2
CASSEYVSRNEAFF	2
CASSEVAANEKLFF	2
CASSEAAGALDQPQHF	2
CASSEAKTGKETQYF	2
CASSERDVPYEQYF	2
CASSTQGAGYGYTF	2
CASSTTTYEQYF	2
CASSTTGSATNEKLFF	2
CASSSQGEQPQHF	2
CASSNGQETQYF	2
CASSKKGQGAYEQYF	2
CASSFAPKSTDTQYF	2
CASSFIGGWSNQPQHF	2
CASSFMASGRNEQFF	2
CASSFIANSYNEQFF	2
CASSFTPMDEEFF	2
CASSFSSYNEQFF	2
CASSFSGGTYNEQFF	2
CASSFSGSGTQYF	2
CASSFRKAGNTEAFF	2
CASSFWQGHEQYF	2
CASSFLTGQYNSPLHF	2
CASSFGGRQYF	2
CASSFEPGQGTNEQFF	2
CASSFILSTDTQYF	2
CASSLLVANTDTQYF	2
CASSLVQGSGNQPQHF	2
CASSLVGSSYNEQFF	2
CASSLAPYRGEQFF	2
CASSLAPGRTDTQYF	2
CASSLGLTAGDRAYEQYF	2
CASSLGTGELFF	2
CASSLGTGTQYF	2
CASSLDLGYEQYF	2
CASSLTSAYNEQFF	2
CASSLTGDGPQHF	2
CASSLSLVNFNTDTQYF	2
CASSLSLAGGGLGNQPQHF	2
CASSLSRFGDTQYF	2
CASSLSEWGHNEQFF	2
CASSLWGKNTEAFF	2
CASSLWKTNYEQYF	2
CASSLLNGETQYF	2
CASSLLGADQPQHF	2
CASSLPLAGGSYNEQFF	2
CASSLPLGRGGYGYTF	2
CASSLPGGGNEAFF	2
CASSLRSSGSSNTGELFF	2
CASSLRPGASTGELFF	2
CASSLRAPFPVSSYNEQFF	2
CASSLRAMNTEAFF	2
CASSLRDGADTEAFF	2
CASSLQLKTGELFF	2
CASSLVGGGSNQPQHF	2
CASSLVWPLLGEQFF	2
CASSLVVGTGKHSPLHF	2
CASSLVGTGNQPQHF	2
CASSLVGRSSYNEQFF	2
CASSLVEVETQYF	2
CASSLVPGPANSPLHF	2
CASSLVAGGDIQYF	2
CASSLVSYNEQFF	2
CASSLVSREGLAGEAKNIQYF	2
CASSLAFGGSPLHF	2
CASSLASRANTGELFF	2
CASSLAQETQYF	2
CASSLALDGEKLFF	2
CASSLAPWASNEKLFF	2
CASSLAVSTDTQYF	2
CASSLAGSYEQYF	2
CASSLADTQYF	2
CASSLGGDEQYF	2
CASSLGSPYQPQHF	2
CASSLGYEQYF	2
CASSLGGSSYNEQFF	2
CASSLGGRGYEQYF	2
CASSLGVGGNTEAFF	2
CASSLGSNQPQHF	2
CASSLGPRDEQYF	2
CASSLGQGLNEQFF	2
CASSLDYEQYF	2
CASSLDLGDSYEQYF	2
CASSLDPWHSETQYF	2
CASSLDPQHYNSPLHF	2
CASSLDRRNTEAFF	2
CASSLDGAWETQYF	2
CASSLEPFSYEQYF	2
CASSLEASEYYEQYF	2
CASSLEGASGYNEQFF	2
CASSLELGVGTDTQYF	2
CASSLELALAYEQYF	2
CASSLEGATEAFF	2
CASSLEGRTIQYF	2
CASSLTPILAGRTDTQYF	2
CASSLTYGGANEQFF	2
CASSLTLAGAEAKNIQYF	2
CASSLTGAGNTIYF	2
CASSLSVGRVTNEQFF	2
CASSLSRSTDTQYF	2
CASSLNYDSPLHF	2
CASSLNQGFNQPQHF	2
CASSSLGGAAGYTF	2
CASSSDRRPYEQYF	2
CASSSTGSGNYGYTF	2
CASSSLAIAGARTDTQYF	2
CASSSPPRDEQFF	2
CASSSPTRNEKLFF	2
CASSSRDSTLNEQFF	2
CASSSQLADTQYF	2
CASSSGANTEAFF	2
CASSSGTSGYNEQFF	2
CASSSEGAVSNQPQHF	2
CASSSRVSNEQFF	2
CASSSGQVLTGEQFF	2
CASSSDGYGYTF	2
CASSSDRAYQPQHF	2
CASSSYKGVSYEQYF	2
CASSSQGANTGELFF	2
CASSSAPGNIFEQYF	2
CASSSGQRRNYGYTF	2
CASSWEEENTIYF	2
CASSWISGSWTGELFF	2
CASSYPGQLLNTEAFF	2
CASSYPGDEQFF	2
CASSYGLAISYEQYF	2
CASSLGTSGPNPYF	2
CASSLTLQETQYF	2
CASSLTGNQPQHF	2
CASSLSYEQYF	2
CASSLSAEQPQHF	2
CASSLTGGVETQYF	2
CASSLLAGGPYEQYF	2
CASSLGVWYEQYF	2
CASSLGLAGAQFPYEQYF	2
CASSLIRTLVNTGELFF	2
CASSLRYTGELFF	2
CASSLRRTNEKLFF	2
CASSPPSSSYNEQFF	2
CASSPRRVAGVPGELFF	2
CASSPLAGSSYNEQFF	2
CASSPSRLAGGPRLGYNEQFF	2
CASSPLVGEGAALEQFF	2
CASSPLSVLRGPSNEKLFF	2
CASSPLGAGGGDTQYF	2
CASSPVLGLANEQYF	2
CASSPGHYTDTQYF	2
CASSPGQGAAEAFF	2
CASSPDLAGVVEQYF	2
CASSPETIQDTQYF	2
CASSPKAAADTQYF	2
CASSPSNGNEQFF	2
CASSPGLGDYEQYF	2
CASSPDYNEQFF	2
CASSPTSSAKNIQYF	2
CASSPQRGVGETQYF	2
CASSPVGQGRWETQYF	2
CASSPGGDTDTQYF	2
CASSPMGLYNEQFF	2
CASSRVLAARRETQYF	2
CASSRGLAGGYEQYF	2
CASSRDRGSPSYF	2
CASSRTSGSYEQYF	2
CASSRTRDRGNYEQYF	2
CASSRSGGRRYEQYF	2
CASSRQGTDTQYF	2
CASSHPRGYNEQFF	2
CASSHTSGSYEQYF	2
CASSHSGTGLNTEAFF	2
CASSHPPGRDNSPLHF	2
CASSQSDRNNEQFF	2
CASSQALTDTQYF	2
CASSQGAYEQYF	2
CASSQEGQVNTEAFF	2
CASSQRGIAGGYNEQFF	2
CASSQSGIFGEQYF	2
CASSQLEGQPQHF	2
CASSQVGQLNTEAFF	2
CASSQVGGPGGQYF	2
CASSQAGGAQYF	2
CASSQGWTELYNEQFF	2
CASSQGSGSTDTQYF	2
CASSQGPRGPTDTQYF	2
CASSQGDRSNEKLFF	2
CASSQGISGANVLTF	2
CASSQGYEQYF	2
CASSQDSRSFYGYTF	2
CASSQDLSGRTSYEQYF	2
CASSQDGYSGVETQYF	2
CASSQERGPAFF	2
CASSQEPYSNQPQHF	2
CASSQEEELASYEQYF	2
CASSQTLGLAGFEQYF	2
CASSVFPDHDNEQFF	2
CASSVAGVREQYF	2
CASSVGSREEQYF	2
CASSVGVASPTQETQYF	2
CASSVGSSYEQYF	2
CASSVTQGAGNTIYF	2
CASSVSPGQGAYEQYF	2
CASSADRLNYGYTF	2
CASSAEGDTQYF	2
CASSGNFGGTGVIYEQYF	2
CASSGGQGRIDEQYF	2
CASSGIMNTEAFF	2
CASSIPGQGREQFF	2
CASSTWTSGVDTQYF	2
CASSTDRAYEQYF	2
CASSTRTSGYEQYF	2
CASSSLTDSRVAAFF	2
CASSREIAGGTDTQYF	2
CASSKPLSGSYTF	2
CASSKRGQGAQYNEQFF	2
CASSKGSYEQYF	2
CASSKDGRVKAPKELFF	2
CASRPGLAGTGELFF	2
CASRRVEMEQYF	2
CASRITQLAGVPYEQYF	2
CASRRLGVNTEAFF	2
CASRLAPAYEQYF	2
CASRPWAGLAAYEQYF	2
CASRPETGGERPQHF	2
CASRGPYRGYTEAFF	2
CASRGGGGNQPQHF	2
CASRTQRDGETQYF	2
CASRTKGDTQYF	2
CASRRDTYNSPLHF	2
CASRRTGEADTQYF	2
CASNGGQGASGYTF	2
CASNSRENSPLHF	2
CASNRQLATNEKLFF	2
CASKGAIENNSPLHF	2
CASKTGVRTDTQYF	2
CASKPGQGTDTQYF	2
CASKGTGGGYEQYF	2
CASKGTSEADTQYF	2
CASKDQGGGANQPQHF	2
CANSAGAGTEAFF	2
CATDGTYEQYF	2
CASLMIPGEYNEQFF	2
CASCPGRGAGINEQFF	2
CASRAEYNEQFF	2
CASRTGGTYNEQFF	2
CASTRSVQVDEQFF	2
CASTPNWGGANNEQFF	2
CASTQGNEQFF	2
CASSWGASTDTQYF	2
CASSPNRLSSYNEQFF	2
CASSPGLAGLGRQETQYF	2
CASSRL	2
CASSREGLYEQYF	2
CASSDPAEEYQETQYF	2
CASSERRNEQFF	2
CASSIMSSYNEQFF	2
CASSFYQGIVYNEQFF	2
CASSFGRIDSTDTQYF	2
CASSFSGSYEQYF	2
CASSLSIDSNTEAFF	2
CASSLSLSYGYTF	2
CASSLQNTEAFF	2
CASSLVTGTEAFF	2
CASSLVQGSRYGYTF	2
CASSLAGTPPNEQFF	2
CASSLAGREDNEQFF	2
CASSLGGSTYNEQFF	2
CASSLGETLAMNTEAFF	2
CASSLGTGGAYEQYF	2
CASSLGTGSYNEQFF	2
CASSLDLAGELFF	2
CASSLDYLGKNIQYF	2
CASSLDLAGGTDTQYF	2
CASSLDPGTGEGSPLHF	2
CASSLEDTGELFF	2
CASSLEGHGNQPQHF	2
CASSLERGITTEAFF	2
CASSLIIAGDEQFF	2
CASSLTSGSYEQYF	2
CASSLNGVGYPNEQFF	2
CASSLDSTNEKLFF	2
CASSLERSLTDTQYF	2
CASSLMGLRVNTEAFF	2
CASSLTSDGTDTQYF	2
CASSLTDPF	2
CASSLRTGGVDTQYF	2
CASSLNIEQPQHF	2
CASSSSGELFF	2
CASSSLVGQFF	2
CASSWRGLDTQYF	2
CASSYRLAGASYEQYF	2
CASSLSGSTNEQFF	2
CASSLPGLAGPYEQYF	2
CASSLAAGATTEAFF	2
CASSLRGRDTQYF	2
CASSLRGGPPEAFF	2
CASSPRHTGTGFFGYTF	2
CASSPGQLYEQYF	2
CASSPEGRLGTGELFF	2
CASSPGQAYEQYF	2
CASSPGQNYGYTF	2
CASSRTGGTATNEKLFF	2
CASSRTGATNEKLFF	2
CASSRPADTQYF	2
CASSRDWNTEAFF	2
CASSHPGDGRMETQYF	2
CASSHGLQNTGELFF	2
CASSQFGGRAPRSSYEQYF	2
CASSQGQGATAEQYF	2
CASSQPARQETQYF	2
CASSQHTSSYNEQFF	2
CASSQVGGKGELFF	2
CASSQVAGGLYNEQFF	2
CASSQVGKSRLYEQYF	2
CASSQASGRGGNEQFF	2
CASSQASGLVRELFF	2
CASSQAKRESDIQYF	2
CASSQGFRTSGSNEQFF	2
CASSQGWQSSGNTIYF	2
CASSQGLKGRYYEQYF	2
CASSQGLSGYQPQHF	2
CASSQDQDGAGAYEQYF	2
CASSQDAGGLNYGYTF	2
CASSQDGAGGRKFF	2
CASSQDGRTEAFF	2
CASSQEAGLPGELFF	2
CASSQESGRQNEQFF	2
CASSQESYPLAGRNEKLFF	2
CASSQEWYNEQFF	2
CASSQEPRELVDTQYF	2
CASSQEPSWSGGFYEQYF	2
CASSQERGAPYEQYF	2
CASSTTDTQYF	2
CASSKDPNTEAFF	2
CASRSSTDTQYF	2
CASRRTPGANTDTQYF	2
CASRQAPSGNQPQHF	2
CASRGAGRAPDTQYF	2
CASKVGGTGVQNEQFF	2
CSSPMGTSVRNEQFF	2
CSAWSGRYQETQYF	2
CSAYGALSYNEQFF	2
CSAVTGGKQFF	2
CSAGERTGGEKLFF	2
CSATTGTSGYNEQFF	2
CSASSRDPYEQYF	2
CSASEASGGLIRQFF	2
CSASIRQVGTDTQYF	2
CSASSGTDTEAFF	2
CSARSTSSYNEQFF	2
CSARKEMGPYEQYF	2
CSARSGNYDEQYF	2
CSARSGTGLLWELFF	2
CSARVGSSGNTIYF	2
CSARALLAGDLDEQFF	2
CSARDLASGSTDTQYF	2
CSARDLGAETGELFF	2
CSARDLTGHNEQFF	2
CSARDPTGASSYNEQFF	2
CSARDGGKGRDSPLHF	2
CSARTLGVTQYF	2
CSARRWQGRGEAFF	2
CSARRQKVSYNSPLHF	2
CSARNPASGDNYEQYF	2
CSARNPEGFHTEAFF	2
CSAPTRTGGPYEQYF	2
CSAGTRASNEQFF	2
CSADPRQGNEQFF	2
CSAYRDINTEAFF	2
CSAATGEGNQPQHF	2
CSAEPAVSANNEQFF	2
CSAKTGTDMYEQYF	2
CSGYGPGQTNYGYTF	2
CSVCRDTNSYEQYF	2
CSVVPIRGVYGYTF	2
CSVAPGTETQYF	2
CSVAAGEDNEQFF	2
CSVGKTGGDTEAFF	2
CSVGSGEDNEQFF	2
CSVEGETRNGYTF	2
CSVESYKGATQYF	2
CSVEYIWGLLRRLQCEQFF	2
CSVEARSSGSSYNEQFF	2
CSVEDSMVLNEQFF	2
CSVEDQGRDGQFF	2
CSVERGAQNTEAFF	2
CSVHSGTDTQYF	2
CSVAAGGLEAFF	2
CSVSAAGENYEQYF	2
CSVYRGSETQYF	2
CSVVGNEQFF	2
CSAQVLLNTGELFF	2
CSAETGTPYEQYF	2
CSGRDSSYEQYF	2
CSGGQGGDEQYF	2
FATKMDRIDTEAFF	1
SYYEQYF	1
SASSQGRTANYGYTF	1
CVKSETGGERCTEAFF	1
CAPGPPYEQFF	1
CASVPDREHFILYEQYF	1
CASGLVLTGTGGSDTQYF	1
CASGLDRNTEAFF	1
CASGSPLVLVEQFF	1
CASGSKGQGRENTEAFF	1
CASGLGSVEQFF	1
CASSLGTSGRSAGELFF	1
CAKTGRENGYTF	1
CAFGKTGGEEKLFF	1
CASGTGLTDTQYF	1
CASGQGNTEAFF	1
CASSLAGGNNSPLHF	1
CASKSGEKLFF	1
CAWLGERTEAFF	1
CAWSLSNTEAFF	1
CAWSPLDRGNQHF	1
CAWSRFGQGPAFF	1
CAWSVRRQLNEKLFF	1
CAWSVHTDSPLHF	1
CAWSVQGWGTEAFF	1
CAWSVQGTNYGYTF	1
CAWSEQGNTEAFF	1
CAWSSSGYEQYF	1
CAWSGREAFF	1
CAWRWTALEKLFF	1
CAWRIGWTDTQYF	1
CAWNGQGAGYGYTF	1
CAWNELLNTEAFF	1
CAPNEIDRSYGYTF	1
CARQGSGDTQYF	1
CAAGEFGTGELFF	1
CAGGDRARTEAFF	1
CAGQVPRYGYTF	1
CAGGTGLYEQYF	1
CAISFAGREQFF	1
CAIFPRKVTTNEKLFF	1
CAIWDMGSHF	1
CAILAGVETQYF	1
CAIRRDPGGDTEAFF	1
CAISSGHFADEAFF	1
CAISSTDSYEQYF	1
CAISPRGKEAYEQYF	1
CAISPRQGPTEAFF	1
CAISPGGRNQPQHF	1
CAISRTENTEAFF	1
CAISAGVNTEAFF	1
CAISASGDNYGYTF	1
CAISGTSGPSTDTQYF	1
CAISGTGETEAFF	1
CAISGDLGNQPQHF	1
CAISDSGTGLYEQYF	1
CAISDWEAEIGYTF	1
CAISDPGTGGVYEQYF	1
CAISDPDEKLFF	1
CAISDRTGGYTEAFF	1
CAISDLSGGASEAFF	1
CAISDPQGYEQYF	1
CAISDAGSYGYTF	1
CAISDAFDKRSSYEQYF	1
CAISDRSEAFF	1
CAISESYQGSQPQHF	1
CAISESAGATYNEQFF	1
CAISESGTGRTMNTEAFF	1
CAISESTGGSDQPQHF	1
CAISESSVGQPQHF	1
CAISESGDSPLHF	1
CAISEPSGQSNYGYTF	1
CAISEPTSGRSDTQYF	1
CAISEARGQNQPQHF	1
CAISEGTGNEAFF	1
CAISEKGARDTQYF	1
CAISETPAGRGNTEAFF	1
CAISESNTQYF	1
CAISRLAGYNEQFF	1
CAISGTENQPQHF	1
CAISDRKQETQYF	1
CAISRLGENNNEQFF	1
CAIRAGGTEAFF	1
CAIREQLGTGAEQYF	1
CAINQAGHTDTQYF	1
CAIKGTAGSYNSPLHF	1
CAIARDSLPYEQYF	1
CATHHFRANQPQHF	1
CATDGRQGYGNTIYF	1
CATFLIDRGRNEQFF	1
CATSGGYGYTF	1
CATSGTSLSYEQYF	1
CATSESYNSPLHF	1
CATWRADNEKLFF	1
CATPWAGDRTSGKGQFF	1
CATPPAPRLAMYNEQFF	1
CATRSGGTNEKLFF	1
CATRSGNQPQHF	1
CATRDRDNYGYTF	1
CATRPGLNGGYTF	1
CATQISGNSNQPQHF	1
CATQPNRVDRAGTEAFF	1
CATQRRLQETQYF	1
CATAEYTEAFF	1
CATAGRGEKLFF	1
CATAIRNTEAFF	1
CATGDVSAPLHF	1
CATGPDTQYF	1
CATGPELNEKLFF	1
CATGGHRHNQPQHF	1
CATETGGVYGYTF	1
CATEKYGWCF	1
CATTPPEKLFF	1
CATSRSTGQPQHF	1
CATSHPGHGEAFF	1
CATSVRRANYGYTF	1
CATSVAGDRNEQYF	1
CATSATEGVYPQHF	1
CATSAGSSTNEKLFF	1
CATSASGSSYGYTF	1
CATSAQGPSPLHF	1
CATSGPTGPEQYF	1
CATSGQGAGYTF	1
CATSGSRGKVNQPQHF	1
CATSDFLTDQPQHF	1
CATSDFRGQETQYF	1
CATSDLFEAGHLNTEAFF	1
CATSDLPGYNEQFF	1
CATSDLQDREVGVTEAFF	1
CATSDLQGGDEKLFF	1
CATSDLRDGYTF	1
CATSDSTGGGLYGYTF	1
CATSDYRGAWNEKLFF	1
CATSDPSGKGTGELFF	1
CATSDPGTSNYGYTF	1
CATSDPGQAEAQYF	1
CATSDPGQGNQPQHF	1
CATSDAREGRDTQYF	1
CATSDAGTGNTEAFF	1
CATSDIGGPNQPQHF	1
CATSDTSGRYNEQFF	1
CATSDTGTGHGYTF	1
CATSDRTGVVQPQHF	1
CATSDLDFYGYTF	1
CATSDLTSGRATDTQYF	1
CATSDPRRGQGEKLFF	1
CATSDPGQGFEKLFF	1
CATSDPDEDHYNEQFF	1
CATSDPTGGDRYGYTF	1
CATSDGTTEAFF	1
CATSDGLAGVREQFF	1
CATSEPTGTGIGELFF	1
CATSEGGSSGYTF	1
CATSETGTANQPQHF	1
CATSEQGNYGYTF	1
CATSERGRNEKLFF	1
CATSENGRSAGYTF	1
CATSTGTSYGYTF	1
CATSFSGGGTEAFF	1
CATSFGGARTEAFF	1
CATSSQTSGTGELFF	1
CATSLLRDVAYEQYF	1
CATSLGGNSNQPQHF	1
CATSLIGTVNTEAFF	1
CATSPNPGTGTEAFF	1
CATSPSGDTQYF	1
CATSVWTSGVTDTQYF	1
CATSGETASSYEQYF	1
CATSGREVGEQYF	1
CATSGQNTEAFF	1
CATSGGRVHYGYTF	1
CATSGRASYEQYF	1
CATSEEFGDTEAFF	1
CATSMGQGVGYGYTF	1
CATSIDGSSGNTIYF	1
CATSTRSTDTQYF	1
CATSTEPGLDSGNTIYF	1
CATSTQSRSRAEAFF	1
CATSSLRTSGGYTF	1
CATSSLPGNTIYF	1
CATSRGLSDTQYF	1
CATSRGIEHQPQHF	1
CATSRGKSPLHF	1
CATSRGQAAIGYTF	1
CATSRGQGGHQPQHF	1
CATSRDPGTGAYQPQHF	1
CATSRDIHQPQHF	1
CATSRDRMNSPLHF	1
CATSRETGNTIYF	1
CATSRTPGQSATNEKLFF	1
CATSRQQGYTEAFF	1
CATSRVGDIQYF	1
CATSRVQGGYTEAFF	1
CATSRVNEYNEQFF	1
CATSRASAEPPEKLFF	1
CATSRAGRGIYEQYF	1
CATSRGVNPEAFF	1
CATSRGHGPQHF	1
CATSRGGRGLRNTEAFF	1
CATSRGDSHTPQHF	1
CATSRGEQADRLAPLHF	1
CATSRGQFYGYTF	1
CATSRGGPPYGYTF	1
CATSRGRSNQPQHF	1
CATSRDYGYQPQHF	1
CATSRDYILEQFF	1
CATSRDLIRGANTEAFF	1
CATSRDLAGGYEQYF	1
CATSRDPAPPRGNSPLHF	1
CATSRDRAADTQYF	1
CATSRDRGTGLLHF	1
CATSRDDREGQETQYF	1
CATSRDEGQPQHF	1
CATSRDTYRVPYEQYF	1
CATSRDSGGSHEQYF	1
CATSRDRFSNQPQHF	1
CATSRDRAVPSPLHF	1
CATSRDRGTNTEAFF	1
CATSRDVPGQSQAFF	1
CATSRDSDSGNTIYF	1
CATSRDRGTNEKLFF	1
CATSREAWLRGYTF	1
CATSREAGLPGHASYNEQFF	1
CATSREARQPQHF	1
CATSREEGGPLDNTIYF	1
CATRASDYGYTF	1
CATRGGGNEKLFF	1
CATRGYDQPQHF	1
CATRTGRTGELFF	1
CATRAWTPDMNTEAFF	1
CATRGTGGSNEKLFF	1
CATNPAGGNTEAFF	1
CATKIWENTEAFF	1
CATKRVQTDTQYF	1
CATTGDSGNTIYF	1
CATKGTGGGETQYF	1
CATAFGILQPQHF	1
CATEEGGNTIYF	1
CATTTGYSNQPQHF	1
CASFQGRGTGELFF	1
CASLGGKDTGELFF	1
CASLGDTEAFF	1
CASLRQGGTDTQYF	1
CASSTSEANEKLFF	1
CASSNTGELFF	1
CASWTGFSGNTIYF	1
CASRLQGKPQHF	1
CASRSWAANEKLFF	1
CASGLTGGSEKLFF	1
CASGGSPNTEAFF	1
CASGTGRQPQHF	1
CASGSNQPQHF	1
CASDSTGDFQPQHF	1
CASIPHGAKQPQHF	1
CASTQLAQGWGYTF	1
CASSSHDGARYEQYF	1
CASSQRESSYNEQFF	1
CASSIDGGEQYF	1
CASSILAGGSYNEQFF	1
CASSITSGSKDEQFF	1
CASSMRPGTSGYNEQFF	1
CASSMGANQPQHF	1
CASSILGQGSTEAFF	1
CASSILGQTNTEAFF	1
CASSIVLYSNQPQHF	1
CASSIAAGPTNEQFF	1
CASSIGNGIPSYNEQFF	1
CASSITDTQYF	1
CASSTPLAGDGKLFF	1
CASSTGQANNEQFF	1
CASSRGRNTEAFF	1
CASSNTGQAQPQHF	1
CASSNRGNQPQHF	1
CASSPTGQINSPLHF	1
CASRPTGFNQPQHF	1
CASRRGELDTDTQYF	1
CASRGNNYGYTF	1
CASRDRGLSTEAFF	1
CASRTSGSVNEQFF	1
CASNSGGNTIYF	1
CASKLGPEAFF	1
CASKEGPYNSPLHF	1
CASFQELNTEAFF	1
CASLGRDTEAFF	1
CASSFEETQYF	1
CASSLGRTEAFF	1
CASSAGTGGPNQPQHF	1
CASSDVDTQYF	1
CASSTGVMNTEAFF	1
CASSLARGGFYEQYF	1
CASSSGQTFF	1
CASSRTRATEAFF	1
CASSRTSGRDWNEQFF	1
CASSRTNAEAFF	1
CASSREGSLEQYF	1
CASSVGGGALSQHF	1
CASSVGQATNQPQHF	1
CASSTRTYGYTF	1
CASSTRVSGYTF	1
CASSFSDGNTIYF	1
CASSSGQAGYPGTPGNTIYF	1
CASSANNDGEQYF	1
CASSGLLFSGTVSGNTIYF	1
CASSGGPNQPQHF	1
CASSFMDRQPQHF	1
CASSSPGDYEQYF	1
CASSSPAYEQYF	1
CASSSRTSGITDTQYF	1
CASSSGTGARDTEAFF	1
CASSSTSRALSSGNTIYF	1
CASSSSRSLNTEAFF	1
CASSSPFPGQSPYEQYF	1
CASSLQGDEQYF	1
CASSLNSGIRKETQYF	1
CASSPLGRSMNTEAFF	1
CASSPPAGGRYEQYF	1
CASSPRGASYNEQFF	1
CASSPGRETQYF	1
CASSPTPQGTAYEQYF	1
CASSPSTGDLGYTF	1
CASSPSQGRGYGYTF	1
CASSPLGYGYTF	1
CASSPLTGRGELFF	1
CASSPPGVMRTGELFF	1
CASSPGDYEQYF	1
CASSPGQGHNSPLHF	1
CASSPQVNTEAFF	1
CASSPQGQGPNQPQHF	1
CASSPQGRNEKLFF	1
CASSPGQGGLGELFF	1
CASSPDLAGDHTGELFF	1
CASSPSGGNYNEQFF	1
CASSPSGLHTEAFF	1
CASSPLGTARNLNYGYTF	1
CASSPLSMTEETQYF	1
CASSPPDRGPWGYTF	1
CASSPPVQGPYEQYF	1
CASSPPGYEQYF	1
CASSPPTDPANEQFF	1
CASSPPRGMSSYEQYF	1
CASSPRDRGDTGELFF	1
CASSPRMGTSSYEQYF	1
CASSPVEGLAVEQYF	1
CASSPAGGSNEAFF	1
CASSPAGQPHGYTF	1
CASSPAGHPYEQYF	1
CASSPGQPSTEAFF	1
CASSPGTGNLTPYGYTF	1
CASSPGEDETQYF	1
CASSPTGRDYEQYF	1
CASSRWTPDTEAFF	1
CASSRGASEPQHF	1
CASSRDKNTEAFF	1
CASSQGGQYNEQFF	1
CASSATGGGRGYTF	1
CASSNSNQPQHF	1
CASCQAGSLYEQYF	1
CASCRDRSWGYTF	1
CASWSATNEKLFF	1
CASWGHVNTEAFF	1
CASWSNTEAFF	1
CASYDGMNTEAFF	1
CASYYRGLNQPQHF	1
CASYLTGRNSPLHF	1
CASLLATPSREQFF	1
CASLGGYTEAFF	1
CASLDSLNTEAFF	1
CASLSLTLNTEAFF	1
CASPPGQGLTEAFF	1
CASPPGGHRNSNTEAFF	1
CASPIGTGELFF	1
CASPTMGGGQPQHF	1
CASPKAGVGNQPQHF	1
CASRRSALPRGTGANYGYTF	1
CASRGGYEQYF	1
CASRPGTELNQPQHF	1
CASRDYSKETQYF	1
CASRFDRADKLFF	1
CASRKRQNSNQPQHF	1
CASHSSWGNSPLHF	1
CASHLGAGGWSNQPQHF	1
CASHRLGGYTF	1
CASQRNTEAFF	1
CASVKDYGYTF	1
CASVGAGTQHEQFF	1
CASVMGTLNSPLHF	1
CASVPTKGQGYSNQPQHF	1
CASATLESAYEQYF	1
CASAQGENTEAFF	1
CASADRSSYNSPLHF	1
CASAGVNTGELFF	1
CASAGGAHEKLFF	1
CASGEGTSTDTQYF	1
CASGRDQSTDTQYF	1
CASGLDRGVYGYTF	1
CASGLRGNTEAFF	1
CASGRDRDNEQFF	1
CASGRYRGGGTEAFF	1
CASGQANSNYGYTF	1
CASGSQGLRGYTF	1
CASGYGTAYSNQPQHF	1
CASGPGGRRREETQYF	1
CASGHEAFF	1
CASGAGEQYF	1
CASGGAGAFF	1
CASGGDYGYTF	1
CASGGRGWYNEQFF	1
CASGDRTGANYGYTF	1
CASGDTPMNGYTF	1
CASGDRGYGYTF	1
CASGETLKSNQPQHF	1
CASGTTGGKDEQFF	1
CASGTVGRGTDTQYF	1
CASGFSRGRGDTEAFF	1
CASGFKFSPSSYNSPLHF	1
CASGLVYNEQFF	1
CASGLGGGWYGYTF	1
CASGPGPPSNQPQHF	1
CASGRLVGARTNEKLFF	1
CASGQGGGSNQPQHF	1
CASGQRSYRNQPQHF	1
CASGGGGNTEAFF	1
CASGRRYNTEAFF	1
CASGNWPNEQYF	1
CASDGTTGELFF	1
CASIGQTYSNEKLFF	1
CASIKNRDRESYNEQFF	1
CASIFGTSDYNEQFF	1
CASILLRGGSEAFF	1
CASIPRGLAPRHYNEQFF	1
CASIGPGLPSTDTQYF	1
CASIGGGTEVFF	1
CASIDRGYTEAFF	1
CASIESPGQEAFF	1
CASINAPGGDGYTF	1
CASMSVDRGSGNTIYF	1
CASMAPGERNNEQFF	1
CASMDFASYYGYTF	1
CASMEAGTDTQYF	1
CASMSSYNEQFF	1
CASMNIGAERGTSEAFF	1
CASMKGLALHEQFF	1
CASISSVGQGKAFF	1
CASIRESGNTIYF	1
CASIGPTRMCEQYF	1
CASIGQPNTEAFF	1
CASIKGPVSWVSPLHF	1
CASTSGGATNEKLFF	1
CASTPQATGYGYTF	1
CASTQGRAEQYF	1
CASTTDGAYGYTF	1
CASTTTTTDTQYF	1
CASTSGSLYEQFF	1
CASTNHRLTEAFF	1
CASTKGGFPYEQYF	1
CASTSLGQGNSPLHF	1
CASTSGDSNTEAFF	1
CASTSGHSYEQYF	1
CASTSQGLQGYTF	1
CASTSGSRWSGRTQETQYF	1
CASTWQGYEQYF	1
CASTWSSYNEQFF	1
CASTLGQARNYGYTF	1
CASTLQGKGTQYF	1
CASTLGQGSSYNSPLHF	1
CASTLGNTEAFF	1
CASTPLRRNTGELFF	1
CASTPAWGEGSYEQYF	1
CASTPPTGPNSPLHF	1
CASTPRRDWDSPLHF	1
CASTPGRGEFGGYTF	1
CASTPGLTGGKLFF	1
CASTPAGAGNTIYF	1
CASTPGLYGYTF	1
CASTPDRPGEQYF	1
CASTPGQGRAFF	1
CASTRSGSQHQPQHF	1
CASTRIGRGYNSPLHF	1
CASTRDAGSPLHF	1
CASTRDRGYKNTEAFF	1
CASTGTSSHANTGELFF	1
CASTGTPLEKLFF	1
CASTGGMHYTGELFF	1
CASTGRIGLGSGGELFF	1
CASTDAGTEGKLFF	1
CASTDAGRDTEAFF	1
CASTTGTLNTEAFF	1
CASTTRTGTNEKLFF	1
CASTTGTAVNYGYTF	1
CASTTGESDTEAFF	1
CASTRGTGVYGYTF	1
CASTRGSMNTEAFF	1
CASTRGQAGNTIYF	1
CASTNGGDIQYF	1
CASTKTSGVNTGELFF	1
CASTKLGVGEQFF	1
CASTGGVNTEAFF	1
CASTGGSDYGYTF	1
CASTGQMNTEAFF	1
CASTTGQGNQPQHF	1
CASTTGGRGGYTF	1
CASTKTSGAYNEQFF	1
CASTGAVVYGYTF	1
CASTDTGELFF	1
CASSFFVNTGELFF	1
CASSFSATNEKLFF	1
CASSFSRGEANEKLFF	1
CASSFSGGTEAFF	1
CASSFLGRLTPREQYF	1
CASSFPPHRGRGNQPQHF	1
CASSFPRGRGNQPQHF	1
CASSFPGSSGNTIYF	1
CASSFPEDRGSYEQYF	1
CASSFPTVRGSTYGYTF	1
CASSFPTGTTTYEQYF	1
CASSFRALNTEAFF	1
CASSFVVAGNTIYF	1
CASSFVGGDQPQHF	1
CASSFALDWSPTNEKLFF	1
CASSFAGYEQYF	1
CASSFAGGNGELFF	1
CASSFGRTGGYEQYF	1
CASSFGAAGGYGYTF	1
CASSFGTGGIYGYTF	1
CASSFGRTSTF	1
CASSFDGSTDTQYF	1
CASSFEIGELFF	1
CASSFELRVGELFF	1
CASSFERGRSPLHF	1
CASSFIFPRQGTEAFF	1
CASSFISGSLLYGYTF	1
CASSFMVDPTGYTF	1
CASSFMGRGVNEQYF	1
CASSFTGVSYNSPLHF	1
CASSFTDGTNQPQHF	1
CASSFTGFTGNQPQHF	1
CASSFTGGNSPLHF	1
CASSFSGRATDTQYF	1
CASSFRVPNTEAFF	1
CASSFFSAGNTIYF	1
CASSFFRGVEYLNTEAFF	1
CASSFSDRWSTGELFF	1
CASSFSGDIEYLDSPLHF	1
CASSFWGNQPQHF	1
CASSFWETQYF	1
CASSFLTALNTEAFF	1
CASSFLQSTGVLEKLFF	1
CASSFLGRVGNTIYF	1
CASSFLTGTGTELFF	1
CASSFLTGGITEAFF	1
CASSFPPGGYTEAFF	1
CASSFPTFRGNEKLFF	1
CASSFPDNYGYTF	1
CASSFPGANIQYF	1
CASSFPGGNTEAFF	1
CASSFPGDEAFF	1
CASSFRSGTGNNEQYF	1
CASSFRGRNYGYTF	1
CASSFRGNYGYTF	1
CASSFRDPWEKLFF	1
CASSFRDRNFNQPQHF	1
CASSFHNSPLHF	1
CASSFHGATNEKLFF	1
CASSFHRQNTEAFF	1
CASSFQGAYGQPQHF	1
CASSFQGGNTIYF	1
CASSFQGNYGYTF	1
CASSFAASNYGYTF	1
CASSFAGTGYGYTF	1
CASSFGSGGPGDTQYF	1
CASSFGQGNYGYTF	1
CASSFGGKPFEQYF	1
CASSFGWSWDTEAFF	1
CASSFGLPSSYEQYF	1
CASSFGPDYGYTF	1
CASSFGGGYTF	1
CASSFGTAHNYGYTF	1
CASSFGSLSTEAFF	1
CASSFGSHYGYTF	1
CASSFGAGAVHNEQFF	1
CASSFEQGAEMNTEAFF	1
CASSFMDSNSYEQYF	1
CASSFTQGVYEQYF	1
CASSFSGTENTEAFF	1
CASSFRGRQPQHF	1
CASSFRQGDQPQHF	1
CASSLSPNSSYEQYF	1
CASSLSPGVYGYTF	1
CASSLSFPGLAGAFNEQFF	1
CASSLSQLSKFF	1
CASSLSGADYGYTF	1
CASSLYYGYTF	1
CASSLPGGYNEQFF	1
CASSLVGPNEKLFF	1
CASSLVAGNQPQHF	1
CASSLVGNTEAFF	1
CASSLVGRKFPGINYGYTF	1
CASSLVRAGRTDTQYF	1
CASSLAGTGGNNEKLFF	1
CASSLAGHSPLHF	1
CASSLGYSYNEQFF	1
CASSLGGVEQPQHF	1
CASSLGQSYGYTF	1
CASSLGVGAFF	1
CASSLGDTIYF	1
CASSLGTGFGPQHF	1
CASSLGNRGHQPQHF	1
CASSLGQIFNEQFF	1
CASSLGANSPLHF	1
CASSLDRNTEAFF	1
CASSLEANSPLHF	1
CASSLEGQPQHF	1
CASSLEGTSSPLHF	1
CASSLEGRRYTF	1
CASSLINSPLHF	1
CASSLTSGSDNEQFF	1
CASSLTSGASF	1
CASSLTGQGEAFF	1
CASSLTEGYYEQYF	1
CASSLTTGHNEQFF	1
CASSLSWGTEAFF	1
CASSLSGSSYEQYF	1
CASSLRKQETQYF	1
CASSLFGGSSYEQYF	1
CASSLFQASNEKLFF	1
CASSLLQGGNYGYTF	1
CASSLLVTGNSPLHF	1
CASSLLGTEYEQYF	1
CASSLLGVSGNTIYF	1
CASSLLPGQGYGYTF	1
CASSLLGTGNEKLFF	1
CASSLLGLVTDTQYF	1
CASSLSGTPFYYGYTF	1
CASSLSTGQHYGYTF	1
CASSLSLDRLGNSPLHF	1
CASSLSPSGSSHEQFF	1
CASSLSPFADRYF	1
CASSLSRDQPQHF	1
CASSLSQGVGSPLHF	1
CASSLSGGRNTEAFF	1
CASSLSGGEKLFF	1
CASSLSAGGANYGYTF	1
CASSLSGPGGSPLHF	1
CASSLSGGYTEAFF	1
CASSLSGGGTEAFF	1
CASSLWQGENKHGYTF	1
CASSLWAGYEQYF	1
CASSLWGVGEKLFF	1
CASSLWGTGAGPNYGYTF	1
CASSLWGATNEKLFF	1
CASSLWEGGEAFF	1
CASSLWTAPYEQYF	1
CASSLYRGTTEAFF	1
CASSLYQGSSAKNIQYF	1
CASSLYGREGDGYTF	1
CASSLLGGQGYTF	1
CASSLLAANNSPLHF	1
CASSLLGSSYEQYF	1
CASSLPGAKNIQYF	1
CASSLPQTSGLYNEQFF	1
CASSLPAASTDTQYF	1
CASSLRNSPLHF	1
CASSLRVYNSPLHF	1
CASSLRGAVGYTF	1
CASSLRGAGTEAFF	1
CASSLRLLANNEQFF	1
CASSLRPGSGNTIYF	1
CASSLRRGQETQYF	1
CASSLHGASVPYEQYF	1
CASSLQDQNEKLFF	1
CASSLVSNYGYTF	1
CASSLVRYGYTF	1
CASSLVPANTEAFF	1
CASSLVVPGNTIYF	1
CASSLVGAETEAFF	1
CASSLVLSGNYGYTF	1
CASSLVLGGYTF	1
CASSLASSGYGYTF	1
CASSLAAPGVGGELFF	1
CASSLAGVNYGYTF	1
CASSLALQGAGSAEAFF	1
CASSLAGLNRRYNEQFF	1
CASSLASEQYF	1
CASSLALIRKNTEAFF	1
CASSLAPEQFF	1
CASSLARDRGGNSPLHF	1
CASSLAVNTEAFF	1
CASSLAAVLNTEAFF	1
CASSLAGLAGGQTDTQYF	1
CASSLAGGPYEQFF	1
CASSLAGVVQPQHF	1
CASSLGGYNSPLHF	1
CASSLGDRPKFF	1
CASSLGGAGGVGNQPQHF	1
CASSLGFRGEMTQYF	1
CASSLGSPYNSPLHF	1
CASSLGPGRRINYGYTF	1
CASSLGQGAYGYTF	1
CASSLGVRTEAFF	1
CASSLGVNQPQHF	1
CASSLGAGAYEQYF	1
CASSLGGYSNQPQHF	1
CASSLGGQGDVGELFF	1
CASSLGGGGGQPQHF	1
CASSLGDKVNSNQPQHF	1
CASSLGIGTGDGYTF	1
CASSLGTGGGSPLHF	1
CASSLGTGGTKNIQYF	1
CASSLGSEAFF	1
CASSLGNSLHF	1
CASSLGSEYQPQHF	1
CASSLGQPNTEAFF	1
CASSLGRALEHF	1
CASSLDGPRGNQPQHF	1
CASSLDYTEAFF	1
CASSLDRVYGYTF	1
CASSLDRVEAFF	1
CASSLDRGNNQPQHF	1
CASSLEARGVNTEAFF	1
CASSLETGDQPQHF	1
CASSLETGEKGYTF	1
CASSLELSPGLAGVRETQYF	1
CASSLEIYIQYF	1
CASSLISLTEAFF	1
CASSLISTGNYGYTF	1
CASSLIGRQGDEQYF	1
CASSLMRQPQHF	1
CASSLMRGPVDFYEQYF	1
CASSLMAKETQYF	1
CASSLMGSRPQHF	1
CASSLIGVGEKLFF	1
CASSLIGGAAKNIQYF	1
CASSLTPQKKKLFF	1
CASSLTATRGYTF	1
CASSLTTPGVNTEAFF	1
CASSLTPSYEQYF	1
CASSLTGGPYGYTF	1
CASSLTGGEGTEAFF	1
CASSLTGEVGNTIYF	1
CASSLSWSSEKLFF	1
CASSLSALIRARDQPQHF	1
CASSLSERAPLHF	1
CASSLSRGHTEAFF	1
CASSLRGTDTQYF	1
CASSLRGRGRDGYTF	1
CASSLRETQYF	1
CASSLRQAREKLFF	1
CASSLRGVYGYTF	1
CASSLNGPNQPQHF	1
CASSLKGPQPQHF	1
CASSLKGLAVNEQFF	1
CASSLKGGMRNQPQHF	1
CASSSSDTGGAAFF	1
CASSSSGLTEAFF	1
CASSSYSSTDTQYF	1
CASSSLAEGNTIYF	1
CASSSLWRGGMAGTDTQYF	1
CASSSPGYSNQPQHF	1
CASSSRTVNEKLFF	1
CASSSVGYGYTF	1
CASSSDASSYNSPLHF	1
CASSSTTTGTQYF	1
CASSSTGNSNQPQHF	1
CASSSTGDTGELFF	1
CASSSSGSSYNEQFF	1
CASSSRRKNQPQHF	1
CASSSNLENYGYTF	1
CASSSNRGGTEAFF	1
CASSSLGSEGAFDAPQHF	1
CASSSSPGSRVSPLHF	1
CASSSSLRGYTF	1
CASSSSRQGSGNTIYF	1
CASSSSGQTNTGELFF	1
CASSSSGWYSNYGYTF	1
CASSSYRALDQPQHF	1
CASSSLVGQGGYGNQPQHF	1
CASSSLAGGRTEAFF	1
CASSSLSGTEAFF	1
CASSSPLGPSSGNTIYF	1
CASSSPPAVNTGELFF	1
CASSSPGTSPRLGEQFF	1
CASSSPGTGGRSNEKLFF	1
CASSSPGLGGTEAFF	1
CASSSPGGAHNEKLFF	1
CASSSRGREAFF	1
CASSSRDRGLGYGYTF	1
CASSSRTGGGQPQHF	1
CASSSRSLGGFQPQHF	1
CASSSRGESSNQPQHF	1
CASSSQSGTGGNEQFF	1
CASSSASVNTGELFF	1
CASSSAGTGGRGYTF	1
CASSSAGLVFHEQYF	1
CASSSGTGSYNEQFF	1
CASSSGTVGMNTEAFF	1
CASSSGQANTIYF	1
CASSSGQGSAFF	1
CASSSGQGTLVNTIYF	1
CASSSDSWAQYF	1
CASSSEGGKRNIQYF	1
CASSSEAGGQETQYF	1
CASSSIGTGGEKLFF	1
CASSSTGTGRTEAFF	1
CASSSTGRTFFHQPQHF	1
CASSSTGGRGTGELFF	1
CASSSTDREETQYF	1
CASSSTEHRANEKLFF	1
CASSSTEPGSPNYGYTF	1
CASSSSPDRVDTEAFF	1
CASSSSSGTGGNQPQHF	1
CASSSRGNYGYTF	1
CASSSRDRGNTEAFF	1
CASSSNSARGAFF	1
CASSSKQGQSLANYGYTF	1
CASSSFLNTEAFF	1
CASSSLSEAFF	1
CASSSSRGVGQPQHF	1
CASSSAHGYEQYF	1
CASSSGSSYEQYF	1
CASSSGTSPVHEQYF	1
CASSSGQPGDSPLHF	1
CASSSGQGGGETQYF	1
CASSSGNSRNYYEQYF	1
CASSSDVRAYEQYF	1
CASSSDTSYEQYF	1
CASSSEFHTEAFF	1
CASSSEDRLYNSPLHF	1
CASSSTGRTEAFF	1
CASSSTGSYEKLFF	1
CASSSKTGGGTEAFF	1
CASSSYPSPQETQYF	1
CASSSRASWGEEKLFF	1
CASSSQGGNTEAFF	1
CASSSGQGNGYTF	1
CASSSRTYEQYF	1
CASSWSLRANTEAFF	1
CASSWPGSPLHF	1
CASSWGALEQYF	1
CASSWGGVWITNEKLFF	1
CASSWGDRGTEAFF	1
CASSWGEAYEQYF	1
CASSWGGSNEQFF	1
CASSWGTGATEAFF	1
CASSWEPGTEAFF	1
CASSWTSGNNEQFF	1
CASSWTGERGTEAFF	1
CASSYSTGFNSPLHF	1
CASSYRRGYTF	1
CASSYQGGFHGYTF	1
CASSYDDRGQGYTF	1
CASSYDLNQETQYF	1
CASSYDRGLYGYTF	1
CASSYIMNTEAFF	1
CASSYMGGTFF	1
CASSYNSPLHF	1
CASSYNNPTGGKAQHF	1
CASSYNGQWAGELFF	1
CASSYSRGQPQHF	1
CASSYSVGAGELFF	1
CASSYSDGDQPQHF	1
CASSYSSYNSPLHF	1
CASSYSPKNIQYF	1
CASSYSGTADQPQHF	1
CASSYSRRAEAFF	1
CASSYSSGTTGNTIYF	1
CASSYSSGGLTEAFF	1
CASSYSPQGANTEAFF	1
CASSYSPGGNSPLHF	1
CASSYSAYQPQHF	1
CASSYSGWGQPQHF	1
CASSYSGSSGNEQFF	1
CASSYSGRMNTEAFF	1
CASSYSGHYTEAFF	1
CASSYSILQGAMNTEAFF	1
CASSYSMSGLSLFF	1
CASSYSMGTYTEAFF	1
CASSYSMEPGTDNSPLHF	1
CASSYSIIPGLADPRMGNEQFF	1
CASSYSTADTTNEKLFF	1
CASSYSTGVNQPQHF	1
CASSYSSAAGKKLFF	1
CASSYSRLRGDYGYTF	1
CASSYSNGPNSPLHF	1
CASSYSPGDTEAFF	1
CASSYSGGVYGYTF	1
CASSYSGETQYF	1
CASSYSTSGSAYTEAFF	1
CASSYSTGAIHSNQPQHF	1
CASSYYSENTEAFF	1
CASSYYLLDGKLFF	1
CASSYYTGGTNTEAFF	1
CASSYYPRSMNTEAFF	1
CASSYLPATDEKLFF	1
CASSYLGQAVGNEQFF	1
CASSYLRDSTDTQYF	1
CASSYLRGQPQHF	1
CASSYLDRGDGYTF	1
CASSYPGGGRKRYNEQFF	1
CASSYPTRASF	1
CASSYPWKRLLDRETQYF	1
CASSYPEGPYEQYF	1
CASSYPLGLPDQPQHF	1
CASSYPPTGWSSGNTIYF	1
CASSYPRTGGTNQPQHF	1
CASSYPGARGNSPLHF	1
CASSYRRGLQPQHF	1
CASSYRYSNTGELFF	1
CASSYRPSRQETQYF	1
CASSYQGTDTQYF	1
CASSYQSTGVNTEAFF	1
CASSYVTGGGNTEAFF	1
CASSYVTGNQPQHF	1
CASSYAQAEAFF	1
CASSYATNQPQHF	1
CASSYATGSGYTF	1
CASSYGRGRGNTEAFF	1
CASSYGQGDTEAFF	1
CASSYGVGTEAFF	1
CASSYGAEAFF	1
CASSYGGAGEKLFF	1
CASSYGGYTEAFF	1
CASSYGGNTEAFF	1
CASSYGGAGAGGNEQFF	1
CASSYGEIGYEQYF	1
CASSYGNTEAFF	1
CASSYGQHNQPQHF	1
CASSYGQVDNQPQHF	1
CASSYDLGRERTGNTIYF	1
CASSYDLLEQYF	1
CASSYDGGWRYEQYF	1
CASSYMAGGPGEQFF	1
CASSYTTGTNEKLFF	1
CASSYTGQGAQPQHF	1
CASSYTQGADGYTF	1
CASSYTNPGDEQYF	1
CASSYSPERWDEQFF	1
CASSYSTNYNEQFF	1
CASSYRVGNTIYF	1
CASSYRVNTDTQYF	1
CASSYRGGDSPLHF	1
CASSYREDTEAFF	1
CASSYNPGIDYNSPLHF	1
CASSYKSRTRAYNEQFF	1
CASSYKAYEQYF	1
CASSLSSESNQPQHF	1
CASSLYMNTEAFF	1
CASSLQGWNTEAFF	1
CASSLGRTNEKLFF	1
CASSLGTGRSNYGYTF	1
CASSLTSGSLYNEQFF	1
CASSLFRSNQPQHF	1
CASSLPLRSPLHF	1
CASSLRAGGREKLFF	1
CASSLGSNQPQHF	1
CASSLTAGARDQPQHF	1
CASSLLRTGGGYTF	1
CASSLGLAGGDNEQFF	1
CASSLGQNYGYTF	1
CASSLDREYGYTF	1
CASSLIPNQPQHF	1
CASSLTLNTEAFF	1
CASSLNRVGYTF	1
CASSLSLGLAGHYNEQFF	1
CASSLLRRSGSSNEQFF	1
CASSLVGYTEAFF	1
CASSLGPNSPLHF	1
CASSLGQGIIGYTF	1
CASSLTGGDSPLHF	1
CASSLSSPLHF	1
CASSPSPSQGWGNTEAFF	1
CASSPRTTYEQYF	1
CASSPRTGPNTEAFF	1
CASSPRQTISSGNTIYF	1
CASSPALLLADNEQFF	1
CASSPGWGRTVGGYTF	1
CASSPTGAGTEAFF	1
CASSPTGTWYGYTF	1
CASSPSGLSYNEQFF	1
CASSPRGREPQHF	1
CASSPRQAINYGYTF	1
CASSPFTGANQPQHF	1
CASSPSQGERDTEAFF	1
CASSPSSNQPQHF	1
CASSPSFRGLFPRQEAFF	1
CASSPSASNTEAFF	1
CASSPYYTSRSSYNEQFF	1
CASSPLSLQPNEKLFF	1
CASSPPWVGNTEAFF	1
CASSPPGVQEVDTEAFF	1
CASSPPREGNEQYF	1
CASSPPGAVRFEEAFF	1
CASSPPTANYGYTF	1
CASSPPGGNQPQHF	1
CASSPRVRTGELFF	1
CASSPRASKSYEQYF	1
CASSPRAYVNSPLHF	1
CASSPRGHEKLFF	1
CASSPVTDYTEAFF	1
CASSPAGQDPTYEQYF	1
CASSPAGFPYNEQFF	1
CASSPGPPGAFF	1
CASSPGGAGNTIYF	1
CASSPGTTEAFF	1
CASSPGTNYGYTF	1
CASSPGTVQETQYF	1
CASSPGTGWTQPQHF	1
CASSPGTGGHNEQFF	1
CASSPGPGNTQYF	1
CASSPDRRDFRYKETQYF	1
CASSPDNPSSGNTIYF	1
CASSPMNTEAFF	1
CASSPTSAPNYGYTF	1
CASSPTPGRGGNTIYF	1
CASSPTALGQPQHF	1
CASSPTGFKAFF	1
CASSPTGVGTEAFF	1
CASSPTGTVQPQHF	1
CASSPRTDRAYEQYF	1
CASSPWGQGANQPQHF	1
CASSPYRGYGYTF	1
CASSPYASGHEQFF	1
CASSPPGFSYHPQHF	1
CASSPRRGGNQPQHF	1
CASSPVGNNPAAFF	1
CASSPAGHGLTPLHF	1
CASSPGLAGTGELFF	1
CASSPTTTAVFGYGYTF	1
CASSPTALNEKLFF	1
CASSPTGANQPQHF	1
CASSPTGIEKLFF	1
CASSPTGIYNSPLHF	1
CASSPNSGLLYTDTQYF	1
CASSPLGDTGELFF	1
CASSPWDRVSEETQYF	1
CASSPWTGRNYGYTF	1
CASSPLRQGSSYGNQPQHF	1
CASSPPQSVISGLKAFF	1
CASSPPGRTANEKLFF	1
CASSPPNATNEKLFF	1
CASSPRLAEGEKLFF	1
CASSPRTSGNSDTQYF	1
CASSPRQAYQFNYGYTF	1
CASSPHPYGYTF	1
CASSPQGLVGTEAFF	1
CASSPQGNTEAFF	1
CASSPQGNQPQHF	1
CASSPGGSTEAFF	1
CASSPGEVGYTF	1
CASSPGETYEQYF	1
CASSPGTSGSYEQYF	1
CASSPGQVDTEAFF	1
CASSPDREDTQYF	1
CASSPDEAFF	1
CASSPIRDQPQHF	1
CASSPTRDRGGEKLFF	1
CASSRPRDRSNYGYTF	1
CASSRPGLPLETQYF	1
CASSRGGTEAFF	1
CASSRTQQGSLYYGYTF	1
CASSRTGGNTEAFF	1
CASSRRTGWGQPQHF	1
CASSRLGMNTEAFF	1
CASSRPGDGNQPQHF	1
CASSRGQPQHF	1
CASSRDSRIMNTEAFF	1
CASSRTGYGYTF	1
CASSRTGGDQPQHF	1
CASSRTGTPDIQYF	1
CASSRQGMNTEAFF	1
CASSRQRHQPQHF	1
CASSRTYGYTF	1
CASSHPREPNTGELFF	1
CASSHPGEGQPQHF	1
CASSHRDPRLEQYF	1
CASSHDAYEQYF	1
CASSHDGLYGYTF	1
CASSHNLGFYGYTF	1
CASSQREVEAFF	1
CASSQAMNTEAFF	1
CASSQGPQGLAEAFF	1
CASSQGAGYGYTF	1
CASSQGKGNQPQHF	1
CASSQGQGATQPQHF	1
CASSQEGNENTIYF	1
CASSQEGRGTEAFF	1
CASSQTTAGELEEQFF	1
CASSQTGAGNTIYF	1
CASSQNSQGQPQHF	1
CASSQSWDSEAFF	1
CASSQQGGGQPQHF	1
CASSQTGYGYTF	1
CASSQTAYEQYF	1
CASSQRTGLGYTF	1
CASSQRSGEPYEQYF	1
CASSVYRSRDSLSNQPQHF	1
CASSVPGFSYGYTF	1
CASSVRAALASPLHF	1
CASSVGFGQGADTQYF	1
CASSVLGTDFSSYNSPLHF	1
CASSVSGYEAFF	1
CASSVYSNQPQHF	1
CASSVHTDTQYF	1
CASSVTGGNQPQHF	1
CASSVSSSYNEQFF	1
CASSALDRVENTEAFF	1
CASSAWQNNEQFF	1
CASSAPGFNSPLHF	1
CASSAGTGGQFF	1
CASSALGYRGSQGYTF	1
CASSALGQNTGELFF	1
CASSALYNEQFF	1
CASSAPMGGGPQHF	1
CASSARDRSQETQYF	1
CASSARTGGSTEAFF	1
CASSARQGSNQPQHF	1
CASSAQSNQPQHF	1
CASSAVGEPKADTQYF	1
CASSAAGGTNEKLFF	1
CASSADSPNSPLHF	1
CASSALGQPQHF	1
CASSAPSTSGRASEQYF	1
CASSAGTSGSYEQYF	1
CASSARATSTDTQYF	1
CASSGSGLRQPQHF	1
CASSGGPRRTEAFF	1
CASSGGDRESSEQYF	1
CASSGGTNIPHGELFF	1
CASSGDSIYGYTF	1
CASSGPPETSSYEQFF	1
CASSGRTGSGEKLFF	1
CASSGGMDTDTQYF	1
CASSGTKGGDEQFF	1
CASSGNRGVGNQPQHF	1
CASSGREMYNEQFF	1
CASSGATGNTIYF	1
CASSGGRGGSPLHF	1
CASSGGLAQNNEQFF	1
CASSGGMGVYEQYF	1
CASSGELRSGGYTF	1
CASSGIRQNQPQHF	1
CASSGTRSSYEQYF	1
CASSGTGGLYGYTF	1
CASSGQPNTEAFF	1
CASSGTGSNYGYTF	1
CASSGRRQAGSYGYTF	1
CASSDLAQPQHF	1
CASSDWDSSGNTIYF	1
CASSDWDSPIYF	1
CASSDYLRVDTEAFF	1
CASSDPNKSSGNTIYF	1
CASSDPGARGYTF	1
CASSDVSRGNQPQHF	1
CASSDARAGQEKLFF	1
CASSDRTTKNIQYF	1
CASSDNSGLGNTIYF	1
CASSDLGTSDYNEQFF	1
CASSDSPTPRGRASGYTF	1
CASSDSRRDRYNEQFF	1
CASSDSGGNYGYTF	1
CASSDSEGYGYTF	1
CASSDWTGPDEQFF	1
CASSDYRYNSPLHF	1
CASSDPGQGSYNEQFF	1
CASSDRDSAWWNTEAFF	1
CASSDHSNQPQHF	1
CASSDQGTSNEQFF	1
CASSDVGLGYTF	1
CASSDGFTSNDEQFF	1
CASSDGLADYYEQYF	1
CASSDGAGEKLFF	1
CASSDGTNTGELFF	1
CASSDGQGAGYTF	1
CASSDGQGDYGYTF	1
CASSDGAGAQNEQFF	1
CASSDRVDYGYTF	1
CASSDRGDSNQPQHF	1
CASSDRGRDEKLFF	1
CASSELHLRGNEKLFF	1
CASSEVYSRGYGYTF	1
CASSEAGDNSPLHF	1
CASSEAGRTEAFF	1
CASSEASGTWNEQFF	1
CASSEDRTVYQPQHF	1
CASSEESSFYNEQFF	1
CASSEIQGTNEKLFF	1
CASSETGGGGYTF	1
CASSETGSSYEQYF	1
CASSERGLNYGYTF	1
CASSERGGWGNQPQHF	1
CASSEFLIEYGYTF	1
CASSEFLSNEQFF	1
CASSELGAGGVDEQYF	1
CASSESLGYGYTF	1
CASSEWGLAGKETQYF	1
CASSEYEVSEQYF	1
CASSEYTRGGGYGYTF	1
CASSEPRQANTEAFF	1
CASSEVLFGYTF	1
CASSEVTSGSNEQFF	1
CASSEVGERQPQHF	1
CASSEVYKSDTDTQYF	1
CASSEVGRGNTIYF	1
CASSEATEWYTF	1
CASSEAGGREKLFF	1
CASSEAGGPGNTIYF	1
CASSEASGGPADTQYF	1
CASSEALGTAGNTTYF	1
CASSEAQGIQYF	1
CASSEAGTGWGYGYTF	1
CASSEAGVYSNQPQHF	1
CASSEGPKGYGYTF	1
CASSEGRDSNQPQHF	1
CASSEGEKLFF	1
CASSEGLAASTDTQYF	1
CASSEGAAAFF	1
CASSEGGSEKLFF	1
CASSEGGTIGQGRIF	1
CASSEGEGLNYGYTF	1
CASSEGEIAGYTF	1
CASSEGRASTGELFF	1
CASSEGNTGELFF	1
CASSEGLAGSYEQYF	1
CASSEEHRGSPLHF	1
CASSEEGHSLFF	1
CASSERLGESDGELFF	1
CASSERARPNTEAFF	1
CASSERGGWNTEAFF	1
CASSEREEGPNQPQHF	1
CASSIVGGNQPQHF	1
CASSIMGLAGINTGELFF	1
CASSMTGFVNYGYTF	1
CASSIPAGEVDTGELFF	1
CASSIGETDTQYF	1
CASSTFGQGSNYGYTF	1
CASSTLAGGDYNEQFF	1
CASSTSAVYNEQFF	1
CASSTLAGGQETQYF	1
CASSTLAGESTDTQYF	1
CASSTRQGASQPQHF	1
CASSTGGNQPQHF	1
CASSTTRTEGSEKLFF	1
CASSTRDRGIYGYTF	1
CASSTYVGPSDTQYF	1
CASSTPRQGANTEAFF	1
CASSTRDNQPQHF	1
CASSTRTGGDLRERYNEQFF	1
CASSTRGVQEKLFF	1
CASSTRTGGGEKLFF	1
CASSTPRGKSSYNEQFF	1
CASSTGSSSYEQYF	1
CASSTDGVYSNQPQHF	1
CASSTDSPNYGYTF	1
CASSTKEQGALYEQYF	1
CASSTRDRLGGYTF	1
CASSTGGWGNQPQHF	1
CASSTGGEVQPQHF	1
CASSTGNEYGYTF	1
CASSTSGRNTIYF	1
CASSTRLAGVSDTQYF	1
CASSSADRGIYEQYF	1
CASSSDRGYEQYF	1
CASSSFSLNTEAFF	1
CASSSSGTRFEKLFF	1
CASSSGTHNGYTF	1
CASSRVSNEKLFF	1
CASSRAPPGEQYF	1
CASSRGTGLETQYF	1
CASSRGNTEAFF	1
CASSRTQRRTEAFF	1
CASSRTSGTETQYF	1
CASSRTGLSNQPQHF	1
CASSRRDTNEAFF	1
CASSRAMGTEAFF	1
CASSNSGKGNTEAFF	1
CASSNPLKRDQPQHF	1
CASSNGYTF	1
CASSKGSLSGNTIYF	1
CASSKDRGIQPQHF	1
CASSKSPRAANGYTF	1
CASSKREQYGYTF	1
CASSKQEATNSPLHF	1
CASSKDTTNGYTF	1
CASSKTRGAVEQFF	1
CASSFFTGYTF	1
CASSFFQGGYGYTF	1
CASSFLRPNYGYTF	1
CASSFSLANGNEQFF	1
CASSFSAGSAFF	1
CASSFLHRWDQPQHF	1
CASSFLGQANTEAFF	1
CASSFPPSIELFF	1
CASSFRLAGGPDTGELFF	1
CASSFRLAGGDDGTDTQYF	1
CASSFVWREQYF	1
CASSFGGQGATGYTF	1
CASSFGRGAQYF	1
CASSFGGGEKLFF	1
CASSFGGTRGKLFF	1
CASSFGGSSYNSPLHF	1
CASSFGDRYYEQYF	1
CASSFGTEANYGYTF	1
CASSFGGGVDGYTF	1
CASSFDSNQPQHF	1
CASSFTGLGEKLFF	1
CASSFTGGPGTANEQFF	1
CASSFTGGMTEAFF	1
CASSFSGRAAEQFF	1
CASSFRARGVGIQYF	1
CASSFRGGFEQPQHF	1
CASSFRSEQFF	1
CASSFRQLNYGYTF	1
CASSFNSELNTEAFF	1
CASSFNRVGYGYTF	1
CASSFKGTSGRASDNEQFF	1
CASSFLGRLNTEAFF	1
CASSFSGTFYNEQFF	1
CASSFYRGRGNTIYF	1
CASSFLSGYGYTF	1
CASSFLNTEAFF	1
CASSFLPARTSTDTQYF	1
CASSFPLNTEAFF	1
CASSFPRQTTDFSPLHF	1
CASSFPGTSEEQFF	1
CASSFPGVYGYTF	1
CASSFPGKKGYTF	1
CASSFRHRRSTEAFF	1
CASSFRPRDSSGNTIYF	1
CASSFRDSRSYNEQFF	1
CASSFRDSSYEQYF	1
CASSFRGSVSEAFF	1
CASSFQGVYGGYTF	1
CASSFQTGGDTEAFF	1
CASSFVGGGNTGELFF	1
CASSFAWNEKLFF	1
CASSFAGMDTEAFF	1
CASSFAGLSTDTQYF	1
CASSFASQGLGTEAFF	1
CASSFGGPTEAFF	1
CASSFGGENQPQHF	1
CASSFGGTTYNEQFF	1
CASSFGTTNEKLFF	1
CASSFGPVGGYGYTF	1
CASSFGQVYGYTF	1
CASSFGGSNEKLFF	1
CASSFGPRFTDTQYF	1
CASSFGQGLGEQFF	1
CASSFGQGEKLFF	1
CASSFGARAAGEQYF	1
CASSFGISGNTIYF	1
CASSFDKFSGRTNTQYF	1
CASSFDLHYGYTF	1
CASSFDQGFTRAFF	1
CASSFDIGGTNTEAFF	1
CASSFTGTDEKLFF	1
CASSFTGSYNEQFF	1
CASSFTGVNGNTIYF	1
CASSFSGSYLTDTQYF	1
CASSFSTEAFF	1
CASSFRGLVAKNIQYF	1
CASSLFSGDYGYTF	1
CASSLLQRNEQFF	1
CASSLWVEQNQPQHF	1
CASSLWGRGGYTF	1
CASSLYVTYEQYF	1
CASSLLAVGQSVYGYTF	1
CASSLLLGRQAFF	1
CASSLPGTGSYGYTF	1
CASSLRDGNTEAFF	1
CASSLRDRGEETQYF	1
CASSLRLGYEQYF	1
CASSLRLAGGIDEQFF	1
CASSLRAMSNQPQHF	1
CASSLQGFLHGYTF	1
CASSLQRDYTEAFF	1
CASSLVRGGTEAFF	1
CASSLVPGNNSPLHF	1
CASSLVAGPGVSNQPQHF	1
CASSLVMGVTEAFF	1
CASSLVVGTVNTEAFF	1
CASSLVGHGTEAFF	1
CASSLVTGISGYTF	1
CASSLAGNQPQHF	1
CASSLATGKANYGYTF	1
CASSLASNQPQHF	1
CASSLAPGVSEAFF	1
CASSLAAENYGYTF	1
CASSLAGGGPLEQFF	1
CASSLAGDRKTYEQYF	1
CASSLAGQGHEQFF	1
CASSLAGTAYEQYF	1
CASSLGQGALNTEAFF	1
CASSLGMNTEAFF	1
CASSLGRGNTEAFF	1
CASSLGYRSENTEAFF	1
CASSLGPRTGYTF	1
CASSLGQTTEAFF	1
CASSLGVPTEAFF	1
CASSLGVNTEAFF	1
CASSLGAGTNYEQYF	1
CASSLGGSRSPLHF	1
CASSLGGTGAYEQYF	1
CASSLGTGEGKLFF	1
CASSLGTTSPLHF	1
CASSLGLGDPYGYTF	1
CASSLGLASYEQYF	1
CASSLGQPSNYGYTF	1
CASSLGQGVNSPLHF	1
CASSLGGSSYEQYF	1
CASSLDLGTGELFF	1
CASSLDTVQPQHF	1
CASSLDRGEPQHF	1
CASSLDDRGLVNYGYTF	1
CASSLDSGSGNTIYF	1
CASSLDRGPQGAQHF	1
CASSLEGALYEQYF	1
CASSLEGRAYGYTF	1
CASSLIGGRGEQYF	1
CASSLMSRLYNEQFF	1
CASSLMINNQPQHF	1
CASSLTRGTEAFF	1
CASSLTQINTIYF	1
CASSLTGGMSYGYTF	1
CASSLTGSNEKLFF	1
CASSLRRTGADTQYF	1
CASSLRELHEQYF	1
CASSLRRAGEKLFF	1
CASSLKGNYGYTF	1
CASSLFQNSPLHF	1
CASSLFGAMHQGGTGELFF	1
CASSLFLRDTEAFF	1
CASSLFGGTEAFF	1
CASSLSSPLAGQETQYF	1
CASSLSGGGTEAFF	1
CASSLSLFEPQHF	1
CASSLSGLGTEAFF	1
CASSLSGDGGYTF	1
CASSLSIGPESGNTIYF	1
CASSLSGGETKNIQYF	1
CASSLSTPGELFF	1
CASSLWLGTHEKLFF	1
CASSLWQNTEAFF	1
CASSLWGLVRFLDTDTQYF	1
CASSLYPGANTEAFF	1
CASSLYGYTF	1
CASSLYEIYGYTF	1
CASSLYVYNEQFF	1
CASSLPGSNQPQHF	1
CASSLPTSGRPNEQFF	1
CASSLPNQPQHF	1
CASSLPKGNSNQPQHF	1
CASSLPGWISGREETQYF	1
CASSLPGLAAYNEQFF	1
CASSLPGPRGAETQYF	1
CASSLPPPSYLRHGYTF	1
CASSLPGEETQYF	1
CASSLRLSTDTQYF	1
CASSLRYRGRETQYF	1
CASSLRQVFYGYTF	1
CASSLRATYNEQFF	1
CASSLRETQYF	1
CASSLRTKNEQFF	1
CASSLRGPNTEAFF	1
CASSLHPQKNTEAFF	1
CASSLHRSSGNTIYF	1
CASSLQGQLGTDTQYF	1
CASSLQGGTEAFF	1
CASSLQGSGTEAFF	1
CASSLVRGANEKLFF	1
CASSLVRNSPWDTEAFF	1
CASSLVQFFAF	1
CASSLVQAHTDTQYF	1
CASSLVGQPQHF	1
CASSLVDNNEQFF	1
CASSLVDDGYTF	1
CASSLVSGTDTQYF	1
CASSLVSGDRYEQYF	1
CASSLVLHREAFF	1
CASSLVVGDFNYGYTF	1
CASSLVAETQYF	1
CASSLVGPGTQYF	1
CASSLVGLAVNTGELFF	1
CASSLVSTEKLFF	1
CASSLVLQAGEKLFF	1
CASSLVRRAATDTQYF	1
CASSLVAGRDEQFF	1
CASSLVAQRSSPLHF	1
CASSLVAGELFF	1
CASSLVGTGLNEQFF	1
CASSLVGETQYF	1
CASSLVDRPYGYTF	1
CASSLVTAEPQHF	1
CASSLVTGGMDQPQHF	1
CASSLVRRFSDTFPYGYTF	1
CASSLVSGTGTEAFF	1
CASSLVASGRRNEQFF	1
CASSLVGSYYEQYF	1
CASSLVGSNQPQHF	1
CASSLAWGNNQPQHF	1
CASSLAYRVLNEKLFF	1
CASSLAPGRSQETQYF	1
CASSLAPGVYGYTF	1
CASSLARGPGTEAFF	1
CASSLARNTIYF	1
CASSLAAGTTEAFF	1
CASSLAGFGDEKLFF	1
CASSLAGANTEAFF	1
CASSLAGPATEAFF	1
CASSLAGGPYNEQFF	1
CASSLAGEKLFF	1
CASSLAGGGTEAFF	1
CASSLALGSINKGTEAFF	1
CASSLASGTALSQPQHF	1
CASSLAWQGNQPQHF	1
CASSLAWGQAEAFF	1
CASSLAWDTGELFF	1
CASSLALGSGQFF	1
CASSLALSQPQHF	1
CASSLAPGRRNSEAFF	1
CASSLAPDSYGYTF	1
CASSLAPTDSDSPLHF	1
CASSLARQATNEKLFF	1
CASSLARRQGSNYGYTF	1
CASSLARHEDYGYTF	1
CASSLAHGAGGMDEQFF	1
CASSLAQVPNEQFF	1
CASSLAVFRADNSPLHF	1
CASSLAGYTNYGYTF	1
CASSLAGRRDRENEKLFF	1
CASSLAGSPGYGYTF	1
CASSLAGRGGYNQPQHF	1
CASSLAGSSGSPLHF	1
CASSLAGAQETQYF	1
CASSLAGQGNEQFF	1
CASSLAGAGFLPKYNEQFF	1
CASSLAETGWNYGYTF	1
CASSLAIGTYRGDYGYTF	1
CASSLAMGEQFF	1
CASSLATDSNQPQHF	1
CASSLARIHYGYTF	1
CASSLAPEGGGQFF	1
CASSLAGGGEKLFF	1
CASSLAGLNTEAFF	1
CASSLGSGISYNEQFF	1
CASSLGSISNTEAFF	1
CASSLGQGRNTEAFF	1
CASSLGVEGGWHGYTF	1
CASSLGAGYTF	1
CASSLGGGSTEAFF	1
CASSLGIGTEAFF	1
CASSLGPGDSPLHF	1
CASSLGPYEQYF	1
CASSLGPGSYGYTF	1
CASSLGQPQSYGYTF	1
CASSLGVWGGRTTGEQYF	1
CASSLGGSNQPQHF	1
CASSLGTLGTGELFF	1
CASSLGTVVTYEQYF	1
CASSLGRGDGYTF	1
CASSLGSSSSYEQYF	1
CASSLGSGGEGTEAFF	1
CASSLGSGQETQYF	1
CASSLGLGQPQHF	1
CASSLGPVEEPQHF	1
CASSLGQGTGYNEQFF	1
CASSLGQTSNQPQHF	1
CASSLGVRPYGYTF	1
CASSLGVAGGNTEAFF	1
CASSLGVTQETQYF	1
CASSLGAGPQHF	1
CASSLGGQPQHF	1
CASSLGGGYSPLHF	1
CASSLGGGTGNEQFF	1
CASSLGGTGKNTEAFF	1
CASSLGGGGSPLHF	1
CASSLGDLEQYF	1
CASSLGDRSPANEKLFF	1
CASSLGTASNTEAFF	1
CASSLGTGAFGQPQHF	1
CASSLGTGQTNYGYTF	1
CASSLGTEAPEAFF	1
CASSLGNSGNTIYF	1
CASSLGSGTEAFF	1
CASSLGLEGTGELFF	1
CASSLGLADNEQYF	1
CASSLGPGYGYTF	1
CASSLGRRTETYGYTF	1
CASSLGHTISYEQYF	1
CASSLGQGVTDTQYF	1
CASSLGQGNYEQYF	1
CASSLGQGRGNQPQHF	1
CASSLGTLFSGNTIYF	1
CASSLGRYRDRDYEQYF	1
CASSLDLGDSHLVF	1
CASSLDPRNSPLHF	1
CASSLDPGQPQHF	1
CASSLDRTVDQPQHF	1
CASSLDALAYTGELFF	1
CASSLDGQGFNYGYTF	1
CASSLDGGRPKNIQYF	1
CASSLDGMATNEKLFF	1
CASSLDRGQPQHF	1
CASSLDNREETQYF	1
CASSLDYTGEGNQPQHF	1
CASSLDPTGTPGNTIYF	1
CASSLDRSQPQHF	1
CASSLDRLNTEAFF	1
CASSLDRDRVFRGYTF	1
CASSLDRRGGAFF	1
CASSLDGTFGNSPLHF	1
CASSLDGESPLHF	1
CASSLDGTSYGYTF	1
CASSLDENTIYF	1
CASSLDSYSGNTIYF	1
CASSLDRATEAFF	1
CASSLDRGPGNQPQHF	1
CASSLESPTNEKLFF	1
CASSLEPGRNTEAFF	1
CASSLEAGPNYGYTF	1
CASSLEGWANEKLFF	1
CASSLEGAAGNTIYF	1
CASSLESSWVENIQYF	1
CASSLENTEAFF	1
CASSLEKGADGYTF	1
CASSLEFGNGYTF	1
CASSLEQENTEAFF	1
CASSLEAMVEYGYTF	1
CASSLEAGGYTF	1
CASSLEGGAGETQYF	1
CASSLEGTGGDYGYTF	1
CASSLEGGGIRVSPLHF	1
CASSLIYGTGEQYF	1
CASSLIPGPQETQYF	1
CASSLIRGADEKLFF	1
CASSLIPGLGEQYF	1
CASSLIGSRGYEQYF	1
CASSLIGLAQRSSYNEQFF	1
CASSLMPSTGELFF	1
CASSLMGGMNTEAFF	1
CASSLTPSPSNEQFF	1
CASSLTRLDTQYF	1
CASSLTRDANYGYTF	1
CASSLTGTSNTEAFF	1
CASSLTPSSDSSSYNEQFF	1
CASSLTAGNQPQHF	1
CASSLTGVDGYTF	1
CASSLTGAGEKLFF	1
CASSLTGAGNTIYF	1
CASSLTDSNQPQHF	1
CASSLTRGEYNEQFF	1
CASSLTGLSTEAFF	1
CASSLTGGVGQPQHF	1
CASSLTTSGTATDTQYF	1
CASSLSLFFGGFGTDTQYF	1
CASSLSLMGSGELFF	1
CASSLSVLGAEAFF	1
CASSLSGNTEAFF	1
CASSLSDGTGREGYTF	1
CASSLSWGPYNEQFF	1
CASSLSGAGNEQFF	1
CASSLRGPGASSGNTIYF	1
CASSLRGTNTEAFF	1
CASSLRGNSYEQYF	1
CASSLRDRGNSPLHF	1
CASSLRTSERGSKNIQYF	1
CASSLRRGTEAFF	1
CASSLRPAGISDTEAFF	1
CASSLNQGYNQPQHF	1
CASSLNSEDMNTEAFF	1
CASSLNPGPSLKAFF	1
CASSLKGDTEAFF	1
CASSLKVFGGRNGYTF	1
CASSLKGADTQYF	1
CASSLKTRGNEQFF	1
CASSSSVSGYGYTF	1
CASSSWTGKNIQYF	1
CASSSYTGSGNTEAFF	1
CASSSLGETQYF	1
CASSSLAKNIQYF	1
CASSSPWDRQRSSSYNEQFF	1
CASSSPARQGVNTEAFF	1
CASSSRTPEETQYF	1
CASSSRQTTNEKLFF	1
CASSSQGSTEAFF	1
CASSSVGTTINEQFF	1
CASSSGQPNQPQHF	1
CASSSGDGTGDEKLFF	1
CASSSGQGGNQPQHF	1
CASSSDLPLSYEQYF	1
CASSSRAGASYNEQFF	1
CASSSNLKSPLHF	1
CASSSKITNYGYTF	1
CASSSFLAGYNEQFF	1
CASSSLAGVRTDTQYF	1
CASSSSSTDTQYF	1
CASSSSRAPGANSPLHF	1
CASSSSRDNNQPQHF	1
CASSSWTGETGYTF	1
CASSSLFADTQYF	1
CASSSLGGAYEKLFF	1
CASSSPRLAGVTDTQYF	1
CASSSPWTRTEAFF	1
CASSSPGTGSTIANYGYTF	1
CASSSPGLAGVRNEQYF	1
CASSSPRKNSPLHF	1
CASSSPGTRSYNEQFF	1
CASSSPGQANYGYTF	1
CASSSPGVGGNTIYF	1
CASSSPRGQDGNQPQHF	1
CASSSRWAYEQYF	1
CASSSRDLSYEQYF	1
CASSSRDRLNTEAFF	1
CASSSRTGQGNTIYF	1
CASSSRQGANYGYTF	1
CASSSHPGQDTNYGYTF	1
CASSSHGGGLNEQFF	1
CASSSQAAVSLHF	1
CASSSQAGGSPLHF	1
CASSSQGAPSTEAFF	1
CASSSVRSGSSYEQYF	1
CASSSAGQAVPGELFF	1
CASSSGLDEQYF	1
CASSSGGKAFF	1
CASSSGTSGSYEQYF	1
CASSSGTAEEKLFF	1
CASSSGTTNFYGYTF	1
CASSSGNTEAFF	1
CASSSDGQITDTQYF	1
CASSSDPKNIQYF	1
CASSSDRSNEQFF	1
CASSSTGFQFF	1
CASSSTGVWIEGTGELFF	1
CASSSRMNTEAFF	1
CASSSRRGSPQHF	1
CASSSNRGLQPQHF	1
CASSSKTGLEAFF	1
CASSSLISYEQFF	1
CASSSLFSGPYNEQFF	1
CASSSPSPSGKETQYF	1
CASSSRATDYEQSV	1
CASSSRRGTLNTEAFF	1
CASSSRLAGYYEEQYF	1
CASSSVVNTEAFF	1
CASSSAVEAVNYGYTF	1
CASSSGAAQELYGYTF	1
CASSSGGIAGYTF	1
CASSSGLAVDTQYF	1
CASSSGLAGGNEQFF	1
CASSSEGQLKNEKLFF	1
CASSSIRDATYNSPLHF	1
CASSSIRDRGFSPLHF	1
CASSSTEAFF	1
CASSSTSGTVQFF	1
CASSSTRGGISQFF	1
CASSSTVSSGNTIYF	1
CASSSTVHQAGGYTF	1
CASSSTGGSPLHF	1
CASSSSGLDQPQHF	1
CASSSNQLAGVIYEQFF	1
CASSSPGTQYF	1
CASSSQGAPQHF	1
CASSSAWGTSGNSEQFF	1
CASSSGVDQPQHF	1
CASSSGAGNSPLHF	1
CASSSGPNQPQHF	1
CASSSGRREPQHF	1
CASSSGQGVYEQYF	1
CASSSDSYEQYF	1
CASSSEFRDSPLHF	1
CASSSEVVGTSQPQHF	1
CASSSEGRTEAFF	1
CASSSIPRTPTGELFF	1
CASSSMNTEAFF	1
CASSSTGTGGRSEAFF	1
CASSSRGSDTQYF	1
CASSSKGPPSTDTQHF	1
CASSWPPASNEKLFF	1
CASSWALDREGNQPQHF	1
CASSWGGYQPQHF	1
CASSWGQNEKLFF	1
CASSWEGQPQHF	1
CASSWEGPGLKYNEQFF	1
CASSWERELNTIYF	1
CASSWTGTLNEKLFF	1
CASSWSGTEAFF	1
CASSWRGLNTIYF	1
CASSWRDREGEKLFF	1
CASSWNSGETQYF	1
CASSWKNTEAFF	1
CASSYWGQYNEQFF	1
CASSYPGQGSNSPLHF	1
CASSYRNSEQFF	1
CASSYQTGQETQYF	1
CASSYTVDPYSRATNEKLFF	1
CASSYRGLATYTGELFF	1
CASSYLGGNTEAFF	1
CASSYSDGNTEAFF	1
CASSYPSGAYEQYF	1
CASSYRDRVNYGYTF	1
CASSYQGGGYGYTF	1
CASSYQYRGGKTEAFF	1
CASSYGTGVSGELFF	1
CASSYDLQDTQYF	1
CASSYIPVAKNIQYF	1
CASSYTSQADGYTF	1
CASSYREITEAFF	1
CASSLFPGRTEAFF	1
CASSLYGPGRTEAFF	1
CASSLLREQFF	1
CASSLRTGTNEKLFF	1
CASSLRTGAPNEKLFF	1
CASSLGANQPQHF	1
CASSLGGGRLTYEQYF	1
CASSLITGGKRNEQFF	1
CASSLTSGTYNEQFF	1
CASSLTGGEGNQPQHF	1
CASSLRTGMNTEAFF	1
CASSLSTQPQHF	1
CASSLSGTSGNNEQFF	1
CASSLWVVSSYNSPLHF	1
CASSLPGASPDTQYF	1
CASSLPEVKNIQYF	1
CASSLRPDLFDTDTQYF	1
CASSLRDTTSYGYTF	1
CASSLRTADYEQYF	1
CASSLRTGGDGLFF	1
CASSLRQGKDYGYTF	1
CASSLRQDHYNEQFF	1
CASSLQVLENTEAFF	1
CASSLVAGATEAFF	1
CASSLAAGGPYNEQFF	1
CASSLGRRSVQHF	1
CASSLGLPNSPLHF	1
CASSLDRSYEQYF	1
CASSLEI	1
CASSLMTSGSMYEQYF	1
CASSLTLSTEAFF	1
CASSLTEAGGGHEQFF	1
CASSLTTGGNTEAFF	1
CASSLVSRLANYGYTF	1
CASSLGNYGYTF	1
CASSLGFQSNEKLFF	1
CASSLGLAGGPISEQFF	1
CASSLGQGYEKLFF	1
CASSLGQGGNQPQHF	1
CASSLDGPNSPLHF	1
CASSLDTFNTGELFF	1
CASSLTWGPSNEQFF	1
CASSLTRNTIYF	1
CASSLTENYGYTF	1
CASSLRQGSINQPQHF	1
CASSLRAGDHNEQFF	1
CASSLRTGTGYYGYTF	1
CASSLLGREGDEQYF	1
CASSLSGHPNEKLFF	1
CASSLLHQPQHF	1
CASSLPGRGADTQYF	1
CASSLRRGETQYF	1
CASSLRLGLPEQYF	1
CASSLGEGDGVGAFF	1
CASSLGQGEAFF	1
CASSLEGSAYEQYF	1
CASSLEGTEAFF	1
CASSLEGAYGYTF	1
CASSLISGGIMELYNSPLHF	1
CASSLMALGGKRYTF	1
CASSLMRLKDTGELFF	1
CASSLIQKNTEAFF	1
CASSLTARYNEQFF	1
CASSLTGTGRLAGEEQYF	1
CASSLTGTGLYTEAFF	1
CASSLTTGDTEAFF	1
CASSLTGDHDTIYF	1
CASSLRGLAKNIQYF	1
CASSLRWTGTMNTEAFF	1
CASSLNDQPQHF	1
CASSPLSGGPSDTQYF	1
CASSPSSVLTDTQYF	1
CASSPWTDGNSPLHF	1
CASSPPGTGDSPLHF	1
CASSPPRGVTEAFF	1
CASSPRDKSYEQYF	1
CASSPRTANSPLHF	1
CASSPRPNQPQHF	1
CASSPHGEGNEQFF	1
CASSPHGSPYQPQHF	1
CASSPQGAGYGYTF	1
CASSPQGTGDGYTF	1
CASSPQGYTGELFF	1
CASSPQGSTEAFF	1
CASSPVQGYYGYTF	1
CASSPVSGSYNEQFF	1
CASSPGVGSPLHF	1
CASSPGATPNQPQHF	1
CASSPGTWGRKPQHF	1
CASSPGTALNQPQHF	1
CASSPGQGFHGYTF	1
CASSPGQENQPQHF	1
CASSPDEGNTQYF	1
CASSPEGLAGDYEQYF	1
CASSPMPGGNTIYF	1
CASSPTGTGYNEQFF	1
CASSPTTGKNTEAFF	1
CASSPTKISGDTEAFF	1
CASSPTVMNTEAFF	1
CASSPSGRASNEQFF	1
CASSPRTSYEQYF	1
CASSPRQGTVAGELFF	1
CASSPRAVNTEAFF	1
CASSPNWDRAGTEAFF	1
CASSPNDLPGELFF	1
CASSPFGQPNEKLFF	1
CASSPLDPSSYNEQFF	1
CASSPLWTEEQFF	1
CASSPSGLTNEKLFF	1
CASSPSAGTDTQYF	1
CASSPSQAALLNYGYTF	1
CASSPWGGVYGYTF	1
CASSPWERDYGYTF	1
CASSPYPRSGQETQYF	1
CASSPYKNSYEQYF	1
CASSPLRDKTDTQYF	1
CASSPLGFGDTQYF	1
CASSPLGGGTEAFF	1
CASSPPYGMYEAFF	1
CASSPPGRASPLHF	1
CASSPPGRGNEKLFF	1
CASSPRLPATPLHF	1
CASSPRF	1
CASSPRGGAGSYNEQFF	1
CASSPRWWGRESYGYTF	1
CASSPRARGDYGYTF	1
CASSPRTANYEQYF	1
CASSPRTGANQPQHF	1
CASSPRTGGFGNTIYF	1
CASSPRQWNEKLFF	1
CASSPRQDDIGNTIYF	1
CASSPRQDPTEAFF	1
CASSPRQNYGYTF	1
CASSPRGDTNQPQHF	1
CASSPHRVRREKLFF	1
CASSPQVSNEKLFF	1
CASSPQAQYF	1
CASSPQGRGTRGNTIYF	1
CASSPQGAITEAFF	1
CASSPQSGENIQYF	1
CASSPQFGPGSPLHF	1
CASSPQQGTEAFF	1
CASSPASGSYNEQFF	1
CASSPAPLRGPDTQYF	1
CASSPGPMNTEAFF	1
CASSPGGNEQFF	1
CASSPGGRANTEAFF	1
CASSPGRNNQPQHF	1
CASSPGLNTEAFF	1
CASSPGGENTEAFF	1
CASSPGTRNTEAFF	1
CASSPGTAFNEKLFF	1
CASSPGTVVDNEKLFF	1
CASSPGTGNQPQHF	1
CASSPGNYNEQFF	1
CASSPGVQTQYF	1
CASSPGAGQPQHF	1
CASSPDFYGYTF	1
CASSPDDTYGYTF	1
CASSPDRAFYGYTF	1
CASSPDRAGNTIYF	1
CASSPETATEAFF	1
CASSPESTGNYGYTF	1
CASSPILGTDFDSPLHF	1
CASSPIAVHTQYF	1
CASSPIGDSPNYGYTF	1
CASSPTDRARQPQHF	1
CASSPTDRGGEKLFF	1
CASSPSYNEKLFF	1
CASSPSPGGGYTF	1
CASSPSRQGPQGTEAFF	1
CASSPRDLPYGYTF	1
CASSPRRNYNEQFF	1
CASSPRPGEKLFF	1
CASSPRQGLLTEAFF	1
CASSPRGQGRSTEQFF	1
CASSPNWEGDTEAFF	1
CASSPFRDRDQPQHF	1
CASSPSGLSAAFF	1
CASSPYRGQDGYTF	1
CASSPLAGNTEAFF	1
CASSPLGQPQHF	1
CASSPPGQSAEAFF	1
CASSPPGLAGVYEQFF	1
CASSPPTGGNYGYTF	1
CASSPRGAYEQYF	1
CASSPRGRSEKLFF	1
CASSPADRVEQYF	1
CASSPARAAFF	1
CASSPGANTEAFF	1
CASSPGTERTRGSA	1
CASSPGLADNQETQYF	1
CASSPGLAETQYF	1
CASSPDSSSYNEQFF	1
CASSPEGSTEAFF	1
CASSPTGTAYSPLHF	1
CASSPTSATDTQYF	1
CASSPTSGSHNEQFF	1
CASSPTSGRGEQYF	1
CASSPTQLRGPRTEAFF	1
CASSPTARRGTGELFF	1
CASSPTETM	1
CASSPTVNTEAFF	1
CASSPTASNEKLFF	1
CASSPRTSGYNEQFF	1
CASSPRTGHWGEQFF	1
CASSPFNGGTEAFF	1
CASSPFGTAGNTIYF	1
CASSPSGTSGEETQYF	1
CASSPSSSGDQPQHF	1
CASSPSGQGIKNTEAFF	1
CASSPYRGVGYGYTF	1
CASSPLAGEYNEQFF	1
CASSPPTEETSGRDYEQYF	1
CASSPPGSTDTQYF	1
CASSPRTSGRDYEQYF	1
CASSPRRRNEKLFF	1
CASSPQGYQPQHF	1
CASSPQGGDQPQHF	1
CASSPQGISGNTIYF	1
CASSPQAGGYNEQFF	1
CASSPVGGAREKLFF	1
CASSPVPGVENEQFF	1
CASSPVRDPDTQYF	1
CASSPGPWNEQYF	1
CASSPGWLDTDTQYF	1
CASSPGYLGATGELFF	1
CASSPGANTEAFF	1
CASSPGGRNSPLHF	1
CASSPGDYGYTF	1
CASSPGIIYYGYTF	1
CASSPGTSGSTGLEQYF	1
CASSPGTSSSYEQYF	1
CASSPDSQGSEAFF	1
CASSPDRGLGYGYTF	1
CASSPTRGAGTEAFF	1
CASSPTRDTQYF	1
CASSPRVVSGNQPQHF	1
CASSRRTGSHYGYTF	1
CASSRRLLDSYNEQFF	1
CASSRHATNEKLFF	1
CASSRQTGENTEAFF	1
CASSRGTPGGNQPQHF	1
CASSRKLAIDTQYF	1
CASSRLTGSSAKLFF	1
CASSRWTGRAGYTF	1
CASSRPLTGNYGYTF	1
CASSRRDGVNEKLFF	1
CASSRRDGKAFF	1
CASSRAGGNQPQHF	1
CASSRGTGGIWDYGYTF	1
CASSRGQGNEQYF	1
CASSRGNTIYF	1
CASSRDRDQPQHF	1
CASSRDRENQPQHF	1
CASSRTSGHNEQFF	1
CASSRTRGLDTEAFF	1
CASSRPATNEKLFF	1
CASSRQGSSYEQYF	1
CASSRQIMGRGEKLFF	1
CASSRVAIYF	1
CASSRVSYSYEQYF	1
CASSRGAAGSYNEQFF	1
CASSRGTGNQPQHF	1
CASSRGTGDYTF	1
CASSRGLAFTDTQYF	1
CASSRDLYNSPLHF	1
CASSRDTVGVKLFF	1
CASSRDSPTGAYEQYF	1
CASSRTHGTSGGTEQFF	1
CASSRTGGLGYGYTF	1
CASSRTSGRNEQFF	1
CASSRRRGEYNEKLFF	1
CASSRRTGLNTEAFF	1
CASSRSGSSSVNQPQHF	1
CASSRLAPSYEQYF	1
CASSRPQGTNEKLFF	1
CASSRREGNEKLFF	1
CASSRQGHEQYF	1
CASSRQGVTEAFF	1
CASSRVTSGAYEQYF	1
CASSRGSAYEQYF	1
CASSRGSSWGYTF	1
CASSRDRDGYTF	1
CASSRITDTQYF	1
CASSRSSAGAGNTIYF	1
CASSRSEYYEQYF	1
CASSHYDPPLGEQFF	1
CASSHLRGMNTEAFF	1
CASSHLGSYEQYF	1
CASSHLAPNNEQFF	1
CASSHLAGTYGYTF	1
CASSHPRSSNEKLFF	1
CASSHGLASYNEQFF	1
CASSHKGAFQHF	1
CASSHLGGAGNTIYF	1
CASSHLGPSTGNTIYF	1
CASSHPPGQGNYGYTF	1
CASSHPPRGSYEQYF	1
CASSHRDREGEQYF	1
CASSHRTAYGYTF	1
CASSHQPDTLYGYTF	1
CASSHAGTVNTEAFF	1
CASSHGLEAFF	1
CASSHGQGEGKGYNSPLHF	1
CASSHEAAGREQYF	1
CASSHEGQGGSPLHF	1
CASSHIDHGRDGYTF	1
CASSHIQASSDNEQFF	1
CASSHRGYEQYF	1
CASSHRQDLYGYTF	1
CASSHNRLAGTDTQYF	1
CASSQSRDRDDYGYTF	1
CASSQSGDTQYF	1
CASSQYSVRPRVGTEAFF	1
CASSQRQGRYGYTF	1
CASSQHGTGAEAFF	1
CASSQGPETQYF	1
CASSQGVSTEAFF	1
CASSQGLVDNQPQHF	1
CASSQGSNSPLHF	1
CASSQGATNEKLFF	1
CASSQGGEAFF	1
CASSQGDSNQPQHF	1
CASSQGTGGNGLWGAFF	1
CASSQGTGGYGYTF	1
CASSQGLYNEQFF	1
CASSQGLAGDSYEQYF	1
CASSQGGVYEQYF	1
CASSQGDYGYTF	1
CASSQDRGSPLHF	1
CASSQITGGEAFF	1
CASSQTQFGGNTIYF	1
CASSQTGLNTEAFF	1
CASSQRTGTDTQYF	1
CASSQLTRGTDTQYF	1
CASSQSGPLGTQYF	1
CASSQWGNNSPLHF	1
CASSQLGNEQFF	1
CASSQLPGDGYTF	1
CASSQLGRLVDSPLHF	1
CASSQLAGAFNEQFF	1
CASSQLAGGPVAKNIQYF	1
CASSQPGQGGVAFF	1
CASSQRGAGSSYEQYF	1
CASSQRRGAVAFF	1
CASSQRKTNEKLFF	1
CASSQQGTQPQHF	1
CASSQVIKGSYGGYTF	1
CASSQVAGLSSYNEQFF	1
CASSQVEVTQYF	1
CASSQVQGSEQYF	1
CASSQVQGVTGELFF	1
CASSQVVRSNQPQHF	1
CASSQVDGENTIYF	1
CASSQVKTGLDIQYF	1
CASSQAGDSPLHF	1
CASSQAGSTNTGELFF	1
CASSQAGTAYGYTF	1
CASSQAGHGGGEQYF	1
CASSQAIFMNTEAFF	1
CASSQAKRGYTF	1
CASSQALGGELFF	1
CASSQGFSGSFHEQFF	1
CASSQGGSSSGNTIYF	1
CASSQGWRKSYNEQFF	1
CASSQGVVRSGSYNEQFF	1
CASSQGETQYF	1
CASSQGTVNQPQHF	1
CASSQGTAEKLFF	1
CASSQGTGDPEQFF	1
CASSQGTGRNYGYTF	1
CASSQGLGPQHF	1
CASSQGPGHYNSPLHF	1
CASSQGPSNEKLFF	1
CASSQGGGNGNTIYF	1
CASSQGGAGTGNQPQHF	1
CASSQGGDSPLHF	1
CASSQGEAASSEKLFF	1
CASSQDFRTSGSAYNEQFF	1
CASSQDLASGETDTQYF	1
CASSQDSDLIYEQFF	1
CASSQDSTIYGYTF	1
CASSQDWHQAEQYF	1
CASSQDWGTASLDTF	1
CASSQDWGLAGGELFF	1
CASSQDLGGYEQYF	1
CASSQDLRPRTGGYGYTF	1
CASSQDLGQTLIF	1
CASSQDPRETQYF	1
CASSQDPPGWGNQPQHF	1
CASSQDPGQGVQPQHF	1
CASSQDPTPGNTEAFF	1
CASSQDRVSGNTIYF	1
CASSQDRVGTEAFF	1
CASSQDRGQGRGAFF	1
CASSQDQGRNEQFF	1
CASSQDQGNTIYF	1
CASSQDQGKPQHF	1
CASSQDAARQGTEAFF	1
CASSQDAGVSYGYTF	1
CASSQDAGTHQPQHF	1
CASSQDGHPNQPQHF	1
CASSQDGTGVGQPQHF	1
CASSQDEPGLLNEKLFF	1
CASSQDENHQPQHF	1
CASSQDSDLNEKLFF	1
CASSQDRGHEQFF	1
CASSQDQGGEQFF	1
CASSQDGSTYGYTF	1
CASSQDRISHNEQFF	1
CASSQDRAIYGYTF	1
CASSQESDRVDGYTF	1
CASSQEWSINQPQHF	1
CASSQEYGTSGRATGDTQYF	1
CASSQEVGGYNDEQFF	1
CASSQEVAGAWYEQFF	1
CASSQEAGENYGYTF	1
CASSQEGTRHYGYTF	1
CASSQEGHLNYGYTF	1
CASSQEGLAGGLDEQFF	1
CASSQEENQPQHF	1
CASSQETGIYGYTF	1
CASSQESGGQPQHF	1
CASSQERSSGNTIYF	1
CASSQEQGSHEQYF	1
CASSQEGLNYGYTF	1
CASSQEGTASNQPQHF	1
CASSQEEMDRENYGYTF	1
CASSQERVTTEAFF	1
CASSQIGGWATDTQYF	1
CASSQMLAGGPGYNEQFF	1
CASSQILLSYEQYF	1
CASSQIGSNTEAFF	1
CASSQTGSNQPQHF	1
CASSQTLGASYFYTQYF	1
CASSQTLDTSTDTQYF	1
CASSQTEKTDPYF	1
CASSQTGTSNQPQHF	1
CASSQTITNEKLFF	1
CASSQTRTSVIQYF	1
CASSQSPWGDYGYTF	1
CASSQSSGTAVEQYF	1
CASSQSGGVYNEQFF	1
CASSQRGGGNTEAFF	1
CASSQRTGGSYEQYF	1
CASSQRRGRGGDTEAFF	1
CASSQKRLGHEAFF	1
CASSQKYVGTEQFF	1
CASSQKAGVGDEQFF	1
CASSVSLSSYNEQFF	1
CASSVASGNTEAFF	1
CASSVGTGSPNEKLFF	1
CASSVDGRSGYTF	1
CASSVNSNSPLHF	1
CASSVLGRQETQYF	1
CASSVQPGQATFMNTEAFF	1
CASSVVGEETQYF	1
CASSVASGASSDTQYF	1
CASSVGGGRNQPQHF	1
CASSVGQGVNEKLFF	1
CASSVTRTANEKLFF	1
CASSVGAGYSLTGELFF	1
CASSVGRMNTEAFF	1
CASSVGGSSYNEQFF	1
CASSVEGTGNTIYF	1
CASSVRTGRDEQYF	1
CASSVSQGAYTEAFF	1
CASSVSGGSRTDTQYF	1
CASSVYDLPSRDSPLHF	1
CASSVHGLGMNTEAFF	1
CASSVQRQGDIDYGYTF	1
CASSVVSASGELFF	1
CASSVVLASEQFF	1
CASSVVGRGSGNTIYF	1
CASSVVVSGRGGSYEQYF	1
CASSVVEGGYQPQHF	1
CASSVAFLGSYSNQPQHF	1
CASSVAPRPNEQFF	1
CASSVAQDYYTDTQYF	1
CASSVATAGSYEQYF	1
CASSVALLARTDTQYF	1
CASSVAGRGNTEAFF	1
CASSVASLASETQYF	1
CASSVAGTGNTIYF	1
CASSVGGRTGELFF	1
CASSVGPLTEAFF	1
CASSVGPVGQPQHF	1
CASSVGGASGNTIYF	1
CASSVGGNTEAFF	1
CASSVGGGTEAFF	1
CASSVGLGSEAFF	1
CASSVGPDSGNTIYF	1
CASSVGGYPNYGYTF	1
CASSVGSNQPQHF	1
CASSVGLGNEQFF	1
CASSVGGSWGSGELFF	1
CASSVGGRSSYEQYF	1
CASSVGGQAGDTQYF	1
CASSVDGEPGSGYTF	1
CASSVDEWGTEAFF	1
CASSVDPSGMWDEQFF	1
CASSVDRGRRVNSPLHF	1
CASSVDEGSYEQYF	1
CASSVDESSYNEQFF	1
CASSVDRNYGYTF	1
CASSVEAEAYGYTF	1
CASSVEAFETQYF	1
CASSVEGTEAFF	1
CASSVEMGYGELFF	1
CASSVERNAMNTEAFF	1
CASSVEGPYGYTF	1
CASSVEGGDSPLHF	1
CASSVTSGDYNEQFF	1
CASSARPSGNLPDTQYF	1
CASSARGRGTDTQYF	1
CASSADHPGYEQYF	1
CASSATSGSPPYEQYF	1
CASSASGRYEQYF	1
CASSALGTANTEAFF	1
CASSASYTEAFF	1
CASSASASPYEQYF	1
CASSAWGGTEAFF	1
CASSAYEAFF	1
CASSAPSSYEQYF	1
CASSAPGTEKETQYF	1
CASSAPGTGGKGYTF	1
CASSAPDRMYGYTF	1
CASSAPLQGSAEAFF	1
CASSAQGSPNTGELFF	1
CASSAGTGNQPQHF	1
CASSAGQAGNTIYF	1
CASSADRAYEQYF	1
CASSADKTGFEAFF	1
CASSATRHSPLHF	1
CASSARTSAEAFF	1
CASSANGRVNYGYTF	1
CASSASRDRANYGYTF	1
CASSAPGGPDAGYTF	1
CASSAGQNEKLFF	1
CASSAEGGNQPQHF	1
CASSATRQGKSGNTIYF	1
CASSATLLEGKANSPLHF	1
CASSATGTSVVETQYF	1
CASSATRVIDGYTF	1
CASSARFSGRANEQFF	1
CASSAPGLERDTQYF	1
CASSARDPRNFEAFF	1
CASSAQGVLNEKLFF	1
CASSAQGAPNEAFF	1
CASSAQEGAYNEQFF	1
CASSAGSSPLHF	1
CASSAEMTMADTEAFF	1
CASSATREQFF	1
CASSANTGQDYGYTF	1
CASSGWEDTQYF	1
CASSGAGTGDYEQYF	1
CASSGYPGNRNFHNEQFF	1
CASSGPGGSGNTIYF	1
CASSGRDGRGYTF	1
CASSGVRTVAGSEAFF	1
CASSGGTGSPLHF	1
CASSGGRTGRDTGELFF	1
CASSGRSDNYGYTF	1
CASSGGLAGGTDTQYF	1
CASSGDRGNQPQHF	1
CASSGDRGPSYEQYF	1
CASSGTSNQPQHF	1
CASSGTEVYNEKLFF	1
CASSGLAGESYNEQFF	1
CASSGWTTNEKLFF	1
CASSGLANTGELFF	1
CASSGQFYGYTF	1
CASSGQGGAGELFF	1
CASSGVDRANSPLHF	1
CASSGRRNGYTF	1
CASSGNPMTATNEKLFF	1
CASSDSGSRSGNTIYF	1
CASSDLRRRTDTQYF	1
CASSDTGDSEAFF	1
CASSDSGRPPEQFF	1
CASSDLRGGKAFF	1
CASSDPSVDTEAFF	1
CASSDQTEEGTF	1
CASSDALWESYEQYF	1
CASSDGTGVMADTQYF	1
CASSDGRSEAFF	1
CASSDRAGGYTF	1
CASSDRGLNQPQHF	1
CASSEPQRGSPLHF	1
CASSERDSVNTEAFF	1
CASSEGVYGYTF	1
CASSEGGGGGYTF	1
CASSEGEPTEAFF	1
CASSEGQTYEQYF	1
CASSEDRGLYYGYTF	1
CASSETGWYGYTF	1
CASSESGTGGNEKLFF	1
CASSERGGVGEKLFF	1
CASSERAGNSPLHF	1
CASSEHTSYEQYF	1
CASSEAWGREAFF	1
CASSETGQSYF	1
CASSENRAEQFF	1
CASSILDSFNQPQHF	1
CASSIGSGELFF	1
CASSIDSAEDTEAFF	1
CASSITTSGSVYNEQFF	1
CASSIRQGSPLHF	1
CASSIEKLFF	1
CASSMTGNTEAFF	1
CASSILAGVAYEQYF	1
CASSIQGIPEAFF	1
CASSIQGTNEKLFF	1
CASSIDSYTEAFF	1
CASSIDRGYEQYF	1
CASSINRDSPLHF	1
CASSTYNEQFF	1
CASSTLVGRFEKLFF	1
CASSTRGAGLYNEQFF	1
CASSTLAGEDTDTQYF	1
CASSTYEVGNTEAFF	1
CASSTLASGQTGELFF	1
CASSTRYGDRRPGNTIYF	1
CASSTRTGRSTEAFF	1
CASSTRQGAYEQYF	1
CASSTVSRREGEQFF	1
CASSTGGTYNSPLHF	1
CASSTEEGYTF	1
CASSTSLLAANYNEQFF	1
CASSTHPRVEQFF	1
CASSTHPIGTEAFF	1
CASSTQQGGTEAFF	1
CASSTQGEYEKLFF	1
CASSTVETGFTEAFF	1
CASSTGKSWFEETQYF	1
CASSTDLNTEAFF	1
CASSSLPVRNTIYF	1
CASSSGDGYTF	1
CASSSGEPTDTQYF	1
CASSSKGRDSNQPQHF	1
CASSRTGNGYTF	1
CASSRRDSGYEQYF	1
CASSRQGAVNTEAFF	1
CASSRQSPSTLHF	1
CASSRAGTAYGYTF	1
CASSNSGNEAFF	1
CASSNRDFEEQFF	1
CASSNGGDYEQYF	1
CASSNGGRGRGGDEKLFF	1
CASSNRDTAYEQYF	1
CASSNKRGPSYEQYF	1
CASSKRNQPQHF	1
CASSKGLAEPYEQYF	1
CASSKDVAGYTF	1
CASSKSPDADYEQYF	1
CASSKPGESGYEQYF	1
CASSKRQGRMNTEAFF	1
CASSKVRGQGRSPLHF	1
CASSKASSEYEQYF	1
CASSKGLLGYSGNTIYF	1
CASSKGYGMRCSDTQYF	1
CASSKGARDSNQPQHF	1
CASSKEQTRYGYSNQPQHF	1
CASSKEGALAYEQYF	1
CASSKEDSLNTEAFF	1
CASSKEETDNEKLFF	1
CASSKERLGRRSYGYTF	1
CASSKEKGEAFF	1
CASSKTTGWTKNIQYF	1
CASRFSGRAVEYEQYF	1
CASRLTSGENEQFF	1
CASRLANEQFF	1
CASRSQGSKNIQYF	1
CASRSPPGQANTEAFF	1
CASRSDRGRLDQYF	1
CASRSTVNSEKLFF	1
CASRSTGWDQPQHF	1
CASRWTGISNQPQHF	1
CASRYRDSYEQYF	1
CASRPPSTGGRTEAFF	1
CASRPRTGENTIYF	1
CASRPSGRQNYGYTF	1
CASRPPINTEAFF	1
CASRPGQNSGNTTYF	1
CASRPGQAFIPLHF	1
CASRPGQGPNTEAFF	1
CASRPTGSNQPQHF	1
CASRRGGLSNQPQHF	1
CASRRQGGKEKLFF	1
CASRHLNYGYTF	1
CASRQGGNQPQHF	1
CASRQGQGSGNTIYF	1
CASRQSRSSYNSPLHF	1
CASRQRGQGDSTAFF	1
CASRVGAGNTEAFF	1
CASRVTGGDYNEQFF	1
CASRVQGARTEAFF	1
CASRVNDQPQHF	1
CASRVAGGPQETQYF	1
CASRADRGPEAFF	1
CASRAIGVSSYNEQFF	1
CASRATVYTEAFF	1
CASRAGGDEKLFF	1
CASRGWPGDSTDTQYF	1
CASRGSGGNSPLHF	1
CASRGIVGGSQPQHF	1
CASRGTAGNTIYF	1
CASRGTSGAYNEQFF	1
CASRGSMNTEAFF	1
CASRGQGDHGYTF	1
CASRGGNYGYTF	1
CASRDEPDGENTEAFF	1
CASRDSRADTIYF	1
CASRDSENQPQHF	1
CASRDAGRTEAFF	1
CASRDTRETQYF	1
CASRDRVKTEAFF	1
CASREHEGSYGYTF	1
CASRETGGGEQYF	1
CASREVASGYYEQYF	1
CASREGQGQSPLHF	1
CASRERAETQYF	1
CASRMRWDSPSGELFF	1
CASRIQGRDGYTF	1
CASRIQGIGNQPQHF	1
CASRTDLALGYTF	1
CASRTSATYEQYF	1
CASRTDRAGQPQHF	1
CASRTTGRSQGYTF	1
CASRTSLHGYTF	1
CASRTVPELNTEAFF	1
CASRSTYEQYF	1
CASRRDLRANTEAFF	1
CASRRQDRVEFAGNTIYF	1
CASRRENTEAFF	1
CASRNTGMGPSGTEAFF	1
CASRKPGGYEQYF	1
CASRKQGINQPQHF	1
CASRKRGNTEAFF	1
CASRKRDRLDEKLFF	1
CASRFQGGRTEAFF	1
CASRLGRTNTEAFF	1
CASRSLPGRRNQPQHF	1
CASRSGPFSTQHF	1
CASRSSGEGHNEQFF	1
CASRWVSGELFF	1
CASRYGRIVTETQYF	1
CASRYDGEAFF	1
CASRYRVTGAPDEQYF	1
CASRLPGGMNTEAFF	1
CASRLQGAGTEAFF	1
CASRLGQGNTEAFF	1
CASRPPEGLEHNEQFF	1
CASRPRLERYTEAFF	1
CASRPNYRGSNQPQHF	1
CASRPQGPANYGYTF	1
CASRPGGSTDTQYF	1
CASRPGTGRGNTIYF	1
CASRPDRGPGQPQHF	1
CASRPGNQPQHF	1
CASRPGIRTDTQYF	1
CASRPDRATDTQYF	1
CASRPTGAYGYTF	1
CASRPSGSGADTQYF	1
CASRPGDLAKNIQYF	1
CASRPTPSTPQHF	1
CASRPTGGKGQPQHF	1
CASRRLAGSYEQYF	1
CASRRTQGNSPLHF	1
CASRHIRDRLSSYGYTF	1
CASRQPGQGDYGYTF	1
CASRQIDYNEQFF	1
CASRQTGGLWYGYTF	1
CASRASGGTEIYNQPQHF	1
CASRAGASGAFF	1
CASRGPGTGGKGYTF	1
CASRGEGPGNTIYF	1
CASRGVGTGGTGELFF	1
CASRGSLANQPQHF	1
CASRGGTGLLNYGYTF	1
CASRGTSVDTGELFF	1
CASRGTAGIEAFF	1
CASRGLAEAYNEQFF	1
CASRGQGNTEAFF	1
CASRGQNSYGYTF	1
CASRGTGPLGEQYF	1
CASRDTMNTEAFF	1
CASRESSTDTQYF	1
CASRETVNHGYTF	1
CASRETGSGNTIYF	1
CASRIPGQGANYGYTF	1
CASRIGGEKLFF	1
CASRMTGSYNSPLHF	1
CASRIGVANEKLFF	1
CASRTPGLADNEQFF	1
CASRTPGPGSPLHF	1
CASRTQETGELFF	1
CASRTAGGIEKLFF	1
CASRTPGQGVSYEQYF	1
CASRRQPADTQYF	1
CASRRAANYGYTF	1
CASRRDRANYGYTF	1
CASRNSLGTGSSGNTIYF	1
CASRNDPSPLNTIYF	1
CASRKDYNTGELFF	1
CASRKTSRGTGELFF	1
CASRKSWGGTEAFF	1
CASRKPGGRDYGYTF	1
CASRKQESLSPLHF	1
CASNLQGSIQYF	1
CASNPSHWAYGYTF	1
CASNRGAGTEAFF	1
CASNYHTGDGYTF	1
CASNPVNTIYF	1
CASNDGLRAEAFF	1
CASNEQEGWSHNEQFF	1
CASNRANTGELFF	1
CASNRGSDGYTF	1
CASKPGTGGYEQYF	1
CASKPQGDRRTEAFF	1
CASKGHVRNTGELFF	1
CASKETNQPQHF	1
CASKIRLAGRWNEQFF	1
CASKRVPSGNTIYF	1
CASKRGLAGVLANEQFF	1
CASKPQTMNTEAFF	1
CASKRKPEETQYF	1
CASKADRSGTEAFF	1
CASKGSTTDTQYF	1
CASKDTGLEAFF	1
CASKDPGTATNEKLFF	1
CASKTPLSAKGGYTF	1
CARAGGEEAKNIQYF	1
CARILANGELFF	1
CANWTGINQETQYF	1
CALSDSSTDTQYF	1
CAGGHPTFFSYNSPLHF	1
CGGGELFF	1
CGEFGGLDYGYTF	1
CASALYGYTF	1
CATPVSWRYSNQPQHF	1
CATDRSSYNEQFF	1
CATRNRVSTDTQYF	1
CASMTGGTYYNEQFF	1
CASSLSGSREKLFF	1
CASSYTLNTEAFF	1
CASSPWTGTNTEAFF	1
CASCTGALNEKLFF	1
CASCKGDLGNTEAFF	1
CASLEGPDSGANVLTF	1
CASRPGSSYEQYF	1
CASRRELAGYNEQFF	1
CASVMDGTDTQYF	1
CASAAGGNTEAFF	1
CASGSQGYQETQYF	1
CASGPGQGAYTIYF	1
CASGQLGGYTDTQYF	1
CASGGQTNTGELFF	1
CASGDSFNQPQHF	1
CASGTGTGDYGYTF	1
CASGTGAAVNTEAFF	1
CASIGWETGTSEAFF	1
CASTRMGANTEAFF	1
CASTPSSFPSGNTIYF	1
CASTPDRGPNTF	1
CASTGTSGRIVITGELFF	1
CASTTAPNSPLHF	1
CASSFDGRTEAFF	1
CASSLDRGSPEAFF	1
CASSPGTEYEQYF	1
CASSRNSEPFYEQYF	1
CASSHKDRGSYEQYF	1
CASSQRLVGYNEQFF	1
CASSQQEGKDQPQHF	1
CASSQSGGNQPQHF	1
CASSVGTANTEAFF	1
CASSATVDSPLHF	1
CASSGGRTNTEAFF	1
CASSGDGNQPQHF	1
CASSDWTSGREGEQYF	1
CASSDRVYEQYF	1
CASSESSGLAGDEQYF	1
CASSESTRRNEQFF	1
CASSEYPGPYGYTF	1
CASSERLAYNEQFF	1
CASSERDRAPDTQYF	1
CASSEKANSPLHF	1
CASSEAVDTQYF	1
CASSNTGTGLLSSGNTIYF	1
CASSKSEVYGYTF	1
CASSKTQRGWGANYGYTF	1
CASSFFSGSDQPQHF	1
CASSFLPGNTEAFF	1
CASSFRDTDNYGYTF	1
CASSFRDSGTEAFF	1
CASSFRESSYNSPLHF	1
CASSFADRGNTEAFF	1
CASSFAGGNSPLHF	1
CASSFGPWSSYNEQFF	1
CASSFGVEQYF	1
CASSFDIGAAEAFF	1
CASSFETVDTEAFF	1
CASSFTGSANEKLFF	1
CASSFTGASNQPQHF	1
CASSFSALDTGELFF	1
CASSFNDGPGNTIYF	1
CASSFSEDTEAFF	1
CASSFRSGYGYTF	1
CASSFREYTEAFF	1
CASSFHFLETEAFF	1
CASSFQASNTEAFF	1
CASSFQQGEFGEAFF	1
CASSFANEQFF	1
CASSFASGGQNNSPLHF	1
CASSFAGTDTIYF	1
CASSFGTANQPQHF	1
CASSFTGNNEKLFF	1
CASSLLSLAQNTEAFF	1
CASSLLPGDYGYTF	1
CASSLLGGSSYNEQFF	1
CASSLSGTEAFF	1
CASSLSGTENQPQHF	1
CASSLSMNRDGYTF	1
CASSLWGTGSSPLHF	1
CASSLYTGVNTEAFF	1
CASSLLPLGQANTEAFF	1
CASSLLFF	1
CASSLLGYTEAFF	1
CASSLLGQLGNEQFF	1
CASSLPRNTLDNEQFF	1
CASSLPGTGIEKLFF	1
CASSLPSGATNEKLFF	1
CASSLRLYNEQFF	1
CASSLREAGGYTEAFF	1
CASSLRTGQPQHF	1
CASSLRQAPYNEQFF	1
CASSLRGPGGTEAFF	1
CASSLQGTNTEAFF	1
CASSLQEQSNTGELFF	1
CASSLQPTDRVYSYEQYF	1
CASSLQGNTIYF	1
CASSLVSGNTNYGYTF	1
CASSLVPGSSGNTIYF	1
CASSLVPDRGNTEAFF	1
CASSLVPTSENEQFF	1
CASSLVTSGSIYEQYF	1
CASSLVSDYGYTF	1
CASSLVSGSSEAFF	1
CASSLVGYNSPLHF	1
CASSLVRGNTEAFF	1
CASSLVGGGNIQYF	1
CASSLVGDTEAFF	1
CASSLASSGYGYTF	1
CASSLARGIDGYTF	1
CASSLAGGRGTGELFF	1
CASSLATANGYNEQFF	1
CASSLASESTGELFF	1
CASSLAPSGKYNEQFF	1
CASSLAVWDTEAFF	1
CASSLAVPGQGTDYTF	1
CASSLAGRGTEAFF	1
CASSLAGDGTEAFF	1
CASSLAGTPFPYGYTF	1
CASSLADTEAFF	1
CASSLAAGAQPQHF	1
CASSLAAGGRIEEAFF	1
CASSLAPEYGYTF	1
CASSLATQGPGTEAFF	1
CASSLARTEPYEQYF	1
CASSLGFEGGNTEAFF	1
CASSLGSRSEQYF	1
CASSLGGITSSTDTQYF	1
CASSLGPDRVYGYTF	1
CASSLGPLVLNTEAFF	1
CASSLGQGRPTEAFF	1
CASSLGVVNTEAFF	1
CASSLGAVEKLFF	1
CASSLGAGDQPQHF	1
CASSLGGEQPQHF	1
CASSLGDRPPLDYGYTF	1
CASSLGENTQYF	1
CASSLGTVNTEAFF	1
CASSLGFGLNQPQHF	1
CASSLGSPNEKLFF	1
CASSLGPTDEQFF	1
CASSLGHGQGRNYEQYF	1
CASSLGQRHEKLFF	1
CASSLGVLSTEAFF	1
CASSLGGGTTYNEQFF	1
CASSLGEISGNTIYF	1
CASSLDLDRPGGYTF	1
CASSLDPGQVLWGYTF	1
CASSLDPGMNTEAFF	1
CASSLDVAETYEQYF	1
CASSLDGFPTQYF	1
CASSLDGYNSPLHF	1
CASSLDTEYGYTF	1
CASSLDSAGGTEAFF	1
CASSLDGHEQYF	1
CASSLDGLQNQPQHF	1
CASSLDTGSPQHF	1
CASSLEVNNEQFF	1
CASSLEAGDQPQHF	1
CASSLEGLGKGYTF	1
CASSLEGPRNTEAFF	1
CASSLEGRLAKNIQYF	1
CASSLEIGELVF	1
CASSLESRQGGRPTEAFF	1
CASSLESNYGYTF	1
CASSLEPGINTEAFF	1
CASSLEQGPNGYTF	1
CASSLEGSGKGYEQYF	1
CASSLEGNYGYTF	1
CASSLEGGGITEAFF	1
CASSLEDGSPQHF	1
CASSLEEGLAKNIQYF	1
CASSLERQGGEKLFF	1
CASSLIPTDTQYF	1
CASSLMDGSPDTQYF	1
CASSLTPAGTGLDTEAFF	1
CASSLTGTDFGGYTF	1
CASSLTRGVFTTEAFF	1
CASSLTAGTASYEQYF	1
CASSLTDTSPLHF	1
CASSLTQDHNYGYTF	1
CASSLTGGSEAFF	1
CASSLTGDSPLHF	1
CASSLSLDRREKLFF	1
CASSLSRREQYF	1
CASSLRSVNTEAFF	1
CASSLRQGALGGYTF	1
CASSLNSLNDGYTF	1
CASSLKSPGLAANRDGELFF	1
CASSLKGSTNEKLFF	1
CASSLSGNYGYTF	1
CASSLPGSTYEQYF	1
CASSLRAGNNSPLHF	1
CASSLQASGNTIYF	1
CASSLQGNEKLFF	1
CASSLGGTSGNNEQFF	1
CASSLGGRANTEAFF	1
CASSLDGQGQPQHF	1
CASSLMGYEQYF	1
CASSLTWGVGTEAFF	1
CASSLTPRAFTGAYYGYTF	1
CASSLSREVNTEAFF	1
CASSLNGGVNSPLHF	1
CASSSPTDTQYF	1
CASSSDRGYDYEQYF	1
CASSSLGGRTEAFF	1
CASSSSGAGSFYEQYF	1
CASSSYPMGDEKLFF	1
CASSSLGEGRTEAFF	1
CASSSRASGMNTEAFF	1
CASSSRGDRAQNTEAFF	1
CASSSGPNQPQHF	1
CASSSGAYMNTEAFF	1
CASSSGTSGRDDEQFF	1
CASSSGQQGNSPLHF	1
CASSSDVTGAGYF	1
CASSSTGANYGYTF	1
CASSSRGEPYNEQFF	1
CASSSPTGPGVQFF	1
CASSSQGVNTEAFF	1
CASSSGSSPLNEQFF	1
CASSSGQGHYGYTF	1
CASSSGQGNNYGYTF	1
CASSSMTGGATEAFF	1
CASSSPDRGTEAFF	1
CASSSRDRSNTEAFF	1
CASSSGASSGNTIYF	1
CASSSGPEAFF	1
CASSSGAGLNTEAFF	1
CASSSSRTGREKLFF	1
CASSWFGTVSSYNEQFF	1
CASSWSGTDGSPLHF	1
CASSWWGTDSNTEAFF	1
CASSWGTGSQGQPQHF	1
CASSWGQRDASGYTF	1
CASSWDRGDTEAFF	1
CASSWTGRTEAFF	1
CASSYLGYEQYF	1
CASSYGAYEQYF	1
CASSYDRGLNGYTF	1
CASSYTGTRNNEQFF	1
CASSYTGDGYTF	1
CASSLSGQVNSPLHF	1
CASSLGVRHTEAFF	1
CASSLGGVNTEAFF	1
CASSLDTSASSYEQYF	1
CASSLFTGGDGYTF	1
CASSLLGGLNTEAFF	1
CASSLLGGQTNSPLHF	1
CASSLLTSTNEKLFF	1
CASSLPGQTYTEAFF	1
CASSLPKGNLNTEAFF	1
CASSLRVTGGYTF	1
CASSLQTGINQPQHF	1
CASSLIGEYTGELFF	1
CASSLRGAYNEQFF	1
CASSLGMNTEAFF	1
CASSLGQGQNTIYF	1
CASSLMTSVSDTQYF	1
CASSLWTENTEAFF	1
CASSLRPVGQGDNSPLHF	1
CASSLQLGIAYNEQFF	1
CASSLGPIETQYF	1
CASSLGTDNYGYTF	1
CASSLDYSLSYEQYF	1
CASSLRAGWDTEAFF	1
CASSPLTGIGSPLHF	1
CASSPQPGWSNQPQHF	1
CASSPQTGGRGREQFF	1
CASSPIGQYYGYTF	1
CASSPTGDEAFF	1
CASSPSGNEQFF	1
CASSPSGMGNEQFF	1
CASSPKVAERVAFF	1
CASSPWDSLNYGYTF	1
CASSPYGLGGEKLFF	1
CASSPLQAETGELFF	1
CASSPLSGRAADTQYF	1
CASSPLAGGYSYEQYF	1
CASSPPTGEGEAFF	1
CASSPRRAENTGELFF	1
CASSPRDSRTEAFF	1
CASSPQVEGYQPQHF	1
CASSPQSSYNSPLHF	1
CASSPQKGALLGGYEQFF	1
CASSPVHPGKLFF	1
CASSPALLGSTGELFF	1
CASSPAASNTEAFF	1
CASSPGTGNTIYF	1
CASSPGPSGRLSGELFF	1
CASSPGDRWANTEAFF	1
CASSPGDGYGYTF	1
CASSPGTGGWQPQHF	1
CASSPGTGAYEQYF	1
CASSPGLATNEQFF	1
CASSPGLAGGSKNIQYF	1
CASSPGQGNYGYTF	1
CASSPGGTSNQPQHF	1
CASSPEGGNQPQHF	1
CASSPTSIAGELFF	1
CASSPRTSGTFVDTQYF	1
CASSPLEIRISNQPQHF	1
CASSPRPGKYYGYTF	1
CASSPGSYGYTF	1
CASSPGILGSGNTIYF	1
CASSPGLLSGNTIYF	1
CASSPGLAGGSEQFF	1
CASSPGHIQETQYF	1
CASSPGQANYGYTF	1
CASSPDHPANTIYF	1
CASSPDTVIYGYTF	1
CASSPEGRASGELFF	1
CASSPTGPSGNTIYF	1
CASSPTARERQPQHF	1
CASSPTVSGNTIYF	1
CASSPNRDGNYEQYF	1
CASSPKLWASGSYNEQFF	1
CASSPWGQGINQPQHF	1
CASSPPTGLAGGNTGELFF	1
CASSPHGGRDGYTF	1
CASSPAWHSYEQYF	1
CASSPGHGNQPQHF	1
CASSPTTGTEAFF	1
CASSRTGTGNEKLFF	1
CASSRSPAMNTEAFF	1
CASSRLAGGYNEQFF	1
CASSRSTWWGTF	1
CASSRRTGPSNYGYTF	1
CASSRGPTPNEQFF	1
CASSRGALNEKLFF	1
CASSRRSNREGNGYTF	1
CASSRLGVGNTEAFF	1
CASSRDKGGYGYTF	1
CASSRTTSYEQYF	1
CASSRFGTDGYTF	1
CASSRSDRTEQYF	1
CASSRSPHPELNTEAFF	1
CASSRQPNEKLFF	1
CASSRDRTGADYGYTF	1
CASSRDMVAAAYNEQFF	1
CASSRTIKRDGSFKPGGYTF	1
CASSRRTGDTEAFF	1
CASSRNPSGSEDTQYF	1
CASSHRTDSRNYGYTF	1
CASSHGEGLGSNQPQHF	1
CASSHGQGRTEAFF	1
CASSHEDVRASTNEKLFF	1
CASSHSPGGVLVF	1
CASSHPGTDNYGYTF	1
CASSHPRTGNTIYF	1
CASSHPGLAPASYEQYF	1
CASSHHWGSTSGMENEQFF	1
CASSHARDREERNIQYF	1
CASSHGQLVNPDTQYF	1
CASSHGLLGGYGYTF	1
CASSHGQGVGGTEAFF	1
CASSQFGEIPGEKLFF	1
CASSQLKDRANEKLFF	1
CASSQSEYTGELFF	1
CASSQYGGLGNYGYTF	1
CASSQQGGRPQHF	1
CASSQVRDRGLSGNTIYF	1
CASSQVGPSYGYTF	1
CASSQAPGYGYTF	1
CASSQARQREKPSEQFF	1
CASSQGVRAGELFF	1
CASSQGALETQYF	1
CASSQESTGGSTEAFF	1
CASSQILGGNEKLFF	1
CASSQISGRIDEQYF	1
CASSQTGTGFGYTF	1
CASSQREGTLEAFF	1
CASSQNPGNYEQYF	1
CASSQSTGLGNQPQHF	1
CASSQSTGGNEQFF	1
CASSQLTATNEKLFF	1
CASSQLELGKNIQYF	1
CASSQRGLNTEAFF	1
CASSQQAGVSNQPQHF	1
CASSQVSGYALYEQYF	1
CASSQVRTATNEKLFF	1
CASSQVAGGNTEAFF	1
CASSQVGRYEIF	1
CASSQVPPGEQYF	1
CASSQVRTIYGYTF	1
CASSQVSGGGPRNEQFF	1
CASSQVRGLIRSTEAFF	1
CASSQVVPGRATNEKLFF	1
CASSQVGTGLYGYTF	1
CASSQVGGNEQFF	1
CASSQVRGQGEKLFF	1
CASSQVWSGFGQPQHF	1
CASSQVVRSSGNTIYF	1
CASSQVGRPGELFF	1
CASSQAFALNEKLFF	1
CASSQASRQGAYNSPLHF	1
CASSQALRQGWNSPLHF	1
CASSQALRDYTEAFF	1
CASSQAPPGQANNSPLHF	1
CASSQARDRGYEQYF	1
CASSQAQGADIQYF	1
CASSQAAQGLRTEAFF	1
CASSQATDSPLHF	1
CASSQAKTGLTNEKLFF	1
CASSQGREQGAPYGYTF	1
CASSQGGSYNSPLHF	1
CASSQGRGLMNTEAFF	1
CASSQGSYGYTF	1
CASSQGAPGPRAQPQHF	1
CASSQGATTSVGFF	1
CASSQGGALGYGYTF	1
CASSQGGQGPYEQYF	1
CASSQGDDLIVGQETQYF	1
CASSQGTARGYTF	1
CASSQGTANNSPLHF	1
CASSQGTGGLYGYTF	1
CASSQGYRQRLEAFF	1
CASSQGARRMYNEQFF	1
CASSQGGGQGARQPQHF	1
CASSQDLGVGTEAFF	1
CASSQDSLQGWNSPLHF	1
CASSQDWPDQPQHF	1
CASSQDWVRVNTEAFF	1
CASSQDWGSPNSPLHF	1
CASSQDWGTNQPQHF	1
CASSQDWGTGGKRAGNTIYF	1
CASSQDWETVYNEQFF	1
CASSQDYAGGSYNEQFF	1
CASSQDLARTAGYTEAFF	1
CASSQDLVRDTNTEAFF	1
CASSQDLSGDEQYF	1
CASSQDLVAGSSYEQYF	1
CASSQDLGKYPGNTIYF	1
CASSQDPRDTSLNTEAFF	1
CASSQDPGRYGYTF	1
CASSQDPRANQPQHF	1
CASSQDPFLVNTEAFF	1
CASSQDPSLRTEAFF	1
CASSQDRDRVFYGYTF	1
CASSQDQFNSPLHF	1
CASSQDQRTGQPQHF	1
CASSQDAWLEQDYGAFF	1
CASSQDARGFDGYTF	1
CASSQDAALNSPLHF	1
CASSQDGGTGGRDYGYTF	1
CASSQDGDRGYLNYGYTF	1
CASSQDGRAGETQYF	1
CASSQDGRIEAFF	1
CASSQDGQNQHF	1
CASSQDMFPKVDGYTF	1
CASSQDTVTRRGYTF	1
CASSQDFRAGGWGYTF	1
CASSQDWRNSYEQYF	1
CASSQDWDRAYGYTF	1
CASSQDLLTMGGKNIQYF	1
CASSQDRGTGSNQPQHF	1
CASSQDGISNQPQHF	1
CASSQDGRNSNQPQHF	1
CASSQDISGVPFF	1
CASSQDSYQPQHF	1
CASSQDRGQPQHF	1
CASSQEFQGNYGYTF	1
CASSQESSGVEGGYTF	1
CASSQESVLRVNTEAFF	1
CASSQESGVGETQYF	1
CASSQELSAGSPLHF	1
CASSQERGPTPYEQYF	1
CASSQEVSHSNQPQHF	1
CASSQEGGSGNTIYF	1
CASSQEDRVFTFSGNTIYF	1
CASSQEIASGGSPLHF	1
CASSQERASNQPQHF	1
CASSQEPPVGQGLGYTF	1
CASSQEPGGTGELFF	1
CASSQEHIGNQPQHF	1
CASSQEVNYGYTF	1
CASSQEVGQGASNQPQHF	1
CASSQEGAGGSNIQYF	1
CASSQEGTIHTQYF	1
CASSQEGGTQPQHF	1
CASSQEGTSGSYEQYF	1
CASSQEGTGGNQPQHF	1
CASSQEIGSDTQYF	1
CASSQIILTEAFF	1
CASSQTTSGSSYEQYF	1
CASSQTTGDFEKLFF	1
CASSQSRGTTNEKLFF	1
CASSQSGTANEKLFF	1
CASSQKVGEYQPQHF	1
CASSVLGPDSNYGYTF	1
CASSVSGGPNYGYTF	1
CASSVDRGDTEAFF	1
CASSVEGRNSPLHF	1
CASSVSGFTDTQYF	1
CASSVQGLREKLFF	1
CASSAHTLAASTDTQYF	1
CASSAQAGEDTEAFF	1
CASSAGTPLGEQYF	1
CASSAGQAQYVTYGYTF	1
CASSATSTDTDTQYF	1
CASSASRTVGLELFF	1
CASSAKTDTQYF	1
CASSAQDRPNTEAFF	1
CASSAGQIMNSPLHF	1
CASSATTGGGYNEQFF	1
CASSAQGGTEAFF	1
CASSGSGQLYGYTF	1
CASSGALDNSPLHF	1
CASSGDRANPGYTF	1
CASSGNGDIQYF	1
CASSGYSGPLYEQYF	1
CASSGDNEQFF	1
CASSDQGIGNEKLFF	1
CASSEQGPNEKLFF	1
CASSMGPGALTGELFF	1
CASSMGQNYGYTF	1
CASSMDGNTEAFF	1
CASSMDRSNEKLFF	1
CASSIGLTNEAFF	1
CASSTSGGTEAFF	1
CASSTRDRGSPLHF	1
CASSTGRATNEKLFF	1
CASSTTGENSPLHF	1
CASSTSGREVQDTQYF	1
CASSTPTGGTDTQYF	1
CASSTTAGNTEAFF	1
CASSTTGESSGNTIYF	1
CASSSGASSYNEQFF	1
CASSSGQESSYEQYF	1
CASSSDSSYNSPLHF	1
CASSRGPNTGELFF	1
CASSRGQGNEQYF	1
CASSRDRGFGYTF	1
CASSNSNSGNTIYF	1
CASSKDSVNTEAFF	1
CASRSAKGDTQYF	1
CASRGSRNTEAFF	1
CASREAPGHNSPLHF	1
CASREGTGAYNEQFF	1
CASREQGSNTEAFF	1
CASRIREGTEAFF	1
CASRMSLRGGDEQFF	1
CASRFATNEKLFF	1
CASRPTGNTEAFF	1
CASRPGGSPPGTQYF	1
CASRPGTGGGQPQHF	1
CASRHRGTPNTEAFF	1
CASRGGFQETQYF	1
CASRDRLSYMNTEAFF	1
CASREGDGNTIYF	1
CASRIDRGHSGEAFF	1
CASRTGVSNEKLFF	1
CASRTDRAYQPQHF	1
CARIAGGPFTDTQYF	1
CIGRLPGQGEGYTF	1
CTTQRGVTGELFF	1
CTSRRIGRDGNQPQHF	1
CTIGSSAYNEQFF	1
CSSSRGRDQPQHF	1
CSLPPDRITYEQYF	1
CSLMGTDNYGYTF	1
CSAFPQGRHTEAFF	1
CSAFTHRNTEAFF	1
CSALSYNEQFF	1
CSALRQGRGYTF	1
CSASPDRGPFTEAFF	1
CSASPGYSNQPQHF	1
CSASDGHNEQFF	1
CSAWDRRGNTIYF	1
CSAWDAVNTEAFF	1
CSAWTSGRADYEQYF	1
CSAYLTGVPTEAFF	1
CSAYRDNTEAFF	1
CSALTGNQPQHF	1
CSALHRQGGRNQPQHF	1
CSALTDNYGYTF	1
CSALGQARHFGYTF	1
CSAPSVMNTEAFF	1
CSAPHPLAGQYEQYF	1
CSAPQGPRVPQHF	1
CSAPGSAGGGYNEQFF	1
CSAPESNYGYTF	1
CSAPITTMSNQPQHF	1
CSARRNEKLFF	1
CSARPQHF	1
CSARRQGANNEQFF	1
CSARDANTEAFF	1
CSARDTWSNEKLFF	1
CSARTQINYGYTF	1
CSARRGLNTEAFF	1
CSARQGSSNQPQHF	1
CSARIAGGTAGNTIYF	1
CSAQQGPNYGYTF	1
CSAVAGAFVEQYF	1
CSAANTGELFF	1
CSAGAGEVGQPQHF	1
CSAGRGGQPQHF	1
CSAGPSYEQYF	1
CSAGTSGKTDTQYF	1
CSAGRRSNSPLHF	1
CSAGRPGGNTIYF	1
CSAGQADYLTMALYTF	1
CSADDLTGNYGYTF	1
CSAIQPGQPQHF	1
CSAMTLGQGANGYTF	1
CSATVAGSSYEQYF	1
CSATGRGFF	1
CSATPLAGGVFEQFF	1
CSATPVPGGYGYTF	1
CSATPTAYGYTF	1
CSATPGGRATDTQYF	1
CSATREADRVSYGYTF	1
CSATKNRGNEKLFF	1
CSATKRTGEKLFF	1
CSATDRGRVYSPLHF	1
CSASFSGQGGLDEQFF	1
CSASLVSTGDYGYTF	1
CSASLGGYNSPLHF	1
CSASWNTEAFF	1
CSASPYEQYF	1
CSASPAEYSPLHF	1
CSASGWGAMGYGYTF	1
CSASDPDRGGQNTIYF	1
CSASDRGGNQPQHF	1
CSASSGRSYGYTF	1
CSASRQGLATEAFF	1
CSASYPNANYGYTF	1
CSASPLQLIMSSYEQYF	1
CSASPGTYSNQPQHF	1
CSASVRGYTF	1
CSASIHSNQPQHF	1
CSASSGLSNQPQHF	1
CSASRGDGYTF	1
CSASRHFVGNTIYF	1
CSARRRGSYGYTF	1
CSARHTESSPLHF	1
CSARQFLQAYGYTF	1
CSARVLSRQTYGYTF	1
CSARAGTGSGYTF	1
CSARAPHRVGNTEPFF	1
CSARGTSSSGELFF	1
CSARGTGRGETQYF	1
CSARGQGANTEAFF	1
CSARDRVTNYGYTF	1
CSARERDTEAFF	1
CSARENEQFF	1
CSAREQGASNQPQHF	1
CSARISGGGYGYTF	1
CSARSTSSGSYNEQFF	1
CSARFLGQGNQPQHF	1
CSARSPGLAGEITGELFF	1
CSARSAGNTEAFF	1
CSARWGTNEKLFF	1
CSARYGGLTEAFF	1
CSARLRRGANTEAFF	1
CSARPAGQMNTGELFF	1
CSARPRTAPGNTIYF	1
CSARPLLAVSSGYTF	1
CSARPSLNTEAFF	1
CSARPGFVQETQYF	1
CSARPTGLLDQPQHF	1
CSARRLNTEAFF	1
CSARHPSTGAFF	1
CSARQGGDTEAFF	1
CSARVPGRWTEAFF	1
CSARVGTTYSPLHF	1
CSARVGGASNQPQHF	1
CSARVWDQPQHF	1
CSARVPWGYTF	1
CSARVQSSYNSPLHF	1
CSARVDGDQPQHF	1
CSARVGVNYGYTF	1
CSARASGINQPQHF	1
CSARAPRGVNTEAFF	1
CSARAQGGQPQHF	1
CSARAGSNGYTF	1
CSARAVNTGELFF	1
CSARGWENTEAFF	1
CSARGGESGSNQPQHF	1
CSARGPRFMPLRGNQPQHF	1
CSARGSGSSSYNEQFF	1
CSARGGRSWETQYF	1
CSARGGVNTEAFF	1
CSARGDTNTEAFF	1
CSARGTQGNQPQHF	1
CSARGTNTEAFF	1
CSARGRVYNGELFF	1
CSARDFQRPGELFF	1
CSARDSLGWTGYTF	1
CSARDSRQGGAEAFF	1
CSARDYWQGSHNQPQHF	1
CSARDYVQGTYGYTF	1
CSARDYRNTPAGPQHF	1
CSARDLRGTGNQPQHF	1
CSARDLQGAIYGYTF	1
CSARDLETDGSYNEQFF	1
CSARDLSLMNTEAFF	1
CSARDLSGDHGYTF	1
CSARDLNHVFTDSNQPQHF	1
CSARDPTGRGDEQYF	1
CSARDPRTGTNTGELFF	1
CSARDPQDSQPQHF	1
CSARDPGTGTGGYTF	1
CSARDPGEERAFF	1
CSARDPGGKYNEQFF	1
CSARDRREGGEKLFF	1
CSARDHGARGMNTEAFF	1
CSARDHEANEKLFF	1
CSARDARRLTEAFF	1
CSARDGRNTEAFF	1
CSARDGGPNTEAFF	1
CSARDGEFYSNQPQHF	1
CSARDGRGPFQETQYF	1
CSARDGTRQGWAYEQYF	1
CSARDIRLGNYGYTF	1
CSARDIVGVGYTF	1
CSARDMGRATGNTIYF	1
CSARDTRTNEKLFF	1
CSARDRTGVLNGYTF	1
CSARDRVAGDDTEAFF	1
CSARDNRILYGYTF	1
CSARDSLGVLNGYTF	1
CSARDWSGSTNEKLFF	1
CSARDLRTRDEQFF	1
CSARDPDSPTEAFF	1
CSARDQPQKVYTF	1
CSARDDGASSYTF	1
CSARDTGTGEDYNSPLHF	1
CSARELRRTSTDTQYF	1
CSARELTQGRGYTF	1
CSARELNFISGNTIYF	1
CSAREQGKGSPLHF	1
CSAREAGPSYEQYF	1
CSAREGTYYEKLFF	1
CSARETSSYEQYF	1
CSARERRHLNTGELFF	1
CSAREQGVQFF	1
CSAREGTVSYNEQFF	1
CSARMDGNTEAFF	1
CSARMDRLNSPLHF	1
CSARIQSLDEAFF	1
CSARTGLMNTEAFF	1
CSARRVGSGNTIYF	1
CSANRAGVMNEQFF	1
CSANRGLTEAFF	1
CSAKVAGIPDTQYF	1
CSAKTPSTQPQHF	1
CSAKGGITGNTIYF	1
CSAKTEAFF	1
CSASARTGQPQHF	1
CSASTEIYGYTF	1
CSASDHWTSGRGAYNEQFF	1
CSALGQGGYTF	1
CSALSLDRGLGNTEAFF	1
CSALDRQGAYAFF	1
CSALNSNQPQHF	1
CSAPYTGGDGGYTF	1
CSAPEDRGLFAGNTIYF	1
CSAPTLGGGMPGSNQPQHF	1
CSAPATSNQPQHF	1
CSAPKGVNTEAFF	1
CSAPPREPYGYTF	1
CSAPGADEEPQHF	1
CSAPHAPTGAIEAFF	1
CSAPAGETETQYF	1
CSAPGHSGNTIYF	1
CSARPVTRGEKLFF	1
CSARDRGNSPLHF	1
CSAHLGQGSYGYTF	1
CSAHDPANYGYTF	1
CSAVQGDYGYTF	1
CSAARAVSYNEQFF	1
CSAGGQAPYGYTF	1
CSAEKRRSPLRDEQFF	1
CSAESRGTNEKLFF	1
CSAMTGTGGYQPQHF	1
CSAITTDWAGTQHF	1
CSATTPGATNYGYTF	1
CSATDRGRYNEQFF	1
CSATPIGRDYGYTF	1
CSARKDRAYYSPLHF	1
CSARKLRTGDQPQHF	1
CSANRPGGYTF	1
CSARQKYNSPLHF	1
CSAGQGGRNTIYF	1
CSATSGGEKLFF	1
CSASWTGSGGTEAFF	1
CSASRGRSKNIQYF	1
CSARGLDTEAFF	1
CSARGTEAFF	1
CSANRGFDEKLFF	1
CSAKTAYTEAFF	1
CSAKDDRANTEAFF	1
CSARTGERQDSPLHF	1
CSAGLTYNEQFF	1
CSADHGYTF	1
CSAEPGEYGEAFF	1
CSARTGLDGYTF	1
CSARLAGETQYF	1
CSGLRRGDQPQHF	1
CSDTGISEAFF	1
CSTKEGQGGWDSPLHF	1
CSTGTQGGYGYTF	1
CSSGTETQAFF	1
CSLTSASSYNEQFF	1
CSPHRGTEAFF	1
CSRSDSGNTIYF	1
CSVFSQSKGYGYTF	1
CSVFGRALNTQYF	1
CSVLNKENTEAFF	1
CSVSGGSEKLFF	1
CSVWGDGNTIYF	1
CSVYPGQGGEKLFF	1
CSVLLNTGELFF	1
CSVPSGKNTGELFF	1
CSVPDSNEKLFF	1
CSVPTASNTEAFF	1
CSVPGPYGGYTF	1
CSVRSGGTDTQYF	1
CSVRDGQNTIYF	1
CSVRESRGLSAPQHF	1
CSVHRTGGGYTF	1
CSVQGEKLFF	1
CSVVYPGTSEKQRYTF	1
CSVVLVSYNEQFF	1
CSVVRGIVNTEAFF	1
CSVVGGASGPLDTQYF	1
CSVVIRGYYGYTF	1
CSVVAVGGEAFF	1
CSVVGGRVPTQYF	1
CSVVGGRADRTDTQYF	1
CSVVSRGDTIYF	1
CSVVRSGREQYF	1
CSVVVVNEQFF	1
CSVVLVGNEQFF	1
CSVVVIMNTEAFF	1
CSVVGRPQETQYF	1
CSVVKNSNQPQHF	1
CSVASTPSNQPQHF	1
CSVAGQTNEQFF	1
CSVALGQGGQVTQYF	1
CSVAPPGVFNEQFF	1
CSVAGEDGYTF	1
CSVAGTNNQPQHF	1
CSVADRENNEQFF	1
CSVATGGVGEKLFF	1
CSVARVKDTEAFF	1
CSVAQATNEKLFF	1
CSVAGQLKNTEAFF	1
CSVADRPNTEAFF	1
CSVALGLSNQPQHF	1
CSVARNTEAFF	1
CSVGGGSGTGELFF	1
CSVGDRPNQPQHF	1
CSVGSGPGLGQPQHF	1
CSVGASVGRVEKLFF	1
CSVGDRNYEQYF	1
CSVDSTGAGVDTEAFF	1
CSVDPAGGQETQYF	1
CSVDGAGEWAEQFF	1
CSVDERQGKAFF	1
CSVDSGVGNTIYF	1
CSVDPGSGGYTF	1
CSVDQGRNTEAFF	1
CSVDVSNTEAFF	1
CSVDGRITPNYGYTF	1
CSVDGYRGNTEAFF	1
CSVDNSLTGELFF	1
CSVEFSTVNTEAFF	1
CSVEPAFSSYNEQFF	1
CSVERSGRGYNEQFF	1
CSVEVDRVATEAFF	1
CSVEARSGIQYF	1
CSVEGGRVTDTQYF	1
CSVEDYGYTF	1
CSVEEWDRGPGYTF	1
CSVEEGVNQPQHF	1
CSVETGGQTEAFF	1
CSVEFPPGESTF	1
CSVEPRQNTEAFF	1
CSVERDREPGLAGVPNEQFF	1
CSVEVDRDYGYTF	1
CSVEVQLNTEAFF	1
CSVEARSLNTEAFF	1
CSVEGTGTGPYEQYF	1
CSVEGISGNTIYF	1
CSVEDWGQGETQYF	1
CSVEDLGSEAFF	1
CSVEDRGGLAEAFF	1
CSVEDARTVGNTIYF	1
CSVEDGGTGSYGYTF	1
CSVEDGQGTNTEAFF	1
CSVEDRGRGYGYTF	1
CSVEELSGNGYTF	1
CSVEEGRADGYTF	1
CSVEETDPNYEQYF	1
CSVEMGTGSYEQYF	1
CSVERVGRQYEQFF	1
CSVEKTDTQYF	1
CSVIGLAYEQYF	1
CSVTVQGREKLFF	1
CSVTTGTSGADTQYF	1
CSVTDGLNTEAFF	1
CSVTDRVYGYTF	1
CSVTKTTIPGQVDTEAFF	1
CSVTQGGNQPQHF	1
CSVTGGPGNTIYF	1
CSVRAQRDQPQHF	1
CSVKSGTGSNQPQHF	1
CSVLRAYGETQYF	1
CSVLARTGSIGELFF	1
CSVPWRDRGVDQPQHF	1
CSVPTGSSAEAFF	1
CSVHSGTRLNTEAFF	1
CSVQRTVNTEAFF	1
CSVQEGGFTEAFF	1
CSVGTGNQPQHF	1
CSVDRGREAFF	1
CSVEDRGLNEQYF	1
CSVETDRPSWGYTF	1
CSVTGVYSGNTIYF	1
CSVKRTGGVNEKLFF	1
CSVLSGRGDEQFF	1
CSVQGQLNTEAFF	1
CSVGAAFF	1
CSVRPGRLRDNEQFF	1
CSVRQGATEAFF	1
CSVAGQRHEKLFF	1
CSAYAGTENNEQFF	1
CSALGRELFF	1
CSAQGQGSNQPQHF	1
CSAADSGFSNIQYF	1
CSAGGQGPDTQYF	1
CSALPEVTTEAFF	1
CSALQGALYLEPQHF	1
CSAVLYGHSVGNTIYF	1
CSADGQGIYGYTF	1
CSAILDGSPDTEAFF	1
CSATRVIYGYTF	1
CSANTGNTEAFF	1
CSADLNTEAFF	1
CSAANTEAFF	1
CSAKGQGAAGYTF	1
CSGDGQGYETQYF	1
CSGTGTSDYEQYF	1
CSGWYGGSHGYTF	1
CSGGQPEAFF	1
CSGEGIGRPEAFF	1
CSGITGNTEAFF	1
CSGTDRDTEAFF	1
CSTGTANSPLHF	1
CSTIAGGPGRSTDTQYF	1
CASSEASALQETQYF	4
CASSHSTEGVTQYF	4
CSVEASGRAVEQFF	4
CAISGLADSTDTQYF	3
CATTSRWLGQSTDTQYF	3
CATSDSTSGNHEQFF	3
CATRLGHTDYNEQFF	3
CASSPPVRPPRQFF	3
CASSFLAGDYNEQFF	3
CASSLTGGAYGYTF	3
CASSYLASGANVLTF	3
CASSYSARGRESPLHF	3
CASSYPGHQIHF	3
CASSYQTSGKNEQFF	3
CASSPPVGSTYEQYF	3
CASSGSEPTLAGGTNEQFF	3
CASSDSGGSYNEQFF	3
CASSEGESGTDTQYF	3
CASSFQKQTSGRGETQYF	3
CASSLDLGLEDIQYF	3
CASSLVRALGTQYF	3
CASSLAGVAGLIYNEQFF	3
CASSLAVGNREKLFF	3
CASSLGGQGMSGELFF	3
CASSLGLAYEQYF	3
CASSLDYLSTDTQYF	3
CASSSYNEQFF	3
CASSWDYTSYNEQFF	3
CASSLEVDEQYF	3
CASSLKPAGDGETQYF	3
CASSPSPNTGELFF	3
CASSPLAGGPGTGELFF	3
CASSPGGADTQYF	3
CASSPNPTSGAYTDTQYF	3
CASSQRSAGANVLTF	3
CASSQTASGSYEQYF	3
CASSVTSGSGDEQYF	3
CASSGSSSAGGLNIQYF	3
CASSRVSASSYNEQFF	3
CASRSGSNPYEQYF	3
CASKLGQAPVGYEQYF	3
CASSFFSGRTTYNEQFF	3
CASSFFGRELNEQFF	3
CASSFGTANTGELFF	3
CASSLGATSGRTDTQYF	3
CASSLEPSGRNEQFF	3
CASSSTEEGREDF	3
CASSWGQGTYEQYF	3
CASSYRGSSYGYTF	3
CASSPDGLPGTGELFF	3
CASSQVSQANYGYTF	3
CASSQASSGSNEQFF	3
CASSQDGVAGVAYNEQFF	3
CASSQDPRPNQPQHF	3
CSAQLAGVSDTQYF	3
CSAVLRDKLYEQYF	3
CSATTGQGANNEQFF	3
CSASLAPFPGDTQYF	3
CSARGDRDYEQYF	3
CSARGVQRETIEQFF	3
CSARDERDSSTDTQYF	3
CSVGQGGDGYTF	3
CSVERGVYEQYF	3
CASQTGEAQPQHF	2
CAGYRDASYNEQFF	2
CAITPGPKSSYEQYF	2
CAISPAPRSYEQYF	2
CAISATASGLHEQYF	2
CAISAGYEQYF	2
CAISDQGAVEQYF	2
CAISDSGTSANEQFF	2
CAISDSPGSYTF	2
CAISESTGSRTQYF	2
CAISLTGEASYEQYF	2
CAISADREETQYF	2
CATSRSGQGATYNEQFF	2
CATLGGGDYEQYF	2
CATPGLHNTGELFF	2
CATGERSNTGELFF	2
CATEIMSGNSPLHF	2
CATIRGLAGARDTQYF	2
CATSLDTVDTQYF	2
CATSVGAGGRNYGYTF	2
CATSALTPTLAGVSTDTQYF	2
CATSDLNKSRQQFF	2
CATSDSGTGGYEQYF	2
CATSDTRQALQEQFF	2
CATSDRLGDRGEGYTF	2
CATSESRTEFEYGYTF	2
CATSTYEETQYF	2
CATSRGRSSYEQYF	2
CATSRTTRSEQFF	2
CATSVAGGPTYEQYF	2
CATSASGALYNEQFF	2
CATSGWTSGDTDTQYF	2
CATSDRAGGPDEQFF	2
CATSEDRDRINNEQFF	2
CATSTFSGGEAKNIQYF	2
CATSTGREQGYTF	2
CATSSPSELILAKNIQYF	2
CATSSTQTRGEQYF	2
CATSRYQRESLDEQFF	2
CATSRYRAPYEQYF	2
CATSRAVLAPYNEQFF	2
CATSRGLREATDTQYF	2
CATSRGWASGYYEQYF	2
CATSRGGTSGRGEQYF	2
CATSRGRDGAYEQYF	2
CATSRDSVGGYGYTF	2
CATSRDPGAYEQYF	2
CATSRERGSAHEQYF	2
CATRSQRQTLGNTIYF	2
CATRFALGNNSPLHF	2
CATRLAGEVGEQFF	2
CASFTSGSKYEQYF	2
CASMGLGQGIQPQHF	2
CASSGTGVFYEQYF	2
CASSPGLLNEQFF	2
CASSPGTVHQNSPLHF	2
CASSPTVTYEQYF	2
CASCFAKNIQYF	2
CASRRWGSNEKLFF	2
CASRRGQETQYF	2
CASALEGGYNEQFF	2
CASGTNTGELFF	2
CASGRDSTDTQYF	2
CASILAGGISGEDEQYF	2
CASIPSLAIDEQFF	2
CASMTSGSYEQYF	2
CASTSSWGTDTQYF	2
CASTLGGYHYEQYF	2
CASTLTGREQFF	2
CASTLGREQYF	2
CASTALDIGSAGELFF	2
CASTDVNRAQYYGYTF	2
CASSFLSETQYF	2
CASSFSRGETQYF	2
CASSFREGAPLHF	2
CASSFGYEQYF	2
CASSFRWRGNYGYTF	2
CASSFFGGGTDTQYF	2
CASSFSGVKNTGELFF	2
CASSFLGTGPQETQYF	2
CASSFVGGNTEAFF	2
CASSFGGGGSQPQHF	2
CASSFGRYNSPLHF	2
CASSFGQASYEQYF	2
CASSLHEQFF	2
CASSLGTEAFF	2
CASSLGTEAFF	2
CASSLNGPSTDTQYF	2
CASSLFPPGTDTQYF	2
CASSLLGGSSGSNVNEQFF	2
CASSLSRGNTEAFF	2
CASSLSSTDTQYF	2
CASSLSPLGLEGYTF	2
CASSLSPEWNTEAFF	2
CASSLSGRLAAYEQYF	2
CASSLSPSNEKLFF	2
CASSLSGEQYF	2
CASSLPQRTYEQYF	2
CASSLRGSKETQYF	2
CASSLQETQETQYF	2
CASSLARVRVENTEAFF	2
CASSLAGTGGQETQYF	2
CASSLGPSGRAGTDTQYF	2
CASSLGVSGSDNEQFF	2
CASSLGDTGELFF	2
CASSLGTANQPQHF	2
CASSLERPPDTQYF	2
CASSLEVRGNQPQHF	2
CASSLRAGSQGQPQHF	2
CASSLNPRVGSPLHF	2
CASSSSQGFREQYF	2
CASSSSARNEQFF	2
CASSSSTAIRYTF	2
CASSSPLAGILDTQYF	2
CASSSHSGLAARSTDTQYF	2
CASSSQLWDRKNIQYF	2
CASSSTGGLNTEAFF	2
CASSSLAGGADTQYF	2
CASSSPGQRYGYTF	2
CASSSASGTHRDNEQFF	2
CASSSGGETGELFF	2
CASSWLGGNQPQHF	2
CASSWTGAYEQYF	2
CASSYQGAGNYGYTF	2
CASSYQGSPNSPLHF	2
CASSYSSGELFF	2
CASSYSGPGMETQYF	2
CASSYSGQIKYNEQFF	2
CASSYSSTSGAMEQYF	2
CASSYRDSVHEQFF	2
CASSYRLAGYNEQFF	2
CASSYRGGREKLFF	2
CASSYRVSYNSPLHF	2
CASSYGDSNQPQHF	2
CASSYGETQYF	2
CASSYDRDRPYGYTF	2
CASSYMGEKLFF	2
CASSYTGATDTQYF	2
CASSYRTGKNIQYF	2
CASSLFGQADYGYTF	2
CASSPLGQTYGYTF	2
CASSPRVGGYTF	2
CASSPRQGVSYEQYF	2
CASSPGHPEAFF	2
CASSPDPTYEQYF	2
CASSPTWDLSTDTQYF	2
CASSPTLQAYSSYNEQFF	2
CASSRRVPPLDTQYF	2
CASSRSSLANTEAFF	2
CASSHDREVYEQYF	2
CASSQGWGYTEAFF	2
CASSQIQGAGSTEAFF	2
CASSQGLLNTEAFF	2
CASSQNRGLDEQYF	2
CASSVSGASYNEQFF	2
CASSVSGQTSGRASADTQYF	2
CASSATDPGNTIYF	2
CASSASQSGPQYF	2
CASSAWTGRGNAEAFF	2
CASSAGLSHTDTQYF	2
CASSAQGYNEQFF	2
CASSGGQGSDEQFF	2
CASSGTSGSYNEQFF	2
CASSGQWSPLHF	2
CASSGQGPQQQYF	2
CASSGNSGESNEQFF	2
CASSDGGQGADTQYF	2
CASSDSSAGNTGELFF	2
CASSDSSSGANVLTF	2
CASSDSASGSHEQYF	2
CASSDSVRGDTGELFF	2
CASSDGTGVLEQYF	2
CASSDGLAAIYEQYF	2
CASSDNTGALYGYTF	2
CASSEESGRADEQFF	2
CASSESEGSGSYEQYF	2
CASSELAGVDTQYF	2
CASSEQGGNTHNEQFF	2
CASSEDLDGSNQPQHF	2
CASSEMSGDYNEQFF	2
CASSETPGQGTDTQYF	2
CASSIDRGSYEQYF	2
CASSFQRGEKLFF	2
CASSFTGEGNIQYF	2
CASSFTGVGGNTIYF	2
CASSFSGITDTQYF	2
CASSFRESSYNEQFF	2
CASSFLGTDTQYF	2
CASSFLIGLAGDTQYF	2
CASSFRDNQETQYF	2
CASSFRTGGARYF	2
CASSFAGTSVKETQYF	2
CASSFTGSVGELFF	2
CASSFRGTNEKLFF	2
CASSFNGHTISTDTQYF	2
CASSLLSGNEQFF	2
CASSLPRADYGYTF	2
CASSLQGNQPQHF	2
CASSLQGATGELFF	2
CASSLAGQGVGNYEQYF	2
CASSLGRGIEQYF	2
CASSLGYNEQFF	2
CASSLGGANTEAFF	2
CASSLGTANTEAFF	2
CASSLGITPYGYTF	2
CASSLDRPLVATNEKLFF	2
CASSLESVYGYTF	2
CASSLELVPEFF	2
CASSLEGRTYSGGYTF	2
CASSLTRTTTEAFF	2
CASSLTVLRDGYTF	2
CASSLTGTEYNEQFF	2
CASSLTRLYGYTF	2
CASSLTGGGNQPQHF	2
CASSLFGLATYNEQFF	2
CASSLSSHNEQFF	2
CASSLSSEVGGRKQYF	2
CASSLYDDYNEQFF	2
CASSLLAGVNEQFF	2
CASSLPGPRAETQYF	2
CASSLRAQSSYEQYF	2
CASSLRASGFQHNEQFF	2
CASSLRQGGDGQYF	2
CASSLVSTGELFF	2
CASSLVNTGELFF	2
CASSLVEASGPNEQFF	2
CASSLVQTTTF	2
CASSLAYNEQFF	2
CASSLASGPNEKLFF	2
CASSLAPGRASGNTIYF	2
CASSLALAGGTYNEQFF	2
CASSLALGDSRFF	2
CASSLAGTQYF	2
CASSLATLAGYNEQFF	2
CASSLASGTAAYSPLHF	2
CASSLAGGYGYTF	2
CASSLGDRRSYEQYF	2
CASSLGTGGTDTQYF	2
CASSLGSPGGNEQFF	2
CASSLGGRAEDTQYF	2
CASSLGGRFLDTQYF	2
CASSLGEGEQFF	2
CASSLGTDTQYF	2
CASSLGRAYEQYF	2
CASSLGFSNQPQHF	2
CASSLGHYEQYF	2
CASSLGQGARDIQYF	2
CASSLGPALAGNTIYF	2
CASSLGGGRADTQYF	2
CASSLDVFVRPRSHEQYF	2
CASSLDGRETETQYF	2
CASSLDRGRDGYTF	2
CASSLEGGLVTYEQYF	2
CASSLEGLDSNEQFF	2
CASSLERNEQFF	2
CASSLISHEQFF	2
CASSLMSGAGQETQYF	2
CASSLMVYRGAANEKLFF	2
CASSLTLQGLAFF	2
CASSLTGGPQETQYF	2
CASSLTGDEQYF	2
CASSLTGEEDTQYF	2
CASSLTREYENIQYF	2
CASSLRSSRTGTYEQYF	2
CASSLRGAREGTSGNTIYF	2
CASSLKRPGGQQETQYF	2
CASSLKAGGNNEQFF	2
CASSSDALDTQYF	2
CASSSTDLLAKNIQYF	2
CASSSLFLDRDEQYF	2
CASSSPPGGPNTEAFF	2
CASSSPPGEQYF	2
CASSSPNYNEQFF	2
CASSSHAGLYNEQFF	2
CASSSQGGNQPQHF	2
CASSSALSYEQYF	2
CASSSIGDEQYF	2
CASSSRGPETQYF	2
CASSSNAGETQYF	2
CASSSWPGTPYNEQFF	2
CASSSGAYNEQFF	2
CASSSGLAGYEQYF	2
CASSSGQGYGYTF	2
CASSSTGGRALQGQYF	2
CASSSTGNTEAFF	2
CASSSWGMIDGYTF	2
CASSSPSDNTGELFF	2
CASSSGTISTDTQYF	2
CASSSEDGQPQHF	2
CASSSIRDLLGNEQFF	2
CASSWGGGFNYGYTF	2
CASSWDGLEKLFF	2
CASSWTGGEYEQYF	2
CASSWSTGQGIYEQYF	2
CASSYGPNEAFF	2
CASSYPGGPRNEQFF	2
CASSYQRGGFYEQYF	2
CASSYDRGRENEQFF	2
CASSYTGRSEQYF	2
CASSLSGDVDIQYF	2
CASSLTAGAEQFF	2
CASSLTGNTEAFF	2
CASSLRGSNQPQHF	2
CASSLNEQFF	2
CASSLDLGRTEVGYTF	2
CASSLTGGQETQYF	2
CASSLNGGTTRYEQYF	2
CASSPLGVDEQFF	2
CASSPTGGSLYEQYF	2
CASSPSARERQFF	2
CASSPFGNTEAFF	2
CASSPLGSNNSPLHF	2
CASSPLDETKFAQYF	2
CASSPRDGNSPLHF	2
CASSPQSPGTQYF	2
CASSPGTSETGELFF	2
CASSPGTGSYEQYF	2
CASSPGRGREFNSLYEQYF	2
CASSPGQGRSNQPQHF	2
CASSPDPGGKLFF	2
CASSPEIGFSPLHF	2
CASSPVGNIQETQYF	2
CASSPVSGTPSDTQYF	2
CASSPGTSGRLREQYF	2
CASSPTSGITGELFF	2
CASSPLGDTQYF	2
CASSPPGVAGGVEQFF	2
CASSPGLAGGWDEQYF	2
CASSPTKDLAGSSSYNEQFF	2
CASSRQEGLGYNEQFF	2
CASSRGVSNQPQHF	2
CASSRGGFTEAFF	2
CASSRDYHEQFF	2
CASSRDNGNQPQHF	2
CASSRNELYYGYTF	2
CASSRDVRPDTGELFF	2
CASSHYTIGYTF	2
CASSQSSYNEQFF	2
CASSQRSPQKYF	2
CASSQHTWGTNEKLFF	2
CASSQAGGSYEQYF	2
CASSQSGRLTDTQYF	2
CASSQLGTGAYEQYF	2
CASSQLAGVREQYF	2
CASSQRVWTSGSPLHF	2
CASSQHRDNSPLHF	2
CASSQVPAGVYNEQFF	2
CASSQVNTGEQFF	2
CASSQAQRPEDTQYF	2
CASSQASGSYNEQFF	2
CASSQGPASGAYNEQFF	2
CASSQGREGHNEQFF	2
CASSQGPYNEQFF	2
CASSQGESPSGEQYF	2
CASSQGLAGAYEQYF	2
CASSQDLRGRAWGQYF	2
CASSQDLASGRGQYF	2
CASSQDPGGSYEQYF	2
CASSQDRGGSYNEQFF	2
CASSQDQFGRDTQYF	2
CASSQDQETQYF	2
CASSQDWQELSGTQYF	2
CASSQEGQGTYEQYF	2
CASSQESGNYNSPLHF	2
CASSQEAGEPGELFF	2
CASSQESALSSGELFF	2
CASSQSETGPSYEQYF	2
CASSQNTGHVETQYF	2
CASSVISTGELFF	2
CASSVDRDYEQYF	2
CASSVRLADDNEQFF	2
CASSVSGKLNEQFF	2
CASSVVLAGARDTQYF	2
CASSVVGGTSESDTQYF	2
CASSVGLAKNIQYF	2
CASSVDDANTGELFF	2
CASSVDTDTQYF	2
CASSVNRIGEIRETQYF	2
CASSASGRADTQYF	2
CASSASYNEQFF	2
CASSARGRGGELFF	2
CASSAGTGSSYNEQFF	2
CASSAATTGELFF	2
CASSARLQSTDTQYF	2
CASSGYRGRFQFF	2
CASSGTQGNYGYTF	2
CASSGGAAPTKNIQYF	2
CASSGQGDQPQHF	2
CASSGAGLAGTDTQYF	2
CASSDRPYEQYF	2
CASSDRSNQPQHF	2
CASSEGLAKNIQYF	2
CASSETDTQPQHF	2
CASSTLGLAGDAKNIQYF	2
CASSTGTGGGYTF	2
CASSTGQGAFEQYF	2
CASSTTDTQYF	2
CASSSSTSHTDTQYF	2
CASSRTGTRNTEAFF	2
CASSRSGSGDEQFF	2
CASSRLARNTGELFF	2
CASSRGTGGDEQYF	2
CASSKQGLSSSYEQYF	2
CASSKGDGETQYF	2
CASSKGDTAKPKRSQPQHF	2
CASRPNPGLATYEQYF	2
CASRQGFHEQFF	2
CASRGGGTVDSPLHF	2
CASRGGQGRTEAFF	2
CASRDDNQPQHF	2
CASRTSGNTGELFF	2
CASRKGTSGRSDTQYF	2
CASRLGLAGAPRYEQYF	2
CASRQGFRAQYF	2
CASNNVGDTYNEQFF	2
CASNLGRNYGYTF	2
CASKEGGYPTDTQYF	2
CARQSGNTLATKIQETQYF	2
CAGRNKNIQYF	2
CARKPFYLLYYSNQPQHF	2
CASSQAQGLSSPLHF	2
CASCVSGSPHNEQFF	2
CASRRDRNTEAFF	2
CASGVVSGTYNEQFF	2
CASTLTSGSYEQYF	2
CASTGLAGAGNEQFF	2
CASSLTPWGARGYTF	2
CASSQRGLGSYNEQFF	2
CASSGDRTTYEQYF	2
CASSGIKETQYF	2
CASSDRMGPKETQYF	2
CASSEPSGMDREGYNSPLHF	2
CASSERSRGFEKLFF	2
CASSFTAGDKQYF	2
CASSFTGAHTEAFF	2
CASSFLLAGGPGSYNEQFF	2
CASSFVAGDYFPDTQYF	2
CASSFEAATYNEQFF	2
CASSFTSGLAGFTDTQYF	2
CASSLFLAGENEQFF	2
CASSLWGDQETQYF	2
CASSLYAGMDTQYF	2
CASSLLQNTGELFF	2
CASSLRPGRITEAFF	2
CASSLVRASTGELFF	2
CASSLAPAENTGELFF	2
CASSLARDLIYNEQFF	2
CASSLAVAGTTEQFF	2
CASSLALATSSYEQYF	2
CASSLGGQGGNEQYF	2
CASSLGSRNEQYF	2
CASSLGLGYEQFF	2
CASSLGLAGYNEQFF	2
CASSLGLAGGLEQFF	2
CASSLGGSSEYEQYF	2
CASSLGGKSSYNEQFF	2
CASSLDGRASNEQFF	2
CASSLEASGSLPYEQYF	2
CASSLEATTYNEQFF	2
CASSLEGSIPREQYF	2
CASSLELGTQYF	2
CASSLEGTTDTQYF	2
CASSLMNTEAFF	2
CASSLTTGLAGGRETQYF	2
CASSLSRRENTGELFF	2
CASSLSGDGATGELFF	2
CASSLQGSFSYEQYF	2
CASSLGEGDFYGYTF	2
CASSLGGSNTEAFF	2
CASSLTPGREELYEQYF	2
CASSSPGTINNEQFF	2
CASSSGLATGDEQFF	2
CASSSPSGTETQYF	2
CASSSEVDTEAFF	2
CASSSTPAGETQYF	2
CASSSLGVADTGELFF	2
CASSSSGIRRGSYNEQFF	2
CASSSQGTSGVYNEQFF	2
CASSSDTISQGSEGYTF	2
CASSWAVLTGELFF	2
CASSWGTGAEQYF	2
CASSYIGDSLTGELFF	2
CASSYGEVYNEQFF	2
CASSLLAGGPQEQYF	2
CASSLYLGRDYEQYF	2
CASSLGTSGRAYEQFF	2
CASSLRTSGRTNTGELFF	2
CASSPQTSGSHEQYF	2
CASSPSRGGGTEAFF	2
CASSPRLGNTIYF	2
CASSPAPQDRPQIYTF	2
CASSPGTVFEKLFF	2
CASSPGTGITEQYF	2
CASSPQGRSTGELFF	2
CASSPGQGSSYEQYF	2
CASSPTAGRETQYF	2
CASSPNTGELFF	2
CASSPFLIADTQYF	2
CASSPGGGGYGYTF	2
CASSPRSYTEAFF	2
CASSPNPRGNTDTQYF	2
CASSRGGPTIEKLFF	2
CASSRANEQFF	2
CASSRGYNEKLFF	2
CASSHSPTVTNEKLFF	2
CASSHDLFRLSYNEQFF	2
CASSHARGVAEAFF	2
CASSQTSPTYEQYF	2
CASSQFGETGNTIYF	2
CASSQLPARAQGYTF	2
CASSQRDGLGQYF	2
CASSQVVGQGVPEAFF	2
CASSQGTSGLSTDTQYF	2
CASSQGTGSNQPQHF	2
CASSQDWGTSSSNEQFF	2
CASSQDYSSYNSPLHF	2
CASSQDHLDRGYEQYF	2
CASSQDHVAVVTYEQYF	2
CASSQDGGRYGYTF	2
CASSQDEGSYTEAFF	2
CASSQDTRGAYEQYF	2
CASSQDTGGPGEQFF	2
CASSQDPGGYSYEQYF	2
CASSQDGELFF	2
CASSQEWSGVVSEQYF	2
CASSQEVLLQETQYF	2
CASSQEVPLPYEQYF	2
CASSQELASGSNEQYF	2
CASSQEPGGGTDTQYF	2
CASSQEGGTHYEQYF	2
CASSQTAQQGYGYTF	2
CASSVGLLSLEQFF	2
CASSAGLSDTQYF	2
CASSAQKPGTGTGELFF	2
CASSGRTGSNSPLHF	2
CASSGKGLAEETQYF	2
CASSEGPGSSYNEQFF	2
CASSTWTSAANEQFF	2
CASSTGTSGSGHEQFF	2
CASSSLGAELTGELFF	2
CASSRLAGDLSEQFF	2
CASSRGQGTDTQYF	2
CASRAPDSNTEAFF	2
CASREEGGYTF	2
CARFTGSNQPQHF	2
CGLTRAANTGELFF	2
CSSLAFPDTTTDTQYF	2
CSVLRNIQYF	2
CSASRGGTEAFF	2
CSASIGSPLHF	2
CSARTLAGSYNEQFF	2
CSAAGGLKNTEAFF	2
CSAGQDRAEKLFF	2
CSADLKGYEQYF	2
CSAEPLAPRETQYF	2
CSAIRLGGNYNEQFF	2
CSASPLENTEAFF	2
CSASGREAPYEQYF	2
CSASEGPTSSNTDTQYF	2
CSASTGSSYEQYF	2
CSASFGPMNTEAFF	2
CSASPTPSGQYF	2
CSASRGEFDTGELFF	2
CSASHLDREQFF	2
CSASVRTSGQETQYF	2
CSARIGRGTGYTF	2
CSARTSGDYNEQFF	2
CSARSNTGHTEAFF	2
CSARRGRAELPFEQYF	2
CSARVRQGSETQYF	2
CSARVGYGYTF	2
CSARVGNQETQYF	2
CSARVDTRREQYF	2
CSARVGSGQETQYF	2
CSARVNFRGEQFF	2
CSARAAGAFLNLPQHF	2
CSARAGAGEQYF	2
CSARGDRDTEAFF	2
CSARDFLRRDSYEQYF	2
CSARDLTDYEQYF	2
CSARDYRAGNSGYGYTF	2
CSARDLRGDNSPLHF	2
CSARDARHPTGAFF	2
CSARDGIASQREQFF	2
CSAREAGGVYEQYF	2
CSARIPSGNTIYF	2
CSARNNLGQRYEQYF	2
CSANPPLAITYNEQFF	2
CSASGTGTNQPQHF	2
CSAPRTELSYEQYF	2
CSAPTSDYEQYF	2
CSAHGQETQYF	2
CSAQKRAGENIQYF	2
CSAVESGRALGEQYF	2
CSAANGGRDGGELFF	2
CSAAQANQPQHF	2
CSAGDTLYEQYF	2
CSATSRGQGLANYGYTF	2
CSASGRNSYNEQFF	2
CSARLLAGFGEQFF	2
CSARVSSTQYF	2
CSALQGSNQPQHF	2
CSATNYGGEEGTDTQYF	2
CSAQTGGPGETEAFF	2
CSATPRLAVTAKNIQYF	2
CSATTGQIDYGYTF	2
CSGTASGTDTQYF	2
CSGLQPNSPLHF	2
CSVSFDTTNNEQFF	2
CSVRLRNIQYF	2
CSVQTGNYGYTF	2
CSVVPDTAGEQYF	2
CSVAHLSGAPGNGYTF	2
CSVGWGAKNIQYF	2
CSVGGRFLYEQYF	2
CSVGTAGSYEQFF	2
CSVEGGQELNTEAFF	2
CSVEWLWDTEAFF	2
CSVERAWETQYF	2
CSVEAETQYF	2
CSVEGLVRGATDTQYF	2
CSVEDYWVVGRGRETQYF	2
CSVEEGTKPYNEQFF	2
CSVPPGGTDTQYF	2
CSVRNQRETDEQYF	2
CSVRPWLGDYNEQFF	2
CSVEKTSGSYEQYF	2
CSVEDRIYGYTF	2
CSVRDQGAGNTEAFF	2
CSASGDFPDPQYF	2
CSATANEQFF	2
CSATLKGSNSPLHF	2
CSAGGLYSYEQYF	2
CSGTVQETQYF	2
PSGTGIGYTF	2
SASSRWTGDEKLFF	1
CSVVSGGEQYF	1
CVVGGDGYTF	1
CASASFGLYNEQFF	1
CASAPGSDLTQYF	1
CASGLRQPLAKNIQYF	1
CASGPDGSYSNQPQHF	1
CASGLTSGTVEKLFF	1
CASSLGSGELFF	1
CASSPRLAGPSNTGELFF	1
CASSPRSLSQNQPQHF	1
CASSQEAGVYNEQFF	1
CASAPGQVYYGYTF	1
CASQTVRNQPQHF	1
CASGGITEAFF	1
CASQGGRSGNTIYF	1
CASGHREQYF	1
CACREREEENIQYF	1
CACFTGGTNEKLFF	1
CACSADLGSPLHF	1
CAWWPRLGGNTEAFF	1
CAWWTSAGELFF	1
CAWSRTGGLGYTF	1
CAWSVLNTEAFF	1
CAWSVPTLANYGYTF	1
CAWSALQGPPNTEAFF	1
CAWSETSSNQPQHF	1
CAWSPGITENTEAFF	1
CAWSPLGLNSYEQYF	1
CAWSVGEGEREYF	1
CAWRFVHEQFF	1
CAWRAFF	1
CAWRGLAGVRTGELFF	1
CAWRKLTVNTEAFF	1
CAWRQGSPTEAFF	1
CAWRITPGQGAEAFF	1
CAWNGRLGEKLFF	1
CALTPGQQSYGYTF	1
CAVKVYNEQFF	1
CAVLGTPGVDTQYF	1
CAGSRGQRNTIYF	1
CAGSGGGQPQHF	1
CAGSTSYEQYF	1
CAGRRGDGHGYTF	1
CAGRTGGNTEAFF	1
CAGQGAGNTIYF	1
CAESPGQGDNSPLHF	1
CAISDRVF	1
CAIDYNEQFF	1
CAISLVSTDTQYF	1
CAISGTSAVQQETQYF	1
CAIQGPYSYEQYF	1
CAIQTNTEAFF	1
CAIAAGTSGYNEQFF	1
CAIGLQVNTEAFF	1
CAIGDGSNQPQHF	1
CAIGRTETYEQYF	1
CAIMSERPNYGYTF	1
CAITTTPSGNTIYF	1
CAITWGNEKLFF	1
CAITATSGPSGEQYF	1
CAISSPSTDTQYF	1
CAISSGVNTEAFF	1
CAISPRANEKLFF	1
CAISRDPQGQPQHF	1
CAISRDGYQPQHF	1
CAISRAGGYEQYF	1
CAISVRSSPNEKLFF	1
CAISASRELEQYF	1
CAISAPDRAETEAFF	1
CAISDLGAGSNQPQHF	1
CAISDPTGGPEAFF	1
CAISDRDRPWKNTEAFF	1
CAISDPSGSGNQPQHF	1
CAISDPGRGSNQPQHF	1
CAISDRTGDQPQHF	1
CAISDQGKTKQPQHF	1
CAISDADILFGYTF	1
CAISDGQGLSNQPQHF	1
CAISDRVSGNTIYF	1
CAISELAGPYEQYF	1
CAISESGPWENTEAFF	1
CAISESLGEQYF	1
CAISESFRSTEAFF	1
CAISESRLNTEAFF	1
CAISESGQDNYGYTF	1
CAISESDRGNYGYTF	1
CAISESIRTSGDNEQFF	1
CAISESMAQALPTYEQYF	1
CAISESRQPTF	1
CAISESGLERGQYF	1
CAISESGLAGGNEQFF	1
CAISEYRGASYGYTF	1
CAISEPNNGVMNTEAFF	1
CAISEPGPTEAFF	1
CAISEGTSYEQYF	1
CAISEGHYSNQPQHF	1
CAISEGQGYTF	1
CAISEGQDRSSYEQYF	1
CAISEGAGGFPEQYF	1
CAISEDRNEKLFF	1
CAISETGGGTQYF	1
CAISERRFWSNQPQHF	1
CAISERDRGQQPQHF	1
CAISEGGTPFPYEQYF	1
CAISETGGWSPLHF	1
CAISPGLAGSYNEQFF	1
CAISPDRGTEAFF	1
CAISPTSGDSYEQYF	1
CAISPSGSDYNEQFF	1
CAISPPGTGETEAFF	1
CAISGGTGGFYEQYF	1
CAISEDRIPYEQYF	1
CAISTTGSSYNEQFF	1
CAIRGQGAYGYTF	1
CAIRGDRDGGNTIYF	1
CAIRGTDRGNQPQHF	1
CAIRETGYAGNTIYF	1
CAIRTGGNQPQHF	1
CAIRNPGQGAEGYTF	1
CAIRGALGNQPQHF	1
CAINSGGSDQFYNEQFF	1
CAIKGKDTEAFF	1
CAIKTDRLSGQPQHF	1
CATWAGGLQPQHF	1
CATLGDTGELFF	1
CATSTLPEAYSPLHF	1
CATSRGGDTEAFF	1
CATSGAGNSPLHF	1
CATSGLDEQYF	1
CATSRWGQNNSPLHF	1
CATWDRGRHYGYTF	1
CATQPQADQPQHF	1
CATQVGGRNTIYF	1
CATQGIESGNTIYF	1
CATQGQALYGYTF	1
CATQGTEVSPLHF	1
CATARQGMGNQPQHF	1
CATGAPSGRSTYNEQFF	1
CATGGGNEQFF	1
CATGMWAATNEKLFF	1
CATGTSGSSTDTQYF	1
CATGGQGETQYF	1
CATIDSPNTEAFF	1
CATIVGGHNNSPLHF	1
CATTPSGNTGELFF	1
CATTPETIEAFF	1
CATTNGGRGSEKLFF	1
CATSFARRAPNEKLFF	1
CATSFHRELGNQPQHF	1
CATSSSVNTEAFF	1
CATSPPRVVDQPQHF	1
CATSVGQGRSQHF	1
CATSVIWEPQHF	1
CATSVAGGGNQPQHF	1
CATSAPDRGNEKLFF	1
CATSAGGTGELFF	1
CATSGGTEAFF	1
CATSGGQGPSYNEQFF	1
CATSGGKYSNQPQHF	1
CATSGINNQPQHF	1
CATSGPPYTEAFF	1
CATSGGGTPPETQYF	1
CATSDFGGNTIYF	1
CATSDFDRNQPQHF	1
CATSDFGEQPQHF	1
CATSDFRGSYNEQFF	1
CATSDLFGGGRGVVNTEAFF	1
CATSDLWAPRGAFF	1
CATSDLRAGGVNNEQFF	1
CATSDLVSGTGDEKLFF	1
CATSDLVNEQFF	1
CATSDLAGDYGYTF	1
CATSDSSRTGEDQPQHF	1
CATSDSRGGNQPQHF	1
CATSDSPRPYGYTF	1
CATSDSGSGGNGELFF	1
CATSDSGTGGHGYTF	1
CATSDSRGETQYF	1
CATSDSRDTGNTIYF	1
CATSDSMSGTSGGRQFF	1
CATSDYSNGRGYEQYF	1
CATSDYRDREGYTF	1
CATSDYGDSGTDTQYF	1
CATSDLPYYGYTF	1
CATSDPRTGNTDTQYF	1
CATSDPGAQNYGYTF	1
CATSDPLVQTSGVNEQFF	1
CATSDPGVTEAFF	1
CATSDREHEQFF	1
CATSDRRDRDTGELFF	1
CATSDREGAGYTF	1
CATSDHPRGGMYTEAFF	1
CATSDATGGRGYTF	1
CATSDGGQGVQETQYF	1
CATSDGPSNRDRGSDEKLFF	1
CATSDTTTPRLEQFF	1
CATSDSRATGELFF	1
CATSDLRTGRGGELFF	1
CATSDPRQTNQPQHF	1
CATSDPEGSEASNEQFF	1
CATSDPERDRIATNEKLFF	1
CATSDPGRLSYGYTF	1
CATSDPRDSSDTQYF	1
CATSDRDRGNQPQHF	1
CATSDDTMTGPHGYTF	1
CATSDNQGTVNQPQHF	1
CATSDKIGPDQPQHF	1
CATSEGASEAFF	1
CATSEDYQETQYF	1
CATSEERDGYTF	1
CATSEIQGAGQPQHF	1
CATSEKDRDNEQFF	1
CATSEHDRNNEQFF	1
CATSEGARYEQYF	1
CATSETGGQNQPQHF	1
CATSRGVEGEAFF	1
CATSRGADDQPQHF	1
CATSRNGVATEAFF	1
CATSKIEVAYGYTF	1
CATSSGGASINEQFF	1
CATSSGQPQHF	1
CATSSGIEAFF	1
CATSLTWSAGGFNEKLFF	1
CATSLSRGDQPQHF	1
CATSPSPGTFYEQYF	1
CATSPSGRETQYF	1
CATSRTSNQPQHF	1
CATSRRLEGVTEAFF	1
CATSRSGNTEAFF	1
CATSVHGSGNTIYF	1
CATSVRDLVGEQYF	1
CATSGDRRPDQPQHF	1
CATSGAPKTPDTQYF	1
CATSGVRQGLYNEQFF	1
CATSGGENTIYF	1
CATSDLGNQPQHF	1
CATSDGGMGNIQYF	1
CATSELPRAANEQFF	1
CATSERTGSYNEQFF	1
CATSIGPRDSPYGYTF	1
CATSTERTGAEAFF	1
CATSSHPGTGNEKLFF	1
CATSSHRGAFF	1
CATSSGMNQPQHF	1
CATSSGTSNNEQFF	1
CATSSGSSYNEQFF	1
CATSSGVRGTEAFF	1
CATSSRVNTEAFF	1
CATSRPLSPLHF	1
CATSRVTGGGYNEQFF	1
CATSRGAFRTDEKLFF	1
CATSRGQGAANEKLFF	1
CATSRDRGQDTEAFF	1
CATSRDREGSPLHF	1
CATSREGGTQIRNIQYF	1
CATSRPSETRQPNYGYTF	1
CATSRQGDGYTF	1
CATSRVPAGATNTGELFF	1
CATSRVRLAGDNEQFF	1
CATSRVRTDNQPQHF	1
CATSRARGETNEKLFF	1
CATSRASPRDNQPQHF	1
CATSRGVAAGGTYNEQFF	1
CATSRGSGGRTGELFF	1
CATSRGATSGYTF	1
CATSRGAGTHYSNQPQHF	1
CATSRGGIGYEQYF	1
CATSRGGTGGEKLFF	1
CATSRGDRFEQYF	1
CATSRGDNSYNSPLHF	1
CATSRGDSGNEKLFF	1
CATSRDFGPPGNTIYF	1
CATSRDFEGVGLHEQYF	1
CATSRDFGGKAFF	1
CATSRDLPGTGEDTEAFF	1
CATSRDSTENQPQHF	1
CATSRDSAVSGNTIYF	1
CATSRDWTNSPLHF	1
CATSRDWSGFGDEQFF	1
CATSRDYGGTDTQYF	1
CATSRDLSSYYGYTF	1
CATSRDLAGNEQFF	1
CATSRDLAASGNTIYF	1
CATSRDLGGSETQYF	1
CATSRDLTGGTEAFF	1
CATSRDLGWDEKLFF	1
CATSRDPARPLHF	1
CATSRDPGGGTEAFF	1
CATSRDPNSPLHF	1
CATSRDRGSNQPQHF	1
CATSRDRGLGNEKLFF	1
CATSRDRHTYSPLHF	1
CATSRDRGGGEGSTDTQYF	1
CATSRDRMSSYNEQFF	1
CATSRDRQGYGYTF	1
CATSRDQSDFYGYTF	1
CATSRDAHPGTAYHTNEKLFF	1
CATSRDATFGYTF	1
CATSRDATAFYEQYF	1
CATSRDGTNYGYTF	1
CATSRDGGNYGYTF	1
CATSRDGTRDSPLHF	1
CATSRDTGPGEKLFF	1
CATSRDRWGGGEYNSPLHF	1
CATSRDRPNEKLFF	1
CATSRDKASGTYNEQFF	1
CATSRDLAGDQPQHF	1
CATSRDHANTGELFF	1
CATSRDGAYEQYF	1
CATSRDGTLGSGNTIYF	1
CATSRERDTDGYTF	1
CATSREAGDSYEQYF	1
CATSREGVGNEKLFF	1
CATSREWPWAENEKLFF	1
CATSREPGRMNTEAFF	1
CATSREQGAYEQYF	1
CATSREGLAGYTF	1
CATSRITGGSLYTF	1
CATSRSPQPRRDYGYTF	1
CATSRKKGAPYGYTF	1
CATSNSYSSYEQYF	1
CATSKLYGGHEQFF	1
CATSKGGVQPQHF	1
CATSKTGGDEKLFF	1
CATRGSKGMNTEAFF	1
CATRGRGTEAFF	1
CATRRVVEDTQYF	1
CATKGTEAFF	1
CATKAESTDTQYF	1
CATRLAGDGAEQFF	1
CATGNQPQHF	1
CATGESGGTEAFF	1
CATRTGSAEAFF	1
CATNTGGYSPLHF	1
CASFGDTGELFF	1
CASFSVTGEAFF	1
CASSSGRALYEQYF	1
CASSRGDTEAFF	1
CASSNGTAFYGYTF	1
CASSAASGNTIYF	1
CASSRAGGYTF	1
CASWYGDNQPQHF	1
CASRQGYHEQYF	1
CASQAFSGNTIYF	1
CASQATGSGYTF	1
CASQPGQDYGYTF	1
CASQTPGSGNTIYF	1
CASALREKYEQYF	1
CASARIPARNTEAFF	1
CASGTQKQETQYF	1
CASIGPSYGYTF	1
CASIPSGTYNEQFF	1
CASTQNGLAGGHNEQFF	1
CASTDLGDEQYF	1
CASTRVSGNQPQHF	1
CASSFNTEAFF	1
CASSSTGPYYGYTF	1
CASSLDFQGPTGNQPQHF	1
CASSLDSYNEQFF	1
CASSPGQSTNEKLFF	1
CASSPLDKNEQFF	1
CASSPDRSSGYTF	1
CASSPGLPGELFF	1
CASSQGTGNLYQPQHF	1
CASSQGPQGNTEAFF	1
CASSAGGSRSNEQFF	1
CASSGGTSGSSYNEQFF	1
CASSIRTGVYNEQFF	1
CASSIVFLNTEAFF	1
CASSIGAGGFPYNEQFF	1
CASSIGPDSPLHF	1
CASSMLDTIDGYTF	1
CASSMSGGIGAFF	1
CASSMRGWSNQPQHF	1
CASSMQQDNQPQHF	1
CASSMGLAGVNEQYF	1
CASSMNRDNQPQHF	1
CASSIGQGFAEQFF	1
CASSIDFPIADTGELFF	1
CASSIIPGSAYNEQFF	1
CASSITFRQINYGYTF	1
CASSISGSNTEAFF	1
CASSTPGFSYEQYF	1
CASSTSRDRGSTGELFF	1
CASSTTRDSYTEAFF	1
CASSTSHSGNTIYF	1
CASSNGQGAYEQYF	1
CASSKPWDSTEAFF	1
CASSKFGQVGYEQYF	1
CASSKQDWETQYF	1
CASSKRTGAGEAFF	1
CASSWTVNQPQHF	1
CASSPGTSPYEQYF	1
CASSRGQGTEKLFF	1
CASSVGGRITYNEQFF	1
CASRGLAGGQSSYNEQFF	1
CASRTELLNTEAFF	1
CASFRGANQPQHF	1
CASLTIVGNQPQHF	1
CASLKGQGMTEAFF	1
CASSLREDSHSTIYF	1
CASSSGQFEAFF	1
CASSWGGNKLFF	1
CASSWTSRTDTQYF	1
CASSYRQNQPQHF	1
CASSPDSNQPQHF	1
CASSTSPGTEAFF	1
CASSSGTGIYETQYF	1
CASSSPKADTQYF	1
CASSYGTSGQLTDTQYF	1
CASSLTTRNYGYTF	1
CASSPWGYGYTF	1
CASSPGRGRTEAFF	1
CASSRTGGHRNEKLFF	1
CASSQVGASSGNTIYF	1
CASSEQWSTGELFF	1
CASSNTIGTDYEQYF	1
CASSPGQENTEAFF	1
CASSEQGSNAEAFF	1
CASSNWVSLGEKLFF	1
CASSSQGQPNEKLFF	1
CASSSYQETQYF	1
CASSSVILNGYNEQFF	1
CASSSSRAPNTEAFF	1
CASSLDRDRYTF	1
CASSLSSGRAGEQYF	1
CASSLRGNTEAFF	1
CASSLQGSGSSYNEQFF	1
CASSLAGDTQYF	1
CASSPSDHYEQYF	1
CASSPPSSSYNSPLHF	1
CASSPSESGNTIYF	1
CASSPKQGGSYEQYF	1
CASSPLPDRRNTEAFF	1
CASSPPGWEADTDTQYF	1
CASSPQGSSNQPQHF	1
CASSPGVENTEAFF	1
CASSPGTSGSNEQYF	1
CASSPGQGGQPQHF	1
CASSPDRDQPQHF	1
CASSPDRQTDTQYF	1
CASSPTAGTSNTGELFF	1
CASSPRTGGDGYTF	1
CASSPLGTSGSLNEQYF	1
CASSPPSGGYTF	1
CASSPRTGRQETQYF	1
CASSPHFLTVVTEAFF	1
CASSPVVGAPYYEQYF	1
CASSPVAGVSNEQYF	1
CASSPAAGNSPLHF	1
CASSPAYLDYGYTF	1
CASSPGRANEKLFF	1
CASSPGLTRSYNEQFF	1
CASSPGLSYEQYF	1
CASSPGQGGSAREQYF	1
CASSPDQLHGEAFF	1
CASSPDSNQPQHF	1
CASSPDKNYGYTF	1
CASSPRTVQYEQYF	1
CASSPFDRANSPLHF	1
CASSPLGHSALSGNTIYF	1
CASSPSIREINEQFF	1
CASSPSGTDGYTF	1
CASSPSTRGRQPQHF	1
CASSPLGQNMNTEAFF	1
CASSPLKGDQPQHF	1
CASSPLPSSYNSPLHF	1
CASSPLAGVDNSPLHF	1
CASSPLVGYGYTF	1
CASSPLGQGFQDTQYF	1
CASSPPGQSNQPQHF	1
CASSPPSGRAGEQFF	1
CASSPPSRDGGNTIYF	1
CASSPPPLSLGEQYF	1
CASSPPPSGSSYNEQFF	1
CASSPPAVTDTQYF	1
CASSPPGRDYGYTF	1
CASSPPTRNRDRSPQPQHF	1
CASSPPTVNNSPLHF	1
CASSPPSGGLGNYGYTF	1
CASSPPSGQPQHF	1
CASSPPGTGRSTEAFF	1
CASSPRRLDVDSYEQYF	1
CASSPRQGRNMNTEAFF	1
CASSPRVTGSIPNTEAFF	1
CASSPREGTNGEQFF	1
CASSPRPPGLPLYNEQFF	1
CASSPQGYEQYF	1
CASSPAPNTEAFF	1
CASSPARHEQFF	1
CASSPAGPVNYGYTF	1
CASSPADNTEAFF	1
CASSPGLNEKLFF	1
CASSPDVGRNSPLHF	1
CASSPIGETQYF	1
CASSPSGSGYEQYF	1
CASSPNTGNTEAFF	1
CASSRSSGEVGSPLHF	1
CASSRRKGGFEAFF	1
CASSRGTVFSYEQYF	1
CASSRTVSAKNIQYF	1
CASSQGTGMNTEAFF	1
CASSQGRGDTEAFF	1
CASSQTGQSFNQPQHF	1
CASSQTRGDGEKLFF	1
CASSASVTNEQYF	1
CASSALKTSLNTEAFF	1
CASSELPGANGNEQFF	1
CASSESWGDQPQHF	1
CASSEVGNMNTEAFF	1
CASSSGRNTEAFF	1
CASCSGFWTGITEAFF	1
CASWSRDRVGIGGYTF	1
CASWVPSGEDNEQFF	1
CASWDRGSNQPQHF	1
CASWTPPTIYF	1
CASYLGHGYTF	1
CASYDKGDSLGEAFF	1
CASYYGSAFEAFF	1
CASYPIRGRWTGELFF	1
CASLGGIWDTEAFF	1
CASLLAGQRYEQYF	1
CASLRVNTEAFF	1
CASLTLGRQSSGNTIYF	1
CASLAGANTGELFF	1
CASPGQGLAAHEQYF	1
CASPGTSGDEQFF	1
CASPGRSAVNTEAFF	1
CASPEGSEQYF	1
CASRPLRKNTGELFF	1
CASRTEGKGYGYTF	1
CASRPIGRTGELFF	1
CASRGGRDSPLHF	1
CASRGTPADGYTF	1
CASRDRQGVSGEQFF	1
CASRWRNEQFF	1
CASRGVNRNQPQHF	1
CASRGDGGGEKLFF	1
CASRDGQMNTEAFF	1
CASRDRIYNEQFF	1
CASRPYSTGGTEAFF	1
CASRALGARVYGYTF	1
CASRGDTIYF	1
CASRTGRNTDTQYF	1
CASHWGGNSPLHF	1
CASHGTAVHTDTQYF	1
CASHGQGAHSYSNQPQHF	1
CASQLGNGPYGYTF	1
CASQPGQTNEKLFF	1
CASQGQGTDTQYF	1
CASQDTAQTQYF	1
CASQRGRELFF	1
CASQRGTSQETQYF	1
CASQAGVFGGNTIYF	1
CASQDTHNSPLHF	1
CASVLELGTEAFF	1
CASVKWGLQETQYF	1
CASVTSGTGNFLQHF	1
CASVTGGTGELFF	1
CASAPHRGAKNIQYF	1
CASAGGYGNTIYF	1
CASARGGVGGTLREQYF	1
CASAQGAGELFF	1
CASAQGAGTSGRVRRTDTQYF	1
CASAARQGRWTEAFF	1
CASAADYYNEQFF	1
CASAKLGGNSPLHF	1
CASALAGRRELFF	1
CASAPQDRVNEQFF	1
CASARSGTGNTIYF	1
CASAAGQGHEKLFF	1
CASAGVYGYTF	1
CASGGTENSNQPQHF	1
CASGDRSSGNTIYF	1
CASGKGGLNEKLFF	1
CASGPGTLTATNEKLFF	1
CASGRTGLATDTQYF	1
CASGGDGNTEAFF	1
CASGPAGGFDTQYF	1
CASGPPLAPDYEQYF	1
CASGRQDLYGYTF	1
CASGGTQGRWETQYF	1
CASGTSVNEQYF	1
CASGSYSYNEQFF	1
CASGRLNTEAFF	1
CASGRDYEQYF	1
CASGNNYGYTF	1
CASGKGNTGELFF	1
CASGSTGQGLNQPQHF	1
CASGPGHLNEKLFF	1
CASGHDHLMNTEAFF	1
CASGQTGGDTEAFF	1
CASGVGVEAFF	1
CASGSLGLAVTETQYF	1
CASDLAGAYNEQFF	1
CASDRTKNQPQHF	1
CASDRTGGSDEQYF	1
CASEGRGTRDYGYTF	1
CASETPTGATSSTEAFF	1
CASEHVDERTSGACWELFF	1
CASEDQGFRNSPLHF	1
CASIWGDHNEQFF	1
CASIRDRVNGYTF	1
CASIAEGASRQPQHF	1
CASIAGGSYEQYF	1
CASIGGAKNIQYF	1
CASIGWGDTEAFF	1
CASITTGLNGYTF	1
CASISGSGNTIYF	1
CASILRVPVGGRIGELFF	1
CASILGVGTLQDTEAFF	1
CASIPPGGVGYTF	1
CASIPRAGPSYEQYF	1
CASIPKYSEYEQYF	1
CASIPLAGGGNEQFF	1
CASIHTRADQPQHF	1
CASIALGNTEAFF	1
CASIGTENEKLFF	1
CASMLTAGTYSNQPQHF	1
CASMLRQSNTEAFF	1
CASMPGVEPNQPQHF	1
CASMGQGGEKLFF	1
CASMEDLRGTDTQYF	1
CASIRDSHEQFF	1
CASITTGGAGSWNTIYF	1
CASINRANTEAFF	1
CASIKGGLAILNEQFF	1
CASTLFPHRSGELFF	1
CASTSASGSYEQYF	1
CASTWDRNTEAFF	1
CASTWTGGNSPLHF	1
CASTLTMRGSPLHF	1
CASTPVWEQPYTRTQYF	1
CASTRISGRNNEQFF	1
CASTQSGGLYQPQHF	1
CASTQNTGELFF	1
CASTVSAAGVDTQYF	1
CASTIHNQPQHF	1
CASTMKMGTGGQGYTF	1
CASTTLGSLDEQFF	1
CASTKGGLNTEAFF	1
CASTKGSVRNEQFF	1
CASTFWSGNTGELFF	1
CASTFGTGTSGPQGPGELFF	1
CASTLGNQNEAFF	1
CASTLQGGSPLHF	1
CASTSLRERQFF	1
CASTSPQGGYTF	1
CASTSTQPGGAREKLFF	1
CASTSPRNTGELFF	1
CASTSGSQPQHF	1
CASTSRETAYNEQFF	1
CASTWDPDDEQYF	1
CASTYRGYGYTF	1
CASTLLSRGYNSPLHF	1
CASTLGSLRQRNQPQHF	1
CASTLGYADTEAFF	1
CASTLETGVGSPLHF	1
CASTLWRGADTEAFF	1
CASTLAGSNEQFF	1
CASTLRSGQPQHF	1
CASTLNQREGSTGELFF	1
CASTPYGNTEAFF	1
CASTPDRGEKLFF	1
CASTPTSAYEQYF	1
CASTPWTGDGYTF	1
CASTPTGPGGYTF	1
CASTPQGGYNEQFF	1
CASTPGEKPYEQYF	1
CASTPTGEQFF	1
CASTRREDDLGYNSPLHF	1
CASTRQGALDEQYF	1
CASTRTSGIDEQFF	1
CASTRTGFENTEAFF	1
CASTHPGGRGGNQPQHF	1
CASTHSNSPLHF	1
CASTQQTGHPNTEAFF	1
CASTQGQGNSPLHF	1
CASTQDLSREGSNEKLFF	1
CASTVDHHGNTEAFF	1
CASTVAGASTEAFF	1
CASTVRDSSYNSPLHF	1
CASTARGGFNSPLHF	1
CASTGASWTEAFF	1
CASTGQAGNTIYF	1
CASTGGLAGDADTQYF	1
CASTGTGAIRGYTF	1
CASTGSYNEQFF	1
CASTDQMNTEAFF	1
CASTDGTDHYGYTF	1
CASTDNRGAKNIQYF	1
CASTETSSYEQYF	1
CASTESSGSVDEQFF	1
CASTEWTNEKLFF	1
CASTEGRPGQREQYF	1
CASTEDPYQGQGNSPLHF	1
CASTEIVSGNTIYF	1
CASTISRVSLKLFF	1
CASTMGAGIATNEKLFF	1
CASTMTGGRRPLHF	1
CASTTVARGMGTDTQYF	1
CASTTEYNSPLHF	1
CASTTADSHTDTQYF	1
CASTSMRWTQGSSYNEQFF	1
CASTREGASFGQYF	1
CASTRSWTGPYEQYF	1
CASTNSYEQYF	1
CASTNQGFANEKLFF	1
CASTKMGLAGPVWRTQYF	1
CASTKTANYEQYF	1
CASTKSFLGAAFF	1
CASTSDRVTEAFF	1
CASTALGLADNEQFF	1
CASTGGSETRF	1
CASTDRTGELFF	1
CASTTSGRSVYEQYF	1
CASTTGSSVGWTEAFF	1
CASTSRMGNQPQHF	1
CASTPWEGTQPQHF	1
CASTRGRRYEGAEAFF	1
CASTHRRSKRNQPQHF	1
CASTQPGQGSWAVEKLFF	1
CASTDRRTGPGNTIYF	1
CASTISNYGYTF	1
CASTTREDHNEQFF	1
CASTRGLAGGPDEQFF	1
CASSFFTDSGNTIYF	1
CASSFLLAGDAGELFF	1
CASSFSDRDNYGYTF	1
CASSFSRSGRNSWRYEQYF	1
CASSFSGTVLAQYF	1
CASSFSSNYGYTF	1
CASSFSGRGNQPQHF	1
CASSFSGYGNTTYF	1
CASSFSGQATYEQYF	1
CASSFSTSGTDTQYF	1
CASSFWGLNNEKLFF	1
CASSFWGRSYNSPLHF	1
CASSFYAGANYGYTF	1
CASSFYRETQYF	1
CASSFLGNEQYF	1
CASSFLTGGADKAFF	1
CASSFLAEAYEQYF	1
CASSFPAGGYTEAFF	1
CASSFPGQSSPLHF	1
CASSFRPNYGYTF	1
CASSFRDGVNEQFF	1
CASSFRAGSSYEQYF	1
CASSFRGASVGYTF	1
CASSFRENEKLFF	1
CASSFRGQGYEQYF	1
CASSFHRSNQPQHF	1
CASSFQGTHSNQPQHF	1
CASSFAPRDIAFF	1
CASSFAFNQPQHF	1
CASSFAGRGYGYTF	1
CASSFAGTYNSPLHF	1
CASSFGPGAREPQHF	1
CASSFGSFPLYEQYF	1
CASSFGLAGEQYF	1
CASSFGLAGEGETQYF	1
CASSFGVAGQPQHF	1
CASSFGADYGYTF	1
CASSFGGQGGGNQPQHF	1
CASSFGTGRGNQPQHF	1
CASSFGNYGYTF	1
CASSFGSGEQYF	1
CASSFGQGAIYGYTF	1
CASSFDDREAEKLFF	1
CASSFEGPQPQHF	1
CASSFESNYGYTF	1
CASSFETPSSYNSPLHF	1
CASSFMGQGTQPQHF	1
CASSFTGTSGRENEQFF	1
CASSFTGRAEAFF	1
CASSFSSPLHF	1
CASSFSGSNYGYTF	1
CASSFRLGAAEAFF	1
CASSFRAAFYNEQFF	1
CASSFRRSNTEAFF	1
CASSFNTNEKLFF	1
CASSFNSYNEQFF	1
CASSFKGTGYTF	1
CASSFFRSGNSPLHF	1
CASSFFNEQFF	1
CASSFSVVNTEAFF	1
CASSFSGSNQPQHF	1
CASSFSLGQPQHF	1
CASSFSQGGGYTF	1
CASSFSGAGQPQHF	1
CASSFSGGNQPQHF	1
CASSFWGSNQPQHF	1
CASSFWEDNQPQHF	1
CASSFYVTGNTIYF	1
CASSFLLGQGAETQYF	1
CASSFLTGNSPLHF	1
CASSFLAGGPSSHEQYF	1
CASSFLGANTEAFF	1
CASSFPSTGDSPLHF	1
CASSFPAGGNTEAFF	1
CASSFPSLSGLGGYTF	1
CASSFRGGVGNYGYTF	1
CASSFRSRGVYGYTF	1
CASSFRDSTYEQYF	1
CASSFRTDTEAFF	1
CASSFRAWGSTNEKLFF	1
CASSFRGVNWEKLFF	1
CASSFVHPWGYEQFF	1
CASSFASVGRMAYNEQFF	1
CASSFAQGVEGWTDTQYF	1
CASSFAGALNTEAFF	1
CASSFGSAGQPQHF	1
CASSFGFNRGNQPQHF	1
CASSFGGYEQYF	1
CASSFGRSINTEAFF	1
CASSFGLNTGELFF	1
CASSFGVGGTSPYEQYF	1
CASSFGGVSNQPQHF	1
CASSFGGSGDTEAFF	1
CASSFGGNQPQHF	1
CASSFGTYGYTF	1
CASSFDPRGSNQPQHF	1
CASSFDGYGYTF	1
CASSFMGSTQPQHF	1
CASSFTVAATDTQYF	1
CASSFTGGADGYTF	1
CASSFSGQLVTGELFF	1
CASSFRPDPNTEAFF	1
CASSLSATNEKLFF	1
CASSLWPNNEKLFF	1
CASSLWGYGYTF	1
CASSLLWEKDEKLFF	1
CASSLLNRGEAFF	1
CASSLLQGTREPQHF	1
CASSLPGGSYEQYF	1
CASSLRVSTDTQYF	1
CASSLRGPGNTIYF	1
CASSLRTVGKNIQYF	1
CASSLQANTEAFF	1
CASSLQGTFPYEQYF	1
CASSLVAPRNRAYGYTF	1
CASSLVGNTEAFF	1
CASSLAGVEAFF	1
CASSLATSGRYEQFF	1
CASSLAGGGFEKLFF	1
CASSLGQGFYERGYTF	1
CASSLGRVNTEAFF	1
CASSLGPRGETQYF	1
CASSLGRLTEAFF	1
CASSLGRGTEAFF	1
CASSLGARSNQPQHF	1
CASSLGGNQPQHF	1
CASSLGGFNYGYTF	1
CASSLGGRGGYTF	1
CASSLGGRYNSPLHF	1
CASSLGENEVGYTF	1
CASSLGRWEFF	1
CASSLGKQSANEQFF	1
CASSLGLYQPQHF	1
CASSLGLAGFYEQYF	1
CASSLGRREQYF	1
CASSLGRGLRNQPQHF	1
CASSLGGYEKLFF	1
CASSLDGSGNTIYF	1
CASSLDSRQQPQHF	1
CASSLDRETQYF	1
CASSLEGNAEAFF	1
CASSLEENTEAFF	1
CASSLISTANSPLHF	1
CASSLISAHSETQPQHF	1
CASSLTGQGHNQPQHF	1
CASSLTDQLLTGGYTF	1
CASSLTTGNFNEQFF	1
CASSLTYEQFF	1
CASSLTGLGNTIYF	1
CASSLTGGGTGELFF	1
CASSLTGDPNYGYTF	1
CASSLSGTANSPLHF	1
CASSLRPNYGYTF	1
CASSLRGAYEQYF	1
CASSLRTDNTGELFF	1
CASSLRNSGNTIYF	1
CASSLRLAGVAETQYF	1
CASSLRQGVNQPQHF	1
CASSLNLYSPLHF	1
CASSLKVGTGYTF	1
CASSLFLAGGAKNIQYF	1
CASSLFPGTILNTEAFF	1
CASSLFTDTQYF	1
CASSLFSGSNQPQHF	1
CASSLFPGQGAYEQYF	1
CASSLFRAVALGTQYF	1
CASSLFATGDQPQHF	1
CASSLFGRGGQPQHF	1
CASSLFGTRPNEQFF	1
CASSLLAGESNEQFF	1
CASSLLAEAGDDEQFF	1
CASSLLAGGNTEAFF	1
CASSLLGDPNQPQHF	1
CASSLLGLFYGYTF	1
CASSLLDKFSSYNSPLHF	1
CASSLLEGNSPLHF	1
CASSLLSGVSTDTQYF	1
CASSLSWDNTEAFF	1
CASSLSYEQYF	1
CASSLSPDYYGYTF	1
CASSLSPSYNQPQHF	1
CASSLSAEDNYGYTF	1
CASSLSGWTVGNYGYTF	1
CASSLSDGQTQHF	1
CASSLSREYGYTF	1
CASSLSPAGPNTEAFF	1
CASSLSRGSDEQYF	1
CASSLSVTASYNSPLHF	1
CASSLSARGGTGELFF	1
CASSLSGPSTEAFF	1
CASSLSGDEKLFF	1
CASSLSEGWTEAFF	1
CASSLSIERTDTQYF	1
CASSLSQILAGYEQYF	1
CASSLSGGGAFF	1
CASSLWFDEQFF	1
CASSLWRSNEQFF	1
CASSLWAASYEQYF	1
CASSLWGSGRAEQFF	1
CASSLWGLGSPLHF	1
CASSLWGAASEAFF	1
CASSLWGDRYGYTF	1
CASSLWGNEKLFF	1
CASSLYPPGYGYTF	1
CASSLYDSPQHF	1
CASSLYLDRGVNYGYTF	1
CASSLYPGSNTGELFF	1
CASSLYQQGITEAFF	1
CASSLYGRGPYEQYF	1
CASSLLRNSGNTIYF	1
CASSLLSASENYNEQFF	1
CASSLLDSYNEQFF	1
CASSLLLGQGANEQYF	1
CASSLLQGSNQPQHF	1
CASSLLAPSGYSNQPQHF	1
CASSLLGRDQPQHF	1
CASSLPSDQPQHF	1
CASSLPGQPQHF	1
CASSLPGYPNEKLFF	1
CASSLPGNEQFF	1
CASSLPTGTRYTF	1
CASSLRDRPLSRDGYTF	1
CASSLHGVGGELFF	1
CASSLHSNQPQHF	1
CASSLQGSNQPQHF	1
CASSLQGPGELFF	1
CASSLQGTNEKLFF	1
CASSLQLAPGETQYF	1
CASSLQSSYNEQFF	1
CASSLVESGGGQSPLHF	1
CASSLVPSGFTHEQFF	1
CASSLVQGLNTEAFF	1
CASSLVVGEGNTQYF	1
CASSLVAGGYDEQYF	1
CASSLVATTDTQYF	1
CASSLVGRDSAFF	1
CASSLVMGAGYEQYF	1
CASSLVSGELFF	1
CASSLVVNSPLHF	1
CASSLVGDTEAFF	1
CASSLASAGSYEQYF	1
CASSLALGQTSPLHF	1
CASSLARREDEQFF	1
CASSLAGTAYEQYF	1
CASSLAGNTEAFF	1
CASSLALTRSEQYF	1
CASSLAQAYEQYF	1
CASSLAQGGYTF	1
CASSLAGGAYEQYF	1
CASSLGLAGVVGDTQYF	1
CASSLGPRMTYEQFF	1
CASSLGSNQPQHF	1
CASSLGVGGGGYTF	1
CASSLGGGKLFF	1
CASSLGLEAFF	1
CASSLGQGAGWNTQYF	1
CASSLGVGTEAFF	1
CASSLGAYTEAFF	1
CASSLGAEGSTDTQYF	1
CASSLGAGGDIQYF	1
CASSLGGEAFF	1
CASSLGGRSNQPQHF	1
CASSLGGTNQPQHF	1
CASSLGGSHYGYTF	1
CASSLGGRGDEQFF	1
CASSLGGSPNQPQHF	1
CASSLGGRNEKLFF	1
CASSLGTGYSGNTIYF	1
CASSLGPRDNSPLHF	1
CASSLGQGQDLETQYF	1
CASSLGQRTGELFF	1
CASSLGARYEQFF	1
CASSLGGYLTEKLFF	1
CASSLDSAAAFF	1
CASSLDGRNTGELFF	1
CASSLEASSTEAFF	1
CASSLEGYTRQPQHF	1
CASSLIWDGIFYEQYF	1
CASSLIAAGRNTIYF	1
CASSLIGRGQPQHF	1
CASSLIGTGTEAFF	1
CASSLMSKGKTEAFF	1
CASSLMGAGNQPQHF	1
CASSLMGGSSYEQYF	1
CASSLTSREKLFF	1
CASSLTWGAGNQPQHF	1
CASSLTVFQHF	1
CASSLTGPVGRAQHF	1
CASSLSGTGFVGYTF	1
CASSLRWGAFQPQHF	1
CASSLRRTSLFYEQYF	1
CASSLRVSYNEQFF	1
CASSLRADLGNQPQHF	1
CASSLRAGTNEKLFF	1
CASSLRGVYEQYF	1
CASSLRGRGYGYTF	1
CASSLRGAGTDTQYF	1
CASSLNPGSDSPLHF	1
CASSLNLNTEAFF	1
CASSLNLRGQPQHF	1
CASSLNGYSNQPQHF	1
CASSLNGNQPQHF	1
CASSLKSGEQFF	1
CASSLKDPDKLFF	1
CASSLKMGGRSSYEQYF	1
CASSLKTGGYNSPLHF	1
CASSLKNSYEQYF	1
CASSLKPHRDTNEKLFF	1
CASSSSGTFNSPLHF	1
CASSSSRLAGEYEQYF	1
CASSSYNPGQGRWNTEAFF	1
CASSSYSSSGNTIYF	1
CASSSLGSGGQPQHF	1
CASSSVGADQPQHF	1
CASSSGRRSNQPQHF	1
CASSSMFNQPQHF	1
CASSSTSGYNEQFF	1
CASSSRPPGQLSGNTIYF	1
CASSSKASYGYTF	1
CASSSFIAGAHNEQFF	1
CASSSLAVSSYNEQFF	1
CASSSSGSGRAFF	1
CASSSSRHTGELFF	1
CASSSCDRDYTDTQYF	1
CASSSYTLTGGTEAFF	1
CASSSYRAEISPLHF	1
CASSSLFGTSGGPYEQYF	1
CASSSLSSGIKGELFF	1
CASSSLPGGVAFF	1
CASSSLTNTEAFF	1
CASSSLDDRGNQPQHF	1
CASSSLSGGQGGYTF	1
CASSSLGQYGYTF	1
CASSSLTGANQPQHF	1
CASSSPTGNAGGYTF	1
CASSSPRGAISYGYTF	1
CASSSPSSAGGDRGPQHF	1
CASSSPETTFVHGYTF	1
CASSSRPANEKLFF	1
CASSSRLGTYEQYF	1
CASSSRDRGYQPQHF	1
CASSSREFLHF	1
CASSSRTPTYNF	1
CASSSQGARGNQPQHF	1
CASSSQQGAANEKLFF	1
CASSSVRGLAGDNEQFF	1
CASSSGLSNQPQHF	1
CASSSGGNYGYTF	1
CASSSGGFTDTQYF	1
CASSSGTGPNEKLFF	1
CASSSGTGGDTEAFF	1
CASSSEQGTNTF	1
CASSSIPGQGSGGYTF	1
CASSSTYRDASYGYTF	1
CASSSTLPNQPQHF	1
CASSSSSVYEQYF	1
CASSSRVPNEKLFF	1
CASSSREKDTQYF	1
CASSSRQGPYTF	1
CASSSNTGQPQHF	1
CASSSNRGREGGYTF	1
CASSSSIQGFSYTF	1
CASSSPGETQYF	1
CASSSRETQYF	1
CASSSVQGWKHQPQHF	1
CASSSAPAGASPLHF	1
CASSSAGNTDTQYF	1
CASSSGLAANEQFF	1
CASSSGQGVRNEKLFF	1
CASSSDRGEKLFF	1
CASSSDQVKGYTF	1
CASSSDRGMRTEAFF	1
CASSSDRGNEKLFF	1
CASSSDRGSSYGYTF	1
CASSSTGPSYEQYF	1
CASSSTGTYGYTF	1
CASSSRGLNTEAFF	1
CASSSNFYEQYF	1
CASSSNGGNQPQHF	1
CASSSLQSNQPQHF	1
CASSSRSYQETQYF	1
CASSSQGRVSNQPQHF	1
CASSSGVYTQYF	1
CASSSGGLWEKLFF	1
CASSSGSNYGYTF	1
CASSSTGTPKSNEQFF	1
CASSWSYEQYF	1
CASSWRTGAFF	1
CASSWRTAGTYSNQPQHF	1
CASSWVGRATDTQYF	1
CASSWALNTEAFF	1
CASSWGYEQYF	1
CASSWGANTEAFF	1
CASSWGNTIYF	1
CASSWDGNQPQHF	1
CASSWDIWGYTF	1
CASSWDMIVAMNTEAFF	1
CASSWDRDNQPQHF	1
CASSWTGTPSEAFF	1
CASSWTGRNEKLFF	1
CASSWTGGTEAFF	1
CASSWREGLNTEAFF	1
CASSYSPGGGGYTF	1
CASSYSSQPQHF	1
CASSYSIVAEQFF	1
CASSYWLGGENEQFF	1
CASSYWGKDTEAFF	1
CASSYRRTDLNTEAFF	1
CASSYRRESDEQYF	1
CASSYRQGGEAFF	1
CASSYVGGVPANSPLHF	1
CASSYVPFGYTF	1
CASSYGADYEQYF	1
CASSYIGEGGQPQHF	1
CASSYTNYEKLFF	1
CASSYTGNSEAFF	1
CASSYFLRGSEQYF	1
CASSYLPPATNEKLFF	1
CASSYLPGTGEDTGELFF	1
CASSYSFSGKETQYF	1
CASSYSRTGSDTQYF	1
CASSYSQHEQFF	1
CASSYSGTKYF	1
CASSYSGTGNEQYF	1
CASSYSASGPAYEQYF	1
CASSYSAGGPPDTQYF	1
CASSYSGRTGYGYTF	1
CASSYSDPGNTIYF	1
CASSYSRTGTLYQPQHF	1
CASSYSFSRSEQPQHF	1
CASSYSSGFGNTIYF	1
CASSYSLQGHQPQHF	1
CASSYSPRQGGNQPQHF	1
CASSYSAQRASYEQYF	1
CASSYSGRSHQPQHF	1
CASSYSGAPNEKLFF	1
CASSYSGGGPRVYGYTF	1
CASSYSGGNTEAFF	1
CASSYSGQGHGYTF	1
CASSYSGDGYNEQFF	1
CASSYSDGRNYGYTF	1
CASSYSDGYGYTF	1
CASSYSDRGYEQYF	1
CASSYSENYGYTF	1
CASSYSTTASSYEQYF	1
CASSYSSVAAGNTIYF	1
CASSYSRFLAGNEKLFF	1
CASSYSKLGNSPLHF	1
CASSYSKEGAGGNQPQHF	1
CASSYSFGGEKLFF	1
CASSYSWGPNTEAFF	1
CASSYSPFVKSSYEQYF	1
CASSYSPSTYEQYF	1
CASSYSRTDEQYF	1
CASSYSQGLAGIAYNEQFF	1
CASSYSGSGITDTQYF	1
CASSYSGFSNQPQHF	1
CASSYSGGTEAFF	1
CASSYSGSSGNTIYF	1
CASSYSEGATGELFF	1
CASSYSTGGSADTQYF	1
CASSYWSRESSYEQYF	1
CASSYWDHISYEQYF	1
CASSYYGGTNTEAFF	1
CASSYYPTTVRRTEAFF	1
CASSYLPRGPENTGELFF	1
CASSYLTGADGYTF	1
CASSYLPTTEAFF	1
CASSYLGQGLVWNTEAFF	1
CASSYLGQLNTEAFF	1
CASSYLRRADTEAFF	1
CASSYLAGGGYEQYF	1
CASSYPRQGGVPQHF	1
CASSYPAGGSPYEQYF	1
CASSYPRRAYEQYF	1
CASSYPFRPSEQYF	1
CASSYPGTSGSEQFF	1
CASSYPTGNSPLHF	1
CASSYRGHPGYTF	1
CASSYRDGAYEQYF	1
CASSYQSGLAGQETQYF	1
CASSYQGDGIEAFF	1
CASSYQGQGYEQYF	1
CASSYQQGYEQYF	1
CASSYVAEQFF	1
CASSYASGRATDTQYF	1
CASSYAAGADGYTF	1
CASSYAGVFQPQHF	1
CASSYGPGRSGNTIYF	1
CASSYGGGGNQPQHF	1
CASSYGTPDEQFF	1
CASSYGPYEQYF	1
CASSYGRQAFF	1
CASSYGQGATEAFF	1
CASSYGSYSNQPQHF	1
CASSYGPPANYGYTF	1
CASSYGRTNTEAFF	1
CASSYGGANTEAFF	1
CASSYGEGGSSYEQYF	1
CASSYGIAGDGNTIYF	1
CASSYGAGTQYF	1
CASSYGEEGQQPQHF	1
CASSYGTGPNNQPQHF	1
CASSYDVEYRAFF	1
CASSYDGGSGNTIYF	1
CASSYDNEQYF	1
CASSYEFRITEAFF	1
CASSYESYTF	1
CASSYETLGNEQFF	1
CASSYEAGENNEQFF	1
CASSYEGNQPQHF	1
CASSYTFRGTNYGYTF	1
CASSYTRGTEAFF	1
CASSYTQLNSPLHF	1
CASSYTAGGPGELFF	1
CASSYSRQGAVEQYF	1
CASSYSTNSPLHF	1
CASSYRASNQPQHF	1
CASSYRGLRSYEQYF	1
CASSYRGQGSTEAFF	1
CASSYRGGAEKLFF	1
CASSYRTSGRGEQYF	1
CASSYRGQGVRQPQHF	1
CASSYKWNTEAFF	1
CASSLYARLAGPDTQYF	1
CASSLATHGEFF	1
CASSLTEDYGYTF	1
CASSLWGQTQYF	1
CASSLLRGYTF	1
CASSLLTGTANSGNTIYF	1
CASSLRDSSNSPLHF	1
CASSLRDRGYSNQPQHF	1
CASSLGRGAETQYF	1
CASSLTTSSYNEQFF	1
CASSLTGVQGTQYF	1
CASSLSFPPSQHF	1
CASSLSSRANFF	1
CASSLSGTGYSNQPQHF	1
CASSLYGGNYGYTF	1
CASSLGPDYEQYF	1
CASSLGRWNTEAFF	1
CASSLDRLGEQFF	1
CASSLTPVSGRARQYF	1
CASSLTNYGYTF	1
CASSLTGATEAFF	1
CASSLTGTTEAFF	1
CASSLSRTSGSIVGAYEQYF	1
CASSLKRTGLTGELFF	1
CASSLYSSYNEQFF	1
CASSLLAGSTDTQYF	1
CASSLRGQGYGYTF	1
CASSLRQGGTEAFF	1
CASSLVGQGISNEQFF	1
CASSLGAQAEAFF	1
CASSLTTGSNEQFF	1
CASSLTSGYEQYF	1
CASSLRGPEAFF	1
CASSPSLAGGGTGELFF	1
CASSPWTDLSYEQYF	1
CASSPLGGGTNEKLFF	1
CASSPLDDEQFF	1
CASSPPWDSYYGYTF	1
CASSPPSDYRPQHF	1
CASSPRINMGTDTQYF	1
CASSPRTGRQDTEAFF	1
CASSPRPAGYGYTF	1
CASSPQWVPAGQGEGYTF	1
CASSPQGDVNQPQHF	1
CASSPQGLAGDNEQFF	1
CASSPQYRQYPNTEAFF	1
CASSPQVGGTGELFF	1
CASSPALETGELFF	1
CASSPMTAVGSEQYF	1
CASSPIGTGNQPQHF	1
CASSPTPWVQYF	1
CASSPTQNTEAFF	1
CASSPTGPVNYGYTF	1
CASSPSGLLGSYEQYF	1
CASSPRGNEQFF	1
CASSPRGRSTEAFF	1
CASSPRIDGAFF	1
CASSPLGETQYF	1
CASSPSGNSPLHF	1
CASSPSGGEGYTF	1
CASSPSTRLTEAFF	1
CASSPLSGRTYNEQFF	1
CASSPLKGRGEKLFF	1
CASSPPYTDTQYF	1
CASSPPSRGSGELFF	1
CASSPPDDTDTQYF	1
CASSPPTGTHTEAFF	1
CASSPPRRQPQHF	1
CASSPRVATNEKLFF	1
CASSPRDRANYGYTF	1
CASSPRDRNQPQHF	1
CASSPRTGRETQYF	1
CASSPHGDVGTSYEQYF	1
CASSPQAVNTEAFF	1
CASSPQGRPSGELFF	1
CASSPAGGDGYTF	1
CASSPAASSYEQYF	1
CASSPGAGGAYNEQFF	1
CASSPGDSRSYNSPLHF	1
CASSPGTDYQPQHF	1
CASSPGTGWTEAFF	1
CASSPGTGYYNEQFF	1
CASSPGTDKETQYF	1
CASSPGQGGQPQHF	1
CASSPDPWDSENYGYTF	1
CASSPDRGDGNQPQHF	1
CASSPEGRGLYQPQHF	1
CASSPEVTDTQYF	1
CASSPTGLGYNSPLHF	1
CASSPRGGKTEAFF	1
CASSPRQGNGYTF	1
CASSPNPNYGYTF	1
CASSPNRGPRVEAFF	1
CASSPNREDQPQHF	1
CASSPSLTPGNTIYF	1
CASSPSGGDEFF	1
CASSPRGTSGRLTQYF	1
CASSPRQGRDYGYTF	1
CASSPGGQGPPQPQHF	1
CASSPGTDSNQPQHF	1
CASSPGLAGGPGELFF	1
CASSPGLDLYTVYEQYF	1
CASSPGPTDTQYF	1
CASSPGQGETEAFF	1
CASSPGQLNEKLFF	1
CASSPGGGYTF	1
CASSPDPENTEAFF	1
CASSPMPAKRAYGYTF	1
CASSPTKMGNTIYF	1
CASSPTGLQSYGYTF	1
CASSPTGGNQPQHF	1
CASSPTGSYGYTF	1
CASSPSHGHNSPLHF	1
CASSPFDREGYNSPLHF	1
CASSPSDTLYEQYF	1
CASSPSGAHGYTF	1
CASSPYRGTTSSGNTIYF	1
CASSPYSTGGYNEQFF	1
CASSPLAAGYEQYF	1
CASSPPRLAGRETQYF	1
CASSPPQHF	1
CASSPPGRAEQYF	1
CASSPQVNTEAFF	1
CASSPQGYYGYTF	1
CASSPVVEANTEAFF	1
CASSPAPGRTMNTEAFF	1
CASSPGGSTDTQYF	1
CASSPGGGLVNTEAFF	1
CASSPGGENTEAFF	1
CASSPGEDTEAFF	1
CASSPIGSVWGYGYTF	1
CASSPTRTFAPGELFF	1
CASSPREGDVHF	1
CASSRTSQGNTEAFF	1
CASSRTGALNTEAFF	1
CASSRSGTALGAFF	1
CASSRSGPPGGYTF	1
CASSRLAGDSYEQYF	1
CASSRGQGVETQYF	1
CASSRDRVGEKLFF	1
CASSREGSYNEQFF	1
CASSRTNYGYTF	1
CASSRRDGEKLFF	1
CASSRSPGGQPQHF	1
CASSRASEQFF	1
CASSRAGAGGSYEQYF	1
CASSRGGRDTPQEAGNTIYF	1
CASSRDSANYGYTF	1
CASSRDRGRNEKLFF	1
CASSRDRNYGYTF	1
CASSRTSGSRDEQFF	1
CASSRLDRGFTSTEAFF	1
CASSRLSEGTNEKLFF	1
CASSRLNLIGTGELFF	1
CASSRPPGGPIEKLFF	1
CASSRRYVQYF	1
CASSRVPGTMPQPQHF	1
CASSRTRVLTGYGYTF	1
CASSHSDTIYF	1
CASSHDDYTGELFF	1
CASSHNRDSDSDTQYF	1
CASSHPRAIGELFF	1
CASSHRDTLRDQPQHF	1
CASSHQDRVYGYTF	1
CASSHVRGQETQYF	1
CASSHGLAVLGDTQYF	1
CASSQHSTGSYNEQFF	1
CASSQQLAPYNEQFF	1
CASSQGPTEAFF	1
CASSQGALNTEAFF	1
CASSQGSEKLFF	1
CASSQGQGAAEAFF	1
CASSQDYSQPQHF	1
CASSQDSAANYGYTF	1
CASSQTSLDEQFF	1
CASSQTGYTKKLFF	1
CASSQTGATNEKLFF	1
CASSQRYGQGATNEKLFF	1
CASSQNRGGYTF	1
CASSQFTGPYGYTF	1
CASSQLPGHTEEGAFF	1
CASSQWDRGLSGYTF	1
CASSQLDRGGPEAFF	1
CASSQPRDSKFRDTQYF	1
CASSQQGMDGYTF	1
CASSQQGTGNTIYF	1
CASSQAETSNGGEQFF	1
CASSQGRIQETQYF	1
CASSQDRVVTEAFF	1
CASSQTSGKNTGELFF	1
CASSQTSGQYNEQFF	1
CASSVWPAGTGELFF	1
CASSVDRPGLAGLEQFF	1
CASSVNTEAFF	1
CASSVLNTEAFF	1
CASSVGYYGYTF	1
CASSVGAGRYPEAFF	1
CASSVGTGGSLEKLFF	1
CASSVDEMAGQPQHF	1
CASSVTRIDTQYF	1
CASSVFSRKSSYNSPLHF	1
CASSVLGPQHF	1
CASSVVTGSNQPQHF	1
CASSVGWGQPQHF	1
CASSVGQGDTEAFF	1
CASSVWEKLFF	1
CASSVRDRGLDEQFF	1
CASSVGPQGMRETQYF	1
CASSVGGAGMNEQYF	1
CASSVNQGSGNTIYF	1
CASSASGGSRQPQHF	1
CASSAIRGGKNIQYF	1
CASSATTGADGYTF	1
CASSAFSGAEAFF	1
CASSASILRSGNTIYF	1
CASSASNRGYTF	1
CASSAPLLREDYNEQFF	1
CASSARSSGSSYNEQFF	1
CASSAHLLSEQYF	1
CASSAQGSWNQPQHF	1
CASSAQNTEAFF	1
CASSAGTSGLLDEQFF	1
CASSATNTGTGQPQHF	1
CASSATGTDPYNEQFF	1
CASSAWEGRTGELFF	1
CASSAQGKLYNEQFF	1
CASSAGQMKLPTEAFF	1
CASSADDGMRGYTF	1
CASSADGSSYNEQFF	1
CASSAEGGNQPQHF	1
CASSATPFDRGGRPETQYF	1
CASSAWEAYEQYF	1
CASSAQGTTNYGYTF	1
CASSGSSGINEQFF	1
CASSGANTEAFF	1
CASSGIEAFF	1
CASSGSGTRQPQHF	1
CASSGLKYAGANEQFF	1
CASSGPAGGYTF	1
CASSGYKGAFNQPQHF	1
CASSGLEETQYF	1
CASSGVVSQDTEAFF	1
CASSGGTANSPLHF	1
CASSGGTGGTEAFF	1
CASSGTSANYGYTF	1
CASSGTVRTEAFF	1
CASSGTVVNTEAFF	1
CASSGTGSNQPQHF	1
CASSGNVGRDTQYF	1
CASSGLWGYTF	1
CASSGPGQGEAFF	1
CASSGHWRSNQPQHF	1
CASSGQGYNEQFF	1
CASSGQKNEKLFF	1
CASSGAQGSTNEKLFF	1
CASSGGPLKFF	1
CASSGKRDRVPYEQYF	1
CASSDLGMEYSGNTIYF	1
CASSDWASGRATHNEQFF	1
CASSDYVSGNTIYF	1
CASSDYRVSNQPQHF	1
CASSDRAPGQGTPISFF	1
CASSDRAGGLNYEQYF	1
CASSDHRESNGNTIYF	1
CASSDGPRGYGVYEQYF	1
CASSDGQVPYGYTF	1
CASSDEGQPQHF	1
CASSDEGNSPLHF	1
CASSDSWGTEAFF	1
CASSDSAERGSDEQFF	1
CASSDSPSVSGDYNEQFF	1
CASSDSFRGMNTEAFF	1
CASSDSGEFSGYTF	1
CASSDSIRSATYEGYTF	1
CASSDSRTGGYGYTF	1
CASSDLRVGGNEQYF	1
CASSDRWLGGINEQFF	1
CASSDRQGSSGNTIYF	1
CASSDQQSYNSPLHF	1
CASSDGQPQHF	1
CASSDGQFSASPLHF	1
CASSDGVGQYF	1
CASSDTGTRAFNEQFF	1
CASSDTGGNYGYTF	1
CASSESGHSNQPQHF	1
CASSEWGTGAGYTF	1
CASSEPSGRAYNEQFF	1
CASSEPQEPYTF	1
CASSEVGIGYTF	1
CASSEADNQPQHF	1
CASSEGQANTEAFF	1
CASSEGAGNTIYF	1
CASSEGPSGNTIYF	1
CASSEMAGAGNEQFF	1
CASSETSENNEQFF	1
CASSETGTNYGYTF	1
CASSETGTGNTEAFF	1
CASSETQVTYEQYF	1
CASSERGDLNYGYTF	1
CASSEFPRGNTIYF	1
CASSELGGSSYNEQFF	1
CASSELTGKLKAFF	1
CASSELRGYGYTF	1
CASSELIGTAFF	1
CASSESPSGTSDTQYF	1
CASSESGRQDTQYF	1
CASSESIAGHYGYTF	1
CASSEWVGPGTTDTQYF	1
CASSEWTSGGPLVDEQFF	1
CASSEWSYGYTF	1
CASSEYHNEDGYTF	1
CASSEYEAGGAVWQETQYF	1
CASSEYTGGNTGELFF	1
CASSEYGLNTEAFF	1
CASSELILDGYTF	1
CASSELGSGNQPQHF	1
CASSEPDRGAPEQYF	1
CASSERMGFHEQYF	1
CASSEHRAASGEQFF	1
CASSEQGSEAFF	1
CASSEQGGSNQPQHF	1
CASSEVLYGYTF	1
CASSEVLASGSNEQFF	1
CASSEVAGARGSTEAFF	1
CASSEAYGRFNEQFF	1
CASSEALAGDETQYF	1
CASSEASGYGYTF	1
CASSEALLDQPQHF	1
CASSEAGNYGYTF	1
CASSEAGGQGPEAFF	1
CASSEAGQGQPQHF	1
CASSEAEGGENIQYF	1
CASSEGGNYGYTF	1
CASSEGMGQAFF	1
CASSEGGTGGEKLFF	1
CASSEGGTGYQPQHF	1
CASSEGTGGGGTEAFF	1
CASSEGLAGGPDEQYF	1
CASSEGTGSTDTQYF	1
CASSEEFGRAYEQYF	1
CASSEEVGSGSQTQYF	1
CASSEEWVGTYGYTF	1
CASSEIYQPQHF	1
CASSEMAVYSNQPQHF	1
CASSETPEAFF	1
CASSETRDRGYEQYF	1
CASSETGATDTQYF	1
CASSETGGLGPQHF	1
CASSERVVNSPLHF	1
CASSERNFPGAYEQYF	1
CASSEKTGSTDTQYF	1
CASSISWRDGEETQYF	1
CASSIPPTSGKDTQYF	1
CASSIRTGSYEQYF	1
CASSIQGSHQPQHF	1
CASSIQETQYF	1
CASSIRDRSTDTQYF	1
CASSITSGGTGELFF	1
CASSMPGSPLHF	1
CASSMQRDYEQYF	1
CASSMDTPGELFF	1
CASSIGPDSKETQYF	1
CASSITLGQEDGYTF	1
CASSIRGENTEAFF	1
CASSTSLDTGELFF	1
CASSTFRGGGPGNTIYF	1
CASSTLSNRDIQYF	1
CASSTPRVANYGYTF	1
CASSTRGQETQYF	1
CASSTRDRAYNEQFF	1
CASSTRDRGTEAFF	1
CASSTALTAYDYEQYF	1
CASSTGTGDSPLHF	1
CASSTGQGNNQPQHF	1
CASSTLPTGSGTIYF	1
CASSTPGTGKPYEQYF	1
CASSTGGGGYTF	1
CASSTRAATNEKLFF	1
CASSTPPSSEREETQYF	1
CASSTPGLVTTTEAFF	1
CASSTPIWGGKPSGNTIYF	1
CASSTPPREGTLHF	1
CASSTQGDGSPLHF	1
CASSTGFRPYEQYF	1
CASSTGSGNTIYF	1
CASSTGAGNQPQHF	1
CASSTGRGTEAFF	1
CASSSTGTGGPGHF	1
CASSSRGRATDTQYF	1
CASSSPRTLGATEAFF	1
CASSSVDYTEAFF	1
CASSRVQDTTNEKLFF	1
CASSRAGGLNTEAFF	1
CASSRGTLANYGYTF	1
CASSRGQRNTEAFF	1
CASSRDRYSSPLHF	1
CASSRTALAQPQHF	1
CASSNYDRGRNQPQHF	1
CASSNTLQGRGTEAFF	1
CASSNNEKLFF	1
CASSNSRGNYGYTF	1
CASSNPGLAPHEQFF	1
CASSNREGNSPLHF	1
CASSNRGRDTEAFF	1
CASSKGQENIQYF	1
CASSKGQMNTEAFF	1
CASSKTPLVAGAEAFF	1
CASSKRTAATNEKLFF	1
CASSKQGASNQPQHF	1
CASSKGLDGYTF	1
CASSKGRGTYNEQFF	1
CASSKRRGNQPQHF	1
CASSFFGENYGYTF	1
CASSFFNTGELFF	1
CASSFFRKGQGAYGYTF	1
CASSFLGQGNEKLFF	1
CASSFLPSDNEQFF	1
CASSFSPTSGEAFF	1
CASSFSDRGAFF	1
CASSFSGGTEAFF	1
CASSFSMNTEAFF	1
CASSFYSQEEREQYF	1
CASSFLPGSDEKLFF	1
CASSFLAGGTYEQYF	1
CASSFPGQGRYEQYF	1
CASSFPRLAGVRHEQFF	1
CASSFRSSTNEKLFF	1
CASSFHPAWEQYF	1
CASSFQTGVGTEAFF	1
CASSFVDTNTGELFF	1
CASSFAVNTEAFF	1
CASSFAGGPGNEQFF	1
CASSFAGNSPLHF	1
CASSFAKNTEAFF	1
CASSFGGSGEQFF	1
CASSFGGGATEAFF	1
CASSFGRGQPQHF	1
CASSFGLAGWGETQYF	1
CASSFGDSYEQYF	1
CASSFGTANGYTF	1
CASSFGLAGGMSYEQYF	1
CASSFDGSMARQYF	1
CASSFDRYTEAFF	1
CASSFDRGNEQFF	1
CASSFETGRVVRAFF	1
CASSFMVGGLYNEQFF	1
CASSFTSVSPLHF	1
CASSFSAGLAPYNEQFF	1
CASSFSGRPSYEQYF	1
CASSFRIHGGRGNEQFF	1
CASSFNRVGVSEQFF	1
CASSFFLGGLFF	1
CASSFLVMNTEAFF	1
CASSFSLGVLNSPLHF	1
CASSFSGIFTDTQYF	1
CASSFSGKNDYEQYF	1
CASSFSRATNEKLFF	1
CASSFWDTRNTIYF	1
CASSFLGDQLSGNTIYF	1
CASSFLTDNNQPQHF	1
CASSFPPPSNYGYTF	1
CASSFPGPGGADYEQYF	1
CASSFPMTEAFF	1
CASSFPGQGIYWDGYTF	1
CASSFPTGETQYF	1
CASSFPRTGSNEAFF	1
CASSFRSALYF	1
CASSFRVSPKAFF	1
CASSFRDRVNYGYTF	1
CASSFRAGVNEQFF	1
CASSFRGRTHNYGYTF	1
CASSFHSGRASEQFF	1
CASSFQGASYNEQFF	1
CASSFVGANQPQHF	1
CASSFADNEQFF	1
CASSFAGGEQYF	1
CASSFGGGHTDTQYF	1
CASSFGGSDEQFF	1
CASSFGRNQPQHF	1
CASSFGGSGNTIYF	1
CASSFGGTTNEKLFF	1
CASSFGEMNTEAFF	1
CASSFGTGGITEAFF	1
CASSFGQGMNTEAFF	1
CASSFGSYQNIQYF	1
CASSFDGLATNEKLFF	1
CASSFDGSYNEQFF	1
CASSFDRSSIDEQFF	1
CASSFDRSNQPQHF	1
CASSFEGSEAFF	1
CASSFIGLVGPLHF	1
CASSFMGSSYEQYF	1
CASSFIGGQGKEKLFF	1
CASSFTGTGVYEQYF	1
CASSFTADNSPLHF	1
CASSFTSSQYF	1
CASSFTPSYEQYF	1
CASSFTGGRRGNTIYF	1
CASSFRAADTEAFF	1
CASSFRDNYGYTF	1
CASSFKSNQPQHF	1
CASSLFSGTEAFF	1
CASSLFRQELNEKLFF	1
CASSLLLAGDTDTQYF	1
CASSLLLTGELFF	1
CASSLLQGPGLDNEQFF	1
CASSLLRADTEAFF	1
CASSLSGEYQETQYF	1
CASSLSAGLNQPQHF	1
CASSLSTASSGNTIYF	1
CASSLSLGQYYGYTF	1
CASSLSGRRQPQHF	1
CASSLWASVNTEAFF	1
CASSLWASGPYEQYF	1
CASSLWGTEAFF	1
CASSLYAGDDTQYF	1
CASSLYSLPGGDEKLFF	1
CASSLYRDILYGYTF	1
CASSLLSTGRGYGYTF	1
CASSLPRIRGPRNTEAFF	1
CASSLPGPGQGVATEAFF	1
CASSLRYPTLNEQFF	1
CASSLRQNTEAFF	1
CASSLRGSGRPSYEQYF	1
CASSLRGGTEAFF	1
CASSLRDEKLFF	1
CASSLRQSGNTIYF	1
CASSLRNYGYTF	1
CASSLQGLGEAFF	1
CASSLVRSPQPQHF	1
CASSLVAGGSGNTIYF	1
CASSLVGRYEQYF	1
CASSLVGVRGEQYF	1
CASSLVGGSPLHF	1
CASSLVGGSLGEAFF	1
CASSLVLAGGTQYF	1
CASSLAQVGTYGYTF	1
CASSLAWAGYNTGELFF	1
CASSLAPGSSYNSPLHF	1
CASSLAGGTGELFF	1
CASSLAGTSSGELFF	1
CASSLAGTGSTDTQYF	1
CASSLADPYEQYF	1
CASSLAYQPQHF	1
CASSLAYRVNTEAFF	1
CASSLAAADRDTQYF	1
CASSLADRGLRTEAFF	1
CASSLAGKDYGYTF	1
CASSLGYNEQFF	1
CASSLGQGIYGYTF	1
CASSLGVSDYNEQFF	1
CASSLGSGNEQFF	1
CASSLGSKQDTDTQYF	1
CASSLGPPLTGVNEKLFF	1
CASSLGPGRHEKLFF	1
CASSLGASAQETQYF	1
CASSLGAVRYGYTF	1
CASSLGGPPYEQYF	1
CASSLGGAMNTEAFF	1
CASSLGGNSPLHF	1
CASSLGGSNYGYTF	1
CASSLGGNYGYTF	1
CASSLGGRNRYYGYTF	1
CASSLGDRGMHGYTF	1
CASSLGENYGYTF	1
CASSLGMIEAFF	1
CASSLGTPNTEAFF	1
CASSLGTGPNEQFF	1
CASSLGTGYYGYTF	1
CASSLGSGDQPQHF	1
CASSLGSNQPQHF	1
CASSLGNSPLHF	1
CASSLGLAASTDTQYF	1
CASSLGLAGGQSKNIQYF	1
CASSLGLAEQFF	1
CASSLGRIAYEQYF	1
CASSLGHGVGKLFF	1
CASSLGQGGTEAFF	1
CASSLGQGPYGYTF	1
CASSLGVRDGYTF	1
CASSLGAGQAYNEQFF	1
CASSLGGTSYGYTF	1
CASSLDFGGPGNTIYF	1
CASSLDYRVGEAFF	1
CASSLDRLNTEAFF	1
CASSLDTRTGTAFF	1
CASSLDSYNQPQHF	1
CASSLDRYQETQYF	1
CASSLDRGYGYTF	1
CASSLDRGRDTQYF	1
CASSLDRGNEKLFF	1
CASSLEGDYQPQHF	1
CASSLEMREYNEQFF	1
CASSLEQGRSQPQHF	1
CASSLIYIQEQYF	1
CASSLMFRGYGNQPQHF	1
CASSLISGKAFF	1
CASSLIPEYEQYF	1
CASSLIGLPYNEQFF	1
CASSLTLSGEETQYF	1
CASSLTGNTIYF	1
CASSLTHYEQYF	1
CASSLTVSETQYF	1
CASSLTGASSGNTIYF	1
CASSLTGGGQPQHF	1
CASSLTIGILAKNIQYF	1
CASSLSEGVYGYTF	1
CASSLSSYEQYF	1
CASSLRTGGTFTGELFF	1
CASSLKAGSNYGYTF	1
CASSLFSGPGEQFF	1
CASSLFAGRNEKLFF	1
CASSLFGGGNSPLHF	1
CASSLFPETSGRAYNEQFF	1
CASSLFGGGALLAGEEQFF	1
CASSLFDSGSYNEQFF	1
CASSLLLPAYNEQFF	1
CASSLLGGAAFF	1
CASSLLLGNEQFF	1
CASSLLYTGTTEAFF	1
CASSLSGPETQYF	1
CASSLSRNSPLHF	1
CASSLSQANTEAFF	1
CASSLSARYAEAFF	1
CASSLSGINTEAFF	1
CASSLSSNQPQHF	1
CASSLWSNGGYTF	1
CASSLWSGGDYGYTF	1
CASSLWLKGTEQFF	1
CASSLWTTGRGGSYEQYF	1
CASSLWRDEQFF	1
CASSLYPGADGNTIYF	1
CASSLYGETQYF	1
CASSLYGPDSTSGNTIYF	1
CASSLYGAFF	1
CASSLYDEAYEQYF	1
CASSLLLAGGASEQYF	1
CASSLLSGVNTEAFF	1
CASSLLQREGPTNEQFF	1
CASSLLAAEQFF	1
CASSLLGQPDGYTF	1
CASSLLAGSYNEQFF	1
CASSLLAGLNEKLFF	1
CASSLLASSYNEQFF	1
CASSLLTEAFF	1
CASSLPWTGPEAFF	1
CASSLPSGPKEAFF	1
CASSLPRDTLTDTQYF	1
CASSLPGLAGEKLFF	1
CASSLPGLAGGGETQYF	1
CASSLPIRGAFF	1
CASSLPTAGELFF	1
CASSLRPARELFF	1
CASSLRQENTEAFF	1
CASSLRGLDTEAFF	1
CASSLRGDNYGYTF	1
CASSLRGQWPYGYTF	1
CASSLREGLGTEAFF	1
CASSLRRVNTEAFF	1
CASSLRGTNQPQHF	1
CASSLRESYEQYF	1
CASSLHQGSQPQHF	1
CASSLQSLSNTEAFF	1
CASSLQATYEQYF	1
CASSLQGQKLFF	1
CASSLQGYTEAFF	1
CASSLQGASNQPQHF	1
CASSLQGASTEAFF	1
CASSLQGGNTIYF	1
CASSLQGSGEKLFF	1
CASSLQGNTEAFF	1
CASSLQENQAFF	1
CASSLVFLAGGSQYNEQFF	1
CASSLVSGGRTGYTF	1
CASSLVWRTSTDTQYF	1
CASSLVYGAFF	1
CASSLVLGTAIF	1
CASSLVLGINQPQHF	1
CASSLVPTTNEKLFF	1
CASSLVQGQGGYTF	1
CASSLVGSSRVQQFF	1
CASSLVGAAQGNTIYF	1
CASSLVGGYSYEQYF	1
CASSLVGQGNSPLHF	1
CASSLVGQNTEAFF	1
CASSLVDGQPQHF	1
CASSLVEGTEAFF	1
CASSLVEEQFF	1
CASSLVINYGYTF	1
CASSLVTGGGINEQYF	1
CASSLVSGYNEQFF	1
CASSLVPPQEYGNTIYF	1
CASSLVRGSYNEQFF	1
CASSLVASYEQYF	1
CASSLVGGPVNIQYF	1
CASSLVGDTLYGYTF	1
CASSLVTAGPQHF	1
CASSLVSAEAFF	1
CASSLVRGNEQFF	1
CASSLVSDYGYTF	1
CASSLVWGPNQPQHF	1
CASSLVVGGGTEAFF	1
CASSLVVREAFF	1
CASSLVAYGYTF	1
CASSLVAGTQETQYF	1
CASSLVAENTEAFF	1
CASSLVGGTEAFF	1
CASSLVGTSGSSYEQYF	1
CASSLVGNFGGYTF	1
CASSLVEPSGQLFYGYTF	1
CASSLVTVSDGYTF	1
CASSLVTAALYGYTF	1
CASSLVRLNTEAFF	1
CASSLVRGGEQFF	1
CASSLVQGNSPLHF	1
CASSLVVAGNNEQFF	1
CASSLVGVMNTEAFF	1
CASSLVRGPMNTEAFF	1
CASSLAFMTANTEAFF	1
CASSLAFNYGYTF	1
CASSLALGPNEKLFF	1
CASSLASGQGYEQYF	1
CASSLAWGRSEKLFF	1
CASSLARGGEQYF	1
CASSLADYNEQFF	1
CASSLADGSKYEQYF	1
CASSLADETAFF	1
CASSLASNTEAFF	1
CASSLALATSYEQYF	1
CASSLAPRGPSNQPQHF	1
CASSLAPQDFSGNTIYF	1
CASSLAPTGFTGELFF	1
CASSLAPGGRYGYTF	1
CASSLAPTGNTIYF	1
CASSLARAGGPYNEQFF	1
CASSLAAGGGPGEQFF	1
CASSLAGGTEGTEAFF	1
CASSLAGRGETQYF	1
CASSLAGTPAAGELFF	1
CASSLAGTDYNEQFF	1
CASSLAEDTEAFF	1
CASSLASPYEQYF	1
CASSLANLGGSNGYTF	1
CASSLASGSGREQFF	1
CASSLASSYGYTF	1
CASSLALVDTEAFF	1
CASSLALSGEQYF	1
CASSLARLAGVGHF	1
CASSLARADEQYF	1
CASSLARGADMNTEAFF	1
CASSLARNTEAFF	1
CASSLAQILGEAFF	1
CASSLAVQGARLNTEAFF	1
CASSLAAQETQYF	1
CASSLAARGWDQPQHF	1
CASSLAARGETEAFF	1
CASSLAGGQTSQGTQYF	1
CASSLAGRSSSYNSPLHF	1
CASSLAGGINQPQHF	1
CASSLAGRQETQYF	1
CASSLAGAGNTIYF	1
CASSLAGGLSSYEQYF	1
CASSLAGIEETQYF	1
CASSLAISQNTEAFF	1
CASSLATTPRTDTQYF	1
CASSLATGPQGTEAFF	1
CASSLANRGSGYTF	1
CASSLALGYGYTF	1
CASSLAQGRTEAFF	1
CASSLAQGFYEQYF	1
CASSLAVTGGYGYTF	1
CASSLAGPVNTEAFF	1
CASSLAGGVEKLFF	1
CASSLADTEAFF	1
CASSLGSSDYGYTF	1
CASSLGQPNQLFF	1
CASSLGVASNEKLFF	1
CASSLGGTDGYTF	1
CASSLGGRGNTIYF	1
CASSLGSGHEQYF	1
CASSLGRGLAGPYNEQFF	1
CASSLGSDRGHEQYF	1
CASSLGLAGAYEQYF	1
CASSLGRTSVYEQYF	1
CASSLGQQSPRGYTF	1
CASSLGAGHSPLHF	1
CASSLGGEKLFF	1
CASSLGGYGYTF	1
CASSLGGGLGEKLFF	1
CASSLGGGEVIYEQYF	1
CASSLGGSAYEQYF	1
CASSLGRTAYNSPLHF	1
CASSLGRLSGNTIYF	1
CASSLGKPNTGELFF	1
CASSLGLETQYF	1
CASSLGLSYEQYF	1
CASSLGSYNEQFF	1
CASSLGSGNQPQHF	1
CASSLGWVSYNEQFF	1
CASSLGLAGVGEQFF	1
CASSLGLAGKRDTQYF	1
CASSLGPAIGLNEKLFF	1
CASSLGRLNGYTF	1
CASSLGQAYGYTF	1
CASSLGVDMVSMGFEQFF	1
CASSLGAAPLHF	1
CASSLGASGWGETQYF	1
CASSLGALNTEAFF	1
CASSLGAQSSNSPLHF	1
CASSLGAAAGVGETQYF	1
CASSLGGLEKLFF	1
CASSLGGTSGRAAFF	1
CASSLGGGSSNTEAFF	1
CASSLGGRSGNTIYF	1
CASSLGGSENTIYF	1
CASSLGDGVGNQPQHF	1
CASSLGDYNEQFF	1
CASSLGDRRNSPLHF	1
CASSLGTSGMPQETQYF	1
CASSLGTANQPQHF	1
CASSLGTGGTDTQYF	1
CASSLGTEDGYTF	1
CASSLGTGSSPLHF	1
CASSLGSPEAFF	1
CASSLGRAAEAFF	1
CASSLGRRVSETQYF	1
CASSLGSLAGLNTGELFF	1
CASSLGWEGDEQFF	1
CASSLGYMGLPSYEQYF	1
CASSLGLASYEQYF	1
CASSLGLAPEQYF	1
CASSLGLAGGPYEQYF	1
CASSLGPQSGQAKNIQYF	1
CASSLGPSTEAFF	1
CASSLGQPAPLTDTQYF	1
CASSLGQGLPEAFF	1
CASSLGQGQPQHF	1
CASSLGQGNQPQHF	1
CASSLGQNGYTF	1
CASSLGARGRIPEAFF	1
CASSLGAGSYEQYF	1
CASSLGGAIQETQYF	1
CASSLGGQAWDTF	1
CASSLGGGDQPQHF	1
CASSLGGTSGRNEQFF	1
CASSLGGTHPTNEKLFF	1
CASSLGTDEAFF	1
CASSLGTSLGETQYF	1
CASSLGRGFNYGYTF	1
CASSLGNTEAFF	1
CASSLDSSNQPQHF	1
CASSLDWGEKLFF	1
CASSLDLFDHYTF	1
CASSLDPYSPLHF	1
CASSLDPRHTIYF	1
CASSLDGPVAARGTGELFF	1
CASSLDTLGEQYF	1
CASSLDPGYGGYTF	1
CASSLDRGRPGSF	1
CASSLDAIPYGYTF	1
CASSLDGDNEQFF	1
CASSLDDGRNYGYTF	1
CASSLDISQYNSPLHF	1
CASSLDTSSGSNEQYF	1
CASSLDRLSNYGYTF	1
CASSLDRPPNSPLHF	1
CASSLDRRSYEQYF	1
CASSLDRQVGGYTF	1
CASSLDNAGSSYEQYF	1
CASSLDKPGRGTEAFF	1
CASSLESGDAYEQYF	1
CASSLEADRVNTEAFF	1
CASSLEANTEAFF	1
CASSLEAGLNQPQHF	1
CASSLEAGLTRGYTF	1
CASSLEGQTITAFF	1
CASSLEGAGTTDTQYF	1
CASSLEGARQSPLHF	1
CASSLEGGSPYEQYF	1
CASSLEGDKGDTEAFF	1
CASSLEGEKLFF	1
CASSLEGTHRDSPLHF	1
CASSLEGLAGGAPYNEQFF	1
CASSLEGLGVVEQYF	1
CASSLEGRTEKLFF	1
CASSLEGRRGNYEQYF	1
CASSLETDYNEQFF	1
CASSLETGLATNEKLFF	1
CASSLERGQINGYTF	1
CASSLEQTGNQPQHF	1
CASSLEVSGGTF	1
CASSLEVGWVQETQYF	1
CASSLEVGNTEAFF	1
CASSLEGPVGAPGNTIYF	1
CASSLEGVGQPQHF	1
CASSLEGVDSPLHF	1
CASSLEKGPSYEQYF	1
CASSLILGDYGYTF	1
CASSLIWASDDEQFF	1
CASSLIGYGYTF	1
CASSLIERGYTGELFF	1
CASSLIRDRRDFYGYTF	1
CASSLIRQGYNSPLHF	1
CASSLMPYNEQFF	1
CASSLMADEKLFF	1
CASSLMGRGNNSPLHF	1
CASSLILSGHREKLFF	1
CASSLTWGDQPQHF	1
CASSLTVTDTEAFF	1
CASSLTEGLYEQYF	1
CASSLTPWTGVGNTIYF	1
CASSLTQRPQHF	1
CASSLTAGGRTGELFF	1
CASSLTGQDTDTQYF	1
CASSLTAFNTGELFF	1
CASSLTGAEAFF	1
CASSLTSGYTF	1
CASSLTGPNYGYTF	1
CASSLTGAPSNTEAFF	1
CASSLTGGRVEAFF	1
CASSLSPAKGGELFF	1
CASSLSGNTIYF	1
CASSLSPNTEAFF	1
CASSLSRGRGGTEAFF	1
CASSLRSEGAYGYTF	1
CASSLRLGTEAFF	1
CASSLRHLGTDTQYF	1
CASSLRQGTSGSGEQFF	1
CASSLRAFPEAFF	1
CASSLRAGTSDTQYF	1
CASSLRAVDQQFF	1
CASSLRAGVRYTF	1
CASSLRGPYGYTF	1
CASSLRGLAGAEEQFF	1
CASSLRGLDSGNTIYF	1
CASSLRGINEQYF	1
CASSLRETEAFF	1
CASSLRTGFFTEAFF	1
CASSLRKNGADTQYF	1
CASSLRAGGPVDTQYF	1
CASSLRGNYGYTF	1
CASSLNSGNQPQHF	1
CASSLNTGNEKLFF	1
CASSLNWTPTYEQYF	1
CASSLNPWSGSSYNSPLHF	1
CASSLNPGSGGLYEQYF	1
CASSLNPDRVGEKLFF	1
CASSLNGRTNEQFF	1
CASSLNGGQASPLHF	1
CASSLNRVAKNIQYF	1
CASSLNRNSGNTIYF	1
CASSLKRGADEQFF	1
CASSSLPGPLNTEAFF	1
CASSSPGTGYTEAFF	1
CASSSRSEKLFF	1
CASSSRQGTDTQYF	1
CASSSQGGTDTQYF	1
CASSSAPGRSEQYF	1
CASSSGTVTDTQYF	1
CASSSGQGAYEQYF	1
CASSSDTPSRLAGDNEQFF	1
CASSSTIGGGETQYF	1
CASSSTQDPSNQPQHF	1
CASSSTTQDQPQHF	1
CASSSSGSADTQYF	1
CASSSFRAQGGEKLFF	1
CASSSFGTNTDTQYF	1
CASSSLGQREQYF	1
CASSSSYEQYF	1
CASSSSDRGSETQYF	1
CASSSSTGGYTEAFF	1
CASSSYLAGASYEQYF	1
CASSSLRAPGDNEQFF	1
CASSSPYGYTF	1
CASSSPGAATYEQYF	1
CASSSPGTVPSYEQYF	1
CASSSPGNLPPREQYF	1
CASSSPTVFMNTEAFF	1
CASSSPGGADTEAFF	1
CASSSRTSPWYF	1
CASSSRTSGRNEQFF	1
CASSSRTGIATNEKLFF	1
CASSSRPAGEKLFF	1
CASSSHGGGFNSPLHF	1
CASSSHLGAGGRSNEQFF	1
CASSSQPTSAITDTQYF	1
CASSSQGSGRGSYEQYF	1
CASSSQGSNQPQHF	1
CASSSQSGNTIYF	1
CASSSVTAPYNSPLHF	1
CASSSVQISNYGYTF	1
CASSSAITGIPDTQYF	1
CASSSADRSYDYTF	1
CASSSAAGTDTQYF	1
CASSSGRDGEQYF	1
CASSSGGLNQPQHF	1
CASSSGGYSNQPQHF	1
CASSSGTSVIPDTQYF	1
CASSSGTSGYEQYF	1
CASSSGTAGGTEAFF	1
CASSSGTGGNTIYF	1
CASSSGLAGLQETQYF	1
CASSSGLAVSGELFF	1
CASSSGRSSTEAFF	1
CASSSGQGNEKLFF	1
CASSSDSRGSPLHF	1
CASSSDRGVGEKLFF	1
CASSSDRERGLFF	1
CASSSEIATNEKLFF	1
CASSSIAGGSNEQFF	1
CASSSTSPGAQPQHF	1
CASSSTGDPWDEQFF	1
CASSSTDMTGSYGYTF	1
CASSSSYNEQFF	1
CASSSSPTDYTEAFF	1
CASSSRSGEKLFF	1
CASSSRGAGELFF	1
CASSSRERGNSPLHF	1
CASSSRTSSDTGELFF	1
CASSSRTGDNSPLHF	1
CASSSKFLTSERDTGELFF	1
CASSSLAENEKLFF	1
CASSSSRDPFYNEQFF	1
CASSSWDEKLFF	1
CASSSYWSHQETQYF	1
CASSSYAFQETQYF	1
CASSSPPGGSYEQYF	1
CASSSQETQYF	1
CASSSVDRPSSGYTF	1
CASSSAGTQSNTEAFF	1
CASSSAGRTQYF	1
CASSSGYNEQFF	1
CASSSGLAAYNEQFF	1
CASSSGQTNTGELFF	1
CASSSGQANYGYTF	1
CASSSGGANTEAFF	1
CASSSDGFYNEQFF	1
CASSSDRVGQPQHF	1
CASSSDRNYNEQFF	1
CASSSIGGREAFF	1
CASSSIASSHEQYF	1
CASSSIGLKSSVYEQYF	1
CASSSTGGSTEAFF	1
CASSSTVNTEAFF	1
CASSSTANTEAFF	1
CASSSTGSSDTQYF	1
CASSSSTNEKLFF	1
CASSSSGSSYNEQFF	1
CASSSRQGNTEAFF	1
CASSSSRTAYGYTF	1
CASSSSQGASPYGYTF	1
CASSSYGTGPTDTQYF	1
CASSSLSGSRQETQYF	1
CASSSPAREGPYEQYF	1
CASSSPGLAGSETQYF	1
CASSSRHRQPQHF	1
CASSSQGLNTEAFF	1
CASSSQGAKETQYF	1
CASSSQDLQYNEQFF	1
CASSSASGYEQYF	1
CASSSGGSTEAFF	1
CASSSGMNTEAFF	1
CASSSGTYNEQFF	1
CASSSGTGGTEAFF	1
CASSSGLAGIYEQYF	1
CASSSGQGGGYTF	1
CASSSDSYNSPLHF	1
CASSSEASVGEKLFF	1
CASSSEETGDYGYTF	1
CASSSENPYEQYF	1
CASSSISGQVYNEQFF	1
CASSSIDRGRNFRAFF	1
CASSSTGTAYYEQYF	1
CASSSTGLAGGRRREQYF	1
CASSSRGQGDTEAFF	1
CASSSRTSTDTQYF	1
CASSSKQGNTEAFF	1
CASSSKTGFNYGYTF	1
CASSWRSHSTNEKLFF	1
CASSWREGLGNTIYF	1
CASSWGGGPQHF	1
CASSWGLAFYNEQFF	1
CASSWGRGYNEQFF	1
CASSWGQPSTDTQYF	1
CASSWGRGGNTEAFF	1
CASSWDRSGQPQHF	1
CASSWDRRNEKLFF	1
CASSWDSYGYTF	1
CASSWETVNTEAFF	1
CASSWTSGEPYEQYF	1
CASSWTGGGETQYF	1
CASSWSSTNEKLFF	1
CASSWRGNMNTEAFF	1
CASSYPGQNYGYTF	1
CASSYQGGTQYF	1
CASSYGTEAFF	1
CASSYGGGPLHF	1
CASSYGDRAEAFF	1
CASSYGTAGNTIYF	1
CASSYGDLAKNIQYF	1
CASSYDSEKLFF	1
CASSYLYRGQGYTF	1
CASSYLPGLAGIDTQYF	1
CASSYPGGSSYEQYF	1
CASSYPGTGRYEQYF	1
CASSYPLPEAFF	1
CASSYPLGSGSTGELFF	1
CASSYRSGSYNEQFF	1
CASSYVGGFTGNTIYF	1
CASSYAGGNTEAFF	1
CASSYGGIRTEAFF	1
CASSYGLNTEAFF	1
CASSYGTATNEKLFF	1
CASSYGTGSVGYGYTF	1
CASSYGSSEQFF	1
CASSYGQVGKLFF	1
CASSYDRGGEPQHF	1
CASSYDRDYGYTF	1
CASSYDRENTEAFF	1
CASSYTNTEAFF	1
CASSYSRQSNQPQHF	1
CASSYRAGELFF	1
CASSYKNTEAFF	1
CASSLSSAVRGHEQYF	1
CASSLWTKGYTF	1
CASSLLSSGNTIYF	1
CASSLRTSGQETQYF	1
CASSLQGIGSEKLFF	1
CASSLGTYNEQFF	1
CASSLGQGAANTEAFF	1
CASSLGGSGNTIYF	1
CASSLTSGRAGYEQYF	1
CASSLTSGRPDTQYF	1
CASSLTGGGESNSPLHF	1
CASSLTADRRTDTQYF	1
CASSLTGDQPQHF	1
CASSLTGENYGYTF	1
CASSLSGRYNEQFF	1
CASSLSGRAYEQYF	1
CASSLNSPLHF	1
CASSLSSVTYNEQFF	1
CASSLWGRRADTQYF	1
CASSLLGSRNTF	1
CASSLLQGQNGYTF	1
CASSLLAGGGYEQFF	1
CASSLRSRQGGEKLFF	1
CASSLRDRTKRYF	1
CASSLAGSPLHF	1
CASSLGSGGNQPQHF	1
CASSLGTSYNEQFF	1
CASSLGRGGTGELFF	1
CASSLGTASQHF	1
CASSLGQASYEQYF	1
CASSLDGTGYQPQHF	1
CASSLDGSSNYGYTF	1
CASSLDRAYEQYF	1
CASSLTGQGNQPQHF	1
CASSLTGTEAFF	1
CASSLRVYEQYF	1
CASSLRGGRTDTQYF	1
CASSLKVPTGLDTEAFF	1
CASSLWGGRDYGYTF	1
CASSLGYSNQPQHF	1
CASSLGAPQFF	1
CASSLGLAGTGELFF	1
CASSLGPGPQHF	1
CASSLGQGFYSPLHF	1
CASSLGQGTETQYF	1
CASSLDLLAGGNEQFF	1
CASSLDSSYEQYF	1
CASSLDRVVLYGYTF	1
CASSLDRIPNQPQHF	1
CASSLTSGSYEQYF	1
CASSLTSAVTEAFF	1
CASSLTGGDQPQHF	1
CASSLSSFAYNEQFF	1
CASSLSPSGEQYF	1
CASSLLGGVGYSYEQYF	1
CASSLPSPGKLFF	1
CASSLRRGREEKLFF	1
CASSLHSTWEEKLFF	1
CASSLQGFNQPQHF	1
CASSLQGTPYEQYF	1
CASSLVAGFAEAFF	1
CASSLAGTGYEQYF	1
CASSLAGVVGELFF	1
CASSLGRLTEAFF	1
CASSLGVIGQANYGYTF	1
CASSLGGTEGLSYEQYF	1
CASSLGWGYGYTF	1
CASSLGPFGNTEAFF	1
CASSLDSGGLDSNQPQHF	1
CASSLDRGRDDGYTF	1
CASSLITEQFF	1
CASSLILGHNEQFF	1
CASSLIHNSYNEQFF	1
CASSLTRHNEQFF	1
CASSLTGARFTGYTF	1
CASSLNRGEAFF	1
CASSLKPTGVNYGYTF	1
CASSPSMGGQDIQYF	1
CASSPLVDGTEAFF	1
CASSPLRRGNTGELFF	1
CASSPPSGGYTF	1
CASSPPPGDTQYF	1
CASSPPTGGHNEKLFF	1
CASSPRGEGEQYF	1
CASSPRTKNEQFF	1
CASSPRQGAGTEAFF	1
CASSPHWGGIRREQFF	1
CASSPQFPGRGTDTQYF	1
CASSPQYAYNEQFF	1
CASSPQGGVWNEQYF	1
CASSPQGNEAFF	1
CASSPVGVYGYTF	1
CASSPGQNYEQYF	1
CASSPGGVLGYTF	1
CASSPGGGTEAFF	1
CASSPGTTDTQYF	1
CASSPGTSGSGQYF	1
CASSPGLAKLSYNEQFF	1
CASSPGGTDTQYF	1
CASSPDRGLERETQYF	1
CASSPDRGETQYF	1
CASSPEGFSNQPQHF	1
CASSPENNQPQHF	1
CASSPERLSGNTIYF	1
CASSPTHTRDGNQPQHF	1
CASSPTTGPNTEAFF	1
CASSPTGVNQPQHF	1
CASSPTGDTEAFF	1
CASSPTTGTNLGYTF	1
CASSPTRVYGYTF	1
CASSPSGAGGPYEQYF	1
CASSPNPGLLNTEAFF	1
CASSPNVGSYGYTF	1
CASSPKPRDSHSPLHF	1
CASSPFPRDRNQPQHF	1
CASSPFGLGEETQYF	1
CASSPLGEALYNEQFF	1
CASSPLTGGGYTF	1
CASSPSGARKTFYEQYF	1
CASSPSPMVTNEKLFF	1
CASSPSRAQTNEQFF	1
CASSPSRLNTEAFF	1
CASSPSVGGWGYTF	1
CASSPSGGDYTDTQYF	1
CASSPSGEYEQYF	1
CASSPWTSGRDEQYF	1
CASSPWTGSNYGYTF	1
CASSPYPKGTLHF	1
CASSPYGRTEAFF	1
CASSPYIDRNTEAFF	1
CASSPLTIIPYGYTF	1
CASSPLQAKNIQYF	1
CASSPLSPGLEGYTF	1
CASSPLGPLPTSSYNEQFF	1
CASSPLGGSGNTIYF	1
CASSPLTVAYEQYF	1
CASSPLRGINQPQHF	1
CASSPLAGGSTDTQYF	1
CASSPLAENTEAFF	1
CASSPLGQGGTEAFF	1
CASSPPAGVIYEQFF	1
CASSPPEGANEKLFF	1
CASSPPIGGVINSPLHF	1
CASSPPPGTQWGDTQYF	1
CASSPPGSRGRQETQYF	1
CASSPPPGARTLGYTF	1
CASSPPQGVGLEQYF	1
CASSPPAGEIPEAFF	1
CASSPPGRNTEAFF	1
CASSPPDPGQGWYEQYF	1
CASSPRSGGTEAFF	1
CASSPRPTWGYGYTF	1
CASSPRREEQPQHF	1
CASSPRLSAYNEQFF	1
CASSPRPDREGEAFF	1
CASSPRDSLSNEQFF	1
CASSPRDRTHPLYYGYTF	1
CASSPRDGPYEQYF	1
CASSPRDRTKWNTEAFF	1
CASSPRQGSYGYTF	1
CASSPHPLEKLFF	1
CASSPQGASFNEQFF	1
CASSPQGGITEAFF	1
CASSPQGSSGNTIYF	1
CASSPQGPTNYGYTF	1
CASSPQDPALQETQYF	1
CASSPQDGGGGYTF	1
CASSPQAGEETQYF	1
CASSPQGDYYEQYF	1
CASSPQGLAGPYNEQFF	1
CASSPQTVNEQFF	1
CASSPAGRLNTEAFF	1
CASSPATEAFF	1
CASSPAGGSTDTQYF	1
CASSPGRDRKYYEQYF	1
CASSPGGTGTFEQYF	1
CASSPGSTQGAKTEAFF	1
CASSPGLTREKLFF	1
CASSPGRESTDTQYF	1
CASSPGAIEQFF	1
CASSPGGAGRYTDTQYF	1
CASSPGGSYEQYF	1
CASSPGDSSYEQYF	1
CASSPGTVYNEQFF	1
CASSPGTGDYSNQPQHF	1
CASSPGTGEGYTF	1
CASSPGNSGAYEQYF	1
CASSPGPQAYEQYF	1
CASSPGRGYSYTF	1
CASSPGQSGGYTF	1
CASSPGQAYYGYTF	1
CASSPDVARPSEKLFF	1
CASSPDGTEAFF	1
CASSPDTARSSLFF	1
CASSPDSLNTEAFF	1
CASSPDRLAEAFF	1
CASSPDRYNQPQHF	1
CASSPDRVPSQPQHF	1
CASSPDRKAFF	1
CASSPEVYGNTIYF	1
CASSPEGWNNSPLHF	1
CASSPEGTLSVRSGNTIYF	1
CASSPETLSRGTGELFF	1
CASSPETGGNQPQHF	1
CASSPIGSTFGAYNEQFF	1
CASSPIITSESGTGELFF	1
CASSPTWWASNQPQHF	1
CASSPTPQNLNTEAFF	1
CASSPTGGRGTGELFF	1
CASSPTTPKGAEAFF	1
CASSPTGFTEAFF	1
CASSPTGGTEAFF	1
CASSPSHEKLFF	1
CASSPRPGATNEKLFF	1
CASSPRPGERYGYTF	1
CASSPRGSTNEKLFF	1
CASSPREANTGELFF	1
CASSPRREEGYTF	1
CASSPRQGRATEAFF	1
CASSPNSNSNQPQHF	1
CASSPNHLRGGANEKLFF	1
CASSPNAGGNRYEQYF	1
CASSPKPLAGGDTQYF	1
CASSPFWSRFYSNQPQHF	1
CASSPFRSGDAGELFF	1
CASSPSHFNQPQHF	1
CASSPSTSGRAETQYF	1
CASSPPLHGHRPSGNTIYF	1
CASSPRTGANSPLHF	1
CASSPRLYIYQRSSYEQYF	1
CASSPHGTTNEKLFF	1
CASSPQVLGAYYEQYF	1
CASSPVTGRSPLHF	1
CASSPAGDRSQWGNQPQHF	1
CASSPGHNSPLHF	1
CASSPGLAGNTIYF	1
CASSPGQNNSPLHF	1
CASSPGALREQFF	1
CASSPGGIYYEQYF	1
CASSPGDFYNEQFF	1
CASSPGLLGVTEAFF	1
CASSPGLAVETQYF	1
CASSPGRLSGNTIYF	1
CASSPGRVTYEQYF	1
CASSPGQQSWEPQHF	1
CASSPGQGEGYTF	1
CASSPGQGRSPLHF	1
CASSPGQGYEKLFF	1
CASSPGQMNTEAFF	1
CASSPDNYGYTF	1
CASSPDYGYTF	1
CASSPDPSSYNEQFF	1
CASSPDGNYGYTF	1
CASSPDRNTEAFF	1
CASSPEVVRNNYGYTF	1
CASSPIQGNPNEQFF	1
CASSPIDSDYGYTF	1
CASSPTSGDDNEQFF	1
CASSPTGTYLQPQHF	1
CASSPTFRAKNIQYF	1
CASSPTGVTEAFF	1
CASSPTGTHGYTF	1
CASSPRDREQFF	1
CASSPNSEGWVSQHF	1
CASSPSSGQIAYEQYF	1
CASSPLAGGPQEQFF	1
CASSPPRETGVYGYTF	1
CASSPPRWGTTNYGYTF	1
CASSPPGHLQETQYF	1
CASSPPARGRYTEAFF	1
CASSPRHYNRGMYGNYGYTF	1
CASSPRTGGAEQYF	1
CASSPRQGFVNEQFF	1
CASSPQEPEAFF	1
CASSPQEGGSYEQYF	1
CASSPVKPGRPKETQYF	1
CASSPVEGGTEAFF	1
CASSPGASYNEQFF	1
CASSPGGARNSPLHF	1
CASSPGGDPYEQYF	1
CASSPGTVGNTIYF	1
CASSPGTAAMAFF	1
CASSPGTGGSTEAFF	1
CASSPGRGARQPQHF	1
CASSPGVYPNEQFF	1
CASSPDRTGHGGYTF	1
CASSPDSSEKLFF	1
CASSPDRAPYNSPLHF	1
CASSPDRAGYGYTF	1
CASSPIMGLDRTQETQYF	1
CASSPMGPNTEAFF	1
CASSPTWTASTNEKLFF	1
CASSPTGISGGYTF	1
CASSPTGQQRDGYTF	1
CASSPTAAGGYNEQFF	1
CASSPRQVNTEAFF	1
CASSPRVSGNTIYF	1
CASSPRAGGETQYF	1
CASSPREFDEQYF	1
CASSPRLAAADTQYF	1
CASSPKEGARGEAFF	1
CASSRLGPGLAGEGHTDTQYF	1
CASSRLSGSSYNEQFF	1
CASSRPGTALSGNTIYF	1
CASSRAGTVIGEQYF	1
CASSRAGESYEQYF	1
CASSRATTSNQPQHF	1
CASSRGGASYEQYF	1
CASSRGQGRRGGADSNQPQHF	1
CASSRGQSNEKLFF	1
CASSRDRAGNKAGTEAFF	1
CASSRTGWATEAFF	1
CASSRKTSAGPYEQYF	1
CASSRFGQLTEAFF	1
CASSRWDEKLFF	1
CASSRPGQAWGNTIYF	1
CASSRRGGWNSPLHF	1
CASSRQSSGNTIYF	1
CASSRQNAYEQYF	1
CASSRAAYNSPLHF	1
CASSRGAGIMNTEAFF	1
CASSRIGQPQHF	1
CASSRTSGRATDTQYF	1
CASSRTGAGVTEAFF	1
CASSRNTQYF	1
CASSRSNEQFF	1
CASSRSTGKAFF	1
CASSRSLLAGGENEQFF	1
CASSRYSSGKKNNEQFF	1
CASSRQGAPEAFF	1
CASSRAGSNEKLFF	1
CASSRAGSNSPLHF	1
CASSRGGGTDTQYF	1
CASSRGYGYTF	1
CASSRGGERSPLHF	1
CASSRGGPHGNQPQHF	1
CASSRGIGITEAFF	1
CASSRGTGLNLNEKLFF	1
CASSRGGHTEAFF	1
CASSRGTGNTIYF	1
CASSRDLKNIQYF	1
CASSRDPTRTEAFF	1
CASSRDRGAYEQYF	1
CASSRDVGEKLFF	1
CASSRESYEQYF	1
CASSRTYEQYF	1
CASSRTETNEKLFF	1
CASSRTGLQETQYF	1
CASSRTGGAWLITF	1
CASSRTGGESETQYF	1
CASSRTGTNIQYF	1
CASSRTGNTEAFF	1
CASSRTGNNQPQHF	1
CASSRSPGQGFEAFF	1
CASSRPTGAGTEAFF	1
CASSRRRNYGYTF	1
CASSRRYTQYF	1
CASSRQGISMSNQPQHF	1
CASSRQGSAFF	1
CASSRQEQGYQPQHF	1
CASSRQRTSDTQYF	1
CASSRGRDQPQHF	1
CASSRETDLAEAFF	1
CASSRIAGSSYEQYF	1
CASSRTGQAKAKNIQYF	1
CASSRRGTEAFF	1
CASSRRPTLNTEAFF	1
CASSHLLAGGYNEQFF	1
CASSHPTGGGTEAFF	1
CASSHPDRGPTGELFF	1
CASSHRGSSYNEQFF	1
CASSHRQAVETQYF	1
CASSHHTGETEAFF	1
CASSHQGYEQFF	1
CASSHDRGLGNTEAFF	1
CASSHTPGDVGYGYTF	1
CASSHTRDDTEAFF	1
CASSHLGQGTDTQYF	1
CASSHLRREQYF	1
CASSHPGAGAYEQYF	1
CASSHPASGGGSGELFF	1
CASSHQENTEAFF	1
CASSHAGTSYNEQFF	1
CASSHGSYNEQFF	1
CASSHGLAGEGFF	1
CASSHGEDTQYF	1
CASSHGFPYNEQFF	1
CASSHGLAGGHEQYF	1
CASSHEGQGAQPQHF	1
CASSHIIRNRDNEQFF	1
CASSHTSDEQYF	1
CASSQSYSNQPQHF	1
CASSQSDRGFGNTIYF	1
CASSQWTSYNEQFF	1
CASSQYSSHHQTQYF	1
CASSQLGGPVEKLFF	1
CASSQLGATDTQYF	1
CASSQLAGVELFF	1
CASSQPRAGGNNEQFF	1
CASSQPGSGNTGELFF	1
CASSQPGQGYYGYTF	1
CASSQRVAGSTDTQYF	1
CASSQQVNTEAFF	1
CASSQQTGRNIQYF	1
CASSQVHGELFF	1
CASSQATGELFF	1
CASSQAGNYGYTF	1
CASSQGYSGNTIYF	1
CASSQGRAGPRDTQYF	1
CASSQGGGTDTQYF	1
CASSQGASWDIQYF	1
CASSQGTGFNQPQHF	1
CASSQGQGNGYTF	1
CASSQEDRGQETQYF	1
CASSQIETDTQYF	1
CASSQMGRRGYEQYF	1
CASSQILAGAYEQYF	1
CASSQIQETQYF	1
CASSQIGSPSTGELFF	1
CASSQTDRGDGYTF	1
CASSQTPNTEAFF	1
CASSQTGANTGELFF	1
CASSQRPSQGSGNTIYF	1
CASSQRAKNIQYF	1
CASSQNVRLTGNQPQHF	1
CASSQLKDQLPRYF	1
CASSQLPGEKLFF	1
CASSQSGSDEQFF	1
CASSQSKTGVNTGELFF	1
CASSQSGGNQPQHF	1
CASSQSDYGYTF	1
CASSQWSGGANTEAFF	1
CASSQYLGTGNQPQHF	1
CASSQYPRGASFPRDNEQFF	1
CASSQYPTEQFF	1
CASSQYGRTNTEAFF	1
CASSQLNTEQYF	1
CASSQLSGGAEAFF	1
CASSQPAGSSWGSPLHF	1
CASSQPSSYEQYF	1
CASSQPLQGADYGYTF	1
CASSQPGTGYEKLFF	1
CASSQRLAGAPYEQYF	1
CASSQHIAGDLFF	1
CASSQQALNTEAFF	1
CASSQQQGVNTEAFF	1
CASSQVFQNGNTIYF	1
CASSQVPGRASAFF	1
CASSQVAGGADTQYF	1
CASSQVGKGNEKLFF	1
CASSQVEIGGAFF	1
CASSQVFLGPDRAQGSGYTF	1
CASSQVWQGRNTIYF	1
CASSQVLYGTEAFF	1
CASSQVHSSGNTIYF	1
CASSQVGREETQYF	1
CASSQVGGRPEAFF	1
CASSQVDEKLFF	1
CASSQVSSSSDTEAFF	1
CASSQVWYEQYF	1
CASSQVPSPPRSLHF	1
CASSQVPGGEKLFF	1
CASSQVAGEAKNIQYF	1
CASSQVAGRLSGELFF	1
CASSQVGVYEQFF	1
CASSQVGGRGYTEAFF	1
CASSQVTSGSWHEQFF	1
CASSQVSGHQAGEQFF	1
CASSQVQGQPQHF	1
CASSQVVRYGYTF	1
CASSQVGGAPGNTIYF	1
CASSQVGETQYF	1
CASSQVEGAGTEAFF	1
CASSQAYSRPEDLIQYF	1
CASSQALPGVRNGYTF	1
CASSQAGTLNTEAFF	1
CASSQAGQALEAFF	1
CASSQALGDYGYTF	1
CASSQAYEQYF	1
CASSQAGFPGGSEAFF	1
CASSQAGFNSPLHF	1
CASSQGDRAHEQFF	1
CASSQGTRLGNEKLFF	1
CASSQGSGSYEQYF	1
CASSQGRTGEHQPQHF	1
CASSQGSYSNQPQHF	1
CASSQGSTEAFF	1
CASSQGRLAGRYEQYF	1
CASSQGVGSYEQYF	1
CASSQGVGQGFRDTEAFF	1
CASSQGAGGPKNIQYF	1
CASSQGANTIYF	1
CASSQGAGDSYGYTF	1
CASSQGGLNQPQHF	1
CASSQGGTGNSPLHF	1
CASSQGGTDLSGNTIYF	1
CASSQGIRDTQYF	1
CASSQGTDEEKLFF	1
CASSQGTMSSYEQYF	1
CASSQGSAGGSYEQYF	1
CASSQGNRDQPQHF	1
CASSQGLRLAGDETQYF	1
CASSQGPGGNSPLHF	1
CASSQGRNRVGNQPQHF	1
CASSQGQGNTEAFF	1
CASSQGVGGNEKLFF	1
CASSQGAGDTYEQYF	1
CASSQGAVLYGYTF	1
CASSQGGIITEAFF	1
CASSQDFVRGLAAFF	1
CASSQDFGVMTEAFF	1
CASSQDFSMLYEQYF	1
CASSQDLARDTEAFF	1
CASSQDLLLLPYGYTF	1
CASSQDLQREAPYREQFF	1
CASSQDSRVQETQYF	1
CASSQDSVGTEAFF	1
CASSQDSGHKGDYGYTF	1
CASSQDSGEGAYNEQFF	1
CASSQDSAGLTDTQYF	1
CASSQDWQGIAIENSPLHF	1
CASSQDWAGSGREKLFF	1
CASSQDWGTGNEKLFF	1
CASSQDWDSSDQETQYF	1
CASSQDLGGNYGYTF	1
CASSQDLSLGAPEGWPQHF	1
CASSQDLPGGGSPLHF	1
CASSQDLETSSNQPQHF	1
CASSQDLNTEAFF	1
CASSQDLAGRYNEQFF	1
CASSQDLGTEGYEQYF	1
CASSQDPTANTIYF	1
CASSQDRFGEEAFF	1
CASSQDRGRNYGYTF	1
CASSQDRGGENEKLFF	1
CASSQDQRLYEKLFF	1
CASSQDQVWRGRETQYF	1
CASSQDQGNQPQHF	1
CASSQDVSGRNTEAFF	1
CASSQDGRITDTQYF	1
CASSQDGASGPTGELFF	1
CASSQDGQPYGYTF	1
CASSQDGDTGELFF	1
CASSQDMGTGTEAFF	1
CASSQDIGLGNTIYF	1
CASSQDTLSYNEQFF	1
CASSQDTGGGYTF	1
CASSQDSRSPGYTF	1
CASSQDSGTPYEQYF	1
CASSQDRSPYEQYF	1
CASSQDKPSGIHEQYF	1
CASSQDLGNEQYF	1
CASSQDRTGGRTQYF	1
CASSQDVDRDEQFF	1
CASSQDAATNEKLFF	1
CASSQDEGTSGDEKLFF	1
CASSQDESRDGQYF	1
CASSQEFRDRPLHF	1
CASSQEVHGRETQYF	1
CASSQEVVTGGGYTF	1
CASSQEAGRDNSPLHF	1
CASSQEGGSSEKLFF	1
CASSQEGDTEKLFF	1
CASSQEGKEKLFF	1
CASSQEGLENNEQFF	1
CASSQEDPRFSNTEAFF	1
CASSQEMTVRSEQYF	1
CASSQENRNYGYTF	1
CASSQELVGTDTQYF	1
CASSQESNSGNTIYF	1
CASSQESTGAAGYTF	1
CASSQERTGVTEAFF	1
CASSQEGYSYNSPLHF	1
CASSQEGELSSGNTIYF	1
CASSQETQADTEAFF	1
CASSQETTGGTEAFF	1
CASSQITGGNTIYF	1
CASSQIPGLAGYAAYNEQFF	1
CASSQMLAGVSNEQFF	1
CASSQMREASSYNEQFF	1
CASSQMGRGSEPQHF	1
CASSQTSRLSLQETQYF	1
CASSQTDYNEQFF	1
CASSQTAGGNNEQFF	1
CASSQTGAGLANTEAFF	1
CASSQTLSGGKETQYF	1
CASSQTAGTEAFF	1
CASSQSSWEMNTEAFF	1
CASSQSGRDGNEQYF	1
CASSQRVTGSQYF	1
CASSQNWRGTGNEKLFF	1
CASSVSGGPHEQFF	1
CASSVGHQPQHF	1
CASSVGWDSYEQYF	1
CASSVGTKSYEQYF	1
CASSVGRLDNEQFF	1
CASSVGLTDTQYF	1
CASSVGLAGEISYEQYF	1
CASSVELSGSLDEQYF	1
CASSVTSETYEQYF	1
CASSVSSGRGEDTQYF	1
CASSVSGLKYEQYF	1
CASSVSGTPDTQYF	1
CASSVGSTYEQYF	1
CASSVGTETYGYTF	1
CASSVTQLGDSTDTQYF	1
CASSVASGYGAEAFF	1
CASSVGPTNEKLFF	1
CASSVGGQIRNTEAFF	1
CASSVTGANEKLFF	1
CASSVFSTGELFF	1
CASSVWPAGELFF	1
CASSVPTGGTEAFF	1
CASSVQGEDYGYTF	1
CASSVVPGNYGYTF	1
CASSVVGESDTQYF	1
CASSVVEFYTEAFF	1
CASSVVRGAMNTEAFF	1
CASSVVPGGPNEQFF	1
CASSVVETAGVNQPQHF	1
CASSVVGDREPQETQYF	1
CASSVALGSTDTQYF	1
CASSVASDRGNTIYF	1
CASSVAPSGRPGTYEQYF	1
CASSVAPAGVTEAFF	1
CASSVAGVSGNTIYF	1
CASSVAEDTQYF	1
CASSVARGQGTSPLHF	1
CASSVAGTDNEKLFF	1
CASSVAGTSGIHNEQFF	1
CASSVAGTYNEQFF	1
CASSVAEGNSYEQYF	1
CASSVGANQPQHF	1
CASSVGTGGNSPLHF	1
CASSVGLRGSYEQYF	1
CASSVGAGTKNQPQHF	1
CASSVGYSNTEAFF	1
CASSVGLGSYNEQFF	1
CASSVGGFEAGNTIYF	1
CASSVGDTSSYNEQFF	1
CASSVGDSNSPLHF	1
CASSVGSGALNTEAFF	1
CASSVGGVSGNTIYF	1
CASSVGGGHTEAFF	1
CASSVGDRMPYEQYF	1
CASSVDPGRGTGELFF	1
CASSVDQGLQPQHF	1
CASSVDGLATQYF	1
CASSVDGPTEAFF	1
CASSVDPQGVDTQYF	1
CASSVDGSAGTEAFF	1
CASSVDDSLSYEQYF	1
CASSVESDRYNEQFF	1
CASSVEWRGSDTGELFF	1
CASSVEVRGDTQYF	1
CASSVEGVDETQYF	1
CASSVEGQGYEQYF	1
CASSVEGQIRETQYF	1
CASSVEIGQAYEQYF	1
CASSVELLGGTGELFF	1
CASSVEAGGPSEQFF	1
CASSVEGGSYEQYF	1
CASSVEGDINYGYTF	1
CASSVEGADEAFF	1
CASSVEGRLAGGPDTQYF	1
CASSVEDSNQPQHF	1
CASSVESGNQPQHF	1
CASSVTFQPQHF	1
CASSVTGSVYNEQFF	1
CASSVTRSVAKNIQYF	1
CASSVTMQETDTQYF	1
CASSVNWGGITEAFF	1
CASSVKGLAGADTDTQYF	1
CASSALTGSINYGYTF	1
CASSAPGSPNEKLFF	1
CASSARLSGGNTEAFF	1
CASSARQGTEAFF	1
CASSARVDGNYGYTF	1
CASSARAGQGYGYTF	1
CASSANNEQFF	1
CASSAYRGNTEAFF	1
CASSAPLETQYF	1
CASSAPGPSGNEQFF	1
CASSAPGARAFF	1
CASSARLRDTEAFF	1
CASSARVDSYEQYF	1
CASSARGAVGQPQHF	1
CASSAHWRDSNYGYTF	1
CASSAHGQDTEAFF	1
CASSAAGQTNTGELFF	1
CASSAGGSYEQYF	1
CASSAGTGIETQYF	1
CASSAGTMGNQPQHF	1
CASSAGQAEETQYF	1
CASSADGGGRSEAFF	1
CASSAEGTLTNEKLFF	1
CASSANRDRAMNTEAFF	1
CASSASGSRTYLSGNTIYF	1
CASSAQGNEKLFF	1
CASSAGAPNQPQHF	1
CASSAGRAANYGYTF	1
CASSAIRDRGGGDYGYTF	1
CASSATVYGYTF	1
CASSATGGAGNTIYF	1
CASSAWDRVDEQFF	1
CASSAYPHSNQPQHF	1
CASSAPGQGYTEAFF	1
CASSAQSANNSPLHF	1
CASSAQGYNSPLHF	1
CASSAQGGTEAFF	1
CASSAGGPQPQHF	1
CASSAGGDEQYF	1
CASSAGLAGPASTSSYNEQFF	1
CASSATLAHEQYF	1
CASSATGQQRSGNTIYF	1
CASSGPGTANEKLFF	1
CASSGGVTSYNSPLHF	1
CASSGTTSYNEQFF	1
CASSGSSYNEQFF	1
CASSGYRPQGQGIWEGYTF	1
CASSGRTGFNMNTEAFF	1
CASSGGTGAPSNQPQHF	1
CASSGGSRLNEQFF	1
CASSGGSGRAGETQYF	1
CASSGGQMNTEAFF	1
CASSGPTSGMIGNEQFF	1
CASSGATGYNEQFF	1
CASSGGNQPQHF	1
CASSGDFTPSEKLFF	1
CASSGDPPSYNEQFF	1
CASSGDRGQNGYTF	1
CASSGDNYQPQHF	1
CASSGIAGSSYNEQFF	1
CASSGTRGLFF	1
CASSGTYSNQPQHF	1
CASSGTGFLSYEQYF	1
CASSGRDTGELFF	1
CASSGKQGALGYTF	1
CASSGWEGNGYTF	1
CASSGLYGYTF	1
CASSGLAEGLYEQYF	1
CASSGVGQGRSSEAFF	1
CASSGGGTEAFF	1
CASSGGMGNTIYF	1
CASSGISVRGTEAFF	1
CASSGTSGSYEQYF	1
CASSDYNEKLFF	1
CASSDTAYTKAFF	1
CASSDSGGHNEQFF	1
CASSDSAQAFF	1
CASSDRVQGSPLHF	1
CASSDRYEKLFF	1
CASSDRLAGVNEQFF	1
CASSDAGWRTEAFF	1
CASSDGTGERPQHF	1
CASSDTGVTEAFF	1
CASSDSVGPNQPQHF	1
CASSDRATGNTIYF	1
CASSDRGVNEQYF	1
CASSEFSRYPIYF	1
CASSEFGTGGRFGNQPQHF	1
CASSEWTESTDTQYF	1
CASSEGWSSTNEKLFF	1
CASSERTVNTEAFF	1
CASSESTGKETQYF	1
CASSELAGGTGELFF	1
CASSEDSLAGQYF	1
CASSETSGRLYNEQFF	1
CASSETQGYEQYF	1
CASSESYNQPQHF	1
CASSERLQQFF	1
CASSILGGGGYEQYF	1
CASSIGSLNEQYF	1
CASSIGPMNYGSPLHF	1
CASSIRLQGSTGNTIYF	1
CASSIRLAGVGRSPHEQFF	1
CASSMVGGAGQPQHF	1
CASSMGGREQYF	1
CASSIQGASAKNIQYF	1
CASSIGTSTDTQYF	1
CASSIMGGTDEKLFF	1
CASSIRLAGDFYEPNLAGDFYEQFF	1
CASSTPGLAPTGELFF	1
CASSTRPGLVIGEQFF	1
CASSTRDRDEAFF	1
CASSTSGSRYEQFF	1
CASSTWGLSNQPQHF	1
CASSTLRGGDYGYTF	1
CASSTRHGESSPLHF	1
CASSTVTGDSNQPQHF	1
CASSTGAGGNEQFF	1
CASSTGTSNTEAFF	1
CASSTGTGNQPQHF	1
CASSTGTEGMNTEAFF	1
CASSTGTERMNTEAFF	1
CASSTGLAVPSYEQYF	1
CASSTDRGRGQPQHF	1
CASSTTGGEQYF	1
CASSTTKGRSYEQYF	1
CASSTRDRLNTEAFF	1
CASSTRFGTGDYEQYF	1
CASSTRPLLYNEQFF	1
CASSTRGAGPEKLFF	1
CASSTNTGNTEAFF	1
CASSTWPRGYTF	1
CASSTLGDRPYLYNEQFF	1
CASSTGRRPSPLHF	1
CASSTDFDTQYF	1
CASSTDTSSYNEQFF	1
CASSTDRGREQFF	1
CASSTDRGQPQHF	1
CASSTRSSGNTIYF	1
CASSTSTSGAVKPYNEQFF	1
CASSTSISNQPQHF	1
CASSTRTANGNQPQHF	1
CASSTGFSNQPQHF	1
CASSTGRSSYEQYF	1
CASSTGANQPQHF	1
CASSTGTGTYQPQHF	1
CASSTTGNYGYTF	1
CASSSTGNTEAFF	1
CASSSLDRGSPLHF	1
CASSSPGHDYGYTF	1
CASSSRGAGGSYNEQFF	1
CASSSTGRPDYGYTF	1
CASSRSAGVTDTQYF	1
CASSRRLVQETQYF	1
CASSRQTGPLDSPLHF	1
CASSREDTDTQYF	1
CASSRTGSSYEQYF	1
CASSRSGSNQETQYF	1
CASSRSYEQYF	1
CASSRPGVGGDTEAFF	1
CASSRQASSGNTIYF	1
CASSRQGRNTEAFF	1
CASSRQGTNEKLFF	1
CASSRGPGNTEAFF	1
CASSRGGDFQETQYF	1
CASSRDRVRGYTF	1
CASSNSGSWYEQYF	1
CASSNRTSGVNEQFF	1
CASSNGLEPYGYTF	1
CASSNLLLNNQPQHF	1
CASSNPGTGNPPLHF	1
CASSNRDRVMNTEAFF	1
CASSNGALQETQYF	1
CASSNTGTGWNEQFF	1
CASSNRGFSEAFF	1
CASSNRDYEQYF	1
CASSKRYGYTF	1
CASSKGTEAFF	1
CASSKGSGGSGYTF	1
CASSKGRENSPLHF	1
CASSKDSNQPQHF	1
CASSKIPGGEDYGYTF	1
CASSKFGGVYGYTF	1
CASSKLTGSGSKNIQYF	1
CASSKSGTSGWSYEQYF	1
CASSKPVCAGKNIQYF	1
CASSKPPGRTNSPLHF	1
CASSKQGGEQFF	1
CASSKVPWPQHF	1
CASSKAPEPNYGYTF	1
CASSKAAQPQHF	1
CASSKAGNEQFF	1
CASSKAGGESPTSYEQYF	1
CASSKANGEANEKLFF	1
CASSKGAVSEGRAADYNEKLFF	1
CASSKGGNRSSPLHF	1
CASSKGGRNEKLFF	1
CASSKGSVRRSPLHF	1
CASSKDTGGQETQYF	1
CASSKEGRVYEQYF	1
CASSKEGHYLEAYNEQFF	1
CASSKSGLAGDEQFF	1
CASSKSGGTYEQYF	1
CASSKRDRELPYEQYF	1
CASSKRQGSADEKLFF	1
CASSKNTRGGTEAFF	1
CASSKKAVEQFF	1
CASRFGDEQFF	1
CASRFGPGYTF	1
CASRLAAEHTEAFF	1
CASRLAGSYEQYF	1
CASRSSGGYNEQFF	1
CASRSRGGMNTEAFF	1
CASRSGGATNEKLFF	1
CASRSDQARNTEAFF	1
CASRSDGDSGNTIYF	1
CASRSDRDLTEAFF	1
CASRYTGINEAFF	1
CASRLDRGSLLDEKLFF	1
CASRPASGRSYNEQFF	1
CASRPGGGGNQPQHF	1
CASRPGQGGYGYTF	1
CASRPEGTSGRVEETQYF	1
CASRPYRGSGNTIYF	1
CASRPGLNQPQHF	1
CASRPGRHEAFF	1
CASRPRSDLGTEAFF	1
CASRPDSSYEQYF	1
CASRRRGGRAYEQYF	1
CASRRTGGDGGPQHF	1
CASRRGTSGSDEQFF	1
CASRHRGGGQGYGYTF	1
CASRQRNANTEAFF	1
CASRQQVVFYNSPLHF	1
CASRQGQGILNTEAFF	1
CASRVRDGGFYNSPLHF	1
CASRVQGGTEAFF	1
CASRVAGTGESYEQYF	1
CASRVTGRINYGYTF	1
CASRVSNQPQHF	1
CASRVVRQGLSPLHF	1
CASRAMTGSYGYTF	1
CASRASDYTDTQYF	1
CASRADRGNSPLHF	1
CASRARVGNYGYTF	1
CASRAVGSYNEQFF	1
CASRADRDGTEAFF	1
CASRAQGGSPLHF	1
CASRGLGDRGLEQYF	1
CASRGWGIDEQFF	1
CASRGSGGGAGEAFF	1
CASRGPSGSSYNEQFF	1
CASRGPGQGYEQYF	1
CASRGSNQPQHF	1
CASRGRPNYGYTF	1
CASRGLGGPYNEQFF	1
CASRGAGQGNEQYF	1
CASRGGYVRYEQYF	1
CASRGGTNQGDEQFF	1
CASRGDQPQHF	1
CASRGDRGLGYTF	1
CASRGTGGLIYGYTF	1
CASRGYSNYGYTF	1
CASRGGGQPQHF	1
CASRGTGARSYGYTF	1
CASRDYYNEQFF	1
CASRDPGTGVGIQYF	1
CASRDPGEQYF	1
CASRDPGQVLYGYTF	1
CASRDASSYNSPLHF	1
CASRDSDSYNEQFF	1
CASRDRAPNTEAFF	1
CASRDKTSMEAFF	1
CASREREHTGELFF	1
CASREAGGRKNTEAFF	1
CASREGGVDIQYF	1
CASRETREASYEQYF	1
CASRELMDSGRGSPLHF	1
CASRERGRLNEKLFF	1
CASRIDRDNQPQHF	1
CASRITGSSTDTQYF	1
CASRILGIDTGELFF	1
CASRIRGQETQYF	1
CASRMTGTSGNEQFF	1
CASRIAGGLNIQYF	1
CASRTPGEQYF	1
CASRTATSEYTGELFF	1
CASRTGGSYNEQFF	1
CASRTGGGFNEQFF	1
CASRTWDTQYF	1
CASRTGATSGNTIYF	1
CASRTGAYNSPLHF	1
CASRSGAQETQYF	1
CASRSEPTDTQYF	1
CASRRYTDPGELFF	1
CASRRIGTTNEKLFF	1
CASRRTGIGETQYF	1
CASRRGTGEWNEQFF	1
CASRREWRPPSTDTQYF	1
CASRRTGQLNQPQHF	1
CASRNSGIAKNIQYF	1
CASRNQVLSTEAFF	1
CASRNGEGGQNTEAFF	1
CASRNSLNQPQHF	1
CASRKADNNSPLHF	1
CASRKGFSNTEAFF	1
CASRKHLGGRAPETQYF	1
CASRFGRNSPLHF	1
CASRFSGNTIYF	1
CASRFGTAVNF	1
CASRFKGEVEKLFF	1
CASRLDRGHEAFF	1
CASRLIAGNEQFF	1
CASRSTGVDSPLHF	1
CASRSSPGGGETQYF	1
CASRSGASGLRVGEQFF	1
CASRSQGYEQYF	1
CASRSGSSNQPQHF	1
CASRSGQGVTDTQYF	1
CASRSGEGTDTQYF	1
CASRSGGRETQYF	1
CASRWTSGRIDTQYF	1
CASRWTGNTEAFF	1
CASRYVGSDYGYTF	1
CASRLYRTSYEQYF	1
CASRLPAGRAHRNNEQFF	1
CASRLQVGDTQYF	1
CASRLAGGTDTQYF	1
CASRLAGGRETQYF	1
CASRPSGRRGNTIYF	1
CASRPGRGPEAFF	1
CASRPISGTGWTEAFF	1
CASRPTRGSNQPQHF	1
CASRPRDRGNTIYF	1
CASRPGPYNEQFF	1
CASRPTGGNTEAFF	1
CASRPRSMNTEAFF	1
CASRPPGTGLTGELFF	1
CASRPTTGNYGYTF	1
CASRPRDTGGYGYTF	1
CASRRRIAGGGETQYF	1
CASRRSSGIGYEQYF	1
CASRRLESGELFF	1
CASRHAGTTVYEQFF	1
CASRQGPSGSSYNEQFF	1
CASRQGTGELFF	1
CASRQGQKAFF	1
CASRQRQGGLETQYF	1
CASRVVNTEAFF	1
CASRAGDTQYF	1
CASRAYWDSQETQYF	1
CASRAGTYSNQPQHF	1
CASRAGASNEKLFF	1
CASRATGGVFNEQFF	1
CASRAPGQGAEAFF	1
CASRAGRGNEQFF	1
CASRADTQYF	1
CASRADGTSSNSPLHF	1
CASRAEVGELFF	1
CASRGPATKNTEAFF	1
CASRGTASTDTQYF	1
CASRGPPRQPQHF	1
CASRGWEGNSPLHF	1
CASRGLSQETQYF	1
CASRGGWADTQYF	1
CASRGGLSNQPQHF	1
CASRGNRGSYEQYF	1
CASRGLGSYNEQFF	1
CASRGADYYGYTF	1
CASRGTGPSYTVELFF	1
CASRDSGGYYGYTF	1
CASRDRATGSNGYTF	1
CASRDGQSDYGYTF	1
CASRDRVYSPLHF	1
CASREDRAGGYTF	1
CASREDRGDYGYTF	1
CASRELAGGNEQFF	1
CASREQNQPQHF	1
CASRIRQLNTEAFF	1
CASRIGTGYGYTF	1
CASRIQGLDTQYF	1
CASRTSGTPLNTGELFF	1
CASRTRRVSNQPQHF	1
CASRTGLGRFRDSSYEQYF	1
CASRTGTRSTNEKLFF	1
CASRTGRYTEAFF	1
CASRTTRDSGKGEAFF	1
CASRSGGAYGYTF	1
CASRRTGRSYEQYF	1
CASRRIGAQHF	1
CASRNTASYEQYF	1
CASRNRGSTGGYTF	1
CASRKQGTPEAFF	1
CASRKQGTGNTIYF	1
CASRKSSAQETQYF	1
CASNLVSLNTEAFF	1
CASNSGTEFGYTF	1
CASNWRDHEQYF	1
CASNYPGTEAFF	1
CASNLIGGANEKLFF	1
CASNPLRDSSIGNEQFF	1
CASNPRNSYNEQFF	1
CASNRDPNSPLHF	1
CASNHAGLSEKLFF	1
CASNTGYGYTF	1
CASNTGTSQPQHF	1
CASNPGQGGSGYTF	1
CASNPRTPRGYTF	1
CASNPGQTYEQYF	1
CASNPTLAKNIQYF	1
CASNPSPSGGVYGYTF	1
CASNPGAGYGYTF	1
CASNRQGREDEAFF	1
CASNRQDATNEKLFF	1
CASNRGGAGEYGYTF	1
CASNQWDRVNYGYTF	1
CASNQPGTGLNEQYF	1
CASNQQGYTEAFF	1
CASNQDGATYNEQFF	1
CASNVGPSGGQETQYF	1
CASNAHPQGRIF	1
CASNAGPHSPLHF	1
CASNGGGTNQPQHF	1
CASNDRSSYNEQFF	1
CASNEGGDSNQPQHF	1
CASNNRDVLYEQYF	1
CASKYRDANEKLFF	1
CASKLNLGNYGYTF	1
CASKRGASNEQFF	1
CASKRTSGQETQYF	1
CASKQDRGNIQYF	1
CASKAGSTDTQYF	1
CASKGGGLGFSNQPQHF	1
CASKDGTF	1
CASKDGLHPEAFF	1
CASKREERGNEQFF	1
CASKSGNYEQYF	1
CASKPFAGNTIYF	1
CASKPLGAAQETQYF	1
CASKRGGQGSVNTEAFF	1
CASKRGDSYNEQFF	1
CASKRDVRMNTEAFF	1
CASKVGDSYNEQFF	1
CASKGEAFTSTEAFF	1
CASKGTGGNQPQHF	1
CASKGLADYNEQFF	1
CASKGGVWKNIQYF	1
CASKEPGQGHTEAFF	1
CASKIVGTGGLTNEKLFF	1
CASKTGGTYGYTF	1
CASKRDLNTEAFF	1
CASKRTGGVYNEQFF	1
CARSSTDTQYF	1
CARGGAENTEAFF	1
CARRTGALYRGYTF	1
CARLHGLAEVYEQYF	1
CARRTPQGTGAYEQYF	1
CARRAGTTGELFF	1
CARDSRGAYGYTF	1
CARTWRGRPLRYTF	1
CANVQGAAETQYF	1
CANREHEADGYTF	1
CAASGNTDTQYF	1
CASSTGTEGQPQHF	1
CDSSYEAGRREQYF	1
CDSSSPRDTQYF	1
CKSGLPPWPQHF	1
CPRQESNQPQHF	1
CASGTDLVLPGELFF	1
CARGQVNTGELFF	1
CADNRPEEQFF	1
CATSVWGNEQFF	1
CATAIQGGNYEQYF	1
CATTQGQGDTGELFF	1
CATQRAISYNEQFF	1
CASASGSSGNTIYF	1
CASTGTGAYEQYF	1
CASSGAAQYNEQFF	1
CASCGEDTEAFF	1
CASRLETGRAFF	1
CASRGPGTTGELFF	1
CASQPQGYNEQFF	1
CASQKDRRYNSPLHF	1
CASVLAGRTDTQYF	1
CASASTARLSYEQYF	1
CASAGGDEKLFF	1
CASAEGNTEAFF	1
CASGVAGSRDTQYF	1
CASGENYGYTF	1
CASGPLTPNYGYTF	1
CASGIDRGLATEAFF	1
CASGRTESYNEQFF	1
CASMGQGANTEAFF	1
CASMKDENRGQWAEAFF	1
CASTPKFLGTVDGYTF	1
CASTLSGTSGEQFF	1
CASTLISSRYNEQFF	1
CASTLSYSEKNIQYF	1
CASTPSPSYYGYTF	1
CASTPVEGAYNEQFF	1
CASTMTVAIYYGYTF	1
CASSFQTAVYEQYF	1
CASSLQGAEGAPLHF	1
CASSSGTYGMLYGYTF	1
CASSSDREVDYGYTF	1
CASSSEPYEKLFF	1
CASSSTGELFF	1
CASSWDREIGELFF	1
CASSYAGVYNSPLHF	1
CASSPGTSRRKYF	1
CASSPGLAGVAGELFF	1
CASSPEKAAEKLFF	1
CASSPIVAGPGFF	1
CASSPGDNYGYTF	1
CASSPVYRYGYTF	1
CASSRQGLDTEAFF	1
CASSHWTGSSAQYF	1
CASSQSGLAGSTREQYF	1
CASSQSSGDPDEKLFF	1
CASSAQGLNTEAFF	1
CASSAFGRPSDNEQFF	1
CASSAGVSYEQYF	1
CASSGLAGSGEQYF	1
CASSGAWGSWTDTQYF	1
CASSGGGGYNEQFF	1
CASSDRRGLATFDTQYF	1
CASSDGRGLAEAFF	1
CASSDRIPGELFF	1
CASSDGREGSYEQYF	1
CASSDGQNTEAFF	1
CASSESLAGVYNEQFF	1
CASSESTLAGYEQYF	1
CASSERAVGAGGWEQYF	1
CASSEALGQGGTEAFF	1
CASSEGREGNELFF	1
CASSEDRTSGRELFF	1
CASSETAGGTDTQYF	1
CASSESSYEQYF	1
CASSEREAGTDTQYF	1
CASSEFPSLNGAFTVQYF	1
CASSKSGRKNNEQFF	1
CASSFFLAGVNTGELFF	1
CASSFFGRQGGYGYTF	1
CASSFLGQRTDTQYF	1
CASSFLSGQPNSPLHF	1
CASSFSGATNEKLFF	1
CASSFRDSGYPHEQFF	1
CASSFRNFGYTEAFF	1
CASSFRSALGEQYF	1
CASSFRGQNTEAFF	1
CASSFQPGPLSGNTIYF	1
CASSFAGGGTDTQYF	1
CASSFGNEQYF	1
CASSFGYSLMNTEAFF	1
CASSFGQGYYEQYF	1
CASSFDIYGYTF	1
CASSFDMSTMNTEAFF	1
CASSFDTDYGYTF	1
CASSFEGEIGGYTF	1
CASSFIDSSNYGYTF	1
CASSFTPPGNSPLHF	1
CASSFRGPDYGYTF	1
CASSFRGRAYEQYF	1
CASSFSGPEGNTEAFF	1
CASSFREGSAIYGYTF	1
CASSFGWRGRKNSPLHF	1
CASSFGGANYGYTF	1
CASSFGTVNTEAFF	1
CASSFDPLGNSNQPQHF	1
CASSFDRDLYNEQFF	1
CASSFDNNQPQHF	1
CASSFMGVAEKLFF	1
CASSFTGNTEAFF	1
CASSFSGRDDNEQFF	1
CASSFRGSYGYTF	1
CASSFRHEGSYEQYF	1
CASSFNGNEQFF	1
CASSLFQDLQDTQYF	1
CASSLFRGVYNEQFF	1
CASSLLPSGSMYEQYF	1
CASSLLWTGTYSPLHF	1
CASSLLTGITNTEAFF	1
CASSLSGGENPEAFF	1
CASSLSADSGNTIYF	1
CASSLSVAGVNEQYF	1
CASSLSGIYEQYF	1
CASSLSGGTTDTQYF	1
CASSLWQGYEQYF	1
CASSLWTGGSGYTF	1
CASSLYRTNYGYTF	1
CASSLLTTNEQFF	1
CASSLLPNYEQYF	1
CASSLPQTDITDTQYF	1
CASSLPSGFYNEQFF	1
CASSLPHRNTEAFF	1
CASSLPDRGRIPGGYTF	1
CASSLPERGHGYTF	1
CASSLPRGLDEQFF	1
CASSLPQRTDTQYF	1
CASSLRQDYGYTF	1
CASSLRSSGARETSYEQYF	1
CASSLRPPATYEQYF	1
CASSLQGNQPQHF	1
CASSLQGLNYGYTF	1
CASSLQGDTEAFF	1
CASSLQGIMNTEAFF	1
CASSLQGAEYNGAFF	1
CASSLQIGGAYEQYF	1
CASSLVSGFADTQYF	1
CASSLVQGCQPQHF	1
CASSLVAGLSSHEQFF	1
CASSLVGQGAYEQYF	1
CASSLVLAGGSNTGELFF	1
CASSLVRSTEAFF	1
CASSLVQGTSEAFF	1
CASSLVAGEKSPLHF	1
CASSLVDGGFYGYTF	1
CASSLVTSRNEQFF	1
CASSLVSGPNYGYTF	1
CASSLVLAGDNEQFF	1
CASSLVRANYGYTF	1
CASSLVQVMNTEAFF	1
CASSLVARGRGGYTF	1
CASSLVAGAQPQHF	1
CASSLVGGPTYEQYF	1
CASSLVDGNYGYTF	1
CASSLVTTTEAFF	1
CASSLVLAGANVLTF	1
CASSLVMAYEQYF	1
CASSLAAGSGGYTF	1
CASSLAMVNEQYF	1
CASSLARGTDALATNEKLFF	1
CASSLAWQDYEQYF	1
CASSLAPIGGEQPQHF	1
CASSLAPTSGMRATAKNIQYF	1
CASSLARKRDNNEQFF	1
CASSLARMNTEAFF	1
CASSLAQRIGEKLFF	1
CASSLAQGEMNTEAFF	1
CASSLAVGGRGGEQFF	1
CASSLAASGSLNEQFF	1
CASSLAAVTTEAFF	1
CASSLAGSHEQYF	1
CASSLAGWGSPLHF	1
CASSLAGGNQPQHF	1
CASSLAGGPPYNEQFF	1
CASSLAGGAEAFF	1
CASSLAGTSGNEQFF	1
CASSLATSYNEQFF	1
CASSLASNQPQHF	1
CASSLANLGQMNTEAFF	1
CASSLASGTAVNEKLFF	1
CASSLASNTEAFF	1
CASSLAQPNTEAFF	1
CASSLAAGGPLHEQFF	1
CASSLAGVSGGAPGYTF	1
CASSLATDYGYTF	1
CASSLARGDTEAFF	1
CASSLALAGVDEQFF	1
CASSLAPGYNEQFF	1
CASSLAPNEKLFF	1
CASSLAANTEAFF	1
CASSLAGGLSEAFF	1
CASSLGRAQFF	1
CASSLGVAGTGELFF	1
CASSLGGETYGYTF	1
CASSLGPETGNTEAFF	1
CASSLGRDSISYEQYF	1
CASSLGATDTQYF	1
CASSLGGSGSSSYEQYF	1
CASSLGFGVPSHGYTF	1
CASSLGLGDNEQFF	1
CASSLGLGNNEQFF	1
CASSLGQGLDSPLHF	1
CASSLGQDYGYTF	1
CASSLGQTSYNEQFF	1
CASSLGVTVTEAFF	1
CASSLGASYEQYF	1
CASSLGAQGTEAFF	1
CASSLGAANSPLHF	1
CASSLGAGYGYTF	1
CASSLGAYSPLHF	1
CASSLGGRGWNTEAFF	1
CASSLGGRAGTEAFF	1
CASSLGGTSGNYEQYF	1
CASSLGGTGNNEQFF	1
CASSLGGRAHQPQHF	1
CASSLGDTQYF	1
CASSLGDNPKKF	1
CASSLGTGEQPQHF	1
CASSLGTRGNNEKLFF	1
CASSLGSGFYGYTF	1
CASSLGLVNEKLFF	1
CASSLGLAVYEQYF	1
CASSLGPSGNTIYF	1
CASSLGPAANEKLFF	1
CASSLGRTEAFF	1
CASSLGRAPEKLFF	1
CASSLGVTSYSGNTIYF	1
CASSLGVAVVETQYF	1
CASSLGGGDTEAFF	1
CASSLGDGNSPLHF	1
CASSLGSSTDTQYF	1
CASSLDSGNYGYTF	1
CASSLDPGTEEKLFF	1
CASSLDGTREQYF	1
CASSLDEKLFF	1
CASSLDIGEKLFF	1
CASSLDKAGNTIYF	1
CASSLDSRSGNTIYF	1
CASSLDPGPYEQYF	1
CASSLDPHYYGYTF	1
CASSLDPGTGREAFF	1
CASSLDPTSGGYEQYF	1
CASSLDPSSYNSPLHF	1
CASSLDPRGIQSTEAFF	1
CASSLDVGSATNEKLFF	1
CASSLDGHKTEAFF	1
CASSLDRSSYYGYTF	1
CASSLESDRSYGYTF	1
CASSLELNEQFF	1
CASSLELSNYGYTF	1
CASSLEPLAGTEAFF	1
CASSLEQDQPQHF	1
CASSLEAANSPLHF	1
CASSLEAGPYGYTF	1
CASSLEGLSSYNEQFF	1
CASSLEGDGYGYTF	1
CASSLEGRKAFF	1
CASSLEGNEQFF	1
CASSLETAGGEKLFF	1
CASSLELAGINEQFF	1
CASSLEPLAGGPGNEQFF	1
CASSLEHGNTEAFF	1
CASSLEAGRGDEAFF	1
CASSLEAGIHGYTF	1
CASSLEGSYGYTF	1
CASSLETRGLYGYTF	1
CASSLISSGTEAFF	1
CASSLIGTGAEQYF	1
CASSLMLNTEAFF	1
CASSLTSSYNEQFF	1
CASSLTSGTTTDTQYF	1
CASSLTGTGNNQPQHF	1
CASSLTGQSSGNTIYF	1
CASSLRFGTRTNEQFF	1
CASSLRPGPNTEAFF	1
CASSLRGQEKLFF	1
CASSLRTGFNVYTF	1
CASSLNTLGNTIYF	1
CASSLKTGTEAFF	1
CASSLYGYNTEAFF	1
CASSLLAGSVYNEQFF	1
CASSLPGQGTSPLHF	1
CASSLPGQTEKLFF	1
CASSLPTSGNYEQYF	1
CASSLRTRGSYNSPLHF	1
CASSLQGAVNTEAFF	1
CASSLQGRNTEAFF	1
CASSLGTEAFF	1
CASSLGVDTEAFF	1
CASSLGGLGTEAFF	1
CASSLGTTPDTQYF	1
CASSLEYGGNTEAFF	1
CASSLEGNQPQHF	1
CASSLTKDSHEAFF	1
CASSLTSRGDTPLHF	1
CASSLNGNTEAFF	1
CASSLNRDSRGDYGYTF	1
CASSSLAGLNTGELFF	1
CASSSSPSSAYEQYF	1
CASSSWTGVSSGNTIYF	1
CASSSYRGGNTEAFF	1
CASSSLGSSGNTIYF	1
CASSSDPYSGNTIYF	1
CASSSLLLGGDNEQFF	1
CASSSRGAGRFGTEAFF	1
CASSSRGNSPLHF	1
CASSSQGVRYGYTF	1
CASSSQFFRGANTEAFF	1
CASSSVAGVGELFF	1
CASSSGTSGSLGYEQYF	1
CASSSDSTSNTEAFF	1
CASSSEGGQNTEAFF	1
CASSSTGQGVNEQFF	1
CASSSVQETQYF	1
CASSSAGTGTYNEQFF	1
CASSSAVGTEAFF	1
CASSSGQPDSPLHF	1
CASSSGQVTEAFF	1
CASSSDAFSGNTIYF	1
CASSSDSYTGELFF	1
CASSSDRETVPGELFF	1
CASSSTGTGGYNSPLHF	1
CASSSLHRGPFERQPQHF	1
CASSSQLNTEAFF	1
CASSSQGTYNEQFF	1
CASSSQGPSDYGYTF	1
CASSSQGGDYGYTF	1
CASSSVAQPSYNEQFF	1
CASSSGWSSSYEQYF	1
CASSSGQGGTEAFF	1
CASSSTPGQGAEQFF	1
CASSSSGLVSNEQFF	1
CASSWRGISNEQFF	1
CASSWGEGYSPLHF	1
CASSWDINQPQHF	1
CASSWDSSYGYTF	1
CASSWDSPNIQYF	1
CASSWTGQGALGPYGYTF	1
CASSWRQGSDQPQHF	1
CASSYSVRRNTEAFF	1
CASSYRLVSSTNTGELFF	1
CASSYQGDTEAFF	1
CASSYGTGRQPQHF	1
CASSYTYEGVLFHEQYF	1
CASSYRPGQGGSPLHF	1
CASSYYLRDEAFF	1
CASSYLGVASLKDNEQFF	1
CASSYRDRAYEQYF	1
CASSYHLSGGVSGANVLTF	1
CASSYGPFREAFF	1
CASSYTGGAYRSPLHF	1
CASSLSGQGVYGYTF	1
CASSLSQGATEAFF	1
CASSLATGLDNVELFF	1
CASSLETGVMAFF	1
CASSLERLSYGYTF	1
CASSLMTGGNSPLHF	1
CASSLNVEQFF	1
CASSLSLLAAGLDEQFF	1
CASSLSSPYGYTF	1
CASSLYSGGADYGYTF	1
CASSLLTGSADTQYF	1
CASSLLPLLGEKLFF	1
CASSLRTLTGELFF	1
CASSLTGTGGEKLFF	1
CASSLTTGGRTEAFF	1
CASSLKVVDIRSPTSSGNTIYF	1
CASSLRQGAGTEAFF	1
CASSLQLNTGELFF	1
CASSLVQGTNTEAFF	1
CASSLDQNTIYF	1
CASSLDKPNTGELFF	1
CASSLIQGMNTEAFF	1
CASSLIGGSTDTQYF	1
CASSLTGNYGYTF	1
CASSLSSGESTIYEQYF	1
CASSLQGPQPQHF	1
CASSLGRRENQPQHF	1
CASSLGQGARGNQPQHF	1
CASSLTTGNVEAFF	1
CASSLSAGASSNEQFF	1
CASSLNPEKLFF	1
CASSPWVLAETNTGELFF	1
CASSPYSGRANTGELFF	1
CASSPPVLMNTEAFF	1
CASSPQGDENTIYF	1
CASSPGTATVRQYF	1
CASSPGGYEQYF	1
CASSPDGSNQPQHF	1
CASSPDSLNTEAFF	1
CASSPEGGLGTEAFF	1
CASSPTGNTNEKLFF	1
CASSPKQGDTGLAYGYTF	1
CASSPSASNRVEAFF	1
CASSPWTDSTTEAFF	1
CASSPLWTGFNQPQHF	1
CASSPPGRGGGYTF	1
CASSPPTPADGYTF	1
CASSPRDRGDSPLHF	1
CASSPQGDGYTF	1
CASSPQLAANTDTQYF	1
CASSPQGRTGLFF	1
CASSPVGVEAFF	1
CASSPGQGANEQYF	1
CASSPGVSGGYTF	1
CASSPGTEGNQPQHF	1
CASSPGPLPAGQPQHF	1
CASSPETDFYGYTF	1
CASSPIAGVDTQYF	1
CASSPTGTGAAGGYTF	1
CASSPRTGEEEKLFF	1
CASSPKFGTVKYNEQFF	1
CASSPPSSGPGELFF	1
CASSPRSGTSSSYEQYF	1
CASSPVSLGGTTNEKLFF	1
CASSPAWGRVTEAFF	1
CASSPAVGQPQHF	1
CASSPGGENTEAFF	1
CASSPGKRIGNTIYF	1
CASSPGDRLNTEAFF	1
CASSPGLAGGPAYEQYF	1
CASSPGRNQPQHF	1
CASSPGQVPSGNTIYF	1
CASSPGQGSYNEQFF	1
CASSPGITRDTIYF	1
CASSPDGRLSSYNSPLHF	1
CASSPDSTYGYTF	1
CASSPDPTKDSNQPQHF	1
CASSPDRANYGYTF	1
CASSPTGNEKLFF	1
CASSPSPGNQPQHF	1
CASSPRDGRNEKLFF	1
CASSPRTANTEAFF	1
CASSPWTGAGTEAFF	1
CASSPYMDKLNTEAFF	1
CASSPPRRNYGYTF	1
CASSPGPGQGGYMNTEAFF	1
CASSPDGSGYEQYF	1
CASSPRRNGKISNQPQHF	1
CASSPRTGGFRNEQFF	1
CASSRSGGNTQYF	1
CASSRQGDTGELFF	1
CASSRGLQGSNEKLFF	1
CASSRDPISGRSYNEQFF	1
CASSREGERGSPLHF	1
CASSRTGVRGYTF	1
CASSRKVGGIPSIGGNYEQYF	1
CASSRFGGGFNYGYTF	1
CASSRWGTSSSGNTIYF	1
CASSRGTWRNEQFF	1
CASSRGTGRYEQYF	1
CASSRGQPNTGELFF	1
CASSRDGNQPQHF	1
CASSRDSYSYEQYF	1
CASSRIAGDTDTQYF	1
CASSRTGENYGYTF	1
CASSRTGTGYGYTF	1
CASSRGTAPNEKLFF	1
CASSRGTGGSYEQYF	1
CASSRDRGVGTEAFF	1
CASSRMPTGTNTEAFF	1
CASSHSGDTEAFF	1
CASSHLATGTANSPLHF	1
CASSHGGRGILSGNTIYF	1
CASSHEDRVTEAFF	1
CASSHNGGPGYTF	1
CASSHSGRQPQHF	1
CASSHWGALSSYGYTF	1
CASSHWTLEAFF	1
CASSHLAESYNEQFF	1
CASSHPAGGMREKLFF	1
CASSHRYGQPGNTIYF	1
CASSHHSGRAAETQYF	1
CASSHDLRDNEQFF	1
CASSHTLAGNAGELFF	1
CASSHTPLAGEYEQYF	1
CASSHTRARDEQYF	1
CASSHSSGNTIYF	1
CASSQLERGPYEQYF	1
CASSQPLAGAGNEQFF	1
CASSQRTGVGAFF	1
CASSQRSGGYGNTIYF	1
CASSQHGSNQPQHF	1
CASSQHPTGTGPGNTIYF	1
CASSQQHNPNYGYTF	1
CASSQVTGTNQPQHF	1
CASSQALGQGWNEQFF	1
CASSQATDRVRWTEAFF	1
CASSQGFTGELFF	1
CASSQGQGMNTEAFF	1
CASSQGGNTEAFF	1
CASSQDIAGEAFF	1
CASSQDRANTEAFF	1
CASSQDRGAGELFF	1
CASSQEDRGRYYGYTF	1
CASSQIVLGNYGYTF	1
CASSQMTGDNQPQHF	1
CASSQRGGQGFDGYTF	1
CASSQNLRDRGGYTF	1
CASSQFLTGDQPQHF	1
CASSQFWAGDGYNEQFF	1
CASSQLGRTEAFF	1
CASSQLGIGISYEQYF	1
CASSQLPGQDNSPLHF	1
CASSQLRGNSPLHF	1
CASSQLQGYFSGNTIYF	1
CASSQLTTGIDEQFF	1
CASSQLSGTGRNIQYF	1
CASSQSLAGSYEQYF	1
CASSQSALNEQFF	1
CASSQWPEGNGYTF	1
CASSQYDGSNTEAFF	1
CASSQYRAPTDTQYF	1
CASSQLPRNEQFF	1
CASSQLALANNEQFF	1
CASSQLVRGTGELFF	1
CASSQLARSYEQYF	1
CASSQPIAGANTGELFF	1
CASSQPGKDSNQPQHF	1
CASSQPRSNEKLFF	1
CASSQPIEAATNEKLFF	1
CASSQPTGGRTEAFF	1
CASSQRGHPTNEKLFF	1
CASSQRIGGNQPQHF	1
CASSQHSGAEYGYTF	1
CASSQHRDREGYTF	1
CASSQQGDYGYTF	1
CASSQQWPENYGYTF	1
CASSQQLERIPREKLFF	1
CASSQQAGREQFF	1
CASSQQGTGGNQPQHF	1
CASSQVFSNQPQHF	1
CASSQVWGQSDEQFF	1
CASSQVWRSSGTIYF	1
CASSQVLGAGTDTQYF	1
CASSQVRGPNYGYTF	1
CASSQVVGDRRNTEAFF	1
CASSQVGTGGNTEAFF	1
CASSQVGPRDPQPYEQYF	1
CASSQVIGPSYEQYF	1
CASSQVMDREAFF	1
CASSQVWRGEGEAFF	1
CASSQVRGSSYNSPLHF	1
CASSQVRQAPRGYTF	1
CASSQVHGLNTEAFF	1
CASSQVQGGNQPQHF	1
CASSQVAGVTLGALHF	1
CASSQVGGIRKTQYF	1
CASSQVGEDLYGYTF	1
CASSQVEETQYF	1
CASSQVPGETQYF	1
CASSQVVQGWRNTIYF	1
CASSQVARLPEAFF	1
CASSQVGGEAFF	1
CASSQVDPGRSTEAFF	1
CASSQVEGAGQPQHF	1
CASSQVTQNEKLFF	1
CASSQVRHRNYGYTF	1
CASSQVRGGRYGYTF	1
CASSQVFHRGFGAFF	1
CASSQVYGGRVSEQYF	1
CASSQVVGTRTYNEQFF	1
CASSQVAGGPGGELFF	1
CASSQVGRELAKNIQYF	1
CASSQVGTVNTQYF	1
CASSQVEVGSIQYF	1
CASSQVTGKTEAFF	1
CASSQAYLLNSYEQYF	1
CASSQALSAAYGYTF	1
CASSQAPTGSRGGSGTNEKLFF	1
CASSQAGGHIANYGYTF	1
CASSQATTVTAYYGYTF	1
CASSQAPGAPNEQFF	1
CASSQAPLAGEGTDTQYF	1
CASSQAPGSLNEKLFF	1
CASSQAPDGLNTEAFF	1
CASSQARTGRSGNTIYF	1
CASSQAGGPGQPQHF	1
CASSQAMEGGGYTF	1
CASSQASSNYGYTF	1
CASSQASGRAETQYF	1
CASSQAPGEAYEQYF	1
CASSQAANSYEQYF	1
CASSQAGLSYGYTF	1
CASSQAGGFANTGELFF	1
CASSQARGYNEQFF	1
CASSQAGDKANYGYTF	1
CASSQATGALMNTEAFF	1
CASSQGLGSSGNTIYF	1
CASSQGHTTGDQPQHF	1
CASSQGASYEQYF	1
CASSQGRTGAYEQYF	1
CASSQGAGSGNTIYF	1
CASSQGGSLEAFF	1
CASSQGRGINSPLHF	1
CASSQGSLSTDTQYF	1
CASSQGWGAADYGYTF	1
CASSQGRDRARYGYTF	1
CASSQGASGNQPQHF	1
CASSQGATTNTEAFF	1
CASSQGGYSNQPQHF	1
CASSQGDSDYGYTF	1
CASSQGTGNQPQHF	1
CASSQGTGSFYGYTF	1
CASSQGRSKFQFEAFF	1
CASSQGSGQGSNEQFF	1
CASSQGLVRQFF	1
CASSQGLAGRGELFF	1
CASSQGPGLAISYEQYF	1
CASSQGQGANQPQHF	1
CASSQGTEGYGSYEQYF	1
CASSQDFLGREKDEKLFF	1
CASSQDFSARNEQFF	1
CASSQDSSGAPLHF	1
CASSQDSARNTEAFF	1
CASSQDSRGFTEAFF	1
CASSQDWVGNEQFF	1
CASSQDWRNTEAFF	1
CASSQDYTPPGVQYF	1
CASSQDYSPGPDTQYF	1
CASSQDYYEQYF	1
CASSQDLEREGQTDTQYF	1
CASSQDLRYEQFF	1
CASSQDLGEASYEQYF	1
CASSQDLDSYGYTF	1
CASSQDPPRPLDEAFF	1
CASSQDPPDGNEKLFF	1
CASSQDPRQVVGEKLFF	1
CASSQDPHEKLFF	1
CASSQDPEGFYGYTF	1
CASSQDRGRENSPLHF	1
CASSQDRLAGEVYIQYF	1
CASSQDRGAPDTGELFF	1
CASSQDHVLDSSVYGYTF	1
CASSQDHSPNTEAFF	1
CASSQDVQALYGYTF	1
CASSQDAENTEAFF	1
CASSQDGSYGYTF	1
CASSQDGSGRYGYTF	1
CASSQDGHSIGTEAFF	1
CASSQDGQTNQPQHF	1
CASSQDGQYNEKLFF	1
CASSQDGVGQTNYGYTF	1
CASSQDEGSPYGYTF	1
CASSQDEGSEAFF	1
CASSQDIFQGAYSPLHF	1
CASSQDSQSLYGYTF	1
CASSQDNRPEANEKLFF	1
CASSQDKGRGWPQHF	1
CASSQDKYSTGVF	1
CASSQDFPSTDTQYF	1
CASSQDPNRGRDYGYTF	1
CASSQDRTGQRQPQHF	1
CASSQDVKDRNYGYTF	1
CASSQDGPGTGPTGELFF	1
CASSQDGAAETQYF	1
CASSQDGTSRSYEQYF	1
CASSQDGQGNTEAFF	1
CASSQDDRQSSYEQYF	1
CASSQDRAGETQYF	1
CASSQEFSGLSTEAFF	1
CASSQEPHTDGTGASEAFF	1
CASSQEQAATNEKLFF	1
CASSQEVRRNAEAFF	1
CASSQEAGGSYNEQFF	1
CASSQEAGFINSPLHF	1
CASSQEAPGATEAFF	1
CASSQEGASQPQHF	1
CASSQEGPPWDQNYGYTF	1
CASSQEGTAFYNSPLHF	1
CASSQEGGGSNYGYTF	1
CASSQEESNSPLHF	1
CASSQERGGRGNEQFF	1
CASSQERRSEKLFF	1
CASSQEKVNSNQPQHF	1
CASSQESGGGHEQYF	1
CASSQEPFGNTIYF	1
CASSQEVQYNEQFF	1
CASSQEVPYEQYF	1
CASSQEVFAGSQPQHF	1
CASSQEGMVAVNQPQHF	1
CASSQEDWRGEKLFF	1
CASSQEIMAGLQHF	1
CASSQERASATEAFF	1
CASSQERGQTEAFF	1
CASSQERTRGDEQFF	1
CASSQIKLAGLRVRNTEAFF	1
CASSQILSYRGTLINQPQHF	1
CASSQIPRQPQHF	1
CASSQMGDGYTF	1
CASSQMIGGTGDSPLHF	1
CASSQIPGTLAKNIQYF	1
CASSQIEVPFRVRQYF	1
CASSQTAQSYEQYF	1
CASSQSTGTSSYNEQFF	1
CASSQSPGINQPQHF	1
CASSQSRAAPLSGYTF	1
CASSQRVRETQYF	1
CASSQRGAEPQHF	1
CASSQRTGKNSPLHF	1
CASSQRGVDNSPLHF	1
CASSQKVPGQGLSPLHF	1
CASSQKDRVTEAFF	1
CASSQKPSGGDTEAFF	1
CASSQKAFWSPIDYGYTF	1
CASSQKRAGETHEQFF	1
CASSVDMPNYGYTF	1
CASSVTPYEQYF	1
CASSAGESSYNEQFF	1
CASSALETGGYEQYF	1
CASSAGPHGEQPQHF	1
CASSAANSPLHF	1
CASSAAGVQPQHF	1
CASSGRTGNYGYTF	1
CASSGRVETQYF	1
CASSGGMNTEAFF	1
CASSGGFGRGYEQYF	1
CASSGGTAPYNEQFF	1
CASSGGHFYEQYF	1
CASSGERNTGELFF	1
CASSGTSGSRQYF	1
CASSGTDREAFF	1
CASSGNRTSSYNSPLHF	1
CASSGQGAGNTIYF	1
CASSGGTSGRGSYEQYF	1
CASSDRGRGSPLHF	1
CASSEGQGPTPLHF	1
CASSERTGRNTEAFF	1
CASSEGQVTQETQYF	1
CASSEMGQQNTEAFF	1
CASSIGRWDNEQFF	1
CASSIRGINTIYF	1
CASSIQGTNTEAFF	1
CASSIGQRDYEQYF	1
CASSMGTSGQPTYNEQFF	1
CASSMDSNQPQHF	1
CASSIGTSGTYEQYF	1
CASSIELAGELFF	1
CASSTGQGETEAFF	1
CASSTLPGQGSYEQYF	1
CASSTGGGYYGYTF	1
CASSTDPNTEAFF	1
CASSTDPGGLGYTF	1
CASSTTDNYGYTF	1
CASSSLAGDLEQYF	1
CASSSYSGTSYGYTF	1
CASSSAGNTEAFF	1
CASSSGGLAGEDTQYF	1
CASSREDNTEAFF	1
CASSRTSGRYEQYF	1
CASSRGQQGLEAFF	1
CASSRTQGADEKLFF	1
CASSNLGRRENTIYF	1
CASSKGPTNTEAFF	1
CASSKERANTGELFF	1
CASSKLTGTNTGELFF	1
CASSKRDRVANEKLFF	1
CASSKDTNQPQHF	1
CASSKIAGGENTQYF	1
CASSKTLQENYGYTF	1
CASSKTPRGGSAFYEQYF	1
CASSKRVLAGVGNEQFF	1
CASRSSLETSEQYF	1
CASRWETEAFF	1
CASRYKRGPGTDTQYF	1
CASRPRDAATNEKLFF	1
CASRPGANRYSNQPQHF	1
CASRPFPPSGLDEQFF	1
CASRREGYEQYF	1
CASRQPGGHNYGYTF	1
CASRQGAGGNTIYF	1
CASRQGAEAFF	1
CASRGWADSNQPQHF	1
CASRGQSTNEKLFF	1
CASRNPGQLLNTEAFF	1
CASRFSPSYNEQFF	1
CASRLDTSGNTIYF	1
CASRLQGSNTEAFF	1
CASRSPGQGLTSYGYTF	1
CASRWDRGDTEAFF	1
CASRYKGENTEAFF	1
CASRLEDRSNSPLHF	1
CASRPVDGYTEAFF	1
CASRPNTGNTEAFF	1
CASRQFPGQIMNTEAFF	1
CASRAAEREQFF	1
CASRARGVYEQYF	1
CASRGTWMEKLFF	1
CASRGTKNTEAFF	1
CASRGRANEQFF	1
CASRGNTDTQYF	1
CASRDQGLQPQHF	1
CASRDGLATAAYNEQFF	1
CASRIDRGLYNEQFF	1
CASRKDTRPEGAQHF	1
CASNVPGPTGELFF	1
CASKGLGGSYGYTF	1
CASKGQGSMNTEAFF	1
CARGKLQGHYNSPLHF	1
CARNQPQHF	1
CGALQVSNQPQHF	1
CGGRQAILTEAFF	1
CTSSCTPPGANVLTF	1
CSFRDYDNEQFF	1
CSSGRGDEKLFF	1
CSYLRSDEQFF	1
CSPDRVEGYTF	1
CSPHAGQMNTEAFF	1
CSVKPRGDFNQPQHF	1
CSVTSWNQPQHF	1
CSVPSYHIPGYTF	1
CSVGLTVGRAPLHF	1
CSALRTGAPSTDTQYF	1
CSALTTGGAAAFF	1
CSASPGRNYGYTF	1
CSASTGVTEAFF	1
CSASSRGGPGYGYTF	1
CSASDRETYEQYF	1
CSASLGGGTEAFF	1
CSASPNAKPQHF	1
CSAWTYSNQPQHF	1
CSAYYEKLFF	1
CSAYSGVGQYF	1
CSALGTRNTEAFF	1
CSALNGQREEAFF	1
CSALSRSLSTDTQYF	1
CSALDGIEAFF	1
CSALAGGAEETQYF	1
CSALEADRLRNEQFF	1
CSAPRTYGTEAFF	1
CSAPRTAVNTEAFF	1
CSAPGQGQETQYF	1
CSAPNVRGRDEKLFF	1
CSAPSLQGARFGKLFF	1
CSAPGLSNGTDTQYF	1
CSARRLAGEGSYEQYF	1
CSAREGSSSNYGYTF	1
CSARTGDAFF	1
CSARTSGVIYTDTQYF	1
CSARTGRGQPQHF	1
CSARKGGFGYQHF	1
CSARTGGTLDEAFF	1
CSAHYQAGALNEQFF	1
CSAHYSQGLYNQPQHF	1
CSAHDLGTAYNYGYTF	1
CSAHTGGAGNEQFF	1
CSAHRTGRNQPQHF	1
CSAQVLHSNYGYTF	1
CSAQSRPTGNEKLFF	1
CSAVSPGHTYNEQFF	1
CSAAPRGGSHEQYF	1
CSAARIVGEAFF	1
CSAAQGFGQPQHF	1
CSAAGTGRYEQYF	1
CSAGSGTGAVAAFF	1
CSAGKTGTGNTEAFF	1
CSAGGGMNTEAFF	1
CSAGSQRQVNTEAFF	1
CSAGQGQNSPLHF	1
CSAGGDSTEAFF	1
CSAGDWSPLHF	1
CSADKMNTEAFF	1
CSAELYSGPIVGITKNIQYF	1
CSAMERGHGDQPQHF	1
CSAIATKYSNQPQHF	1
CSATSGNDYNEQFF	1
CSATSGTGGVQYF	1
CSATGPYTEAFF	1
CSATGTSGRPVNEQFF	1
CSATGTGGEKLFF	1
CSATGQRYGYTF	1
CSATDNYGYTF	1
CSATRVGNQPQHF	1
CSATRRQANTGELFF	1
CSATFSLEQYF	1
CSATATGRTEAFF	1
CSATGRRARGELFF	1
CSATDTAYGYTF	1
CSATTSGNTDTQYF	1
CSATKGGSYNSPLHF	1
CSATGLAVQSDTQYF	1
CSASSDRASYGYTF	1
CSASSPEGGVHEQYF	1
CSASWPGGAADTQYF	1
CSASPDSYNYGYTF	1
CSASPTSGDTYEQYF	1
CSASRGAKSNQPQHF	1
CSASRGTGSGNTIYF	1
CSASRDSLNTIYF	1
CSASQGQGDQPQHF	1
CSASVGERNQPQHF	1
CSASAGAIQETQYF	1
CSASAGGNQPQHF	1
CSASGAVDSPLHF	1
CSASGDVNQPQHF	1
CSASGPLSGNTEAFF	1
CSASEDEQFF	1
CSASEESSYNEQFF	1
CSASETGGSYGYTF	1
CSASIIPGQPQHF	1
CSASIPSQRFYGYTF	1
CSASIVTKAFF	1
CSASTGANSGNTIYF	1
CSASRVGASNQPQHF	1
CSASRAPADGYTF	1
CSASRGPGNTIYF	1
CSASRGPNEKLFF	1
CSASRTGGGYTF	1
CSASRTSGSPQQFF	1
CSASKGVRVGYTF	1
CSASKRGPYEQYF	1
CSASRDRDVGYTF	1
CSASVGGRHINQPQHF	1
CSASASQETQYF	1
CSASAPGPQHF	1
CSASDQKEGYTF	1
CSASRGHTEAFF	1
CSASRGINQPQHF	1
CSASNRDSLYGYTF	1
CSASNANF	1
CSARFQGEFGYTF	1
CSARSQVEAFF	1
CSARPAKELPYEQYF	1
CSARRTAWSTEAFF	1
CSARQTANTEAFF	1
CSARVPERGQRYEQYF	1
CSARALREAFF	1
CSARAAYEQYF	1
CSARAGATNEKLFF	1
CSARGLQGNTIYF	1
CSARGQLNEKLFF	1
CSARGEADTEAFF	1
CSARGELGNQPQHF	1
CSARGLAGTYNEQFF	1
CSARGQLPFF	1
CSARGDRGKSYGYTF	1
CSARDPNGEKLFF	1
CSARDRGLDGLSYEQYF	1
CSAREPGQGNEKLFF	1
CSARELARSEQFF	1
CSARTAGYTF	1
CSARTANYGYTF	1
CSARNANYGYTF	1
CSARFTAVNTEAFF	1
CSARSYSNQPQHF	1
CSARSFRTSSYEQYF	1
CSARSPGGNQPQHF	1
CSARSDMNTEAFF	1
CSARSGPYGYTF	1
CSARWDSRGYTF	1
CSARYGTGTNQPQHF	1
CSARPSGQGGSGYTF	1
CSARPWAVWDYEQYF	1
CSARPPRDRVEAFF	1
CSARPRTGSWGDQPQHF	1
CSARPARGDSNQPQHF	1
CSARPGPQGGYTF	1
CSARPTRDNEKLFF	1
CSARPIGQVAGSGYTF	1
CSARRELSYEQYF	1
CSARRPGLAPGAYNEQFF	1
CSARRQINEQYF	1
CSARHLGTSGRATYNEQFF	1
CSARQAFYGYTF	1
CSARQGDTEAFF	1
CSARVLGGGEKLFF	1
CSARVLAGNTDTQYF	1
CSARVGEKLFF	1
CSARVPGRGNTIYF	1
CSARVGGAQPQHF	1
CSARVWPGTGSSPLHF	1
CSARVQRVLSNEQFF	1
CSARVAGYGYTF	1
CSARVGQAFYGYTF	1
CSARVEGGVKAFF	1
CSARVMGAQGNTEAFF	1
CSARVSANYGYTF	1
CSARVAGGLTSPLHF	1
CSARAPRSYEQYF	1
CSARARENRGIFRYGYTF	1
CSARARTGFDGYTF	1
CSARAGPLRYNSPLHF	1
CSARAGAQRDNEQFF	1
CSARAIQGDTEALF	1
CSARASPNEKLFF	1
CSARAATSGTETQYF	1
CSARAKETEAFF	1
CSARAGPNEKLFF	1
CSARGNQVEKLFF	1
CSARGPRPNTEAFF	1
CSARGGREYEQYF	1
CSARGGRNDNYGYTF	1
CSARGVNYGYTF	1
CSARGAGAIYNEQFF	1
CSARGGDQPQHF	1
CSARGVENTEAFF	1
CSARGNTIYF	1
CSARDFGQGKTEAFF	1
CSARDSRGFGGYTF	1
CSARDSGSGNTIYF	1
CSARDWRQGSRETQYF	1
CSARDWGQGLIYGYTF	1
CSARDWTGSYGYTF	1
CSARDWTGGAEGYTF	1
CSARDWKGAGTGRREQFF	1
CSARDLFGGLIEAFF	1
CSARDLTGAPYGYTF	1
CSARDLSQETQYF	1
CSARDLKGAIGNTIYF	1
CSARDLRRGEGPDTQYF	1
CSARDLQADTGELFF	1
CSARDLQDNSPLHF	1
CSARDLEGPGNTIYF	1
CSARDPPGYNSPLHF	1
CSARDPDRFTYEQYF	1
CSARDPRTGSLAKNIQYF	1
CSARDPKRRLAGGPTADTQYF	1
CSARDPRGAPNYGYTF	1
CSARDPAGANYGYTF	1
CSARDPGGYTF	1
CSARDPGGPTEAFF	1
CSARDPGNSPLHF	1
CSARDPTGYLQPQHF	1
CSARDRSPREQYF	1
CSARDRYAGGPYAQYF	1
CSARDRRTNTEAFF	1
CSARDRRGWDTQYF	1
CSARDRRQGMWGKLFF	1
CSARDRRLNEKLFF	1
CSARDRGLAQFYNEQFF	1
CSARDHRTNTDTQYF	1
CSARDHGGTMNTEAFF	1
CSARDVGRLTEAFF	1
CSARDVGTNYNEQFF	1
CSARDAGGENQPQHF	1
CSARDGRGSTDTQYF	1
CSARDGRTNYGYTF	1
CSARDGLNTEAFF	1
CSARDGHRMNEQFF	1
CSARDGQARNTEAFF	1
CSARDGGGTEAFF	1
CSARDIRTRAEAFF	1
CSARDIATGFSQPQHF	1
CSARDTAVLF	1
CSARDTANQPQHF	1
CSARDSLADTQYF	1
CSARDKVTRSGNTIYF	1
CSARDFGNSPLHF	1
CSARDLRTGNNEKLFF	1
CSARDPATPGLFF	1
CSARDPDTRSLNTEAFF	1
CSARDRRREYGYTF	1
CSARDRDRGNTIYF	1
CSARDRNTEAFF	1
CSARDGRTNEKLFF	1
CSARDGSSNQPQHF	1
CSARDRYSNQPQHF	1
CSARDRGRKTEAFF	1
CSARDRRYGYTF	1
CSARDRILNTEAFF	1
CSARELEGAFF	1
CSAREAGGGYGYTF	1
CSAREGDYNEQFF	1
CSAREDREDTEAFF	1
CSAREEAGLFDQPQHF	1
CSARENPGYTEAFF	1
CSAREKPGRLLGPQHF	1
CSARESYMNTEAFF	1
CSARERVLGTEAFF	1
CSARERLNYGYTF	1
CSARERGPRAAKLFF	1
CSARIAPGQETQYF	1
CSARMVGGPSQETQYF	1
CSARIQTVSNQPQHF	1
CSARTVRQGAYEQYF	1
CSARTQIVSNQPQHF	1
CSARTRDRFFAEAFF	1
CSARTAGRGSGYTF	1
CSARTAGLSYNEQFF	1
CSARRDITTGELFF	1
CSARNFVGGEKLFF	1
CSARNRTSRNSPLHF	1
CSANPTSGSSYEQYF	1
CSANLDSNQPQHF	1
CSAKSLLLPSLDEQYF	1
CSAKCRGGNQPQHF	1
CSAKGTVHGELFF	1
CSAKTESGYGYTF	1
CSAKRGDTEAFF	1
CSAKVTGVIDEQFF	1
CSAKGDGNEKLFF	1
CSAKGLDSLGELFF	1
CSAKTGQGVNSPLHF	1
CSAKKQGRRTEAFF	1
CSAFPVVGYGYTF	1
CSAFGLAEIYEQYF	1
CSASWVSYEQYF	1
CSASGTGANGYTF	1
CSASQRATNNEQFF	1
CSASGFGPQHF	1
CSAYAGNTEAFF	1
CSALVPGGGLAKNIQYF	1
CSAPRQGARQPQHF	1
CSAPAGGGSRETQYF	1
CSAPGGREIYNEQFF	1
CSAPGEREGTYTQYF	1
CSAPGQGWNTEAFF	1
CSAPDRGLGYTF	1
CSAPDRANYGYTF	1
CSAPTGQGYSPLHF	1
CSARSGNQPQHF	1
CSARSIRLYEQYF	1
CSARRLVTEAFF	1
CSARQGGDNSPLHF	1
CSAHNGGRDTEAFF	1
CSAHSFRRSPLHF	1
CSAQAAEAFF	1
CSAQGQAPRYEQYF	1
CSAQDRNEQFF	1
CSAQIDLSGNTIYF	1
CSAQTPLWTPGDTIYF	1
CSAQKGTITDTEAFF	1
CSAVERGAWYGYTF	1
CSAVIPGVDYNEQFF	1
CSAVSMNTEAFF	1
CSAGVEVISRDSPLHF	1
CSAGGPTNTEAFF	1
CSADPTLSFEQYF	1
CSAEDGNQPQHF	1
CSAESGSSYEQYF	1
CSAEQGSNQPQHF	1
CSAIGTSGSRYEQYF	1
CSATGTANYGYTF	1
CSARPRKLAFQETQYF	1
CSARQNEKLFF	1
CSAPGPLNTEAFF	1
CSAQMRSEAFF	1
CSAVDSANEKLFF	1
CSAGGGAVSNQPQHF	1
CSAGDRISTDTQYF	1
CSAGTPYGYTF	1
CSAGGQDNEKLFF	1
CSADGRANSPLHF	1
CSAEAGTYPYEQYF	1
CSAEQGTQNTEAFF	1
CSATTTGGADTQYF	1
CSATRYSNQPQHF	1
CSATGEERETQYF	1
CSASVGMSNQPQHF	1
CSARFRSRRGTQYF	1
CSARDSNQPQHF	1
CSALDRGRNTIYF	1
CSALERNTYNSPLHF	1
CSAWAGRAVSYNEQFF	1
CSAPRGSATSRYEQYF	1
CSARRLGGGYTF	1
CSAEPGTCYEQYF	1
CSASPGWEQYF	1
CSGRTGGNQPQHF	1
CSGRGDTGELFF	1
CSGGEQYF	1
CSGGLSLETQYF	1
CSGGQGMPLGGYTF	1
CSGPNYQGQDTEAFF	1
CSDRPGFRDTQYF	1
CSEQGAQGTEAFF	1
CSFKDGGNTEAFF	1
CSSEGIGTEAFF	1
CSSQENTEAFF	1
CSYGQGGYEQYF	1
CSLSRAGSGTDTQYF	1
CSLGRAGKTEAFF	1
CSLRTNTEAFF	1
CSPEEDSYGYTF	1
CSHSFRQDTDTQYF	1
CSVLRQNTEAFF	1
CSVLGRGAAYGYTF	1
CSVSRDRDTDTQYF	1
CSVSSGEAFF	1
CSVYTSGYNEQFF	1
CSVLIGLRDTEAFF	1
CSVPTHDEGGNYGYTF	1
CSVRITGGNSPLHF	1
CSVRDSQKAFF	1
CSVRRLSNYGYTF	1
CSVVSPYADTQYF	1
CSVVPDGNTEAFF	1
CSVVRGEAFF	1
CSVVIARGSGYTF	1
CSVVYSGQAATGELFF	1
CSVVPSTSGLLRVFF	1
CSVVGQGLFDGEAFF	1
CSVVIRTSGSSYEQYF	1
CSVVRGQETQYF	1
CSVVSDRGEPNYGYTF	1
CSVVAVNTEAFF	1
CSVVGTGDSQPQHF	1
CSVVGQGMTNEKLFF	1
CSVVGRNTEAFF	1
CSVVLTSRYEQYF	1
CSVVLNTEAFF	1
CSVVSPGQSLYGYTF	1
CSVVPGTRLNEQFF	1
CSVVVGTVEQFF	1
CSVVAEGPDTQYF	1
CSVVGGDTEAFF	1
CSVVRERAKNIQYF	1
CSVAPGGGYYGYTF	1
CSVAVTGNQPQHF	1
CSVAPGQITEAFF	1
CSVAPGGDGYTF	1
CSVAGQLNTEAFF	1
CSVATQDRGTEAFF	1
CSVAEGNTGELFF	1
CSVASGLVNTEAFF	1
CSVGPVRGGTEAFF	1
CSVGGTTTGNTIYF	1
CSVGPSTGRRSNQPQHF	1
CSVGAGGETQYF	1
CSVGTGDYGYTF	1
CSVGRVGETQYF	1
CSVGLAYEQYF	1
CSVGPGEAAEAFF	1
CSVGALGNQPQHF	1
CSVGARGRNTEAFF	1
CSVGGAWSEQFF	1
CSVGGQGRYGYTF	1
CSVGDRSSPYEQYF	1
CSVGGSGTDVFGYTF	1
CSVGGNTEAFF	1
CSVGTRSNYGYTF	1
CSVDPPPEQFF	1
CSVDGRQVYYNEQFF	1
CSVDGNTEAFF	1
CSVDTQGWGNTIYF	1
CSVDGSGNTIYF	1
CSVDGQGALNTGELFF	1
CSVEGGGEKAKGYTF	1
CSVEGNGQPQHF	1
CSVEGLVGDNEQFF	1
CSVEIVPYEQYF	1
CSVETSGRSTDTQYF	1
CSVETVNTEAFF	1
CSVETGPDTQYF	1
CSVESSSGRPYEQYF	1
CSVESLGNIQYF	1
CSVEWAVLQETQYF	1
CSVEWGSSYEQYF	1
CSVELGESGNTIYF	1
CSVERGGMNTEAFF	1
CSVEQSGNTIYF	1
CSVEQGHGELFF	1
CSVEQGANTEAFF	1
CSVEVRGYRTEAFF	1
CSVEVASGAYNEQFF	1
CSVEVWTDHSSSTDTQYF	1
CSVEANYGYTF	1
CSVEGWDRGGYTEAFF	1
CSVEGGTDFADTEAFF	1
CSVEGTASTDTQYF	1
CSVEGSETNYEQYF	1
CSVEGRSGSQHF	1
CSVEDLGLNEKLFF	1
CSVEDYYGTGKSYEQYF	1
CSVEDPQTGTYEAFF	1
CSVEDRDRRETQYF	1
CSVEDHGTGGYTF	1
CSVEDQGQGYGYTF	1
CSVEDQIGPNYEQYF	1
CSVEDMGGGWNTEAFF	1
CSVEDTGVSYNEQFF	1
CSVEDRRLEAFF	1
CSVEEGQQPEAFF	1
CSVEEGQGYGGYTF	1
CSVEEGNTEAFF	1
CSVEEVGRGNTEAFF	1
CSVEEDLRAFF	1
CSVETSGSSYEQYF	1
CSVEKTGVNTEAFF	1
CSVMGQGNTEAFF	1
CSVTSSGQYEQYF	1
CSVSAGNQPQHF	1
CSVRRTPTNEKLFF	1
CSVKETGVNEKLFF	1
CSVSGGSNQPQHF	1
CSVPRWGPQHF	1
CSVHGLADPYEQYF	1
CSVQPRDPPLNLAKNIQYF	1
CSVQRGSSYNEQFF	1
CSVQPGTGGTYGYTF	1
CSVVLRDSMNTEAFF	1
CSVATTAQGSPLHF	1
CSVGLTIYQETQYF	1
CSVDKQGKETQYF	1
CSVEAGGGQPQHF	1
CSVEREYEQYF	1
CSVISGRVVTSSYNEQFF	1
CSVTGTPAGNTIYF	1
CSVNQLSRDGYTF	1
CSVVGQHSIEAFF	1
CSVGGSYNEQYF	1
CSVGQVNNYGYTF	1
CSVDGQGNGYTF	1
CSVDSFGSYNEQFF	1
CSVETGSNQPQHF	1
CSVIPGQGTYEQYF	1
CSVTGETGGRNTEAFF	1
CSVTSAYEQYF	1
CSVRTSGSHEQYF	1
CSVRTGNYEQYF	1
CSVRRDSSSPLHF	1
CSVRSGSTDTQYF	1
CSVVSGADEQYF	1
CSVGRTGGTQYF	1
CSVGGVGYTF	1
CSVDEGQAQSEQFF	1
CSVTGTSRYEQYF	1
CSVRGGIEAFF	1
CSAWTGGLKAFF	1
CSATTGGELFF	1
CSATAGDETQYF	1
CSARTGGWETQYF	1
CSAYRVENTEAFF	1
CSALGRGPYNEQFF	1
CSALKDRAGNTIYF	1
CSAGGSQIGYTEAFF	1
CSAEVPEGYTF	1
CSARYREYQETQYF	1
CSAKGRPTRLGNNEQFF	1
CSASGGDTEAFF	1
CSADRGYQETQYF	1
CSGYAGTEAFF	1
CSGDRGGGTEAFF	1
CSGYRDGYTF	1
CSGADLNEKLFF	1
CSGTGTEKCISNQPQHF	1
CSGWTGNTEAFF	1
CSGRDRAYTEAFF	1
CSDTSGGYNEQFF	1
CSTLGTANEKLFF	1
CSTVGGVNTEAFF	1
CSRRGADQPQHF	1
CRADRDPYEQYF	1
CRVAAGFNYGYTF	1
RGPGLSSYNEQFF	1
CASSPSSGGPNF	4
CASSQYAWGLRSSYEQYF	4
CAISVSGENTEAFF	3
CATSGGLAVTNEQFF	3
CATSRPGLTTNEKLFF	3
CASSISGEASDTQYF	3
CASLESGVGVQFF	3
CASRPRAGGRETQYF	3
CASTSTTRVQYF	3
CASSFGQGAYGYTF	3
CASSFYQSHYGYTF	3
CASSLGLSAQYF	3
CASSLLPGNTDTQYF	3
CASSEAAIGTGHGYTF	3
CASSRRDPNQPQHF	3
CASSLGGNEQFF	3
CASSLIFGTRYYEQYF	3
CASSLFFSGTGGLNEQFF	3
CASSLAVPDEQYF	3
CASSLTPTGTSGRSDTQYF	3
CASSSDRGGQTQYF	3
CASSPHTLDNAYEQYF	3
CASSQDYGGSLDEQFF	3
CASSAGQKSTDTQYF	3
CASRSRGSEAFF	3
CASSLAETQYF	3
CASSLSPGAEGSTGELFF	3
CASSPIQGTTGELFF	3
CASSQEAGTGANVLTF	3
CASSQEGLRTDTQYF	3
CASSVGQGLTDTQYF	3
CASRTTGLNTGELFF	3
CSATSGSSGANVLTF	3
CSARGGGFEQYF	3
CSARDGRGQSQPQHF	3
CSARDIRRLAGSYEQYF	3
CSANSGSGADTQYF	3
CASRPLLAGGNEQFF	2
CASGQANTEAFF	2
CAWGRGTTLYEQYF	2
CAWSFDRGNQPQHF	2
CAISDPAGIQETQYF	2
CAISESGTIYF	2
CAISEGDGELFF	2
CAISERLTDTQYF	2
CAIRRLADYTDTQYF	2
CAITSQLNNEQFF	2
CATFTRGALTEAFF	2
CATLEADTGELFF	2
CATSSNNEQFF	2
CATRRALRGGQPQHF	2
CATRTGPTDTQYF	2
CATGIGHYEQYF	2
CATTPRREGRETQYF	2
CATTHTSGSSYNEQFF	2
CATSSSGEYGYTF	2
CATSVLAGGTDTQYF	2
CATSGPGPRSSYNEQFF	2
CATSGRASIGVYNEQFF	2
CATSDLQGGVQETQYF	2
CATSDSRTALPETQYF	2
CATSDSTSSTDTQYF	2
CATSDPKTGGSGNQPQHF	2
CATSDPSGSGGELFF	2
CATSDDSAEKLFF	2
CATSERTLASSYNEQFF	2
CATSSLAGGADTQYF	2
CATSRGGQETQYF	2
CATSAGLGDEQFF	2
CATSGGVGSYEQYF	2
CATSRARTDPYEQYF	2
CATSRGAVAASTDTQYF	2
CATSRGTGAGELFF	2
CATSRGMASGSETQYF	2
CATSRDLGTASVNNEQFF	2
CATSRDSSGADTQYF	2
CATSRESDGRTGELFF	2
CATSREGANYGYTF	2
CATSRNTENEKLFF	2
CATRREGKDTQYF	2
CATRKLGREDYEQYF	2
CATKYTTLNEQFF	2
CASSIAAGGAPQHF	2
CASSINEVNEQFF	2
CASRLDTEAFF	2
CASRDSLNSPLHF	2
CASRPGDHGGYTF	2
CASSPGAYYGYTF	2
CASSPPGTGRLRTEAFF	2
CASSPAGPDGQQYF	2
CASSPGSNYGYTF	2
CASSPRDGNEKLFF	2
CASSRVTGLNSPLHF	2
CASSQNLQGAGEQYF	2
CASLPAWGNQPQHF	2
CASRQGANTGELFF	2
CASHGLRSKEKLFF	2
CASHSGPYNEQFF	2
CASVRDGSGNTIYF	2
CASAREGPYEQYF	2
CASAGTGGYTF	2
CASGINRVGELFF	2
CASGKTGENEKLFF	2
CASGGRRTGELFF	2
CASGNLQGLADEQFF	2
CASETGHNSPLHF	2
CASIEAGGLDTQYF	2
CASIAPGLASTDTQYF	2
CASITLVGQFF	2
CASMVEAGREETQYF	2
CASTPAGVSYEQYF	2
CASTLGFSSGNTIYF	2
CASTLTLSGNTIYF	2
CASTLGGSYEQYF	2
CASTRDRRNEQFF	2
CASTRLAGTYEQYF	2
CASTGQSGNTIYF	2
CASTIAGELFF	2
CASTMTGGSYEQYF	2
CASTKAGGLTDTQYF	2
CASTGTENTEAFF	2
CASSFFHRGSPTEAFF	2
CASSFSGRADTQYF	2
CASSFYRSSYEQYF	2
CASSFLGAAEAFF	2
CASSFASVYNEQFF	2
CASSFGGELNTIYF	2
CASSFRARGLGDGYTF	2
CASSFHPSTDTQYF	2
CASSFQQGQEQYF	2
CASSFGGNYEQYF	2
CASSFGGVGQPQHF	2
CASSFGQGAYEQYF	2
CASSFDPGNSPLHF	2
CASSFRGGSANEQFF	2
CASSLRTGLKGYTF	2
CASSLNRAQFF	2
CASSLLLQEAGTVTYEQYF	2
CASSLSLAGYEQYF	2
CASSLWASGDNEQFF	2
CASSLLGTSGRSQETQYF	2
CASSLRSPANEKLFF	2
CASSLRTSGRHEQFF	2
CASSLVRDQPQHF	2
CASSLVAGPYNEQFF	2
CASSLVGGSTYEQYF	2
CASSLARDQQQYF	2
CASSLANEQFF	2
CASSLAGGREQYF	2
CASSLGVQPTYEQYF	2
CASSLGIGELFF	2
CASSLGTAYGYTF	2
CASSLIGQGATEAFF	2
CASSLMSDTQYF	2
CASSLMVAGGSYNEQFF	2
CASSLILAGGPETQYF	2
CASSLTRPTLDEQYF	2
CASSLSGGGTEAFF	2
CASSLRAGRTYEQYF	2
CASSSWRFTEAFF	2
CASSSGGASLREQYF	2
CASSSSYEQYF	2
CASSSYEQYF	2
CASSSHGHQETQYF	2
CASSSQETQYF	2
CASSSEQGPSYEQYF	2
CASSSIGQVNQPQHF	2
CASSSKTSGDYNEQFF	2
CASSSTGESYEQYF	2
CASSSAYEQYF	2
CASSSGTGGPQHF	2
CASSSDYRAGELFF	2
CASSSNSGLDTQYF	2
CASSWGLLGELFF	2
CASSWDPSSYNSPLHF	2
CASSYSREQYF	2
CASSYFGTGYEQYF	2
CASSYSYPPREQYF	2
CASSYSGNTEAFF	2
CASSYRTENQPQHF	2
CASSYMGQGGHNEQFF	2
CASSYSTTNEKLFF	2
CASSYNEQFF	2
CASSLRLGEETQYF	2
CASSLGTDGYEQYF	2
CASSLVGPIGGELFF	2
CASSLRGDRGQETQYF	2
CASSPTGGLNTIYF	2
CASSPLAGGPAYNEQFF	2
CASSPRTSGRRTYNEQFF	2
CASSPGLAVHNEQFF	2
CASSPRGAGDTQYF	2
CASSPDWDGGTQYF	2
CASSPTTYEQYF	2
CASSRPLGGRWDTGELFF	2
CASSRDTAYNEQFF	2
CASSRPTGEETQYF	2
CASSHPGLAGVYEQFF	2
CASSHHTSRLGDTGELFF	2
CASSVTLGGSTEAFF	2
CASSVTPYTMNTEAFF	2
CASSAVAGDSTDTQYF	2
CASSGVVLAGVHSYEQYF	2
CASSDLGEGNQPQHF	2
CASSDRQPQHF	2
CASSDLTETGELFF	2
CASSDSRDKYSNQPQHF	2
CASSDSSTGELFF	2
CASSDRFTDTQYF	2
CASSESLIRETQYF	2
CASSEWTAPYEQYF	2
CASSELSGDYNEQFF	2
CASSELAGAAYNEQFF	2
CASSEALGGGHEQYF	2
CASSEGSRITGELFF	2
CASSEGVGHSETQYF	2
CASSEGAKGQMNTEAFF	2
CASSEKIAGNTEAFF	2
CASSTLQGASTDTQYF	2
CASSTPRDRVTYEQYF	2
CASSTGHGPLNEKLFF	2
CASSTDRGTEKLFF	2
CASSSDRVDPYEQYF	2
CASSRPQGGEQFF	2
CASSKGLTEETQYF	2
CASSKTVKALHF	2
CASSKERDNEQFF	2
CASSFPPSSYNEQFF	2
CASSFQREREQYF	2
CASSFGRNEQFF	2
CASSFSGSTDTQYF	2
CASSFSGGGYYEQYF	2
CASSFSGNSYEQYF	2
CASSFRGASEAFF	2
CASSFSAGAETQYF	2
CASSFLAAGGPIIHEQYF	2
CASSFLAIEQFF	2
CASSFPTGKETQYF	2
CASSFRDRPMNEQYF	2
CASSFRSGGPPYEQYF	2
CASSFHYGATNEKLFF	2
CASSFGVAGQDEQFF	2
CASSFGRLNTQYF	2
CASSFEVGYYNEQFF	2
CASSFTYEQYF	2
CASSLAEAEQFF	2
CASSLGPSGNRCFF	2
CASSLGRGYGYTF	2
CASSLGQGMNTEAFF	2
CASSLDFGLAQFF	2
CASSLDRSYEQYF	2
CASSLTSGVGNEQFF	2
CASSLTSGIATEQYF	2
CASSLTTSGHSYEQYF	2
CASSLKNYEQYF	2
CASSLLAGATYEQYF	2
CASSLSNYGYTF	2
CASSLSPGTPRDEQYF	2
CASSLSSQQYF	2
CASSLSSGSQETQYF	2
CASSLSGTATDTQYF	2
CASSLWSGNPSYEQYF	2
CASSLWTGSSYEQYF	2
CASSLWKTGSPLHF	2
CASSLLSGSLDEQFF	2
CASSLLRAGELFF	2
CASSLLAGVNEQFF	2
CASSLPSGAYEQYF	2
CASSLRDPGLALKETQYF	2
CASSLQGNQPQHF	2
CASSLQSSGELFF	2
CASSLQETQYF	2
CASSLVFSGVANEKLFF	2
CASSLVGYEQYF	2
CASSLVGGLAGGPYNEQFF	2
CASSLVGTGQLAETQYF	2
CASSLVPSYNEQFF	2
CASSLVVTLDEQFF	2
CASSLVYGGDYGYTF	2
CASSLVQGATGYTF	2
CASSLVRGAFSPLHF	2
CASSLAARVAGDQDTQYF	2
CASSLAIFDGQKKAFF	2
CASSLAWGEAFF	2
CASSLAYVGGDTGELFF	2
CASSLAPNQPQHF	2
CASSLAPGNEQFF	2
CASSLAVSSYNEQFF	2
CASSLAGGEETQYF	2
CASSLARGHTTDTQYF	2
CASSLAAGSYEQYF	2
CASSLAGRGEQYF	2
CASSLGNLPGYEQYF	2
CASSLGGVVAYNEQFF	2
CASSLGAYEQYF	2
CASSLGGYEQYF	2
CASSLGGAPQHF	2
CASSLGERERIGELFF	2
CASSLGESAEAFF	2
CASSLGGSSYNEQFF	2
CASSLGGTGELFF	2
CASSLDPPQLAGGETQYF	2
CASSLDGGFYGYTF	2
CASSLDDRGIGYTF	2
CASSLDNRQETQYF	2
CASSLEASGRIYEQYF	2
CASSLEGGLGTEAFF	2
CASSLEAGNGSPLHF	2
CASSLEIGRNTGELFF	2
CASSLMGNTEAFF	2
CASSLTSGRALSASTDTQYF	2
CASSLSGREKTQYF	2
CASSLSGNNEQFF	2
CASSLRTRGETQYF	2
CASSLNSGGYEQYF	2
CASSLNAAAQYF	2
CASSLKDSTYNEQFF	2
CASSSARDNRNSPLHF	2
CASSSPGENYNEQFF	2
CASSSQGTGELFF	2
CASSSVRGSGETQYF	2
CASSSGGNSPLHF	2
CASSSGTRDRTLHF	2
CASSSIPTSGSNEQFF	2
CASSSIPPLRGPTYEQYF	2
CASSSSWIQTYEQYF	2
CASSSRGVAKNIQYF	2
CASSSDNSGNTIYF	2
CASSSMAKGTQPQHF	2
CASSSKVGRAGETQYF	2
CASSSSTQGTEAFF	2
CASSSSGLANEKLFF	2
CASSSPGLAPPTQYF	2
CASSSQEYNEQFF	2
CASSSAGTGMAGYTF	2
CASSSAGGLYNEQFF	2
CASSSGLRLAQHF	2
CASSSGGSEQFF	2
CASSSGGYEQYF	2
CASSSGGLYEQYF	2
CASSSGLAGVSETQYF	2
CASSWSRMSGNEKLFF	2
CASSWGQGGTDTQYF	2
CASSYSYEQYF	2
CASSYTGVSTDTQYF	2
CASSYNPARDEQFF	2
CASSYDTYQPQHF	2
CASSYDRENGYTF	2
CASSYNTGVGDTQYF	2
CASSLRSAWGIQYF	2
CASSLTAQGLGQPQHF	2
CASSLTDYEQYF	2
CASSLPDRFYEQYF	2
CASSLRGPRNTEAFF	2
CASSLDSRTGGYTF	2
CASSLKNIQYF	2
CASSLGLAGGVGEQFF	2
CASSLIAGGPPDTQYF	2
CASSLTGTYYGYTF	2
CASSLRTSGVGSYNEQFF	2
CASSLAGHSYNEQFF	2
CASSLSLNYEQYF	2
CASSPLGASYEQYF	2
CASSPRTSGRDYNEQFF	2
CASSPTGGYGYTF	2
CASSPSPDRSDGYTF	2
CASSPSAEAFF	2
CASSPWTSGSHEQYF	2
CASSPYPVTEAFF	2
CASSPLRASTDTQYF	2
CASSPRPVLSYNEQFF	2
CASSPRTSGRSNEQFF	2
CASSPGGGNYNEQFF	2
CASSPGPGLAKNIQYF	2
CASSPGTANQPQHF	2
CASSPGLADTQYF	2
CASSPGQGEAFF	2
CASSPEAGAPSYEQYF	2
CASSPRGTNTGELFF	2
CASSPFPSSYNEQFF	2
CASSPLLVAEAFF	2
CASSPLTGSSYNEQFF	2
CASSPPSYEQYF	2
CASSPQGGKSSYEQYF	2
CASSPGTSGTQYF	2
CASSPGLAGAQDTQYF	2
CASSPMVSGRSSTDTQYF	2
CASSPTSGPYNEQFF	2
CASSPTGSPDTQYF	2
CASSPTGVPYEQYF	2
CASSPRNYEQYF	2
CASSPRLFYEQYF	2
CASSPVFAGDRDEQFF	2
CASSRQTGRAYNEQFF	2
CASSRPGLAVYEQYF	2
CASSRQETQYF	2
CASSRGRGQYQETQYF	2
CASSRGHSPYEQYF	2
CASSRLIAGEAPETQYF	2
CASSRDPSSYEQYF	2
CASSRKTGMGGDEQFF	2
CASSRQAAYEQYF	2
CASSRVPNTEAFF	2
CASSREGVRTNEQFF	2
CASSHYGRESNEQFF	2
CASSHFSGRANEQFF	2
CASSHSPRGTFYNEQFF	2
CASSHRLAEDEQFF	2
CASSQPGQGRGAFF	2
CASSQREGRETQYF	2
CASSQAGTQKETQYF	2
CASSQGLQGLITGELFF	2
CASSQTSGDVLAYF	2
CASSQTSSGGGEQYF	2
CASSQWAEGTRVTDTQYF	2
CASSQPGAPDTQYF	2
CASSQVETSGSQSYEQYF	2
CASSQGQENYGYTF	2
CASSQGGSSGVAKNIQYF	2
CASSQGETQYF	2
CASSQDLGQGYSEQYF	2
CASSQDRDTQYF	2
CASSQDPGLAGADTQYF	2
CASSQDPTGTLYNEQFF	2
CASSQDRGTFSDEQFF	2
CASSQDAGTGANEQFF	2
CASSQDEVLAGGPNTGELFF	2
CASSQEASGRAFTGELFF	2
CASSQEGTGGVEQYF	2
CASSQEGAGGPKYNEQFF	2
CASSQEERNTGELFF	2
CASSQERGGGSYEQYF	2
CASSQEVDQPQHF	2
CASSQEGGRPSYEQYF	2
CASSQEGREGQETQYF	2
CASSQEEGQGANEQFF	2
CASSQETRQDSYEQYF	2
CASSQIQGTYNSPLHF	2
CASSQTGELFF	2
CASSVDGLAGEETQYF	2
CASSVVGRGGSPLHF	2
CASSVGIYSPLHF	2
CASSVDGQGTQPQHF	2
CASSARLAGAYEQYF	2
CASSARRGGTEAFF	2
CASSAGYTRQETQYF	2
CASSGRRSYEQYF	2
CASSGAYEQYF	2
CASSGRTSGDYEQYF	2
CASSDRDRGYEQYF	2
CASSEGGGRSTDTQYF	2
CASSEDSYPSTDTQYF	2
CASSERIAGVGNEQFF	2
CASSIGTPNEQYF	2
CASSMDRGLSPLHF	2
CASSMSSYEQYF	2
CASSTQTGPSEQYF	2
CASSTPGTEAFF	2
CASSTRTGESYTF	2
CASSTRRGLTEAFF	2
CASSTQSGATYNEQFF	2
CASSTPGQGATNEKLFF	2
CASSTRTGDTQYF	2
CASSTGTGHTDTQYF	2
CASSSGTGTYGYTF	2
CASSRTGPNEKLFF	2
CASSRPYNEQFF	2
CASSNLGAGSPLHF	2
CASSNSSRTSGILTYEQYF	2
CASSNQETQYF	2
CASSKSYYSGLRSYEQYF	2
CASRLDIGNTIYF	2
CASRLETQYF	2
CASRPAQGGINQPQHF	2
CASRPGQGPLEQYF	2
CASRPLSGSSYNEQFF	2
CASRRTGIYEQYF	2
CASRQSGTHTGELFF	2
CASRDRDTNQPQHF	2
CASRTSGTDTQYF	2
CASRFTGTSYDEQYF	2
CASRSPASRGTDTQYF	2
CASRPEDRTDEKLFF	2
CASRHPEETTNTGELFF	2
CASRQQGNGEQYF	2
CASRQIRWEPDTQYF	2
CASRDGTSGTGELFF	2
CASRMGLAGLADTQYF	2
CASRIAGSSYNEQFF	2
CASRTGTSGRNEQFF	2
CASNEGPGNTIYF	2
CDRTERDRTDTQYF	2
CASHNLGASEQYF	2
CASTPGQGVKNGYTF	2
CASTVLEGRSYNEQFF	2
CASSLDSYEQYF	2
CASSPQDTGELFF	2
CASSPSSENTEAFF	2
CASSPGTGFVSPLHF	2
CASSQSGHRGRVQPQHF	2
CASSESPSPAGTTF	2
CASSEWGVYNEQFF	2
CASSEASGSYEQYF	2
CASSEGAGASYEQYF	2
CASSEKNIQYF	2
CASSFSDRGPSPLHF	2
CASSFWTSGAYNEQFF	2
CASSFVPGAYEQYF	2
CASSFTLGTEAFF	2
CASSLLGGAGTDTQYF	2
CASSLYPPQDPYEQYF	2
CASSLPAQGDAFF	2
CASSLRNGGEQFF	2
CASSLVAGVADTQYF	2
CASSLVSGGYNEQFF	2
CASSLVTGRGGYTF	2
CASSLVAGGPNEQFF	2
CASSLAGSLAKNIQYF	2
CASSLAGTRYNEQFF	2
CASSLAIGGEETQYF	2
CASSLATSEDSFYGYTF	2
CASSLAQVANEQYF	2
CASSLGLASGSLDEQYF	2
CASSLGQANNNEQFF	2
CASSLGQGAYEQYF	2
CASSLGQITGELFF	2
CASSLDYEQYF	2
CASSLDGEQYF	2
CASSLMGRGIQYF	2
CASSLTGGQETQYF	2
CASSLTGGDTQYF	2
CASSLSLVAAEQFF	2
CASSLRGTLNTEAFF	2
CASSLRGEEEKLFF	2
CASSLRGTDNSPLHF	2
CASSLWQTYEQYF	2
CASSLRTGWYEQFF	2
CASSSGFRVRIQYF	2
CASSSGLAGGPLLDEQFF	2
CASSSSGYQELTGELFF	2
CASSSGGADETQYF	2
CASSSSGSDNEQFF	2
CASSWGFGPYEQYF	2
CASSYNTYEQYF	2
CASSYEPQGAYTEAFF	2
CASSLVISRDRGYTF	2
CASSLRTSGDTGELFF	2
CASSLKGGADYGYTF	2
CASSLGTMQFF	2
CASSLTPGIATDEQFF	2
CASSLNANPADTQYF	2
CASSPLKTRAPDEAFF	2
CASSPGTPNVYNEQFF	2
CASSPDGKNTEAFF	2
CASSPVSGSSYEQYF	2
CASSRQSRTGGYEQYF	2
CASSRIGTGSYEQYF	2
CASSHDDRGSNQPQHF	2
CASSHDGYSYNEQFF	2
CASSHKDRGDNEQFF	2
CASSHRLAGDYEQFF	2
CASSHGMRARSSTDTQYF	2
CASSHEGQGPNSPLHF	2
CASSQPRQGLGTEAFF	2
CASSQGDTQYF	2
CASSQDPGQSTDTQYF	2
CASSQLPGGLGYGYTF	2
CASSQRGLSNQPQHF	2
CASSQVAGGEDQPQHF	2
CASSQVIAPNQETQYF	2
CASSQVLNEQFF	2
CASSQVSVPYEQYF	2
CASSQAQGTAYEQYF	2
CASSQALSSYEQYF	2
CASSQGYIALSSYNEQFF	2
CASSQGYNEQFF	2
CASSQGQRTAPLHF	2
CASSQGPRPTPTYNEQFF	2
CASSQGTRDSPLHF	2
CASSQGIPGMNTEAFF	2
CASSQGTRMGQETQYF	2
CASSQDLPGGPGEQYF	2
CASSQDLGTRKNEQFF	2
CASSQDLFSKWTQYF	2
CASSQDPTGAYNEQFF	2
CASSQDPVFSYNEQFF	2
CASSQDRDSKNIQYF	2
CASSQDRFWASTQFF	2
CASSQDGDNSPLHF	2
CASSQDSLGAEQDF	2
CASSQEDRVNSPLHF	2
CASSQEHSGRTHEQFF	2
CASSQEGGNTGELFF	2
CASSQEIGQPQHF	2
CASSQRNRASSYNEQFF	2
CASSQKTAPSSYNEQFF	2
CASSQKLGDQPQHF	2
CASSVLGTQNTEAFF	2
CASSVGQNYEQYF	2
CASSGGSGAYNEQFF	2
CASSDGQGALASPLHF	2
CASSDIDRGELADTQYF	2
CASSEGTLRMTDTQYF	2
CASSEDKALSYEQYF	2
CASSIIGGNQPQHF	2
CASSTLKAGGNEQFF	2
CASSTDSRRDNEQFF	2
CASSTWMGLKGYTF	2
CASSNRADGYTF	2
CASRRDQSSYNEQFF	2
CASRVGESYEQYF	2
CASRAGGYYEQYF	2
CASRGVNNQPQHF	2
CASRPTAGWAYEQYF	2
CASNVLGPEADTQYF	2
CASKTRGMNTEAFF	2
CASKLAGGYTYEQYF	2
CASKELAGVSGYEQYF	2
CSSTKLSAKNIQYF	2
CSVPTSGRADTQYF	2
CSVRDRGFTEAFF	2
CSVRSQDSSYEQYF	2
CSASGTSGMTSYNEQFF	2
CSAYRANEQFF	2
CSALPTTGEYNEQFF	2
CSAVGSGAATEAFF	2
CSAVTSGRAGDTQYF	2
CSAARTVVEAFF	2
CSADRWISNYGYTF	2
CSAITGYAYNEQFF	2
CSATGSNEKLFF	2
CSASPLGGLAGNNEQFF	2
CSASGGRAQFF	2
CSASGVEQFF	2
CSASSQKATGELFF	2
CSASSSGASSYNEQFF	2
CSASWTGVTGELFF	2
CSARSRRSSYEQYF	2
CSARPLRWETQYF	2
CSARAWIPNEKLFF	2
CSARGRTSVYEQYF	2
CSARSLAGYNEQFF	2
CSARLGPDEQYF	2
CSARSRLAGESDEQYF	2
CSARSAASGRDNEQFF	2
CSARSGTGGFSNQPQHF	2
CSARQGLAGMETQYF	2
CSARVREPYEQYF	2
CSARVGHNPAYNEQFF	2
CSARVTGGPYEQYF	2
CSARAWNRDFGNQPQHF	2
CSARGRQGVVSPLHF	2
CSARGGGAPGLTMNTGELFF	2
CSARDFGDLQGTQYF	2
CSARDSRGLGNSPLHF	2
CSARDLRGGDEQFF	2
CSARDLGTSGGSSYEQYF	2
CSARDPSTGDNYEQYF	2
CSARDPQREGDTQYF	2
CSARDPAEQSAPQHF	2
CSARDPGEISSPLHF	2
CSARDRAGGEKLFF	2
CSARDHRRLAGAYNEQFF	2
CSARDSGLNQPQHF	2
CSARDRTGIGETQYF	2
CSARDKSSGRGNTGELFF	2
CSAREQHGVPPTDTQYF	2
CSAREAAGQGYEQYF	2
CSARSAQGTRSYSEAFF	2
CSARRTTTDTQYF	2
CSARNRVGGSNQPQHF	2
CSAKADSDFYEQYF	2
CSAFAGRETYEQYF	2
CSARKLAGESDTQYF	2
CSAQASPTDTQYF	2
CSAQDRGEVQPQHF	2
CSATQDRGLHGYTF	2
CSAPGTGTSYEQYF	2
CSAGRVAGAKGNQPQHF	2
CSAATRLITDTQYF	2
CSAESTVILNQPQHF	2
CSARTGEGYEQYF	2
CSTDRGGLAKNIQYF	2
CSFLSGSFGDTQYF	2
CSVSRVANTEAFF	2
CSVGPGDYEQYF	2
CSVGLAGPYEQYF	2
CSVGSGNQPQHF	2
CSVDEGSSTDTQYF	2
CSVDDSYGYTF	2
CSVEVPSQGGGEQFF	2
CSVEAQGGLADTQYF	2
CSVEGPRMDEQFF	2
CSVEVVEGRVYEQYF	2
CSVEGTADYEQYF	2
CSVEDLSGSDEQFF	2
CSVEDLSPDRANYGYTF	2
CSVEDPRGLPYEQYF	2
CSVEDTGNTNEQFF	2
CSVENRGLHTQYF	2
CSVSPGSGGELFF	2
CSVLLRLNTEAFF	2
CSVPLGGTGYTF	2
CSVGGSYNEQFF	2
CSVGTETEAFF	2
CSVSKAVEQFF	2
CSAPSGTDTQYF	2
CSAPTSGRGEQFF	2
CSADSYNEQFF	2
CSASGQINTEAFF	2
CSALQGLNTEAFF	2
CSAGGQHADTQYF	2
CSAEGEDFGNEQFF	2
CSGLEPSETQYF	2
CRAEVTGVEAFF	2
FLGVERRRGDNEQFF	1
SASSLGLETQYF	1
CARGTGGPQPQHF	1
CAISRAGLFEAFF	1
CASGLFRTGTTSTDTQYF	1
CASGLVLNRMNYGYTF	1
CASGLVILGQPPNYGYTF	1
CASGLGNEQFF	1
CASGLVRGALYGYTF	1
CASGYLHRGTIYLNYGYTF	1
CASGYVHGTEAFF	1
CASSPKTVYNSPLHF	1
CASSLAPAGGQETQYF	1
CASSLALNTEAFF	1
CASSLARDTEAFF	1
CASSLGGTDTQYF	1
CASSLGTGINEQFF	1
CASSPNTEAFF	1
CASSPGTGQPQHF	1
CASSNSGRQTQYF	1
CANGGLLAGATYEQYF	1
CALGDSGSYEQYF	1
CALGQGKETQYF	1
CASWLAVRIGHTDTQHF	1
CASLDPRGWGYTF	1
CASTTRTVLSGNTIYF	1
CASGSARRDTEAFF	1
CASGTDIIHPSTF	1
CASKPDRGGNTIYF	1
CACPLAGVGTGELFF	1
CAWSGGLSDTQYF	1
CAWGQQSQPQHF	1
CAWGPPVYGYTF	1
CAWGVNYGYTF	1
CAWDRGTENSPLHF	1
CAWIPGGNTDTQYF	1
CAWINGQGITEAFF	1
CAWSPRWPRGNYGYTF	1
CAWSQWSSGNTIYF	1
CAWSVRLDNSPLHF	1
CAWSVGAGWEQYF	1
CAWSVGGRNQPQHF	1
CAWSAYFTDTQYF	1
CAWSATGLYGYTF	1
CAWSGQPLNTEAFF	1
CAWSDGHFGSYGYTF	1
CAWSRQSNYGYTF	1
CAWSKGTANYGYTF	1
CAWSPPVRNSGNTIYF	1
CAWRGIPNYGYTF	1
CAWREDTEAFF	1
CAWRRIYGYTF	1
CAWRKTSGYNEQFF	1
CAWNSGQLDQPQHF	1
CAWNPGQGSYEQYF	1
CAWNGNLNTEAFF	1
CAWKRGVNTEAFF	1
CALTEGKRDTEAFF	1
CALTRAGVLDTQYF	1
CAPGPLGSPQETQYF	1
CAPLRLRRSYEQYF	1
CARFQGWGTEAFF	1
CARQSRGPYEQYF	1
CAVERPGVFGTEAFF	1
CAVRDDYGYTF	1
CAASQGFQETQYF	1
CAAGGARETQYF	1
CAAETAYGYTF	1
CAASENSYNEQFF	1
CAGRDRGEETQYF	1
CAGAPAGLSNQPQHF	1
CAGDRVPSGANVLTF	1
CAGILAGAHSSYEQYF	1
CAGRSGRNYGYTF	1
CAGELAEGNEQFF	1
CAEGNTEAFF	1
CAIPGQLSKNPYEQYF	1
CAILFGTAGELFF	1
CAISHADEQFF	1
CAIQGGSNQPQHF	1
CAIAETGDYGYTF	1
CAIAGGAGTGTEAFF	1
CAIGRDLSYNSPLHF	1
CAIGTSGSYEQYF	1
CAIGPGQDNQPQHF	1
CAIGRDPIGEKLFF	1
CAIGQGADTQYF	1
CAIMAPGTVSSYNEQFF	1
CAITSRQDQPQHF	1
CAISLDSYGYTF	1
CAISPWTSGSSDEQFF	1
CAISRPQGPQHF	1
CAISHEGDTEAFF	1
CAISQADSPEYNSPLHF	1
CAISVLGDTQYF	1
CAISVGNEQFF	1
CAISVTGGLNEQFF	1
CAISASGNYNEQFF	1
CAISARQGSGETQYF	1
CAISAGPGTDTQYF	1
CAISGSTEGTSFYEQYF	1
CAISGGQGNTEAFF	1
CAISGEGQGIGTF	1
CAISGLAGSSTGELFF	1
CAISGQGLGNQPQHF	1
CAISDSREKLFF	1
CAISDPRESYGYTF	1
CAISDSSSTDGQPQHF	1
CAISDRGTDTQYF	1
CAISDSLGGFLNEQFF	1
CAISDGLADGYTF	1
CAISDDRVGQPQHF	1
CAISEFGQGLLNTEAFF	1
CAISESSGSPQYF	1
CAISESGLAGGEQYF	1
CAISESVSNQPQHF	1
CAISESVGYTF	1
CAISESATEAFF	1
CAISESGLAGGIDEQYF	1
CAISESGHYGYTF	1
CAISESGQVYNEQFF	1
CAISESDGNYGYTF	1
CAISESSGGEQYF	1
CAISEWKAGDLNTEAFF	1
CAISERSGTGRVSYGYTF	1
CAISEARDHTEAFF	1
CAISEAYEQYF	1
CAISEAQGRGTEAFF	1
CAISEADRAGNTIYF	1
CAISEGPSYEQYF	1
CAISEGSSYNEQFF	1
CAISEGVETQYF	1
CAISETPRGPWGYTF	1
CAISESRGPEAFF	1
CAISERGNSNQPQHF	1
CAISELIANYGYTF	1
CAISERGDEQYF	1
CAISEGQSSNQPQHF	1
CAISEDSLYGYTF	1
CAISESGSDHSPLHF	1
CAISNTGTSKNPETQYF	1
CAISWGVGTEAFF	1
CAISLGSNYGYTF	1
CAISQGTNSPLHF	1
CAISGDGFNSPLHF	1
CAISEGGLAGFLYNEQFF	1
CAIRSGTGYNEQFF	1
CAIRPRDFIF	1
CAIRRTGTAGNTIYF	1
CAIRVAGGTDTQYF	1
CAIRGDTLPNYGYTF	1
CAIRGTGGSGYTF	1
CAIREQGFGNTIYF	1
CAIRTGKGYTF	1
CAIRKDLRSTEAFF	1
CAIRRQGIDSEQYF	1
CAINSGHWEKDEQYF	1
CAIKGTGGFQPQHF	1
CAMGEPYYGYTF	1
CAISSGNYEQYF	1
CAIRTVNNEQFF	1
CAIQTFNGSYEQYF	1
CAIAGRPDTQYF	1
CAITGTSGSVAYNEQFF	1
CATSDRVDGYTF	1
CATSGASYNEQFF	1
CATGSEYNEQFF	1
CATTLTSSGRSTGELFF	1
CATSMGQLRQAFF	1
CATSRGGYNSPLHF	1
CATSLGVEEQYF	1
CATLCYEQYF	1
CATLRRVGDFYGYTF	1
CATPSGDPNYGYTF	1
CATRTSGRNNEQFF	1
CATHPGHRDRGWREQFF	1
CATHGHNPFF	1
CATHGLFKNIQYF	1
CATQREARTGTQYF	1
CATQGYPSSYNSPLHF	1
CATQGDRDTEAFF	1
CATQLPGLNTEAFF	1
CATQPRAGGTDTQYF	1
CATQQGYLGEQYF	1
CATQQGGNSPLHF	1
CATATGFSNQPQHF	1
CATANRRPTNEKLFF	1
CATAGLARNEQFF	1
CATAGNTGELFF	1
CATGLEETQYF	1
CATGQGLSYEQYF	1
CATGAWETQYF	1
CATGGQNTEAFF	1
CATGTGDPPQHF	1
CATGGSYNEQFF	1
CATIGHKLRYSNQPQHF	1
CATTQWGTGGGYTF	1
CATTGGSNTEAFF	1
CATSSGQLEAFF	1
CATSYVLNTEAFF	1
CATSLSRGLETQYF	1
CATSPQANSYNEQFF	1
CATSPQVIGNQPQHF	1
CATSRPSGGTYNEQFF	1
CATSAGLSPNEQFF	1
CATSAPGTGGHEQYF	1
CATSATGTGGTEAFF	1
CATSAGNSPLHF	1
CATSGPGTGNTEAFF	1
CATSGGAYEQYF	1
CATSGPGTEAFF	1
CATSGGEGSNQPQHF	1
CATSGTDRGPGGYTF	1
CATSGWDRGVETQYF	1
CATSGGQGQETQYF	1
CATSDFRGPAEQFF	1
CATSDFRSGNQPQHF	1
CATSDFQRSQPQHF	1
CATSDFTGTGDNNEQFF	1
CATSDLRGDSHSYNEQFF	1
CATSDLAGDTDTQYF	1
CATSDLNDRIGAFF	1
CATSDLGDRGQGTEAFF	1
CATSDSFPGLAGGSYNEQFF	1
CATSDSSYRGNNQPQHF	1
CATSDSWDSLTGELFF	1
CATSDSYPLAGGEQFF	1
CATSDSPPVAESYNEQFF	1
CATSDSRQPHSNQPQHF	1
CATSDSAGLNTEAFF	1
CATSDSDSSYEQYF	1
CATSDSNQPQHF	1
CATSDSTGGGLAGAYNEQFF	1
CATSDYGFNQPQHF	1
CATSDLRSGYNEQFF	1
CATSDLRLETQYF	1
CATSDPYYGYTF	1
CATSDPRQGDSNEQFF	1
CATSDPREGDQPQHF	1
CATSDPGLAANEQFF	1
CATSDPMATEAFF	1
CATSDPNSNQPQHF	1
CATSDQKDREFGKNIQYF	1
CATSDASGSPDTQYF	1
CATSDATGKDAYEQYF	1
CATSDGTYSNQPQHF	1
CATSDGGDYGYTF	1
CATSDIGGNQPQHF	1
CATSDRTGGAYEQYF	1
CATSDLDDTEAFF	1
CATSDSSGPLYGYTF	1
CATSDSGPTGEQFF	1
CATSDPRDGLNEKLFF	1
CATSDPNRGSRPQHF	1
CATSDPRDQDTIYF	1
CATSDPGGTYNEQFF	1
CATSDPTGEQETQYF	1
CATSDRTGNTEAFF	1
CATSDRNYGYTF	1
CATSDHELPRETQYF	1
CATSDADSNTEAFF	1
CATSDARVIQPQHF	1
CATSDTRTGNTEAFF	1
CATSDTSVPLSGSSYNEQFF	1
CATSEAGRAFF	1
CATSESGSTDTQYF	1
CATSETGTNNEQFF	1
CATSETGQQETQYF	1
CATSTGLEAFF	1
CATSTGAPDTQYF	1
CATSTGGAADTQYF	1
CATSSSPLGLADSYEQYF	1
CATSSLGGGRYGYTF	1
CATSSGGFEQYF	1
CATSSGHGKQYF	1
CATSSSHPRANEKLFF	1
CATSLLAGAYNEQFF	1
CATSLTGYYGYTF	1
CATSPRTGETEAFF	1
CATSPGQGRTGELFF	1
CATSPSGTGLGYGYTF	1
CATSRREMEPQHF	1
CATSRDRGGTEAFF	1
CATSRELGTDTQYF	1
CATSREGQDQPQHF	1
CATSRTNWEGYTF	1
CATSRLADTGRDGYTF	1
CATSQGGNSPLHF	1
CATSQGWQGQPQHF	1
CATSVNLRPQLQRSPLHF	1
CATSASDRGRRDTQYF	1
CATSAKTGYSNQPQHF	1
CATSGLAGGPHEQYF	1
CATSGGFGYTF	1
CATSGRLAGDNEQFF	1
CATSGMAYNEQFF	1
CATSGTAGHEQYF	1
CATSGTGVDYGYTF	1
CATSGLPILETQYF	1
CATSGLRRSNQPQHF	1
CATSDQTGANEKLFF	1
CATSETGAEAFF	1
CATSIRVKNQPQHF	1
CATSMGPKETGELFF	1
CATSIEQGNTEAFF	1
CATSTGVGNTIYF	1
CATSTSPPGSYTF	1
CATSTKTGGIYNEQFF	1
CATSSLGTRLYEQYF	1
CATSSPMTRTGPNEKLFF	1
CATSSGPGASGFLTDTQYF	1
CATSSGHFTEAFF	1
CATSSPTRGTQPQHF	1
CATSSRRDRGFNSPLHF	1
CATSSGTDNEKLFF	1
CATSRSLMGNSPLHF	1
CATSRALRDTQYF	1
CATSRASSGAGDGEQYF	1
CATSRASVYSNQPQHF	1
CATSRGWGTRDEKLFF	1
CATSRDGTISNYGYTF	1
CATSRDGQLNEKLFF	1
CATSRDRVTDTQYF	1
CATSRDRGFRSNQPQHF	1
CATSRDREGNTEAFF	1
CATSREGNSPLHF	1
CATSREGNYGYTF	1
CATSRIDRPRGFWRPNYGYTF	1
CATSRTGTFNEKLFF	1
CATSRRSDTQYF	1
CATSRSLADAYNEQFF	1
CATSRSRHLSYTF	1
CATSRSSQPQHF	1
CATSRLTGVGSPLHF	1
CATSRPPEGGTEAFF	1
CATSRQGLDGNQPQHF	1
CATSRVREKLFF	1
CATSRVGGRSYEQYF	1
CATSRVSGNEQFF	1
CATSRVSEGYTEAFF	1
CATSRVLWGSTEAFF	1
CATSRVGTGEAFF	1
CATSRAGGVGGYTF	1
CATSRANTEAFF	1
CATSRALLVGQYF	1
CATSRASDGLNQPQHF	1
CATSRAGGQSYGYTF	1
CATSRARGGYEQYF	1
CATSRAKTTGNTIYF	1
CATSRGYETQYF	1
CATSRGAVEETQYF	1
CATSRGGGFEAFF	1
CATSRGGTVEWGEKLFF	1
CATSRGDRGNYGYTF	1
CATSRGTGRGNTIYF	1
CATSRGNLGTEAFF	1
CATSRGPRGKYTEAFF	1
CATSRGITRQETQYF	1
CATSRDLSGNTEAFF	1
CATSRDLGAEAFF	1
CATSRDSRSQPQHF	1
CATSRDSSPEQYF	1
CATSRDSGNSPLHF	1
CATSRDLFLGAEQPQHF	1
CATSRDLASGSASTDTQYF	1
CATSRDLGTGELFF	1
CATSRDLGGQGSHEQYF	1
CATSRDPGSTNEKLFF	1
CATSRDPGSYNEQFF	1
CATSRDPGQGLGYTF	1
CATSRDPDYNSPLHF	1
CATSRDPTEAPNQPQHF	1
CATSRDRGFYEQYF	1
CATSRDRTDRRAFF	1
CATSRDVDRGFEQYF	1
CATSRDGWASEKLFF	1
CATSRDGVGGELFF	1
CATSRDGGALGQPQHF	1
CATSRDGTPRGPQHF	1
CATSRDEGGMRNQPQHF	1
CATSRDMGSSYNEQFF	1
CATSRDRIRDEQFF	1
CATSRDWTSGSRNEQFF	1
CATSRDPFRGSNYGYTF	1
CATSRDPRQEQYF	1
CATSRDPQGVGTEAFF	1
CATSRDRGWYEQYF	1
CATSRDRDRGVNEQFF	1
CATSRDGQNYGYTF	1
CATSRDTSSGNTIYF	1
CATSREGKGGGGNTIYF	1
CATSREGQFQETQYF	1
CATSREDRGRNEQYF	1
CATSRERGGEQYF	1
CATSRELGGADTQYF	1
CATSREVTTEAFF	1
CATSRETPGGYQETQYF	1
CATSRRTADTEAFF	1
CATSRNRAGNTIYF	1
CATSNSPNSYNSPLHF	1
CATRPTVNYNQPQHF	1
CATRRGAGLAFF	1
CATRRQGGAKNIQYF	1
CATRGGDEKLFF	1
CATRDSENQPQHF	1
CATRDSNYGYTF	1
CATRDSSGNTIYF	1
CATRPTGRNTEAFF	1
CATREGPGQGAFEAFF	1
CATREPDPQHF	1
CATRRQRASYNEQFF	1
CATRRTGVAGYTF	1
CATNPFLGGYNEQFF	1
CATKGREGGSYEQYF	1
CATKGQGGTEAFF	1
CATGQGATDTQYF	1
CATNRDLNEKLFF	1
CATSRVGDTEAFF	1
CATQGAGGLQPQHF	1
CASSKTGTPNEKLFF	1
CASSSAGGTDTQYF	1
CASSHRTGVGNQPQHF	1
CASSRLGGGAYEQYF	1
CASSRAVGDYNEQFF	1
CASSDRNIDTQYF	1
CASLLRSNQPQHF	1
CASRDRVNYGYTF	1
CASRTGSAPLHF	1
CASQGTSVYEQYF	1
CASAGQGAYEQYF	1
CASARGQGVRQPQHF	1
CASGQSRDPTDTQYF	1
CASGVWQGEETQYF	1
CASGVDFALNEQFF	1
CASGGEPLHF	1
CASMLRDTGQPQHF	1
CASTPRGGAITDTQYF	1
CASTPLPEDYGYTF	1
CASTIGTYNEQFF	1
CASSSTGPNQPQHF	1
CASSLTAGGFRYGYTF	1
CASSPSRDLHEQYF	1
CASSPPSGRRVAEQFF	1
CASSPARGTGNYGYTF	1
CASSPDRAADQPQHF	1
CASSREDEAFF	1
CASSQGWNQPQHF	1
CASSVGQASYEQYF	1
CASSVAAPRVSFF	1
CASSGSRASNQPQHF	1
CASSDTTSGEQYF	1
CASSIPRTGVRGYTF	1
CASSIPHRVNQPQHF	1
CASSIRALSNEQYF	1
CASSIGLAGEVPYEQYF	1
CASSIGLGSYNEQFF	1
CASSITDGDSYEQYF	1
CASSMFGGGSRQFF	1
CASSMGTGYEQYF	1
CASSMRGQLIAGYTF	1
CASSMKTGYRSYNEQFF	1
CASSIPNLNTGELFF	1
CASSIRRGGEGYTF	1
CASSIGLLRTETQYF	1
CASSIGGYSNQPQHF	1
CASSIDPGTVYGYTF	1
CASSIDRIVDNQPQHF	1
CASSIISQPQHF	1
CASSITSGRDTQYF	1
CASSTYPGQLAKNIQYF	1
CASSTITSGTETQYF	1
CASSTGMPLSGNTIYF	1
CASSRVPGGNTEAFF	1
CASSRTNTEAFF	1
CASSNSWGSNQPQHF	1
CASSPRGASGNTIYF	1
CASSPGTGYGYTF	1
CASSPDGDSGNTIYF	1
CASSEREDYEQYF	1
CASSITGANSPLHF	1
CASRSGEGNTEAFF	1
CASRPQGRGFSNQPQHF	1
CASRVQEISYEQYF	1
CASRAPGQGMNTEAFF	1
CASRIRGQLNTEAFF	1
CASRNFGTDYNSPLHF	1
CASRNPGLAGSTDTQYF	1
CASRNPGRNQPQHF	1
CASNPSTGRQPQHF	1
CASKIGTGNQPQHF	1
CASFRSLQLNTEAFF	1
CASFLRAANEQFF	1
CASFGGEGAYEQYF	1
CASFEYGTTEAFF	1
CASFKGGNTEAFF	1
CASLQSGGGQPQHF	1
CASLNRGRGSYNEQFF	1
CASSLNSQVNQPQHF	1
CASSLGQGLPEAFF	1
CASSPLPGRPQSGYTF	1
CASSQGLQNTEAFF	1
CASSQGGNEQFF	1
CASSGLAGGTGELFF	1
CASSTLQDQPQHF	1
CASSNPGSWGYTF	1
CASSNGQGREKLFF	1
CASSNSPSSSTDTQYF	1
CASSFSGQNTEAFF	1
CASSSGRVSYEQYF	1
CASSPGGPNTDTQYF	1
CASSRGLNQPQHF	1
CASSRGTSGTSTDTQYF	1
CASSRTSGMVGEQFF	1
CASSVDNQPQHF	1
CASSGGGGQPQHF	1
CASSGTVVPLHF	1
CASSERNTEAFF	1
CASSMGGNTEAFF	1
CASSKSRVGNTIYF	1
CASSKTGETNTGELFF	1
CASSFDRGANQPQHF	1
CASSYQETQYF	1
CASSLDRATEAFF	1
CASSDWTNEPDTQYF	1
CASSTQNNQPQHF	1
CASSTPTAPRAQPQHF	1
CASSTTGVDSPLHF	1
CASSSLKSWVNQPQHF	1
CASSKATAAPYEQYF	1
CASSKEDEQFF	1
CASSSSLDRGPPEAFF	1
CASSSAGNPGNTIYF	1
CASSSGGRRGTEAFF	1
CASSLYAEPQHF	1
CASSLDTAVEKLFF	1
CASSLTGLYGNQPQHF	1
CASSLSKGSQPQHF	1
CASSLWTDTTGTGELFF	1
CASSLMGGTGELFF	1
CASSLNNEQFF	1
CASSPSLQGGTEAFF	1
CASSPSRTAFNEKLFF	1
CASSPLDRGPGDEQFF	1
CASSPVSRSYNSPLHF	1
CASSPADTQYF	1
CASSPGQSYEQYF	1
CASSPRQGTNEKLFF	1
CASSPSSRDIQYF	1
CASSPRRTTQETQYF	1
CASSPAGTYEQYF	1
CASSPATNQPQHF	1
CASSPGRGFQPQHF	1
CASSPMTELNTEAFF	1
CASSPKTGSNEKLFF	1
CASSPSGQGFYEQYF	1
CASSPREGRHEQYF	1
CASSPQGRATEAFF	1
CASSPQLGALRSSYNEQFF	1
CASSPADNQPQHF	1
CASSPGTGFTEAFF	1
CASSPGLANYNEQFF	1
CASSPDRASYEQYF	1
CASSPDRDGYTF	1
CASSPTEGLREKLFF	1
CASSPTGTLNLGYGYTF	1
CASSPLNTGELFF	1
CASSPSVGGEPLHF	1
CASSPSSVGSPLHF	1
CASSPLAATYEQYF	1
CASSPPFMLGNTEAFF	1
CASSPPGRRFEKLFF	1
CASSPPGLAIYEQFF	1
CASSPPIPGQGADEKLFF	1
CASSPPHGSIQFF	1
CASSPPERGFYNEQFF	1
CASSPPSPADNEQFF	1
CASSPPPGFTDTQYF	1
CASSPPQEGGYGYTF	1
CASSPPASGGQPQHF	1
CASSPPGSGGWYEQYF	1
CASSPPGTLSGKNIQYF	1
CASSPPGLPSYEQYF	1
CASSPPTGNEQYF	1
CASSPPSTGVTEAFF	1
CASSPPGGNKGTEAFF	1
CASSPRLAGEDEQYF	1
CASSPRHMSSYEQYF	1
CASSPRLASGRATNNEQFF	1
CASSPRAVTSRPPGELFF	1
CASSPQSRTATEAFF	1
CASSPQAGNEKLFF	1
CASSPQGENYGYTF	1
CASSPQGNQPQHF	1
CASSPVGETQYF	1
CASSPGQGPNQPQHF	1
CASSPGTQTRDTQYF	1
CASSPGTAYEQYF	1
CASSPGTAANQPQHF	1
CASSPGRYLSGNTIYF	1
CASSPGQQETQYF	1
CASSPGGAEAFF	1
CASSPESAGWEQFF	1
CASSPEWDRDQPQHF	1
CASSPTGSRRTDTQYF	1
CASSRPGGNNEQFF	1
CASSRRDRAGDTQYF	1
CASSHTTDTQYF	1
CASSQPRAGAQETQYF	1
CASSQGLAGGGDEQFF	1
CASSVKGDTEAFF	1
CASSAGQNTEAFF	1
CASSATSGSSYNEQFF	1
CASSGTPPGELFF	1
CASSDRVKDEQYF	1
CASSTTGAEQYF	1
CASSTTGQGDNQPQHF	1
CASSTARAQYQPQHF	1
CASSRGADPSYNEQFF	1
CASCTDRAVDEQFF	1
CASWSGNSGNTIYF	1
CASWGTGNWVKDGYTF	1
CASWESGLSRTDTQYF	1
CASYFNRVDGYTF	1
CASYPGTGGNEQYF	1
CASYGGYRPVGAFF	1
CASLRPGSTYEQYF	1
CASLDSLRAEQYF	1
CASLPGGGTEAFF	1
CASLQGTAAYGYTF	1
CASLGTDIPDTQYF	1
CASLDPGRQGRNTEAFF	1
CASLNPVNEQFF	1
CASLPGRPEAFF	1
CASLAGWGTTPYEQYF	1
CASLDQPDTQYF	1
CASLNREGTSPNQPQHF	1
CASPPSGARSGSEQYF	1
CASPSPLTEAFF	1
CASRFGETQYF	1
CASRLRGLNTGELFF	1
CASRSPQSSYNEQFF	1
CASRRTGQEETQYF	1
CASRSQGWQQKKNF	1
CASRAGGSAYEQYF	1
CASRNGWTEAFF	1
CASRRGMDYEQYF	1
CASRATGLNHNEQFF	1
CASRAANQPQHF	1
CASRGTGYQPQHF	1
CASRGNTIYF	1
CASRDVINTEAFF	1
CASRDTRKGSNQPQHF	1
CASRDRLDEQYF	1
CASREFQGNAEAFF	1
CASRISGGWMNTEAFF	1
CASRKGQGGNTIYF	1
CASRAFVPGGDTQYF	1
CASRGHGYTF	1
CASRTRHRGSGELFF	1
CASRTDREVWNTEAFF	1
CASRTTGDSNQPQHF	1
CASHIPGTGMNTEAFF	1
CASHSNQRATTQPQHF	1
CASHNRDTAKYSNQPQHF	1
CASHGSAIINEKLFF	1
CASHGTSGSCREQFF	1
CASHGHTEAFF	1
CASQPRAAYEQYF	1
CASQREAQYNSPLHF	1
CASQGFEKLFF	1
CASQMVNEQFF	1
CASQIPGIFGGEQYF	1
CASQPLGWHTEAFF	1
CASQGDRTYNSPLHF	1
CASQGQGPYEQYF	1
CASQNRVFNPEAFF	1
CASQKTGTDNSPLHF	1
CASVPPSGGRRYGYTF	1
CASVGQGPSSGNTIYF	1
CASVKTGGNQPQHF	1
CASVPWADYTEAFF	1
CASASSRGNTEAFF	1
CASALKRFLENIQYF	1
CASALGARGNGYTF	1
CASASGNTGELFF	1
CASAFSVSGNTIYF	1
CASASAYNEQFF	1
CASARHSGTLDEQFF	1
CASARRVEKLFF	1
CASAGQTNTEAFF	1
CASATGQGNEKLFF	1
CASATGGRQPQHF	1
CASASTRGGAYNEQFF	1
CASAGTGYNEQFF	1
CASGSTDEQYF	1
CASGPDSNQPQHF	1
CASGRGRTEAFF	1
CASGISGRSYNEQFF	1
CASGTRQGGYGYTF	1
CASGFYEQYF	1
CASGSSGVEKLFF	1
CASGSRDRNNSPLHF	1
CASGRKAQHF	1
CASGRRNRDTEAFF	1
CASGRGISSYNEQFF	1
CASGRGGSYNEQFF	1
CASGRDTLGELFF	1
CASGRQGAEQETQYF	1
CASGHREDTEAFF	1
CASGITEAEAFF	1
CASGRDGLSYNEQFF	1
CASGSSAEGTEQYF	1
CASGYYEQYF	1
CASGLQGNYEQYF	1
CASGPSNTEAFF	1
CASGPKAKNIQYF	1
CASGVAAGELFF	1
CASGGALSPLHF	1
CASGDSDYGYTF	1
CASGDRVGTEAFF	1
CASGTSGLNNEQFF	1
CASGTSGSRNEQFF	1
CASGTAGGHSPLHF	1
CASGTGGNTIYF	1
CASGSGYGYTF	1
CASGSGGPPYNEQFF	1
CASGLAGVTDTQYF	1
CASGWGETEAFF	1
CASGYYEQYF	1
CASGPSPQGTGELFF	1
CASGQGANSPLHF	1
CASGVGFDAIYEQYF	1
CASGAGRYTEAFF	1
CASGRGWTEAFF	1
CASDGGGREKLFF	1
CASDEGAGRDTQYF	1
CASESDGELFF	1
CASEYPPSGRKDEQFF	1
CASEQRGSPLHF	1
CASEAERNQPQHF	1
CASETLQQETQYF	1
CASEQGSYAYEQYF	1
CASEDTGRNPIDVYF	1
CASEEGTASGNTIYF	1
CASEIGGEGQPQHF	1
CASIFGVGELFF	1
CASISTSGGLNEQFF	1
CASIWGQGNQPQHF	1
CASIPQMNTEAFF	1
CASIHRAGNSGNTIYF	1
CASISGQGSGELFF	1
CASIWYF	1
CASILSSAEADYGYTF	1
CASILGGYTGELFF	1
CASIPRGTGMNTEAFF	1
CASIPGGGAGYGYTF	1
CASIPRTSRTDTQYF	1
CASIPPGMKAFF	1
CASIPNLGNTIYF	1
CASIRTPSSYNSPLHF	1
CASIHEAGENSPLHF	1
CASIQGGNSPLHF	1
CASIGGGYGYTF	1
CASIDPGAAYEQYF	1
CASIDTGGPDNEQFF	1
CASIRGQGRDGGYTF	1
CASMPRGANYGYTF	1
CASMGGRGDEQFF	1
CASIMTGPTNEKLFF	1
CASIRGLDADTQYF	1
CASTLDSYTGELFF	1
CASTLGGNNQPQHF	1
CASTLRPGSNEKLFF	1
CASTLWRPEDGYTF	1
CASTLGQSSGNTIYF	1
CASTPTGTGGREQYF	1
CASTPDRAVAEAFF	1
CASTHDGTIYF	1
CASTQMGGRSPLHF	1
CASTAEGRRNSPLHF	1
CASTDRGRETQYF	1
CASTERDYTGELFF	1
CASTEAMNTEAFF	1
CASTMGWNTEAFF	1
CASTLGVSEKLFF	1
CASTLAGGEDTQYF	1
CASTLGPNGEAFF	1
CASTSLAGGRNTGELFF	1
CASTSRDTVGYEQYF	1
CASTSGGTGQPQHF	1
CASTSGTVNYGYTF	1
CASTSGQGLFSEQFF	1
CASTSSGRLNTQYF	1
CASTWGSGGANTGELFF	1
CASTWDRGHNSPLHF	1
CASTWEGASTDTQYF	1
CASTYGRDFIYEQYF	1
CASTLGGSVDTQYF	1
CASTLGGNNQPQHF	1
CASTLTGSKYNEQFF	1
CASTLSTGGLDEQFF	1
CASTLGTTSYGYTF	1
CASTLTGSNTEAFF	1
CASTLTEGARYGYTF	1
CASTLQGGIQPQHF	1
CASTLGGNRGVRDTEAFF	1
CASTPSGGTNSPLHF	1
CASTPYNEQFF	1
CASTPPGQGWSGELFF	1
CASTPGQGRSAGYTF	1
CASTPRPGQGPYRAQQYF	1
CASTPSYGNQPQHF	1
CASTPLPGRGYNEQFF	1
CASTPPRGTREAFF	1
CASTPGTSYNEQFF	1
CASTPDLATQYF	1
CASTPEVGGINGELFF	1
CASTPTRDTSGNTIYF	1
CASTPNRAGHLGDTGELFF	1
CASTPGPSGRYEQYF	1
CASTPGRKIENTEAFF	1
CASTPTSGRANEQFF	1
CASTPTGPSYEQYF	1
CASTPFSADSQQFF	1
CASTPDSWDQPQHF	1
CASTRRRDGDTEAFF	1
CASTRDSWGQETQYF	1
CASTRDTDYNEKLFF	1
CASTRTGNSNQPQHF	1
CASTRQLPEKLFF	1
CASTRQGAYYGYTF	1
CASTRTAAVNEKLFF	1
CASTRKGGVAEAFF	1
CASTHDYSNEQFF	1
CASTHEASGYGYTF	1
CASTHGRARGTEAFF	1
CASTQGPHQPQHF	1
CASTQGVYEQYF	1
CASTQGIEAFF	1
CASTQLGWNTEAFF	1
CASTQRGRDYGYTF	1
CASTQGLAGYQETQYF	1
CASTVTGGNSPLHF	1
CASTVQGQETQYF	1
CASTVAGGTDTQYF	1
CASTAAVRGPNEKLFF	1
CASTATSYNEQFF	1
CASTGYSRRGASTDTQYF	1
CASTGGNSDTEAFF	1
CASTGGTGELFF	1
CASTGTDNSPLHF	1
CASTGHAVNTEAFF	1
CASTGQGLKPQHF	1
CASTDPTGGDNYGYTF	1
CASTEDRRGYTF	1
CASTEPGGGQPQHF	1
CASTERGEATQYF	1
CASTIDRAGAETQYF	1
CASTITSGSSSYNEQFF	1
CASTITGVLNSPLHF	1
CASTIKSYSYEQYF	1
CASTITGLEAFF	1
CASTTLGTGYNSPLHF	1
CASTTRGARNTIYF	1
CASTTTPGGYEQYF	1
CASTTTNGRPTDTQYF	1
CASTSLANTEAFF	1
CASTSAGNTIYF	1
CASTRAPNYEQFF	1
CASTRGPNSNQPQHF	1
CASTNGPLGQPQHF	1
CASTKGAYEQYF	1
CASTKEGRYTEAFF	1
CASTLQGYEQYF	1
CASTPGPNQPQHF	1
CASTQTGTNTEAFF	1
CASTASGREDTQYF	1
CASTAGTSGYNEQFF	1
CASTGDQETQYF	1
CASTEMGSTEDTQYF	1
CASTNRVGTEAFF	1
CASTFGGSEAFF	1
CASTRDGREQYF	1
CASTRGAGEYNEQFF	1
CASTQTSPVTGELFF	1
CASTVTGMNTEAFF	1
CASTDPEGQPQHF	1
CASTEGGTEAFF	1
CASTTGSSYNSPLHF	1
CASSFFGGTEAFF	1
CASSFLFGRTFYTIYF	1
CASSFLSSSGNYGYTF	1
CASSFLRGSRNEQFF	1
CASSFSVRRAIQETQYF	1
CASSFSARVRSPLHF	1
CASSFSPAEQFF	1
CASSFSGTGDEQFF	1
CASSFSSQETQYF	1
CASSFSARSSNQPQHF	1
CASSFSGDEKLFF	1
CASSFSGGTQYF	1
CASSFWGQGAREDTQYF	1
CASSFWGTEAFF	1
CASSFWTEDMNTEAFF	1
CASSFYLQPQHF	1
CASSFLPGHLEQYF	1
CASSFLNIWNEQFF	1
CASSFLASGRTSGNTIYF	1
CASSFPDGSGISYEQYF	1
CASSFPVGDQPQHF	1
CASSFRFTNYGYTF	1
CASSFRRWLSSYNSPLHF	1
CASSFQRGGEKLFF	1
CASSFQAGGGQETQYF	1
CASSFQGRGSYNEQFF	1
CASSFQPGGTTAYEQYF	1
CASSFQSSYEQYF	1
CASSFVAGGSYEQYF	1
CASSFVLTRGSMNTEAFF	1
CASSFVTGEGYEQYF	1
CASSFAADSFNQPQHF	1
CASSFAGARNSPLHF	1
CASSFAGEGGYTF	1
CASSFGQGVVRPQHF	1
CASSFGANYGYTF	1
CASSFGQGEQPQHF	1
CASSFGRVNEQFF	1
CASSFGQNYEQYF	1
CASSFGLLSYEQYF	1
CASSFGGMGNEQFF	1
CASSFDLVRSEQFF	1
CASSFDNEKLFF	1
CASSFERDGSPSTDTQYF	1
CASSFEGLTFNEQFF	1
CASSFERSGTEAFF	1
CASSFILLGGNQPQHF	1
CASSFMGSGWGNEQFF	1
CASSFTIAGGTYEQYF	1
CASSFTSGRGPRGQFF	1
CASSFTEETQYF	1
CASSFTFGQGNYGYTF	1
CASSFTGRDSPLHF	1
CASSFTGGNYGYTF	1
CASSFTGGWEQYF	1
CASSFTGGTEAFF	1
CASSFSGSYYEQYF	1
CASSFSDSQNTGELFF	1
CASSFSRNTEAFF	1
CASSFSWGSYEQYF	1
CASSFRGNQPQHF	1
CASSFRNTGELFF	1
CASSFRDSYNQPQHF	1
CASSFNSRGNQPQHF	1
CASSFNPTGQETQYF	1
CASSFKVSGRAYNEQFF	1
CASSFLPGNTEAFF	1
CASSFLGNQPQHF	1
CASSFSSGTDTQYF	1
CASSFSPFSGRAFDTGELFF	1
CASSFSPQPHEAFF	1
CASSFSGGQANYGYTF	1
CASSFSGTVNTEAFF	1
CASSFSLDLNEQFF	1
CASSFSGARTEAFF	1
CASSFSNQPQHF	1
CASSFWGRSNQPQHF	1
CASSFWDTQETQYF	1
CASSFYGEQYF	1
CASSFYEYEQYF	1
CASSFLSGTSGQEETQYF	1
CASSFLTGNIQYF	1
CASSFLSTGPEAFF	1
CASSFLAGRSYEQYF	1
CASSFLGGEKLFF	1
CASSFPGTGNTIYF	1
CASSFPGTDTQYF	1
CASSFPKTNLQETQYF	1
CASSFPFGVDNEQYF	1
CASSFPGDNSPLHF	1
CASSFPELAETSTDTQYF	1
CASSFPTALRETQYF	1
CASSFPGIVNEQYF	1
CASSFRLDSPDSYEQYF	1
CASSFRTSRGNEQFF	1
CASSFRGQPQHF	1
CASSFRTGRLNYGYTF	1
CASSFRQGPLATEQFF	1
CASSFQGRQPQHF	1
CASSFQGFYGYTF	1
CASSFQINSPLHF	1
CASSFVGNENIQYF	1
CASSFASGPSTDTQYF	1
CASSFALAGYEQYF	1
CASSFAGTEAFF	1
CASSFAGANYGYTF	1
CASSFAGGSYGYTF	1
CASSFAGNLGNTIYF	1
CASSFGSSGSGNTIYF	1
CASSFGRAADTQYF	1
CASSFGGGYGYTF	1
CASSFGSSGRSVYF	1
CASSFGSNYGYTF	1
CASSFGGPYGYTF	1
CASSFGAVETQYF	1
CASSFGAENIQYF	1
CASSFGATMNTEAFF	1
CASSFGGATYEQYF	1
CASSFGGSLDTQYF	1
CASSFGTDLNTGELFF	1
CASSFGLAGFNEQFF	1
CASSFGGNTEAFF	1
CASSFEGRGVNTEAFF	1
CASSFISAGEDQPQHF	1
CASSFTSQYNEQFF	1
CASSFTRDNQPQHF	1
CASSFTDRGRTEAFF	1
CASSFRPGLNQPQHF	1
CASSFRGNEQFF	1
CASSFNYATNTGELFF	1
CASSFNPEKLFF	1
CASSLFFSGRLSYEQYF	1
CASSLLAGNEKLFF	1
CASSLLLRGSNQPQHF	1
CASSLLGSTEAFF	1
CASSLSGTGGNTQYF	1
CASSLSTSGTTDTQYF	1
CASSLYGGRVLNEQFF	1
CASSLPSGYNEQFF	1
CASSLPGGEKLFF	1
CASSLPGSSEAFF	1
CASSLPTSPYNEQFF	1
CASSLPGAGFNSPLHF	1
CASSLRLNTEAFF	1
CASSLRALTTYEQYF	1
CASSLRGSPLHF	1
CASSLRAGGPHEQYF	1
CASSLHSSYEQYF	1
CASSLQLGQQPQHF	1
CASSLQGSLSPLHF	1
CASSLVRAEAFF	1
CASSLVNNSPLHF	1
CASSLVSEQFF	1
CASSLVSQTNQPQHF	1
CASSLVDRNQPQHF	1
CASSLAHVTGDDTQYF	1
CASSLAGPSSTDTQYF	1
CASSLAPGGSTEAFF	1
CASSLAGLDSPLHF	1
CASSLAGVGEKLFF	1
CASSLAGAVTEAFF	1
CASSLGSSARDSPLHF	1
CASSLGSTSGRNADTQYF	1
CASSLGPRRGTLDEQFF	1
CASSLGARTMNTEAFF	1
CASSLGRSGDQPQHF	1
CASSLGREGLTTDTQYF	1
CASSLGHTGELFF	1
CASSLGVGEQYF	1
CASSLGAKNIQYF	1
CASSLGGIRYGYTF	1
CASSLGQGAVNTEAFF	1
CASSLGRFEQYF	1
CASSLDGLARNEQFF	1
CASSLDTVDF	1
CASSLDRGYTEAFF	1
CASSLDRGAYSNQPQHF	1
CASSLDRYQPQHF	1
CASSLEGQPPYEQYF	1
CASSLENTEAFF	1
CASSLIVTSGNNEQFF	1
CASSLIGTGESEQYF	1
CASSLIGQSNQPQHF	1
CASSLTGYEQYF	1
CASSLTSSDTQYF	1
CASSLTGTGGSPLHF	1
CASSLTSGYEQYF	1
CASSLTGENQPQHF	1
CASSLTGNSLNEKLFF	1
CASSLTDSNQPQHF	1
CASSLSNTEAFF	1
CASSLRVVGTSNQPQHF	1
CASSLRRVPSYNSPLHF	1
CASSLNQPQHF	1
CASSLNSGANQETQYF	1
CASSLNSKLEKLFF	1
CASSLFFGSGDTQYF	1
CASSLFGGAVETEAFF	1
CASSLFEGANYGYTF	1
CASSLFSGIVFYEQYF	1
CASSLFKAGGTEAFF	1
CASSLFGGRREDTEAFF	1
CASSLLGQDLGELFF	1
CASSLLPSQHDQPQHF	1
CASSLLGLNQPQHF	1
CASSLLIGEPQHF	1
CASSLLSLGTEAFF	1
CASSLLSNYGYTF	1
CASSLLRGNTIYF	1
CASSLLRQGEKLFF	1
CASSLSWGGAETQYF	1
CASSLSYEQYF	1
CASSLSPGNTIYF	1
CASSLSPGISNQPQHF	1
CASSLSGETYEQYF	1
CASSLSPANTEAFF	1
CASSLSPGLAAQETQYF	1
CASSLSPKIFPRGRYF	1
CASSLSPGQGGSPLHF	1
CASSLSPAGGYQETQYF	1
CASSLSPRTTGYTF	1
CASSLSHYTF	1
CASSLSGAAGNTIYF	1
CASSLSGGETQYF	1
CASSLSGTSGSSDTQYF	1
CASSLSPQTTKVF	1
CASSLSPGTRTDTQYF	1
CASSLSQGVGYTF	1
CASSLSQGGTEAFF	1
CASSLSAHTGGMNTEVFF	1
CASSLSAVAYTEAFF	1
CASSLSGTGGGYTF	1
CASSLSDRGVHGYTF	1
CASSLSEGLGEQYF	1
CASSLSMGEAFF	1
CASSLSTSGLNNEQFF	1
CASSLSTPGGYGYTF	1
CASSLSTTYEQYF	1
CASSLSTRRPYGYTF	1
CASSLSSSYNEQFF	1
CASSLSRQGANQPQHF	1
CASSLSLATYQETQYF	1
CASSLSGVGNTIYF	1
CASSLSGFEGSPLHF	1
CASSLSGLGQPQHF	1
CASSLSGARPGELFF	1
CASSLSGINEKLFF	1
CASSLSDGRIIQGNTGELFF	1
CASSLSEGNSPLHF	1
CASSLSRGNQPQHF	1
CASSLSRWTEAFF	1
CASSLWSSEPQHF	1
CASSLWQGAAGGYTF	1
CASSLWQGADEQYF	1
CASSLWAGNKGELFF	1
CASSLWAGRNTEAFF	1
CASSLWGLAGGSSYNEQFF	1
CASSLWGRLSSYNSPLHF	1
CASSLWGQTNTGELFF	1
CASSLWDQPQHF	1
CASSLWDRVSNQPQHF	1
CASSLWEAENIQYF	1
CASSLWRFAGQQPQHF	1
CASSLWKAGLTYEQYF	1
CASSLYWPGVNTEAFF	1
CASSLYYGQSEAFF	1
CASSLYLGDYGYTF	1
CASSLYLEGPNTEAFF	1
CASSLYRRGSYEQYF	1
CASSLYRSRPYEQYF	1
CASSLYGTGGLEQYF	1
CASSLYGRESSYEQYF	1
CASSLLWTEEAFF	1
CASSLLGGRGEAFF	1
CASSLLQWTGDGYTF	1
CASSLLAPQDEQFF	1
CASSLPRHSSPNEQFF	1
CASSLPGTAYEQYF	1
CASSLPGQGLTYGYTF	1
CASSLPGREQYF	1
CASSLPRQGLAKNIQYF	1
CASSLRVGLVSPLHF	1
CASSLRFHNEQFF	1
CASSLRLNTEAFF	1
CASSLRPGKDGYTF	1
CASSLRVSDETQYF	1
CASSLRGTSGKGWTDTQYF	1
CASSLRGNYGYTF	1
CASSLRGTGNTIYF	1
CASSLRDGEAFF	1
CASSLRENYGYTF	1
CASSLRQLNTEAFF	1
CASSLQGRDYGYTF	1
CASSLQGDDQPQHF	1
CASSLQGTIPAFF	1
CASSLQSNRQETQYF	1
CASSLQQGATEAFF	1
CASSLQGQGVQPQHF	1
CASSLVSNTEAFF	1
CASSLVGTGESPLHF	1
CASSLVTEAFF	1
CASSLVRQGAINEQFF	1
CASSLVVSGRDYGYTF	1
CASSLVAQPQHF	1
CASSLVALNTEAFF	1
CASSLVGNTEAFF	1
CASSLVDRGVGNQPQHF	1
CASSLVIGEAGNTIYF	1
CASSLVSYEQYF	1
CASSLVAGVNTEAFF	1
CASSLAFRNTQYF	1
CASSLASGTGYGNTIYF	1
CASSLAYEQYF	1
CASSLAGYGYTF	1
CASSLALGVVGSPLHF	1
CASSLAGQGSYGYTF	1
CASSLAFHKGGSMNTEAFF	1
CASSLALWGPDYGYTF	1
CASSLALRSGGTEAFF	1
CASSLALGIGNTIYF	1
CASSLALAGGSEQFF	1
CASSLAAVTDTQYF	1
CASSLAAGTGELFF	1
CASSLAGGVKNIQYF	1
CASSLAFTEAFF	1
CASSLAWNTEAFF	1
CASSLAQPEKLFF	1
CASSLAGGAGGNGYTF	1
CASSLAGGTEAFF	1
CASSLAGGKQPQHF	1
CASSLGRTRGNGYTF	1
CASSLGGQPQHF	1
CASSLGDASYQPQHF	1
CASSLGLIETQYF	1
CASSLGPQGYTF	1
CASSLGQGGEKLFF	1
CASSLGGSSTDTQYF	1
CASSLGRGNEKLFF	1
CASSLGFYGELFF	1
CASSLGLSPLHF	1
CASSLGYQPQHF	1
CASSLGPRDSLGMNTEAFF	1
CASSLGPLMNTEAFF	1
CASSLGRGNSPLHF	1
CASSLGQDQADTQYF	1
CASSLGQINSYEQYF	1
CASSLGAWDYGYTF	1
CASSLGAAGASTDTQYF	1
CASSLGAALELSSGNTIYF	1
CASSLGGNSYEQYF	1
CASSLGGVSPQHF	1
CASSLGGTGGTEAFF	1
CASSLGGTGMDEQFF	1
CASSLGGLTNTGELFF	1
CASSLGGQYTEAFF	1
CASSLGESDGYTF	1
CASSLGTTNGELFF	1
CASSLGTSGRVGSYNEQFF	1
CASSLGTSRPFF	1
CASSLGRQGRVNTEAFF	1
CASSLGRSGLNTEAFF	1
CASSLGNEQFF	1
CASSLGLVVTPDPEYF	1
CASSLGRSGAGNQPQHF	1
CASSLGRLAKNIQYF	1
CASSLGQGTEAFF	1
CASSLGQGTTEAFF	1
CASSLGGGYTEAFF	1
CASSLGSGLFTYEQYF	1
CASSLGRVYEQYF	1
CASSLDPGLLNTEAFF	1
CASSLDRVVGEQYF	1
CASSLDRFGYGYTF	1
CASSLEFAGGLGSPLHF	1
CASSLELRTPNNSPLHF	1
CASSLEGLGDTQYF	1
CASSLEGLKTQHF	1
CASSLEDYNEQFF	1
CASSLEGGANQPQHF	1
CASSLESTETQYF	1
CASSLERTGGEKLFF	1
CASSLIRRQGIEHQPQHF	1
CASSLIHLGGNTIYF	1
CASSLIGTGGNTIYF	1
CASSLITSGPHSRLFF	1
CASSLMAGASQETQYF	1
CASSLMGPITQYF	1
CASSLMGPPNEKLFF	1
CASSLMENTEAFF	1
CASSLMTGVSNQPQHF	1
CASSLISGRVDTQYF	1
CASSLTYSGNTIYF	1
CASSLTSGELLGF	1
CASSLTSGRDIQYF	1
CASSLTSEFVKNIQYF	1
CASSLTPDSYQPQHF	1
CASSLTGRTGWAFF	1
CASSLTGTGDEKLFF	1
CASSLTGTYEQYF	1
CASSLTWDPSHNEQFF	1
CASSLTGGSPHTQYF	1
CASSLTGAPGELFF	1
CASSLTINYGYTF	1
CASSLTGAYEQYF	1
CASSLSERGQIYEQYF	1
CASSLSPVYYGYTF	1
CASSLRSTRTNANYGYTF	1
CASSLRASRRTEAFF	1
CASSLRGIVGKDEQFF	1
CASSLRGGEAFF	1
CASSLRGTSGNTYNEQFF	1
CASSLRGTLGTQYF	1
CASSLRGFGNQPQHF	1
CASSLRDRSNSPLHF	1
CASSLRDRALNTEAFF	1
CASSLRRQGGTYEQYF	1
CASSLRGGGYGYTF	1
CASSLRTRRDEQYF	1
CASSLRNEQFF	1
CASSLNLQGHQPQHF	1
CASSLNRPGHLNNYGYTF	1
CASSLNQGNQPQHF	1
CASSLNAYSYEQYF	1
CASSLKWGSTDTQYF	1
CASSLKRNYGYTF	1
CASSLKQGRSSQPQHF	1
CASSLKDRGLDTQYF	1
CASSLKYGAGYTF	1
CASSLKLYNEQFF	1
CASSLKAHRSPVVTGYTF	1
CASSSFYEQYF	1
CASSSSQGNQPQHF	1
CASSSSSGPSYNEQFF	1
CASSSSTVDQPQHF	1
CASSSLTEAFF	1
CASSSLLNSYNEQFF	1
CASSSLRNTEAFF	1
CASSSPFPGMEEKLFF	1
CASSSPRLAGGYNEQFF	1
CASSSPGLFYEQYF	1
CASSSPGQGNTEAFF	1
CASSSRSSNQPQHF	1
CASSSRDQPQHF	1
CASSSAQVRGQPQHF	1
CASSSGSEPAGNTIYF	1
CASSSGLAGAYEQYF	1
CASSSTGSSYEQYF	1
CASSSSQTGSSPLHF	1
CASSSSAYNEQFF	1
CASSSSGRYEQYF	1
CASSSREYSYNEQFF	1
CASSSKGSGNQPQHF	1
CASSSFQRNTEAFF	1
CASSSLVGSRTEAFF	1
CASSSLDPAGEKLFF	1
CASSSLGGTEAFF	1
CASSSLMDRETQYF	1
CASSSSSYEQYF	1
CASSSSRGELTYEQYF	1
CASSSSRGEMNTEAFF	1
CASSSSDRGNSNTEAFF	1
CASSSYIKGDTEAFF	1
CASSSLGGSTEAFF	1
CASSSLPGQGQETQYF	1
CASSSLDRSPLHF	1
CASSSLSSYEQYF	1
CASSSLNTDTQYF	1
CASSSPWGQGIQEQYF	1
CASSSPLLEGSYEQYF	1
CASSSPLARGSYEQYF	1
CASSSPPQNQPQHF	1
CASSSPRTDISSGYTF	1
CASSSPGTGGGKLFF	1
CASSSPGTGRNEQYF	1
CASSSPGQGGTGELFF	1
CASSSPTSGSYNEQFF	1
CASSSPFGTSNYGYTF	1
CASSSPGRGYNEQFF	1
CASSSPRSGGSTDTQYF	1
CASSSPGTYSGNTIYF	1
CASSSRPTDEQFF	1
CASSSRRQADEKLFF	1
CASSSRAGLNEQFF	1
CASSSRGQGGSPLHF	1
CASSSRTSWQETQYF	1
CASSSRTDGGYTF	1
CASSSHSSPDTQYF	1
CASSSHRGRDTQYF	1
CASSSHATDTQYF	1
CASSSQGPYEQYF	1
CASSSQGQGAPLRTEAFF	1
CASSSVPETQYF	1
CASSSVDSRLFF	1
CASSSAGVQETQYF	1
CASSSGEPYNSPLHF	1
CASSSGTSGFYEQYF	1
CASSSGTSGSGGELFF	1
CASSSGTAYNQPQHF	1
CASSSGTGYDQPQHF	1
CASSSGTETYEQYF	1
CASSSGPIRGRGNTIYF	1
CASSSDRAGGFSSYNEQFF	1
CASSSDSENLPYEQYF	1
CASSSDRGETQYF	1
CASSSDRGGNLAQHF	1
CASSSDRGHTDTQYF	1
CASSSDRDQPQHF	1
CASSSENQPQHF	1
CASSSIRDSPSYEQYF	1
CASSSISGLGQPQHF	1
CASSSTWTGGNEQFF	1
CASSSTGSGTEAFF	1
CASSSSRSGSTDTQYF	1
CASSSRRGNQPQHF	1
CASSSRARPSEQYF	1
CASSSNPYTEAFF	1
CASSSFLEKRVTEAFF	1
CASSSLRMNTEAFF	1
CASSSSGAAYNEQFF	1
CASSSWTSGSNEQFF	1
CASSSWNEQFF	1
CASSSRGEQFF	1
CASSSRDRGRDTDTQYF	1
CASSSATQGYQPQHF	1
CASSSAREGNTEAFF	1
CASSSGLGTDTQYF	1
CASSSGSTPQHF	1
CASSSGLVPYNEQFF	1
CASSSGHLAMHTF	1
CASSSGNIQYF	1
CASSSDSYIGYTF	1
CASSSDRGRSPLHF	1
CASSSDRGASYNSPLHF	1
CASSSDRERNQPQHF	1
CASSSTENTEAFF	1
CASSSSSAGGTEAFF	1
CASSSRTASGNTIYF	1
CASSSKLQENTEAFF	1
CASSSKYLGETQYF	1
CASSSKDRGGSPLHF	1
CASSSSRTLSEQFF	1
CASSSSGTANTEAFF	1
CASSSSLYYEQYF	1
CASSSYSQPQHF	1
CASSSLAGGTDTQYF	1
CASSSHTSSGNTIYF	1
CASSSQGRNQPQHF	1
CASSSVLEAFF	1
CASSSADPTGIPYEQYF	1
CASSSAATTQETQYF	1
CASSSAGPVSGTYEQYF	1
CASSSGAHSNQPQHF	1
CASSSGSSGNTIYF	1
CASSSGYSNQPQHF	1
CASSSGQGKHF	1
CASSSIQGRYNSPLHF	1
CASSSTGTGVLHGYTF	1
CASSSRGINSPLHF	1
CASSWFRGPGELFF	1
CASSWLVRKVDYGYTF	1
CASSWSINQPQHF	1
CASSWLATGGYTGELFF	1
CASSWVNNEQFF	1
CASSWVKGFFNTEAFF	1
CASSWALDEQFF	1
CASSWALDRSSYNEQFF	1
CASSWARRDRNTEAFF	1
CASSWATNEKLFF	1
CASSWGGGFSYEQYF	1
CASSWGSSYEQYF	1
CASSWGDRGQSGNTIYF	1
CASSWGEFSEQPQHF	1
CASSWGTEAFF	1
CASSWGTGVLEAFF	1
CASSWGLAGGQNIQYF	1
CASSWGGGDTEAFF	1
CASSWDGYEQYF	1
CASSWDRVLTEAFF	1
CASSWISRAGGAGNEQFF	1
CASSWTGSTEAFF	1
CASSWTGGGEKLFF	1
CASSWTGGTEAFF	1
CASSWTGGNQPQHF	1
CASSWTGRSNTEAFF	1
CASSWNTGELFF	1
CASSWKAPDRGAKNIQYF	1
CASSYFDEQFF	1
CASSYFGTPNQPQHF	1
CASSYSGAHGWETQYF	1
CASSYSGQNTGELFF	1
CASSYLITGGSYEQYF	1
CASSYASGSEQYF	1
CASSYGRKNSPLHF	1
CASSYGDGAGKNIQYF	1
CASSYGRYSNQPQHF	1
CASSYSRKDGYTF	1
CASSYRGSTEAFF	1
CASSYFWTGGYSNQPQHF	1
CASSYFVRSQPQHF	1
CASSYFKGGSKNIQYF	1
CASSYFPRGQGADGYTF	1
CASSYFEGNTEAFF	1
CASSYLRDSYEQYF	1
CASSYLAGGPSGELFF	1
CASSYLDRGENTGELFF	1
CASSYSSGAFF	1
CASSYSSRVADTQYF	1
CASSYSEGQYEQYF	1
CASSYSTYEQYF	1
CASSYSSQGENIQYF	1
CASSYSSGYEQYF	1
CASSYSPPTGKFNEQFF	1
CASSYSRLGSYEQYF	1
CASSYSVAGGIYNEQFF	1
CASSYSAPWEETQYF	1
CASSYSGIAKTQYF	1
CASSYSGPTETQYF	1
CASSYSDRQSEAFF	1
CASSYSIHRSDQPQHF	1
CASSYSTHSPLHF	1
CASSYSTGGNEQFF	1
CASSYSKIYNEQFF	1
CASSYSFNSHNEQFF	1
CASSYSFGLADSSYEQYF	1
CASSYSLSDTQYF	1
CASSYSLRTDDMNTEAFF	1
CASSYSLRNTEAFF	1
CASSYSLGELAGDTGELFF	1
CASSYSSGGAGELFF	1
CASSYSSGPGNQPQHF	1
CASSYSSGGLQPQHF	1
CASSYSWYTEAFF	1
CASSYSYVTGEYEKLFF	1
CASSYSYSEAFF	1
CASSYSQEQYF	1
CASSYSAGYHNSPLHF	1
CASSYSGRYTI	1
CASSYSGVPGELFF	1
CASSYSGGGEPQHF	1
CASSYSGLAGGYNEQFF	1
CASSYSGPSNQPQHF	1
CASSYSDSLNQPQHF	1
CASSYSILSGDNEQFF	1
CASSYSINEKLFF	1
CASSYSIWGQEPQHF	1
CASSYSTGGELFF	1
CASSYSTQGHNYGYTF	1
CASSYSTSYNEQFF	1
CASSYSTGLAKGNEQFF	1
CASSYSTEYEQYF	1
CASSYSTTETQPQHF	1
CASSYSTGGSGELFF	1
CASSYSRGTAFF	1
CASSYSRGPFEAFF	1
CASSYSNRRRYGYTF	1
CASSYSKREGRYEQYF	1
CASSYSKGTNQPQHF	1
CASSYSKGAHRGGYYEQYF	1
CASSYSKGQGTNEQFF	1
CASSYSLAASYEQYF	1
CASSYSGRTEAFF	1
CASSYWRGDNEQFF	1
CASSYWQGSTDTQYF	1
CASSYWGVASYNEQFF	1
CASSYYGTSTNEQFF	1
CASSYYPAGTPGQDSYGYTF	1
CASSYLQGQGQPQHF	1
CASSYLGLAGANEQFF	1
CASSYPAGTGHLETQYF	1
CASSYPTGDIYEQYF	1
CASSYPGVPYEQYF	1
CASSYRGSYNEKLFF	1
CASSYRGKGDEKLFF	1
CASSYRDRGEVNTEAFF	1
CASSYRTYEQYF	1
CASSYRQGDQPQHF	1
CASSYHTAFTGQYF	1
CASSYQRDRAYGYTF	1
CASSYQVQGHGNQPQHF	1
CASSYQGSETQYF	1
CASSYQWGANQPQHF	1
CASSYQAERINYNEQFF	1
CASSYVGRRAFF	1
CASSYVRGDYGYTF	1
CASSYVQGRGTDTQYF	1
CASSYVQNTEAFF	1
CASSYGAGMNTGELFF	1
CASSYGGQPQHF	1
CASSYGPNSPLHF	1
CASSYGGSYEQYF	1
CASSYGETQYF	1
CASSYGAGELFF	1
CASSYGDPSWYGYTF	1
CASSYGEKLFF	1
CASSYGTGLTYEQYF	1
CASSYGTDSGNTIYF	1
CASSYGQGRSTEAFF	1
CASSYGANQPQHF	1
CASSYGGKNPYGYTF	1
CASSYGETQYF	1
CASSYDRPGGRAPYEQYF	1
CASSYDGTRYEQYF	1
CASSYDPAGVALHF	1
CASSYDAGRGGYTF	1
CASSYDGQAGYTF	1
CASSYDRDGNSPLHF	1
CASSYEGQGVTEAFF	1
CASSYETVYNEQFF	1
CASSYETGGRDQPQHF	1
CASSYEQVGTNEKLFF	1
CASSYEGSTYEQYF	1
CASSYIPDPPPEAFF	1
CASSYMGSNQPQHF	1
CASSYMGGTEAFF	1
CASSYMNTEAFF	1
CASSYINAEAFF	1
CASSYTSGPPYEQYF	1
CASSYSPSSYNEQFF	1
CASSYRSAGDGGELFF	1
CASSYRGGNTEAFF	1
CASSYRGYGYTF	1
CASSYRGPEAFF	1
CASSYRGRGLISNQPQHF	1
CASSYRGGIYGYTF	1
CASSYRGTNQPQHF	1
CASSYRGSQPQHF	1
CASSYRGRRSDYGYTF	1
CASSYRNTIYF	1
CASSYNSNTEAFF	1
CASSLYGTSGEYEQYF	1
CASSLRTSGTYNEQFF	1
CASSLQRATDTQYF	1
CASSLGGASGNTIYF	1
CASSLTGWWYGYTF	1
CASSLSGPSSYNEQFF	1
CASSLSENTGELFF	1
CASSLLRGMNTEAFF	1
CASSLPQQNHGYTF	1
CASSLPGFAQYF	1
CASSLRGIKGAFF	1
CASSLHGAVNEKLFF	1
CASSLQGQPNYGYTF	1
CASSLGTGRSHYEQYF	1
CASSLGIEAFF	1
CASSLESSYNSPLHF	1
CASSLTSGSTEQYF	1
CASSLTQGTEAFF	1
CASSLRGTEAFF	1
CASSLNYNEQFF	1
CASSLNEQFF	1
CASSLNYGYTF	1
CASSLLGGGSREQYF	1
CASSLRDPSNQPQHF	1
CASSLDRPYEQYF	1
CASSLTGVNTEAFF	1
CASSLTGADGYTF	1
CASSLTGEGSPLHF	1
CASSLNTGVNTEAFF	1
CASSLYRSTDTQYF	1
CASSLLGGVIYEQYF	1
CASSLPRRTDTQYF	1
CASSLPQGARAFF	1
CASSLVPGNTIYF	1
CASSLAGTPNTEAFF	1
CASSLMGAFF	1
CASSPLREGTNEQFF	1
CASSPSSGTGGEKLFF	1
CASSPSRSNEQFF	1
CASSPLSSYNEQFF	1
CASSPPPPYEQYF	1
CASSPPGLAASYEQYF	1
CASSPPTFTGELFF	1
CASSPRPGTEQYF	1
CASSPRTGGTQPQHF	1
CASSPRLSGNTIYF	1
CASSPVNSPNQPQHF	1
CASSPGAGYEQYF	1
CASSPDIGTDYGYTF	1
CASSPTGAGGPPYEQYF	1
CASSPTSGRPGDTQYF	1
CASSPSRSRTGELFF	1
CASSPFVDYEQYF	1
CASSPSAGPKNTEAFF	1
CASSPSGWNEQYF	1
CASSPWPIGTEAFF	1
CASSPLSDEAFF	1
CASSPLRLAGGWSTDTQYF	1
CASSPLDSPPLHF	1
CASSPLVRETQYF	1
CASSPLLGTGGYTF	1
CASSPPQRYAYEQYF	1
CASSPPTTRREKTEAFF	1
CASSPPSGRSNTGELFF	1
CASSPPSDINEQYF	1
CASSPPGGPYSPLHF	1
CASSPPLRDNQETQYF	1
CASSPPGLAGAEQYF	1
CASSPPGPYF	1
CASSPPPGTGATYEQYF	1
CASSPPPNTEAFF	1
CASSPPGGILAKNIQYF	1
CASSPRATNEKLFF	1
CASSPRDRPTDTQYF	1
CASSPRLDSPEQYF	1
CASSPHGGSNQPQHF	1
CASSPHSTGELFF	1
CASSPQTGMEQFF	1
CASSPVGGPGSPLHF	1
CASSPALVTGFGMNTEAFF	1
CASSPAHDRARAFF	1
CASSPGTIPYEQYF	1
CASSPGGLYYGYTF	1
CASSPGTGAYEQYF	1
CASSPGRNYGYTF	1
CASSPGQGNQPQHF	1
CASSPDPHVGETQYF	1
CASSPDSRANEKLFF	1
CASSPDGGTNEKLFF	1
CASSPDTLNTEAFF	1
CASSPDRGLSEAFF	1
CASSPDRGDEKLFF	1
CASSPEQRTGLSSPLHF	1
CASSPMGGRPYEQYF	1
CASSPTSGSTDTQYF	1
CASSPTANSPLHF	1
CASSPSLGSVGETQYF	1
CASSPKGGGGKLFF	1
CASSPSIPTSLGRPQHF	1
CASSPWTSGSFDEQFF	1
CASSPPGQLYNEQFF	1
CASSPRGAGVETQYF	1
CASSPHKSPAGEWFF	1
CASSPQGLSAFF	1
CASSPQTGGAFEQYF	1
CASSPVGGAYEQYF	1
CASSPATGPDYGYTF	1
CASSPAAVSGNTIYF	1
CASSPGSGSPGELFF	1
CASSPGRFYEQYF	1
CASSPGGLRGTEAFF	1
CASSPGGEYNEQFF	1
CASSPGRPYEQYF	1
CASSPGLAGYEQYF	1
CASSPGPGNQPQHF	1
CASSPDQNTGELFF	1
CASSPDRASYGNTEAFF	1
CASSPIPAGKSNYGYTF	1
CASSPIHSVDGAGTEAFF	1
CASSPTSGYTYEQYF	1
CASSPTSPNYGYTF	1
CASSPTGSRPQHF	1
CASSPTGSTDTQYF	1
CASSPTDYNEQFF	1
CASSPSYNSPLHF	1
CASSPSGRGNEQFF	1
CASSPNSGGTGGTGTF	1
CASSPKRERQGSNYGYTF	1
CASSPLSGAYSPLHF	1
CASSPSSTGGHGYTF	1
CASSPLYAGVPQHF	1
CASSPRVWDYGYTF	1
CASSPQGAEQYF	1
CASSPQGGASGYTF	1
CASSPQTGGHHTEAFF	1
CASSPVLMNTEAFF	1
CASSPGRAEGGYTF	1
CASSPGPAGAFF	1
CASSPGTRGRNQPQHF	1
CASSPGTNYNSPLHF	1
CASSPGQARGNQPQHF	1
CASSPGQGIGEQYF	1
CASSPMTGGGYEQYF	1
CASSPTTGGSETQYF	1
CASSPSRSGYGYTF	1
CASSPRGQKIEQFF	1
CASSPRTEETQYF	1
CASSRSLFSDLSPLHF	1
CASSRPGTTYGEQYF	1
CASSRTGTGEGQPQHF	1
CASSRSGTANSPLHF	1
CASSRLRGGHGETQYF	1
CASSRPGGPNNNSPLHF	1
CASSRGTLGYTF	1
CASSRDRNQPQHF	1
CASSRELNSPLHF	1
CASSRRAPIDGYTF	1
CASSRPQQVWYGYTF	1
CASSRGRAIYQPQHF	1
CASSRGQGTHEQYF	1
CASSRDSQSYEQYF	1
CASSRDRVTEAFF	1
CASSRDKSYGYTF	1
CASSRESTEAFF	1
CASSRTLSYNEQFF	1
CASSRTVLLTDTQYF	1
CASSRTVDDGYTF	1
CASSRTGGSPYEQYF	1
CASSRTGSETEAFF	1
CASSRTSTGELFF	1
CASSRNTFYGYTF	1
CASSRRQGLLYEQYF	1
CASSRKGEKLFF	1
CASSHSMEAGGYTF	1
CASSHLRGRETQYF	1
CASSHRGGYNEKLFF	1
CASSHSGTNTGELFF	1
CASSHPGGNQPQHF	1
CASSHGEFSSYEQYF	1
CASSHTTGPNTEAFF	1
CASSHKRDHTDTQYF	1
CASSQQGARQPQHF	1
CASSQVYNSPLHF	1
CASSQAVGAFF	1
CASSQGIGTNRGTSYEQYF	1
CASSQGNTEAFF	1
CASSQGTLNYEQYF	1
CASSQDRVTYNEQFF	1
CASSQDRIYGYTF	1
CASSQEGDYGYTF	1
CASSQSSYTPAASEYF	1
CASSQQGFSNQPQHF	1
CASSQQGITAFF	1
CASSQGGFYGYTF	1
CASSQGTSGISYNEQFF	1
CASSQDPVTGELFF	1
CASSQENDGEQFF	1
CASSQTRQTQHF	1
CASSQTGYGTEAFF	1
CASSQSSYGYTF	1
CASSQNRAGNTIYF	1
CASSVYGSYGYTF	1
CASSVPSGLDRNTQYF	1
CASSVTSSRETQYF	1
CASSVSRDNSPLHF	1
CASSVNRGQETQYF	1
CASSVSQGNQETQYF	1
CASSVWTSGSSDTQYF	1
CASSVWTERDYGYTF	1
CASSVQTWGYTF	1
CASSVGYSNQPQHF	1
CASSVGLYQPQHF	1
CASSVGVDGTDTQYF	1
CASSVRDTEAFF	1
CASSVRSYEQYF	1
CASSVSGINEQYF	1
CASSVPRRGLGNTIYF	1
CASSVGQGHEQYF	1
CASSVTSGSENEQFF	1
CASSVSRTSGKNEQFF	1
CASSVLPTDTQYF	1
CASSVLAGGLAKNIQYF	1
CASSVGTGPYEQYF	1
CASSVITRSSYNEQFF	1
CASSVTRDKNNQPQHF	1
CASSVTRDRANQPQHF	1
CASSAFTGRLMNTEAFF	1
CASSAGTSGSYEQYF	1
CASSAGNTIYF	1
CASSASGRGNTQYF	1
CASSAKGDTEAFF	1
CASSASLAGGPHEQYF	1
CASSALPRGTQYF	1
CASSALGSPLHF	1
CASSARQGSGANVLTF	1
CASSAQTSGRATNEQFF	1
CASSAVATGSYGYTF	1
CASSAAGALSTEAFF	1
CASSAATGPFTPYSNQPQHF	1
CASSAAGGGSNQPQHF	1
CASSAGTGDGYTF	1
CASSAGTEDIYEQYF	1
CASSADRNTEAFF	1
CASSATSGPLDTQYF	1
CASSARESFTEAFF	1
CASSANPGSSQPQHF	1
CASSALSGSEEKLFF	1
CASSAGRGSPLHF	1
CASSAGGATEAFF	1
CASSAGDHSNQPQHF	1
CASSADRGETQYF	1
CASSALAGADTQYF	1
CASSAPGDRVGYGYTF	1
CASSAHRGGEKLFF	1
CASSAQVLGAFF	1
CASSAQGLDYGYTF	1
CASSANQPQHF	1
CASSGLENTEAFF	1
CASSGPTSGRLTDTQYF	1
CASSGPGAGGNTIYF	1
CASSGGSGLYEQYF	1
CASSGGTGGQPQHF	1
CASSGGRRNTEAFF	1
CASSGEGASNQPQHF	1
CASSGTGGVRSEAFF	1
CASSGRTGGPYTEAFF	1
CASSGVEAFF	1
CASSGDGNTEAFF	1
CASSGNDEKLFF	1
CASSGNTEAFF	1
CASSGLRYNEQFF	1
CASSGPRGGTTDTQYF	1
CASSGPNQETQYF	1
CASSGQGGPGEKLFF	1
CASSGGLSEAFF	1
CASSGGEQFF	1
CASSGDRANYGYTF	1
CASSGTGTGFSPLHF	1
CASSGTGDNSPLHF	1
CASSGKASTNEKLFF	1
CASSGKLGTYEQYF	1
CASSGYRGDLDTQYF	1
CASSGLTSGNTIYF	1
CASSGLTWGTYEQYF	1
CASSGLAGSTDTQYF	1
CASSGRDTYTDTQYF	1
CASSGRTGSQPQHF	1
CASSGQGNQPQHF	1
CASSGVGGSNQPQHF	1
CASSGGVYEQYF	1
CASSGDEGGHSPLHF	1
CASSGIEPTGGSGYTF	1
CASSGTGWTEAFF	1
CASSDRSGRQTQYF	1
CASSDVSHYGYTF	1
CASSDGGGSYEQYF	1
CASSDDGELFF	1
CASSDTSEGNGYTF	1
CASSDTDPGAEVYYGYTF	1
CASSDSLAARGNIQYF	1
CASSDRLNEKLFF	1
CASSDNFGNTEAFF	1
CASSDFATANQPQHF	1
CASSDSAGGPTDTQYF	1
CASSDSSGSYEQYF	1
CASSDSGLTGNTIYF	1
CASSDSNTEAFF	1
CASSDSKGYGGYTF	1
CASSDLYNSPLHF	1
CASSDPGGVNQPQHF	1
CASSDPTGAYNEQFF	1
CASSDPGRSYEQYF	1
CASSDRRVRTEKLFF	1
CASSDQAGANSPLHF	1
CASSDGNQPQHF	1
CASSDGNSGNTIYF	1
CASSDGGNTEAFF	1
CASSDGNTGELFF	1
CASSDDSGSPDTQYF	1
CASSDDRVLNSPLHF	1
CASSDDRDEQFF	1
CASSDTSLGDTEAFF	1
CASSDTGDSPLHF	1
CASSDSYYSNQPQHF	1
CASSESASGKNIQYF	1
CASSERAANEKLFF	1
CASSEREGEQFF	1
CASSERQGGNEQFF	1
CASSEQTGGNQPQHF	1
CASSEQATSYNEQFF	1
CASSEVGTSNEQFF	1
CASSEAIVISTGELFF	1
CASSEALPGTQYF	1
CASSEGTSAVPQPQHF	1
CASSEGLAGDNEQFF	1
CASSEETGEPQPQHF	1
CASSEIGGKGSEQYF	1
CASSETDSNQPQHF	1
CASSESGGDYNEQFF	1
CASSERSWTRNSDTQYF	1
CASSERHRGLATNEKLFF	1
CASSEKDRGTDTQYF	1
CASSEFGGLGSAEAFF	1
CASSELPWALNTEAFF	1
CASSELGGELFF	1
CASSELGGHEKLFF	1
CASSELGGGTEAFF	1
CASSELRLTNTGELFF	1
CASSELWQSNTEAFF	1
CASSELHSSGHQETQYF	1
CASSELGLAVMNEQFF	1
CASSESGFQPQHF	1
CASSESRGQTHNEQFF	1
CASSESVRPSLPQHF	1
CASSESGTVNEKLFF	1
CASSESRQTYEQYF	1
CASSESNQPQHF	1
CASSESGTSGGSSYEQYF	1
CASSEWGRANYGYTF	1
CASSEWGVSDTQYF	1
CASSEYQGKLFF	1
CASSEYIQRAPNTGELFF	1
CASSEYLTAHSLSGNTIYF	1
CASSEYSKETQYF	1
CASSELYEQYF	1
CASSELGREYNSPLHF	1
CASSELAGGETQYF	1
CASSELMPRKGLFF	1
CASSEPGHPTGELFF	1
CASSEPLTGGEDTEAFF	1
CASSEPPAGAKGYTF	1
CASSERYVGQGSHTF	1
CASSERTAYSNQPQHF	1
CASSEHVANQPQHF	1
CASSEQLPYGYTF	1
CASSEQGGVQSYTF	1
CASSEVLEGSYEQYF	1
CASSEVGGGSTGELFF	1
CASSEVTGVTEAFF	1
CASSEVTATYEQYF	1
CASSEVLVGYEAFF	1
CASSEVVTDNQPQHF	1
CASSEVKTDSNQPQHF	1
CASSEAVRTEAFF	1
CASSEALLLNTEAFF	1
CASSEAPGQGATGNTIYF	1
CASSEARDIYEQYF	1
CASSEALGQGSYEQYF	1
CASSEARGQMNTEAFF	1
CASSEAQDRGRNSPLHF	1
CASSEAGRTSGNLEQFF	1
CASSEAGRGRSVYGYTF	1
CASSEAGLAASTDTQYF	1
CASSEAGGGQPQHF	1
CASSEAGTGDEQYF	1
CASSEARNQPQHF	1
CASSEGLTPFEQYF	1
CASSEGLAHEQYF	1
CASSEGSGRASDTQYF	1
CASSEGSRDEKLFF	1
CASSEGVRGINYGYTF	1
CASSEGGIRSQETQYF	1
CASSEGDALNQPQHF	1
CASSEGEGMGYGYTF	1
CASSEGLAGGGYEQYF	1
CASSEGPYNSPLHF	1
CASSEGQGRGNTIYF	1
CASSEGQGGNNEQFF	1
CASSEGEHTEAFF	1
CASSEDPGQGSGNTIYF	1
CASSEDRNYGYTF	1
CASSEELNTEAFF	1
CASSEEQGNNQPQHF	1
CASSEEAQETQYF	1
CASSEILDSPLHF	1
CASSEIRGATDTQYF	1
CASSEMVSASTDTQYF	1
CASSETSGSAYEQYF	1
CASSETVAGSYNEQFF	1
CASSESARTASTDTQYF	1
CASSESSNQPQHF	1
CASSESLSGNTIYF	1
CASSESQGHEKLFF	1
CASSESIGGGNTEAFF	1
CASSERQSNSPLHF	1
CASSEKPTGGGYTF	1
CASSEKGQGAPVSDF	1
CASSEKTGYTEAFF	1
CASSIRFYNEQFF	1
CASSIGTPEQYF	1
CASSIPGQGYHGYTF	1
CASSIRRLAGVVNEQFF	1
CASSIQETQYF	1
CASSIGGNGYTF	1
CASSISSYGYTF	1
CASSMSGELFF	1
CASSMGFGGEQYF	1
CASSMGYTYTLNTGELFF	1
CASSMTGNYGYTF	1
CASSIVAYQPQHF	1
CASSIAGGPDTQYF	1
CASSTRTGRNQPQHF	1
CASSTSGTNTGELFF	1
CASSTKTNQPQHF	1
CASSTWTSLHYEQYF	1
CASSTPSGLNTEAFF	1
CASSTPGGHEQYF	1
CASSTRPYEQYF	1
CASSTRRGVGELFF	1
CASSTRTSGTYEQYF	1
CASSTHRGTEAFF	1
CASSTGLAGEQETQYF	1
CASSTDQETGRTYEQYF	1
CASSTIEGAKAFF	1
CASSTTWNTEAFF	1
CASSTWASSYNEQFF	1
CASSTRQALHEKLFF	1
CASSTGTGNQPQHF	1
CASSTTGLAGETQYF	1
CASSTQGGGNSPLHF	1
CASSTGGQPQHF	1
CASSTGDTIYF	1
CASSTGTSSYTDTQYF	1
CASSTIGGAHGYTF	1
CASSTTGTDINTF	1
CASSSGQLNQPQHF	1
CASSSSISYNEQFF	1
CASSSKGMDYGYTF	1
CASSSVAGGPYEQYF	1
CASSSGGGNYGYTF	1
CASSSDDKNIQYF	1
CASSSRGDGNTIYF	1
CASSRQTEAFF	1
CASSRGHYNEQFF	1
CASSRGHAADTQYF	1
CASSRGTGSNQPQHF	1
CASSRYRDSGFEQYF	1
CASSRAGPSGWPQHF	1
CASSRDENTEAFF	1
CASSNSGTGPAGYTF	1
CASSNYRDKGNEQFF	1
CASSNRDGAYEQYF	1
CASSNRQGSNEKLFF	1
CASSNQVNEQFF	1
CASSNGVGVNQPQHF	1
CASSNRGRGYGYTF	1
CASSNNYRVLIWDEQYF	1
CASSKGRTYGYTF	1
CASSKGQGFGETQYF	1
CASSKDRQPQHF	1
CASSKTGGSQPQHF	1
CASSKRQGLYEQYF	1
CASSKQGINEKLFF	1
CASSKGGNGYTF	1
CASSFFSGEQFF	1
CASSFFYGEQFF	1
CASSFLPIRRETQYF	1
CASSFSAGRLGYEQYF	1
CASSFSRGSEKLFF	1
CASSFSAGTNSPLHF	1
CASSFSGAPNTGELFF	1
CASSFSVEQFF	1
CASSFSGDTEAFF	1
CASSFSNGRETQYF	1
CASSFWKNSAGLGTGELFF	1
CASSFYLAGIREQYF	1
CASSFLFGTTPSEQYF	1
CASSFLGQYNQPQHF	1
CASSFRRSTDTQYF	1
CASSFRQSNSPLHF	1
CASSFRGTNTEAFF	1
CASSFHGMRRPGNTIYF	1
CASSFHRGTSWSYNEQFF	1
CASSFQGANANQPQHF	1
CASSFQEYEQYF	1
CASSFQRSSYNEQFF	1
CASSFQQGGGVGPQHF	1
CASSFQASTDTQYF	1
CASSFVDSGDGYTF	1
CASSFVDSRDTQYF	1
CASSFVLIDNEQFF	1
CASSFVNTEAFF	1
CASSFARDIYEQYF	1
CASSFAQGYEQFF	1
CASSFAGGDQPQHF	1
CASSFGLAGVDKFF	1
CASSFGPGQGSYEQYF	1
CASSFGVENTEAFF	1
CASSFGGTNTEAFF	1
CASSFGTSGTGELFF	1
CASSFGTVTTEDGYTF	1
CASSFGTGRSQPQHF	1
CASSFGTGGGEKLFF	1
CASSFGPVGEQFF	1
CASSFGGSGEQFF	1
CASSFGGSNQPQHF	1
CASSFGNTIYF	1
CASSFDSASGNEQFF	1
CASSFDSIYGYTF	1
CASSFENEQFF	1
CASSFIPSQGYEQYF	1
CASSFMSANTGELFF	1
CASSFMRGVTNTEAFF	1
CASSFSGRAVSEQFF	1
CASSFSGRVSYEQYF	1
CASSFSTGRLYEQYF	1
CASSFRTEYNEQFF	1
CASSFRSSETQYF	1
CASSFRLANEQFF	1
CASSFNAVAGELFF	1
CASSFNTGSYGYTF	1
CASSFNKGNEQFF	1
CASSFKTGNVVDEQFF	1
CASSFFSGRADTQYF	1
CASSFFKSTDTQYF	1
CASSFSLAGGNSPLHF	1
CASSFSGSSGNTIYF	1
CASSFSGLLGHEQFF	1
CASSFSGDQPQHF	1
CASSFSGAPIYGYTF	1
CASSFYQGENSPLHF	1
CASSFYTGPSYGYTF	1
CASSFYGGYTF	1
CASSFLTVNTEAFF	1
CASSFLAGGGKNIQYF	1
CASSFLGLAANEQFF	1
CASSFPPNTAYSGNTIYF	1
CASSFPGTSQYF	1
CASSFPGTGSSYNSPLHF	1
CASSFRSGVYNEQFF	1
CASSFRQGGTGELFF	1
CASSFRRDTEAFF	1
CASSFRQHNEKLFF	1
CASSFHGREETQYF	1
CASSFQGEDYGYTF	1
CASSFVERTEAFF	1
CASSFVRTNSPLHF	1
CASSFVGDTEAFF	1
CASSFVGDEQYF	1
CASSFAGTSNTGELFF	1
CASSFAPGHTNYGYTF	1
CASSFGPQGTGELFF	1
CASSFGSYNSPLHF	1
CASSFGQGYEQYF	1
CASSFGGTEAFF	1
CASSFGTSGYEQYF	1
CASSFGNIQYF	1
CASSFGLAEGYNEQFF	1
CASSFGQGSGNTIYF	1
CASSFGQGGEKLFF	1
CASSFGQEGNTEAFF	1
CASSFDDRDYGYTF	1
CASSFDSAVSETQYF	1
CASSFDSNSPLHF	1
CASSFIMGRGAYEQYF	1
CASSFMAGSNTEAFF	1
CASSFTGTTDTQYF	1
CASSFTDSNNPQHF	1
CASSFTAGGRNEQFF	1
CASSFTGSTEAFF	1
CASSFSGNQPQHF	1
CASSFSGSGYEQYF	1
CASSFRAGQGVYEQYF	1
CASSLFLAGESPRVF	1
CASSLFYPQYF	1
CASSLFTGASSYEQYF	1
CASSLLRTPGMGFF	1
CASSLLFQGARTEAFF	1
CASSLLLGSPLHF	1
CASSLLLSLSYYGYTF	1
CASSLLAGGSYNEQFF	1
CASSLSLAGGNEQFF	1
CASSLSPVNAEAFF	1
CASSLSARVPTEAFF	1
CASSLSGLYNSPLHF	1
CASSLSSGNQPQHF	1
CASSLSGFIPPDNEQFF	1
CASSLWSSGNGELFF	1
CASSLWADTEAFF	1
CASSLWGQTSNQPQHF	1
CASSLWGTEAFF	1
CASSLWRVDRSVYGYTF	1
CASSLLPGMDTEAFF	1
CASSLLGGTGDGYTF	1
CASSLLGAGGADEQYF	1
CASSLPHGGYTF	1
CASSLPQGPEDF	1
CASSLPREPDTQYF	1
CASSLPGGGGNTIYF	1
CASSLPGNYGYTF	1
CASSLRGREKLFF	1
CASSLRGTEAFF	1
CASSLQGDGYTF	1
CASSLQINQPQHF	1
CASSLVSYNEQFF	1
CASSLVSGAQNIQYF	1
CASSLVLRGRNSNQPQHF	1
CASSLVRVYNEQFF	1
CASSLVGQWTGELFF	1
CASSLVQLPSNEQFF	1
CASSLVVNKGSYEQYF	1
CASSLVAGEKLFF	1
CASSLVSWQENTEAFF	1
CASSLVRGISPLHF	1
CASSLVRTTDTQYF	1
CASSLVGKETQYF	1
CASSLAGEAGELFF	1
CASSLATGNTEAFF	1
CASSLASQETQYF	1
CASSLAPYTYTF	1
CASSLAPGTYEQYF	1
CASSLAPDRGAEQYF	1
CASSLAQYRGPSGELFF	1
CASSLAAGVNEKLFF	1
CASSLAGGNQPQHF	1
CASSLAGTEAFF	1
CASSLAGTSGRETQYF	1
CASSLAGRDSEQYF	1
CASSLAGDRDRYEQYF	1
CASSLAGGNQPQHF	1
CASSLAGGTDTQYF	1
CASSLADGLAKNIQYF	1
CASSLAENTEAFF	1
CASSLAAASGTSYEQYF	1
CASSLAGVEKLFF	1
CASSLAGSTEAFF	1
CASSLAGQYGYGYTF	1
CASSLAEQGVHLGYGYTF	1
CASSLGPDLELYEQYF	1
CASSLGVGQPQHF	1
CASSLGGAENSPLHF	1
CASSLGGTEAFF	1
CASSLGGGKSYNEQFF	1
CASSLGSEAKNIQYF	1
CASSLGNEKLFF	1
CASSLGRTSGWSSYNEQFF	1
CASSLGGSPGNEQFF	1
CASSLGLQGTGELFF	1
CASSLGSGPRPQHF	1
CASSLGVTNEKLFF	1
CASSLGAGYNEQFF	1
CASSLGAINSPLHF	1
CASSLGGYGYTF	1
CASSLGGTGELFF	1
CASSLGEGQPQHF	1
CASSLGTSGRGNEQFF	1
CASSLGTGINSPLHF	1
CASSLGSDGYTF	1
CASSLGLPSSNTGELFF	1
CASSLGHVSYNEQFF	1
CASSLGQVNQPQHF	1
CASSLGQGASYEQYF	1
CASSLGQTVNEKLFF	1
CASSLGGPLGNQPQHF	1
CASSLGGHEQYF	1
CASSLGGQGDQPQHF	1
CASSLDPSGTQYF	1
CASSLDIFGTGVSQPQHF	1
CASSLDTDTQYF	1
CASSLDRLNQPQHF	1
CASSLDRATNYGYTF	1
CASSLDRGPDTQYF	1
CASSLDRGTYGYTF	1
CASSLDRDYGYTF	1
CASSLEWGTYEQYF	1
CASSLEAGQAYEQYF	1
CASSLEGANYGYTF	1
CASSLEWANEKLFF	1
CASSLEWTKNRNEQFF	1
CASSLEPTGYGADTQYF	1
CASSLEADSYEQYF	1
CASSLEGTDITEAFF	1
CASSLIGNTIYF	1
CASSLIPNTEAFF	1
CASSLMSGGGNQPQHF	1
CASSLMVNTLNTEAFF	1
CASSLMVRDANYGYTF	1
CASSLMTGGFRNTIYF	1
CASSLIQGPNTEAFF	1
CASSLTGNEQFF	1
CASSLTVMNTEAFF	1
CASSLTGVVTEAFF	1
CASSLTGVYSPLHF	1
CASSLTGATYGYTF	1
CASSLTGAYNEQFF	1
CASSLTGGTEAFF	1
CASSLTGNTEAFF	1
CASSLSDSAFF	1
CASSLSEKLFF	1
CASSLSTGDQEGYTF	1
CASSLSFTVNTGELFF	1
CASSLSSGANVLTF	1
CASSLSGSGYYEQYF	1
CASSLSGSGQETQYF	1
CASSLRGSTEAFF	1
CASSLNRNYGYTF	1
CASSLNSYEQYF	1
CASSLNHNYGYTF	1
CASSLKGGGNQPQHF	1
CASSLFRDTEAFF	1
CASSLFGGPELFF	1
CASSLFGGEGGTDTQYF	1
CASSLFFPGLAGNTIYF	1
CASSLFSYEQYF	1
CASSLFLVGQTNSYEQYF	1
CASSLFTAMASGNTIYF	1
CASSLLWTAGADTQYF	1
CASSLLQGEGTDTQYF	1
CASSLLGRQGKLFF	1
CASSLLSRTGSYGYTF	1
CASSLSPNQPQHF	1
CASSLSRVDVEKLFF	1
CASSLSSGNAYEQYF	1
CASSLSPLQQGSRGEQYF	1
CASSLSQGTNEQFF	1
CASSLSGTRSAQYF	1
CASSLSRARAEQYF	1
CASSLSSSVDEQYF	1
CASSLSWWDVNTEAFF	1
CASSLSHHHYYNEQFF	1
CASSLSVIGVSYGYTF	1
CASSLSAGRAYPRTQYF	1
CASSLSGQQETQYF	1
CASSLSLWLAGDRRAVTQYF	1
CASSLSQGTNTEAFF	1
CASSLSAGGVHEQFF	1
CASSLWRPTNSPLHF	1
CASSLWQETQYF	1
CASSLWGQGLMNQPQHF	1
CASSLWGNNEKLFF	1
CASSLWERDTQYF	1
CASSLWSSGELFF	1
CASSLYSYSPLHF	1
CASSLYPDTEAFF	1
CASSLYAGGPGNEKLFF	1
CASSLYAGPDTQYF	1
CASSLYLAGGEQYF	1
CASSLYRTAPGNTIYF	1
CASSLYGPPLAEAFF	1
CASSLYGNTADTQYF	1
CASSLYRGRTEAFF	1
CASSLYRDSGNTIYF	1
CASSLLPRGRAFRREQFF	1
CASSLLGQNNSPLHF	1
CASSLLNSPLHF	1
CASSLLLGTEAFF	1
CASSLLAGGQGGEQFF	1
CASSLPARAEGADTQYF	1
CASSLPRRVYEQYF	1
CASSLPI	1
CASSLPRGLSNYGYTF	1
CASSLPGRINEKLFF	1
CASSLPTPNYGYTF	1
CASSLRQVNTEAFF	1
CASSLRGTPDYEQYF	1
CASSLRPSYGYTF	1
CASSLRGDVNTEAFF	1
CASSLRGAGNTIYF	1
CASSLRGGNGYTF	1
CASSLRGDTIYF	1
CASSLRQGNRGNQPQHF	1
CASSLRAGTDETQYF	1
CASSLRRTGDNSPLHF	1
CASSLHPEQGLYGYTF	1
CASSLHYPGANEQFF	1
CASSLQSSSPEAFF	1
CASSLQLNQPQHF	1
CASSLQGGTEAFF	1
CASSLQGQGSYTIYF	1
CASSLQGVGQPQHF	1
CASSLQGNEQFF	1
CASSLQGWETEAFF	1
CASSLQENQPQHF	1
CASSLQTGDNEQFF	1
CASSLQQGTYEQYF	1
CASSLQGTEAFF	1
CASSLQGGAYEKLFF	1
CASSLVLAGYNEQFF	1
CASSLVLEDRVYGYTF	1
CASSLVLNNMQFF	1
CASSLVPGSYEQYF	1
CASSLVPRGKDTQYF	1
CASSLVAVETQYF	1
CASSLVGITYGYTF	1
CASSLVGGDQPQHF	1
CASSLVTGGESGYTF	1
CASSLVSGPYEQYF	1
CASSLVSGTTDTQYF	1
CASSLVRAGDTEAFF	1
CASSLVALNEKLFF	1
CASSLVGRNYGYTF	1
CASSLVGGRPYEQYF	1
CASSLVGVSIEQYF	1
CASSLVGGTEAFF	1
CASSLVGMAGSEKLFF	1
CASSLVDRSYEQYF	1
CASSLVLLADSYEQYF	1
CASSLVSVIEQFF	1
CASSLVWQGGEKLFF	1
CASSLVWQDNSPLHF	1
CASSLVLLADEQFF	1
CASSLVPERAEAFF	1
CASSLVPGGDYGYTF	1
CASSLVRSAAGEQFF	1
CASSLVREGTYNEQFF	1
CASSLVQGTPNTEAFF	1
CASSLVVYTNTGELFF	1
CASSLVASNEQFF	1
CASSLVAGGVTDTQYF	1
CASSLVWTSGYNEQFF	1
CASSLVPEGLLSNQPQHF	1
CASSLVQPNTEAFF	1
CASSLVAVATEAFF	1
CASSLVGRNYGYTF	1
CASSLVGGQGYGYTF	1
CASSLVGTTNEKLFF	1
CASSLVGTVNTEAFF	1
CASSLVGTEINQPQHF	1
CASSLVKETEAFF	1
CASSLAYLLAGASSYNEQFF	1
CASSLAPYGGADQPQHF	1
CASSLAPSSYEQYF	1
CASSLARRLAGDGTQYF	1
CASSLARNEQYF	1
CASSLAQGADNQPQHF	1
CASSLAGQGLTEAFF	1
CASSLAGTTNTEAFF	1
CASSLADRPNTEAFF	1
CASSLASGSTGELFF	1
CASSLARGGRGYTF	1
CASSLARTSGEAPYF	1
CASSLAFPNTEAFF	1
CASSLALGDYGYTF	1
CASSLALGGSGAIEAFF	1
CASSLAPPGHLATNEKLFF	1
CASSLAPGEGTFTDTQYF	1
CASSLAQATEAFF	1
CASSLAGNYNEQFF	1
CASSLAGKPQYF	1
CASSLAGGQTEAFF	1
CASSLAGDSNQPQHF	1
CASSLAGTFYEQYF	1
CASSLAGTANEKLFF	1
CASSLAGRGITEQFF	1
CASSLAESNYGYTF	1
CASSLATTRTGEAFF	1
CASSLANQPQHF	1
CASSLAFGSYEQYF	1
CASSLAYGGYETQYF	1
CASSLALSWDTGELFF	1
CASSLALGGNTEAFF	1
CASSLAPSTGDGYTF	1
CASSLAPGQGDWGTNEKLFF	1
CASSLARRAGNTIYF	1
CASSLARSSYNEQFF	1
CASSLARLMGEQYF	1
CASSLARQFSGNTIYF	1
CASSLAQGDYEQYF	1
CASSLAVGDIGGYTF	1
CASSLAASSYNEQFF	1
CASSLAAGGMNTEAFF	1
CASSLAANTEAFF	1
CASSLAGFYEQYF	1
CASSLAGRRYNEQFF	1
CASSLAGGYEQYF	1
CASSLAGSDSGNTIYF	1
CASSLAGSWNDEAFF	1
CASSLAGAEETQYF	1
CASSLAGAIYGYTF	1
CASSLAGTAGEQYF	1
CASSLAGNNQPQHF	1
CASSLAGQALQGDGYTF	1
CASSLAGGPSYEQYF	1
CASSLAGGVNTQYF	1
CASSLADSTDTQYF	1
CASSLAILNTEAFF	1
CASSLATSIITDTQYF	1
CASSLASGQPQHF	1
CASSLASGSYNEQFF	1
CASSLARERGSPLHF	1
CASSLARGWTAPEKLFF	1
CASSLALGRNTIYF	1
CASSLAGLSYGYTF	1
CASSLAGAYGYTF	1
CASSLAGTGFYNEQFF	1
CASSLAGGNEAFF	1
CASSLAEGGVTNYGYTF	1
CASSLATENYGYTF	1
CASSLARGRMSSYEQYF	1
CASSLARGWSDTQYF	1
CASSLGFQGGAFF	1
CASSLGWDEQYF	1
CASSLGYGANSYNSPLHF	1
CASSLGLNEQFF	1
CASSLGPGEAFF	1
CASSLGHPNTEAFF	1
CASSLGVRQQETQYF	1
CASSLGVTAFF	1
CASSLGGTTSTDTQYF	1
CASSLGGRYTGELFF	1
CASSLGGGLGEKLFF	1
CASSLGGTTIVYEQYF	1
CASSLGGRPQHF	1
CASSLGGGFEKLFF	1
CASSLGSAFYNEQFF	1
CASSLGRPSYNEQFF	1
CASSLGYEQFF	1
CASSLGLGGNTIYF	1
CASSLGPNGYTF	1
CASSLGPGGRNNEQFF	1
CASSLGPGGSNQPQHF	1
CASSLGPEGQPQHF	1
CASSLGPMNTEAFF	1
CASSLGRTNYGYTF	1
CASSLGQGGSPLHF	1
CASSLGGSTYEQYF	1
CASSLGGGTSGYNEQFF	1
CASSLGGVGNQPQHF	1
CASSLGGGAGLQETQYF	1
CASSLGGTGFGYTF	1
CASSLGGRIGEQYF	1
CASSLGGNGYTF	1
CASSLGDSGIVIQYF	1
CASSLGTEAFF	1
CASSLGRDSPLHF	1
CASSLGRDYGYTF	1
CASSLGRSYEQYF	1
CASSLGFQPQHF	1
CASSLGYEENGNEQFF	1
CASSLGLAKSGYEQYF	1
CASSLGPDPSYNEQFF	1
CASSLGPRSTEAFF	1
CASSLGPVQPQHF	1
CASSLGPGDQPQHF	1
CASSLGRRIEGTEAFF	1
CASSLGRNNQPQHF	1
CASSLGVQPQHF	1
CASSLGVTNSPLHF	1
CASSLGAPGQETQYF	1
CASSLGARGNYGYTF	1
CASSLGAGEQYF	1
CASSLGGFNTEAFF	1
CASSLGGGFQETQYF	1
CASSLGGRQPQHF	1
CASSLGGRLSSEQYF	1
CASSLGGQLNTEAFF	1
CASSLGGQGTEAFF	1
CASSLGEGTEAFF	1
CASSLGIGSAGNTIYF	1
CASSLGMTGFGPLDEQFF	1
CASSLGTGGIQYF	1
CASSLGTSEQYF	1
CASSLGTATSYGYTF	1
CASSLGTRSNQPQHF	1
CASSLGKDRSLSQPQHF	1
CASSLGLSSYEQYF	1
CASSLGLVNTEAFF	1
CASSLGLSTDTQYF	1
CASSLGPLHF	1
CASSLGRQTRSGNTIYF	1
CASSLGQVDNSPLHF	1
CASSLGQGPSYEQYF	1
CASSLGQGDGYTF	1
CASSLGQGPDYGYTF	1
CASSLGQGLDGYTF	1
CASSLGAGSSYNSPLHF	1
CASSLGARYDRNYGYTF	1
CASSLGGYSNQPQHF	1
CASSLGGAYEQYF	1
CASSLGGASNSPLHF	1
CASSLGGSSPLHF	1
CASSLGGLADRADTQYF	1
CASSLGGPSGLYEQYF	1
CASSLGEGLATSNEQFF	1
CASSLGMTSGYKETQYF	1
CASSLGIRATSYSYEQYF	1
CASSLGTSGNTIYF	1
CASSLGSGRDPYEQYF	1
CASSLGRGWHIQEKLFF	1
CASSLGRRQPQHF	1
CASSLDLTGRGYTF	1
CASSLDYSRREKLFF	1
CASSLDPSYEQFF	1
CASSLDPDYGYTF	1
CASSLDPVGNYGYTF	1
CASSLDRGNTEAFF	1
CASSLDQGQSSPLHF	1
CASSLDAGQETQYF	1
CASSLDGGSGNTIYF	1
CASSLDGVDTQYF	1
CASSLDGAGSETQYF	1
CASSLDGANEQFF	1
CASSLDGGSEQYF	1
CASSLDGQGSEQFF	1
CASSLDIGGPSYTF	1
CASSLDRNIQYF	1
CASSLDFPTNEKLFF	1
CASSLDLISHEQFF	1
CASSLDWGKSTNEKLFF	1
CASSLDPTSIGELFF	1
CASSLDRGYEQYF	1
CASSLDRETQYF	1
CASSLDHYEQYF	1
CASSLDAGTGEDTEAFF	1
CASSLDGGGTDTQYF	1
CASSLDGTDTQYF	1
CASSLDGSTTGYTF	1
CASSLDGVGPGKLFF	1
CASSLDGGGNTIYF	1
CASSLDGGDQPQHF	1
CASSLDGSSYNEQFF	1
CASSLDDRDSAYEQYF	1
CASSLDTADTEAFF	1
CASSLDSLNTEAFF	1
CASSLDRFSSEQYF	1
CASSLDRPGYEQYF	1
CASSLDRGSGEKLFF	1
CASSLDREETQYF	1
CASSLDRWNTEAFF	1
CASSLDNGRGETQYF	1
CASSLEYTDTQYF	1
CASSLEPDTGELFF	1
CASSLERTNTGELFF	1
CASSLERFSYEQYF	1
CASSLEQNTEAFF	1
CASSLEVALNTEAFF	1
CASSLEAISGNTIYF	1
CASSLEASTFWGYTF	1
CASSLEAGRKLFF	1
CASSLEARVYNEQFF	1
CASSLEGFNEKLFF	1
CASSLEGTQYF	1
CASSLEGRGSYNSPLHF	1
CASSLEGRGRYGYTF	1
CASSLEGNQPQHF	1
CASSLEGRNSPLHF	1
CASSLEGQGYYGYTF	1
CASSLEGFQVNTEAFF	1
CASSLEGWDTEAFF	1
CASSLEERVTGELFF	1
CASSLETFTGELFF	1
CASSLETVPSTDTQYF	1
CASSLETVEAFF	1
CASSLETGGNTEAFF	1
CASSLERGGMNTEAFF	1
CASSLESATDQPQHF	1
CASSLELQETQYF	1
CASSLEPGSPLHF	1
CASSLEPGGSSPLHF	1
CASSLERSGVGQPQHF	1
CASSLEHREYGYTF	1
CASSLEAPTSNQPQHF	1
CASSLEANTEAFF	1
CASSLEAGVNTEAFF	1
CASSLEASSYNSPLHF	1
CASSLEGAGQPQHF	1
CASSLEGGAGYTF	1
CASSLEGGGLDAFF	1
CASSLEGGYSPLHF	1
CASSLEDGGFDEAFF	1
CASSLETSGGYEQYF	1
CASSLETGTDTQYF	1
CASSLENRLSGNQPQHF	1
CASSLIQYGTEAFF	1
CASSLIGEVRYGYTF	1
CASSLIRDSNQPQHF	1
CASSLISGGTDTQYF	1
CASSLIGNTEAFF	1
CASSLINRGSNEKLFF	1
CASSLMGAGGSPLHF	1
CASSLMGTPEETQYF	1
CASSLMGRGTEAFF	1
CASSLMGRNTGELFF	1
CASSLMETQYF	1
CASSLMSRSNYGYTF	1
CASSLTTSGGGKSSYEQYF	1
CASSLTLRQGGQPQHF	1
CASSLTPGTDTEAFF	1
CASSLTPDRARNSPLHF	1
CASSLTGTGTEAFF	1
CASSLTPGHYGYTF	1
CASSLTPGPLYNEQFF	1
CASSLTASGPTGELFF	1
CASSLTASAYEQYF	1
CASSLTGGYNEQFF	1
CASSLTGPGDTEAFF	1
CASSLTGAGGSTGELFF	1
CASSLTTGLFQPQHF	1
CASSLTGSSYNEQFF	1
CASSLTGARADTQYF	1
CASSLTTSTDTQYF	1
CASSLTRTSGFNEQFF	1
CASSLSLVDTYAYEQYF	1
CASSLSRTGNYGYTF	1
CASSLSGAGLTEAFF	1
CASSLSSGSYNEQFF	1
CASSLSPSLEQYF	1
CASSLSRPAEQFF	1
CASSLSQGETQYF	1
CASSLSGPSTDTQYF	1
CASSLSGSSTDTQYF	1
CASSLSNARGSPLHF	1
CASSLRSSGENEQFF	1
CASSLRSSQYF	1
CASSLRSPTSGSPDEQYF	1
CASSLRSSGSQETQYF	1
CASSLRYNEQFF	1
CASSLRVTGSGNEQFF	1
CASSLRAPGLAGDNEQFF	1
CASSLRAVSSGNTIYF	1
CASSLRARSNTEAFF	1
CASSLRGRYSNQPQHF	1
CASSLRGAVHGYTF	1
CASSLRGSNQPQHF	1
CASSLRGGAQDTQYF	1
CASSLRGVGNEQFF	1
CASSLRGTTSNQPQHF	1
CASSLRENTEAFF	1
CASSLRIRTDTQYF	1
CASSLRTSGRDTQYF	1
CASSLRLAGGDEQFF	1
CASSLRPRQSREGLNTDTQYF	1
CASSLRVLDRATNEKLFF	1
CASSLRGGSSYEQYF	1
CASSLRGIAFF	1
CASSLRGFEQYF	1
CASSLRGYEQYF	1
CASSLNFRPNNQPQHF	1
CASSLNPGYEQYF	1
CASSLNAGPYNEQFF	1
CASSLNGRVNEQFF	1
CASSLNRPAGLGETQYF	1
CASSLNGEKLFF	1
CASSLNSLAGNTGELFF	1
CASSLNRDEAFF	1
CASSLKLGAAVDEQFF	1
CASSLKGRNYGYTF	1
CASSLKWGPGLGYEKLFF	1
CASSSLGSGEKNTEAFF	1
CASSSWTEYGYTF	1
CASSSYEDNEQFF	1
CASSSYTGELFF	1
CASSSYTDTQYF	1
CASSSLAGYEQFF	1
CASSSPKLNTEAFF	1
CASSSPGYNEKLFF	1
CASSSRDSEKLFF	1
CASSSRLAGGPNF	1
CASSSGDREQYF	1
CASSSGRGNNQPQHF	1
CASSSGTSYGYTF	1
CASSSDHSSYEQYF	1
CASSSTTAYEQYF	1
CASSSTSTLNTEAFF	1
CASSSTENTEAFF	1
CASSSSSGGDNEQFF	1
CASSSSGNSYNEQFF	1
CASSSFRTSTDTQYF	1
CASSSFRRDVSNNEQFF	1
CASSSSLGTLEAFF	1
CASSSLGGEKLFF	1
CASSSLNRGQGTLHF	1
CASSSLLAGGWPYEQYF	1
CASSSLAVSDTQYF	1
CASSSPRGGAYEQYF	1
CASSSPGGELFF	1
CASSSPRVNSYEQYF	1
CASSSPGDRTDTQYF	1
CASSSPDRNSYEQYF	1
CASSSRRRPNTGELFF	1
CASSSRHRAGYTF	1
CASSSRIEAFF	1
CASSSRAGRPQHF	1
CASSSRGSDTEAFF	1
CASSSRGGGDGYTF	1
CASSSRDFNEKLFF	1
CASSSRDREAYYGYTF	1
CASSSRLAMYNEQFF	1
CASSSRVVAGATGELFF	1
CASSSRRLAGATDTQYF	1
CASSSHESQPQHF	1
CASSSQYEQYF	1
CASSSQLNQETQYF	1
CASSSQATGGNTIYF	1
CASSSQENTEAFF	1
CASSSVFSLNYGYTF	1
CASSSAGTGSGYTF	1
CASSSARLQGDTEAFF	1
CASSSGPTYEQYF	1
CASSSGPGESYEQYF	1
CASSSGRDTSYGLLFF	1
CASSSGGVAGASYNEQFF	1
CASSSGGSEQFF	1
CASSSGTGKFQPQHF	1
CASSSGRSSYNEQFF	1
CASSSGNNQPQHF	1
CASSSGPGPTYEQYF	1
CASSSDMSGNTIYF	1
CASSSDRDGTNEKLFF	1
CASSSEGVTEAFF	1
CASSSEDWSETQYF	1
CASSSMGTEGDTQYF	1
CASSSITPRPGEADTQYF	1
CASSSTTGLAASYEQYF	1
CASSSTGIGSPLHF	1
CASSSTEAYEQYF	1
CASSSSGSGGEEQFF	1
CASSSRGRLEYNSPLHF	1
CASSSNARTSGPRSSYNEQFF	1
CASSSNRATGTGNTIYF	1
CASSSKAPSPGQIIRGGYTF	1
CASSSLGQLEAFF	1
CASSSSSNEAAFF	1
CASSSSGGWNSPLHF	1
CASSSSTGGYTDTQYF	1
CASSSSTGLAGGHNEQFF	1
CASSSWGSGNTIYF	1
CASSSLRARLTNSPLHF	1
CASSSLVGELFF	1
CASSSPGQGHGELFF	1
CASSSRLAGRVAQYF	1
CASSSVGDGRNEQFF	1
CASSSGLDTEAFF	1
CASSSGRVPQHF	1
CASSSGGTRRDYGYTF	1
CASSSGQSYGYTF	1
CASSSGQGLGQQYF	1
CASSSGGGYEQYF	1
CASSSDLYEQYF	1
CASSSDRGYEQYF	1
CASSSDRGEGYTF	1
CASSSERGQPQHF	1
CASSSTSGPRTDTQYF	1
CASSSTRDTEAFF	1
CASSSTMVFGNTIYF	1
CASSSTVSYNEQFF	1
CASSSTAGVGDTQYF	1
CASSSTGGTEAFF	1
CASSSTGSNQPQHF	1
CASSSTGNSYEQYF	1
CASSSTTAWEMVYTQYF	1
CASSSRTSGIQETQYF	1
CASSSKGPGQGASGELFF	1
CASSSSMTRGETQYF	1
CASSSYRTGEGTEAFF	1
CASSSLLAGAGQFF	1
CASSSLAGVYEQYF	1
CASSSLAGNPSQYF	1
CASSSPSGSYYGYTF	1
CASSSRRTTEAFF	1
CASSSHLYQPQHF	1
CASSSHRDTPWDYGYTF	1
CASSSHGGTVYEQYF	1
CASSSHTPQRGEKLFF	1
CASSSQGLESTDTQYF	1
CASSSQGADEKLFF	1
CASSSQGVYGYTF	1
CASSSQGNYGYTF	1
CASSSQGTGGNTIYF	1
CASSSQENTEAFF	1
CASSSQNGRAYEQYF	1
CASSSVTGRAEAFF	1
CASSSARTSEQFF	1
CASSSAIRGNTEAFF	1
CASSSAPRNSPLHF	1
CASSSAGQANTEAFF	1
CASSSAGKGSGELFF	1
CASSSARYGYTF	1
CASSSGPVEGDYTF	1
CASSSGSQPQHF	1
CASSSGVWAASPLHF	1
CASSSGAWDSLKEAFF	1
CASSSDMNTEAFF	1
CASSSMGRAPRNTEAFF	1
CASSSMGASDTEAFF	1
CASSSTGTSPYNEQFF	1
CASSSTNYRIPEQYF	1
CASSSTQGANPNYGYTF	1
CASSSTGPKTF	1
CASSSTGPSSGNTIYF	1
CASSWSEELFF	1
CASSWSGDRDTQYF	1
CASSWWTVYQLPANGYTF	1
CASSWLAGGISTDTQYF	1
CASSWRGDWTEAFF	1
CASSWAGNEKLFF	1
CASSWATGSSYNEQFF	1
CASSWGRADTEAFF	1
CASSWGRSNYGYTF	1
CASSWGVTGDYNEQFF	1
CASSWGTSGSHEQYF	1
CASSWGLAGALYEQYF	1
CASSWGQGRETQYF	1
CASSWGQGEGYTF	1
CASSWDSGGGYTF	1
CASSWDRDGYTF	1
CASSWELRDEDIVNTEAFF	1
CASSWTVDNSPLHF	1
CASSWTGANYGYTF	1
CASSWSRGLKTQYF	1
CASSWRRNEQFF	1
CASSWNRNEQFF	1
CASSWNNRGRGGITEAFF	1
CASSYLARSDTQYF	1
CASSYGTDYGYTF	1
CASSYMGGEAFF	1
CASSYTGVPPYEQYF	1
CASSYSFNEQFF	1
CASSYSVADEQFF	1
CASSYSGANTGELFF	1
CASSYSFGTRQGSSETQYF	1
CASSYYTGELFF	1
CASSYLLGGYGYTF	1
CASSYLTGGTEAFF	1
CASSYLGQGDYNEQFF	1
CASSYPGYHTEAFF	1
CASSYPMNTEAFF	1
CASSYPPTAGSQPQHF	1
CASSYRGRSSYNEQFF	1
CASSYRRGPTQGYTF	1
CASSYRIYEQYF	1
CASSYAREGTGFRGGYTF	1
CASSYALEGRTDTQYF	1
CASSYTTGNYGYTF	1
CASSYTDSNQPQHF	1
CASSYSSTDTQYF	1
CASSYRGSSYNEQFF	1
CASSYRSNYGYTF	1
CASSYRQGSYVF	1
CASSYKVGSNQPQHF	1
CASSLLNYEQYF	1
CASSLSRTSGSHEQYF	1
CASSLYNEQFF	1
CASSLPLAGDSTYNEQFF	1
CASSLPLLAGGETQYF	1
CASSLVDEKLFF	1
CASSLAPSTEQFF	1
CASSLGRRTGELFF	1
CASSLGVNTEAFF	1
CASSLGGRGDQPQHF	1
CASSLGTGASYEQYF	1
CASSLGQGYGYTF	1
CASSLDRVNEQFF	1
CASSLEAGSSYNEQFF	1
CASSLTYEQYF	1
CASSLTGTANTEAFF	1
CASSLTGGPTVGNTIYF	1
CASSLTGNTEAFF	1
CASSLRSRGRWNYGYTF	1
CASSLRSGTPEAFF	1
CASSLNPGTNTGELFF	1
CASSLNPGTGELFF	1
CASSLFGNTIYF	1
CASSLSKDGNTEAFF	1
CASSLWDRTNSPLHF	1
CASSLYASTKQFF	1
CASSLYGTKQQFF	1
CASSLLDFSYEQYF	1
CASSLPGPSTNEKLFF	1
CASSLRPARFVGSDTQYF	1
CASSLRAGGTLGNIQYF	1
CASSLRDDRSPLHF	1
CASSLRTADNEQFF	1
CASSLQTNTEAFF	1
CASSLQMGMVETQYF	1
CASSLQTGNSPLHF	1
CASSLVQGGEQYF	1
CASSLVYSADTQYF	1
CASSLAPDRGTNTEAFF	1
CASSLGQGGMKKLFF	1
CASSLGTDTQYF	1
CASSLGSIAGVGDEQYF	1
CASSLGGNTEAFF	1
CASSLGGVSKTQYF	1
CASSLGTSGFTDTQYF	1
CASSLGTGAPYEQYF	1
CASSLGTGSSYNSPLHF	1
CASSLGRAYEQYF	1
CASSLGLSGELFF	1
CASSLGLGSYNEQFF	1
CASSLGRGNQPQHF	1
CASSLGDGVRWHHQPQHF	1
CASSLEEQGTQYF	1
CASSLIPGQGNSPLHF	1
CASSLMGDTEAFF	1
CASSLITFMNTEAFF	1
CASSLTPPGATNEKLFF	1
CASSLTLSLVGGQPQHF	1
CASSLTLTDREAQPQHF	1
CASSLTGVEYGYTF	1
CASSLRLEEQFF	1
CASSLRQGSTEAFF	1
CASSLRGGGYSTDTQYF	1
CASSLNTRTGESPLHF	1
CASSLFATNEKLFF	1
CASSLLDQETQYF	1
CASSLRLDTGELFF	1
CASSLGPSGNTIYF	1
CASSLGPAGYEQYF	1
CASSLGRHTEAFF	1
CASSLDRTGNTEAFF	1
CASSLDRGNYGYTF	1
CASSLIGMGTDTQYF	1
CASSLMAGDNQPQHF	1
CASSLTSVNEQFF	1
CASSLTSGSGNEQFF	1
CASSLTSGRSWELFF	1
CASSLTDSPYEQYF	1
CASSLTAVSGNTIYF	1
CASSLSTGELFF	1
CASSLSGDGANGYTF	1
CASSLSRGETNEKLFF	1
CASSLLTGMVTGKEEEQYF	1
CASSLLAGGTGELFF	1
CASSLPRQDTEAFF	1
CASSLRGQGAGNTIYF	1
CASSLRDVKGKLFF	1
CASSLHQRDYNEQFF	1
CASSLQGRNEQFF	1
CASSLQLTGGRGYGYTF	1
CASSLQGTLSYNSPLHF	1
CASSLAAAGGPTFF	1
CASSLAGPYEQYF	1
CASSLAGGPEQFF	1
CASSLATGTGMTNEKLFF	1
CASSLGTPNTEAFF	1
CASSLGRLISQSFNTGELFF	1
CASSLGHGDSYTGELFF	1
CASSLGQGQGYTF	1
CASSLGQGDTDTQYF	1
CASSLGDPSTDTQYF	1
CASSLDGAGELFF	1
CASSLTANEQFF	1
CASSLTGNTEAFF	1
CASSLRLETQYF	1
CASSLNTGQPQHF	1
CASSLNRGLSSYNEQFF	1
CASSLKLEYNEQFF	1
CASSPLANYGYTF	1
CASSPSSGNNQPQHF	1
CASSPSRRGPVAGELFF	1
CASSPSMNTEAFF	1
CASSPLDWGYEQYF	1
CASSPPSSGNTIYF	1
CASSPRKYNEQFF	1
CASSPHGQPQHF	1
CASSPHTPENTIYF	1
CASSPHHFGWETQYF	1
CASSPHINQPQHF	1
CASSPQYLPLHF	1
CASSPQEAQPQHF	1
CASSPQTNVDTEAFF	1
CASSPQGGYSPLHF	1
CASSPVWGLAKNIQYF	1
CASSPAWDTEAFF	1
CASSPGGRYNSPLHF	1
CASSPGGRGSYNSPLHF	1
CASSPGDGTPTDTQYF	1
CASSPGTSGYEQYF	1
CASSPGTSGIYEQYF	1
CASSPGTGWDIQYF	1
CASSPGSTEAFF	1
CASSPGHAAEAFF	1
CASSPDPGQETQYF	1
CASSPELDYSDTQYF	1
CASSPISGRNTGELFF	1
CASSPMGVSGNTIYF	1
CASSPTLGTSGEQYF	1
CASSPTLQGRGGYTF	1
CASSPTGGQGRTEAFF	1
CASSPTDSPHYF	1
CASSPTGGANYGYTF	1
CASSPTGPGGDEQFF	1
CASSPTENTEAFF	1
CASSPSPLLGNEQFF	1
CASSPSGKRDTQYF	1
CASSPRAALVYGYTF	1
CASSPRTEFYGYTF	1
CASSPRQGPNTEAFF	1
CASSPKRSSYNSPLHF	1
CASSPKVRRSSYEQYF	1
CASSPFRLGTGAIEQYF	1
CASSPFGGGNEKLFF	1
CASSPFRYEQYF	1
CASSPLDRTETQYF	1
CASSPLTSSYNEQFF	1
CASSPLQGAYEQYF	1
CASSPLIGYEQYF	1
CASSPSLAGDDGELFF	1
CASSPSDRGNTEAFF	1
CASSPSRGSNYEQYF	1
CASSPSLDRGPQPQHF	1
CASSPYPNPGTSPYNEQFF	1
CASSPYNSPLHF	1
CASSPLAGLAQYF	1
CASSPLSRPSYEQYF	1
CASSPLPPGGSQPQHF	1
CASSPLTGQGTYEQYF	1
CASSPLTGNTEAFF	1
CASSPLTGEPKNIQYF	1
CASSPLSVAKNIQYF	1
CASSPLALETQYF	1
CASSPLAGGVNEQFF	1
CASSPLGSPTEAFF	1
CASSPPGGSHNEQFF	1
CASSPPGGDTDTQYF	1
CASSPPRDTEAFF	1
CASSPPGAGNQPQHF	1
CASSPPGGVYEQYF	1
CASSPPDNYGYTF	1
CASSPPDRAVGGELFF	1
CASSPPGLNSYNEQFF	1
CASSPPGLGLHF	1
CASSPPGPRNTEAFF	1
CASSPPGQTLNEQFF	1
CASSPPTGYIEAFF	1
CASSPPRGEQYF	1
CASSPPLAGGNEQFF	1
CASSPPPAGGDFKELFF	1
CASSPPVNEQFF	1
CASSPPTGRAATQYF	1
CASSPPRGPSMNTEAFF	1
CASSPRLVAGSCTGELFF	1
CASSPRGGVGYNEQFF	1
CASSPRGGGGDTQYF	1
CASSPRSGSEAFF	1
CASSPRASFYGEQYF	1
CASSPRGTGGISRRNTIYF	1
CASSPRGVGPPETQHF	1
CASSPRGSSYEQYF	1
CASSPRWGAGNTIYF	1
CASSPRRAGNTDTQYF	1
CASSPRGSSYNSPLHF	1
CASSPRDQITGELFF	1
CASSPRDSLNYGYTF	1
CASSPRMFIGDGELFF	1
CASSPRTGWSYSQPQHF	1
CASSPRTGGETQYF	1
CASSPRFESGGNTEAFF	1
CASSPRLAGRPNEQFF	1
CASSPRLAGGDNEQFF	1
CASSPRGYNEQFF	1
CASSPRGSGIADTQYF	1
CASSPHPSGNTEAFF	1
CASSPHLRQGTRNQPQHF	1
CASSPHRTAYNEKLFF	1
CASSPQWDRGETQYF	1
CASSPQGGLNTEAFF	1
CASSPQGSYEQYF	1
CASSPQGGSEAFF	1
CASSPVGQGGQPQHF	1
CASSPVSETGRSEQFF	1
CASSPAGTSGEQFF	1
CASSPAGTGSSYEQYF	1
CASSPAGSGAETQYF	1
CASSPGPDDQPQHF	1
CASSPGPSNEQFF	1
CASSPGALGEKLFF	1
CASSPGTWGAEAFF	1
CASSPGQNSPLHF	1
CASSPGAYNEQFF	1
CASSPGGGVLATDTQYF	1
CASSPGDSPLHF	1
CASSPGTSYEQYF	1
CASSPGTILYEQYF	1
CASSPGTSGPQETQYF	1
CASSPGTNNEQFF	1
CASSPGTAATNEKLFF	1
CASSPGTQYNSPLHF	1
CASSPGTAVDTQYF	1
CASSPGTANSPLHF	1
CASSPGTGGHNEQFF	1
CASSPGWPGNTIYF	1
CASSPGLAFYEQYF	1
CASSPGLAVYEQYF	1
CASSPGPGNYGYTF	1
CASSPGQLTDTQYF	1
CASSPGQDQPQHF	1
CASSPGQRAYEQYF	1
CASSPGAAGGNEKLFF	1
CASSPGNTIYF	1
CASSPDWTGSNSPLHF	1
CASSPDPLTAARKLFF	1
CASSPDGGHQFF	1
CASSPDRGGQNTEAFF	1
CASSPEGVEQYF	1
CASSPETGVGELFF	1
CASSPIRGLTEAFF	1
CASSPTSRLAYIQYF	1
CASSPTPGYEQYF	1
CASSPTGQLTNTEAFF	1
CASSPSLSSGELFF	1
CASSPSGRSYNEQFF	1
CASSPRVSTEAFF	1
CASSPRGQSSIAEAFF	1
CASSPRTARNTGELFF	1
CASSPRTGGYGYTF	1
CASSPRGNTEAFF	1
CASSPNIRADDYGYTF	1
CASSPNLGGPPLV	1
CASSPNGRYEQYF	1
CASSPKKTDTQYF	1
CASSPKPGQGLANYGYTF	1
CASSPLDREEGYTF	1
CASSPWGARSNEQFF	1
CASSPWTGREETQYF	1
CASSPYGLTEAFF	1
CASSPLWTGSDSPLHF	1
CASSPPGWLAENTGELFF	1
CASSPPIETGQGNQPQHF	1
CASSPPRMNTEAFF	1
CASSPRSQVNTEAFF	1
CASSPRGTGNTIYF	1
CASSPREEAKNIQYF	1
CASSPRPGLGTDTQYF	1
CASSPHKIFQETQYF	1
CASSPQAARAETQYF	1
CASSPQGQSNEKLFF	1
CASSPQSNYGYTF	1
CASSPGLPENYGYTF	1
CASSPGTGGGEKLFF	1
CASSPGTGGGPEAFF	1
CASSPGTGNQPQHF	1
CASSPGLAGVSRETQYF	1
CASSPGRYTGELFF	1
CASSPGHPNEKLFF	1
CASSPGQGWGYTF	1
CASSPGQGASPLHF	1
CASSPDLQGSRYTF	1
CASSPDGLAGEFKNIQYF	1
CASSPDMLLGAFF	1
CASSPDRGSNYGYTF	1
CASSPEGTSLYNEQFF	1
CASSPEGTVQETQYF	1
CASSPEGAEQFF	1
CASSPMGSNQPQHF	1
CASSPMEGNASPLHF	1
CASSPMRGENTEAFF	1
CASSPTSGYEQYF	1
CASSPTSGTYEQYF	1
CASSPTRTYEQYF	1
CASSPTSDSRISPLHF	1
CASSPTRDSGNTIYF	1
CASSPTRVQGPLRINQPQHF	1
CASSPTWGPTGELFF	1
CASSPTGEGSNQPQHF	1
CASSPTEGPYEQYF	1
CASSPTPGRYNSPLHF	1
CASSPTGFGYEQYF	1
CASSPTGWGPDTQYF	1
CASSPTGQETQYF	1
CASSPTGGNYGYTF	1
CASSPTGGRQPQHF	1
CASSPTGIRFQFF	1
CASSPTGTNEKLFF	1
CASSPSGRRYEQYF	1
CASSPRGWENEQFF	1
CASSPRGTGKNTEAFF	1
CASSPRWGQPQHF	1
CASSPRRQASNYGYTF	1
CASSPRQGTPYSNQPQHF	1
CASSPNPLGSSYEQYF	1
CASSPFQGANTEAFF	1
CASSPSIQGAKEKLFF	1
CASSPSSSRTDTQYF	1
CASSPWARREAFF	1
CASSPLGPGTGELFF	1
CASSPLAGVPDGELFF	1
CASSPLGGQETQYF	1
CASSPPMNTEAFF	1
CASSPPDQPQHF	1
CASSPPGVNEQFF	1
CASSPPIGQGSYGNQPQHF	1
CASSPPRFSYNEQFF	1
CASSPRTRDTQNTEAFF	1
CASSPRTSGTDTQYF	1
CASSPQGWNTEAFF	1
CASSPQGPTEAFF	1
CASSPQGFDEAFF	1
CASSPQGSSTEAFF	1
CASSPQGPLGGYTF	1
CASSPQGAQETQYF	1
CASSPQTGADTEAFF	1
CASSPVYPLSYF	1
CASSPVEGNQPQHF	1
CASSPARDQETQYF	1
CASSPAGPANTGELFF	1
CASSPAGPRYSGNTIYF	1
CASSPATPSAEQYF	1
CASSPARNSPLHF	1
CASSPGGGVSNTGELFF	1
CASSPGPTGAFF	1
CASSPGRLEKLFF	1
CASSPGQSGGTEAFF	1
CASSPGQWGEKLFF	1
CASSPGVMNTEAFF	1
CASSPGAANEQFF	1
CASSPGARGNEQFF	1
CASSPGGPEAFF	1
CASSPGGADQPQHF	1
CASSPGGLPYEQYF	1
CASSPGEGTEAFF	1
CASSPGIELFF	1
CASSPGTSDTGELFF	1
CASSPGTQETQYF	1
CASSPGTGSEAFF	1
CASSPGTGGNNYGYTF	1
CASSPGKNTEAFF	1
CASSPGPPEAFF	1
CASSPGRSSTEAFF	1
CASSPGQGMNEKLFF	1
CASSPGQGIDTQYF	1
CASSPGGGDTQYF	1
CASSPGKGIQPQHF	1
CASSPDGRNTEAFF	1
CASSPDLNTEAFF	1
CASSPDRVDEQYF	1
CASSPEAGAYNEQFF	1
CASSPEGGNTIYF	1
CASSPERFGEYSPLHF	1
CASSPISGVNTGELFF	1
CASSPMGGKSGDTQYF	1
CASSPILGVGDTQYF	1
CASSPTSGTDTQYF	1
CASSPTSGWYNEQFF	1
CASSPTPSSKANYGYTF	1
CASSPTGGGYGYTF	1
CASSPTGPGNQPQHF	1
CASSPTGSGYTF	1
CASSPSRTVYQETQYF	1
CASSPRGTSGGPTTDTQYF	1
CASSPRGAGLVLEQFF	1
CASSPNEGRGTEAFF	1
CASSPKLSGLREQYF	1
CASSRSGSDQNIQYF	1
CASSRLFTGRGNEQFF	1
CASSRLGDGELFF	1
CASSRQGARDTEAFF	1
CASSRQGQGNTSPLHF	1
CASSRGDSLNTEAFF	1
CASSRDREADTEAFF	1
CASSRMWNTEAFF	1
CASSRSGWEETQYF	1
CASSRSGSEQFF	1
CASSRLSGNTEAFF	1
CASSRRDTYTDTQYF	1
CASSRGQGNTIYF	1
CASSRGMTAVVYGYTF	1
CASSRGTDNSPLHF	1
CASSRGRIQPQHF	1
CASSRTWGRDGELFF	1
CASSRTGTEYGYTF	1
CASSRRGQEGNYEQYF	1
CASSRSGTSGPSYNEQFF	1
CASSRWVYGYTF	1
CASSRYLYGYTF	1
CASSRLTTSGRAGDTQYF	1
CASSRPGRPRNTQYF	1
CASSRVPNEKLFF	1
CASSRGINGAEAFF	1
CASSRGLAAYNEQFF	1
CASSRGQGGSPLHF	1
CASSRGQGALNTEAFF	1
CASSRDFFQETQYF	1
CASSRDGWETQYF	1
CASSRDSNEKLFF	1
CASSRDRGYGYTF	1
CASSRDRGMETQYF	1
CASSRDRGNQPQHF	1
CASSRDRNTEAFF	1
CASSREQVVNEQYF	1
CASSRILGTYTQYF	1
CASSRTYPSDSNQPQHF	1
CASSRTLLSGYNEQFF	1
CASSRTSAAYEQYF	1
CASSRTSGRYIQYF	1
CASSRTLNHEQYF	1
CASSRTGYGYTF	1
CASSRTGVDTEAFF	1
CASSRTGGSYNEQFF	1
CASSRTGTNEKLFF	1
CASSRRRAGEAYEQYF	1
CASSRRDSTDTQYF	1
CASSRRDVRAGELFF	1
CASSRFFPGQENQPQHF	1
CASSRLQGGDQPQHF	1
CASSRSRGVYNEQFF	1
CASSRSGGEQYF	1
CASSRLAGLYEQYF	1
CASSRLAGGLETQYF	1
CASSRPAAMGSYNSPLHF	1
CASSRPGGSYETQYF	1
CASSRRQGTNTEAFF	1
CASSRQGHLNTEAFF	1
CASSRQGAGNTIYF	1
CASSRQGNNSPLHF	1
CASSRQGQGSYEQYF	1
CASSRQGNGNTIYF	1
CASSRVSGFQETQYF	1
CASSRVGTGDYNEQFF	1
CASSRASTNTGELFF	1
CASSRAGDYTEAFF	1
CASSRGGQNTGELFF	1
CASSRGGYQPQHF	1
CASSRGTGHQYF	1
CASSRGTGDQPQHF	1
CASSRGLAQKETQYF	1
CASSRITEGQQFF	1
CASSRTWTAYTGELFF	1
CASSRTGLYGYTF	1
CASSRTLGTGELFF	1
CASSRTGDSSYEQYF	1
CASSRRQTGNTIYF	1
CASSRRAHDSGSLLNEQFF	1
CASSRRGATNEKLFF	1
CASSHLTGGGDEKLFF	1
CASSHLADTQYF	1
CASSHSYTEAFF	1
CASSHWVKGTDTQYF	1
CASSHLDANYGYTF	1
CASSHPTSGGPRSYNEQFF	1
CASSHRGAGELFF	1
CASSHRSVYNEQFF	1
CASSHQGYTF	1
CASSHAGTGYGKLFF	1
CASSHGRTSGSNEQFF	1
CASSHGDNRYQGGKLFF	1
CASSHGQGNYQPQHF	1
CASSHEASGAGELFF	1
CASSHMSIAGGSSSVYEQYF	1
CASSHSRDATYEQYF	1
CASSHRGAGETQYF	1
CASSHNLAEGADTQYF	1
CASSHLSPNEKLFF	1
CASSHPLLAGRNTQYF	1
CASSHPGQRSTDTQYF	1
CASSHPPYDRDRADTQYF	1
CASSHPPGSAGNTIYF	1
CASSHRLGDTQYF	1
CASSHRGGGQGLGGELFF	1
CASSHRDRGLRNEKLFF	1
CASSHREYRERQHF	1
CASSHRSNQPQHF	1
CASSHAPGHRGVSLNTEAFF	1
CASSHAGGDQPQHF	1
CASSHAGALDEQFF	1
CASSHGTADQAQHF	1
CASSHGPLHEKLFF	1
CASSHGQGNTEAFF	1
CASSHDPTGEVHTEAFF	1
CASSHTLEARGSPLHF	1
CASSHRFSYEQYF	1
CASSQFYSVGETQYF	1
CASSQFETQYF	1
CASSQSPTGLNNEQFF	1
CASSQYSRNTGELFF	1
CASSQLDRGSNQPQHF	1
CASSQLGQGIEEKLFF	1
CASSQPDRDYYEQYF	1
CASSQRGRGDNEQFF	1
CASSQRGGRGMNTEAFF	1
CASSQVLAGDVKTQYF	1
CASSQAGLNYNEQFF	1
CASSQAIGRASGIRPEQYF	1
CASSQGFYFYEQYF	1
CASSQGIGPQHF	1
CASSQGGDPHF	1
CASSQGTSGIYNEQFF	1
CASSQGTAYNEQFF	1
CASSQGTGYEQYF	1
CASSQGSGDTQYF	1
CASSQGLAGGIAKNIQYF	1
CASSQGPVTARRSYNEQFF	1
CASSQGQGRDEQFF	1
CASSQGQGSGRSYGYTF	1
CASSQGQGGPNTEAFF	1
CASSQGQIGYTF	1
CASSQGQNTEAFF	1
CASSQGTWGYEQYF	1
CASSQDREEKLFF	1
CASSQEVANEKLFF	1
CASSQEGNTIYF	1
CASSQMADNSPLHF	1
CASSQTLSYEQYF	1
CASSQTGNTEAFF	1
CASSQTRTSNTIYF	1
CASSQTGHTEAFF	1
CASSQTGDPYYGYTF	1
CASSQTGEKLFF	1
CASSQRASDTEAFF	1
CASSQRGDSNQPQHF	1
CASSQNAAGLGTDTQYF	1
CASSQNSNQPQHF	1
CASSQKGTSGSLRNEQFF	1
CASSQFMPQRVMNEQFF	1
CASSQFRTGSYGYTF	1
CASSQLREARSYEQYF	1
CASSQLVQEETQYF	1
CASSQSWTRSQETQYF	1
CASSQSITGELFF	1
CASSQSDRENTEAFF	1
CASSQWTGGATEAFF	1
CASSQYNEQFF	1
CASSQLRTGDFLTGELFF	1
CASSQLAGVSGELFF	1
CASSQPGVVANYGYTF	1
CASSQPPRQINQPQHF	1
CASSQPPGTEFNQPQHF	1
CASSQPGTGFNSPLHF	1
CASSQPDPDRQFYGYTF	1
CASSQPGLASYEQYF	1
CASSQPGLAVTGELFF	1
CASSQPGQGSYGYTF	1
CASSQPPLGGELFF	1
CASSQPDRPSYEQYF	1
CASSQRQLHYEQYF	1
CASSQRGAGNTIYF	1
CASSQRGGSNQPQHF	1
CASSQRDRENSPLHF	1
CASSQRSQGDGELFF	1
CASSQRQGGNTIYF	1
CASSQHRDTEAFF	1
CASSQQGQPQHF	1
CASSQQDRGNEKLFF	1
CASSQQAAKTEAFF	1
CASSQQKGGQGQPEAFF	1
CASSQVFSAGAPSDTQYF	1
CASSQVSHYGYTF	1
CASSQVPWQTLQSYEQYF	1
CASSQVQGADEAFF	1
CASSQVGGTAEKLFF	1
CASSQVSGIILSEQFF	1
CASSQVYLSYNSPLHF	1
CASSQVPNSPLHF	1
CASSQVGRVNTGELFF	1
CASSQVRWGVNTEAFF	1
CASSQVRAVSYEQYF	1
CASSQVASGRNTGELFF	1
CASSQVAMNTEAFF	1
CASSQVGHSSANEKLFF	1
CASSQVGGWIYNEQFF	1
CASSQVGLGTEEAFF	1
CASSQVEWEAFF	1
CASSQVTGASLGYTF	1
CASSQVLGNTEAFF	1
CASSQVRVPDTQYF	1
CASSQVVRDRGQGIHTF	1
CASSQVVRGIGNTIYF	1
CASSQVAGGADTQYF	1
CASSQVGLASYEQYF	1
CASSQVGYGYTF	1
CASSQARGSSYEQYF	1
CASSQAQGGKIAEAFF	1
CASSQASAGGYEQFF	1
CASSQALAGAATGELFF	1
CASSQAPSGGKNIQYF	1
CASSQAPPRQGRTPLHF	1
CASSQAVAVRSYNEQFF	1
CASSQAGTGGQGNEQYF	1
CASSQATSGTGNYGYTF	1
CASSQASNNYGYTF	1
CASSQARNTIYF	1
CASSQASDATNEKLFF	1
CASSQAYDEQFF	1
CASSQALRTDLYGYTF	1
CASSQAHGELFF	1
CASSQAAGGSGNTIYF	1
CASSQAGQGYTEAFF	1
CASSQAGGGYNEQFF	1
CASSQADRGDQPQHF	1
CASSQAWRVADEQFF	1
CASSQALAGLGIAGELFF	1
CASSQAGTDSPLHF	1
CASSQAGLSTEAFF	1
CASSQAGAVSPLHF	1
CASSQATGGFMNTEAFF	1
CASSQARGLTEAFF	1
CASSQGSALAFF	1
CASSQGSTGGGQPQHF	1
CASSQGWESREPQHF	1
CASSQGLAVGANEQFF	1
CASSQGQRNSPLHF	1
CASSQGAVGQGYYSPLHF	1
CASSQGAWTDEETQYF	1
CASSQGAGNTIYF	1
CASSQGGYEQYF	1
CASSQGGITNEKLFF	1
CASSQGDRAGEQYF	1
CASSQGSGTGNQPQHF	1
CASSQGPGDEQYF	1
CASSQGPAETQYF	1
CASSQGRGELFF	1
CASSQGQHYEQYF	1
CASSQGVPPTLGPLHF	1
CASSQGVGVSNQPQHF	1
CASSQGVSYGYTF	1
CASSQGAGGLTDTQYF	1
CASSQGAGGSYGYTF	1
CASSQGGDNTGELFF	1
CASSQGGRTNSPLHF	1
CASSQGGAGTVDTEAFF	1
CASSQGDGGNTIYF	1
CASSQGEMASRSPLHF	1
CASSQGTHTGELFF	1
CASSQGTQPQHF	1
CASSQGTGGGYEQYF	1
CASSQGTRNQPQHF	1
CASSQGTGGPYEQYF	1
CASSQGRLAGGPYNEQFF	1
CASSQGYYSNQPQHF	1
CASSQGLVTGELFF	1
CASSQGLASYGTDTQYF	1
CASSQGPGQGAGEQYF	1
CASSQGRFTDTQYF	1
CASSQGQVYEQYF	1
CASSQGGTRTEAFF	1
CASSQGDRGIVAFF	1
CASSQGTTDTQYF	1
CASSQDFSGGSTGELFF	1
CASSQDLSGTAKGAFF	1
CASSQDLRGGYEQYF	1
CASSQDLGDQEQFF	1
CASSQDWAGSPFYPEKLFF	1
CASSQDWGFSNQPQHF	1
CASSQDWTSYEQYF	1
CASSQDWNTEAFF	1
CASSQDLASGSNTDTQYF	1
CASSQDLRLAEGQETQYF	1
CASSQDLSRQANYGYTF	1
CASSQDPLTYSTDTQYF	1
CASSQDPGTGLFYGYTF	1
CASSQDPKGSRSYEQYF	1
CASSQDPGQGTETQYF	1
CASSQDPAAVGEQYF	1
CASSQDRWAQETQYF	1
CASSQDRRGTRRGENSPLHF	1
CASSQDRTDRIGYTF	1
CASSQDRSRSSYNSPLHF	1
CASSQDRLAGVPGELFF	1
CASSQDRRGELFF	1
CASSQDHSNNYGYTF	1
CASSQDQFGPDTQYF	1
CASSQDQLSGEKLFF	1
CASSQDAGTPEAFF	1
CASSQDAGPGWNSPLHF	1
CASSQDARVHSPLHF	1
CASSQDAGTNQPQHF	1
CASSQDGESPLHF	1
CASSQDGTPSNQPQHF	1
CASSQDGGNTGELFF	1
CASSQDGNGYTF	1
CASSQDDRGAFF	1
CASSQDIPGGPLNEQFF	1
CASSQDTTSGSREQYF	1
CASSQDSGTYNEQFF	1
CASSQDRGRAGADTQYF	1
CASSQDRRPLHF	1
CASSQDKGQPQHF	1
CASSQDSQPQHF	1
CASSQDSSGYSTDTQYF	1
CASSQDSISYEQYF	1
CASSQDLRSLDEQYF	1
CASSQDLAGAYEQYF	1
CASSQDPSGGTGQYF	1
CASSQDPSRGTDTQYF	1
CASSQDQTDVQPQHF	1
CASSQDVEGYTF	1
CASSQDVRYEGRVRRGYTF	1
CASSQDATVNQPQHF	1
CASSQDGPGQVNSPLHF	1
CASSQDGDEQYF	1
CASSQDGGQGTAGYTF	1
CASSQDRGRTQYF	1
CASSQDRSSGNTIYF	1
CASSQEFLQGNYGYTF	1
CASSQEWAVSYEQYF	1
CASSQEPYGVGSEQYF	1
CASSQERPPSTDTQYF	1
CASSQEVFSYNEQFF	1
CASSQEVAGGSADTQYF	1
CASSQEASGGETQYF	1
CASSQEAPLGNHEQYF	1
CASSQEGRTIYF	1
CASSQEGGGTDTQYF	1
CASSQEGGRRVSYEQYF	1
CASSQERRLAKNIQYF	1
CASSQENPLRAYF	1
CASSQELQGLNEQFF	1
CASSQESVVSWETQYF	1
CASSQEWRENTGELFF	1
CASSQELAVNQPQHF	1
CASSQEPSYNEQFF	1
CASSQERLSDTQYF	1
CASSQEQGTGYGYTF	1
CASSQEQGNFNEQFF	1
CASSQEVWGSYNEQFF	1
CASSQEVGNQPQHF	1
CASSQEALAGVDEQFF	1
CASSQEGQPQHF	1
CASSQEGVVIGIHEQYF	1
CASSQEGRAFADEQFF	1
CASSQEGLVPLGDTQYF	1
CASSQEGQGQYF	1
CASSQEGAGASNSPLHF	1
CASSQEGGLGETQYF	1
CASSQEGTGVQPQHF	1
CASSQEMGGTDTQYF	1
CASSQETGLLGYTF	1
CASSQERSGLTDTQYF	1
CASSQIHGTQPQHF	1
CASSQMAASRTEAFF	1
CASSQMEWGDQPQHF	1
CASSQTLRGGGSQPQHF	1
CASSQTGVYSGSDIQYF	1
CASSQTSADGDIQYF	1
CASSQTGGTLNYGYTF	1
CASSQTRGVSNQPQHF	1
CASSQTRNTGELFF	1
CASSQTVYQPQHF	1
CASSQTGAAVQHF	1
CASSQTGGEGEKLFF	1
CASSQNSYEQYF	1
CASSQKGLYEQYF	1
CASSVRLDRQGTFYGYTF	1
CASSVGLDDYEQYF	1
CASSVGQIYGYTF	1
CASSVGDTQYF	1
CASSVDRGYEQYF	1
CASSVETGSSYEQYF	1
CASSVEVGGDEAFF	1
CASSVTGEKGINEQFF	1
CASSVNSGAVNTEAFF	1
CASSVLAGSGYEQYF	1
CASSVYGVGETEAFF	1
CASSVPRTMETQYF	1
CASSVPGEAFF	1
CASSVGGEYGYTF	1
CASSVGDIYSNQPQHF	1
CASSVGQWIGETQYF	1
CASSVDGSSYEQYF	1
CASSVTTSGGNEQFF	1
CASSVTDRVNTEAFF	1
CASSVTVPDTEAFF	1
CASSVLTAVTEKLFF	1
CASSVWGNQPQHF	1
CASSVGQGSSGNTIYF	1
CASSVTGRTEAFF	1
CASSVTGRQPQHF	1
CASSVTENTEAFF	1
CASSVTSGSHNEQFF	1
CASSVRSNTEAFF	1
CASSVNYGYTF	1
CASSVLASPHEQFF	1
CASSVSRYRPFHSNQPQHF	1
CASSVSAGVGEQFF	1
CASSVSGGSVNEQFF	1
CASSVSGTSGRIQAGELFF	1
CASSVSHFHTDTQYF	1
CASSVSNGWSELNNEQFF	1
CASSVWTTLFGEQFF	1
CASSVYEVWDEQFF	1
CASSVYGSGDEQFF	1
CASSVPGGSNQPQHF	1
CASSVPGLADYEQYF	1
CASSVRSNQPQHF	1
CASSVQGDGEAFF	1
CASSVQDRDEQYF	1
CASSVVSWDSEAFF	1
CASSVVSNTEAFF	1
CASSVVGGSRIYF	1
CASSVVSGGTEAFF	1
CASSVVSGAHNEQFF	1
CASSVVGQGAENTEAFF	1
CASSVALNTEAFF	1
CASSVAPLGLEQYF	1
CASSVAEGSRYEQYF	1
CASSVATSGSIQYF	1
CASSVAPSQPQHF	1
CASSVAGGWDGYTF	1
CASSVAGISNYGYTF	1
CASSVAEGSYEQYF	1
CASSVAKDRANYGYTF	1
CASSVAAGLNNEQFF	1
CASSVAGWDEQYF	1
CASSVAGVTPNEQFF	1
CASSVAGASYEQYF	1
CASSVAEGRDQPQHF	1
CASSVAAGLNTEAFF	1
CASSVGLSRSYEQYF	1
CASSVGLSAPPDTGELFF	1
CASSVGPTSQETQYF	1
CASSVGAMEIEAFF	1
CASSVGATYEQYF	1
CASSVGGRNSYGYTF	1
CASSVGGLADYEQYF	1
CASSVGNAGGLTDTQYF	1
CASSVGLGTTDTQYF	1
CASSVGPSGSSYEQYF	1
CASSVGHGTNEKLFF	1
CASSVGVNTEAFF	1
CASSVGGSADTQYF	1
CASSVGGTPGEKLFF	1
CASSVGRGAYGYTF	1
CASSVGLASYNEQFF	1
CASSVGPQLDTQYF	1
CASSVGGQVDQPQHF	1
CASSVGGAGGETQYF	1
CASSVGDSSYEQYF	1
CASSVGEASNSPLHF	1
CASSVGTGANQPQHF	1
CASSVGLALCEQYF	1
CASSVGPELAYNEQFF	1
CASSVGVNEKLFF	1
CASSVGAGAPNEQFF	1
CASSVGRRGSPATYNEQFF	1
CASSVDPVNTEAFF	1
CASSVDHSSGNTIYF	1
CASSVDGRSNQPQHF	1
CASSVDGGTLADTQYF	1
CASSVDGYEQYF	1
CASSVDGQGSEAFF	1
CASSVDGAHQPQHF	1
CASSVDQRPGELFF	1
CASSVDAGGNSPLHF	1
CASSVDDFTEAFF	1
CASSVDSNGYTF	1
CASSVEPGEAGNTIYF	1
CASSVEARNTIYF	1
CASSVEAGSNEQFF	1
CASSVEGRDIQYF	1
CASSVEGTGGNEQFF	1
CASSVELAGETQYF	1
CASSVEVDSEQYF	1
CASSVEAGGSYEQYF	1
CASSVEGGAQPQHF	1
CASSVTRLGLDASYEQYF	1
CASSVTGSSSYEQYF	1
CASSVRVDTEAFF	1
CASSAPGRIYEQYF	1
CASSAQGASNSPLHF	1
CASSATPHTEAFF	1
CASSATGQAKNIQYF	1
CASSATGGTEAFF	1
CASSATGSNTEAFF	1
CASSALTGLVNEQFF	1
CASSALAGGSNEQFF	1
CASSAPSTGNYGYTF	1
CASSAPGDTQYF	1
CASSARGAGGFRYTF	1
CASSARDSDSGNTIYF	1
CASSAHARGLDEQYF	1
CASSAGTANTGELFF	1
CASSAGTNTEAFF	1
CASSAGTGYSGELFF	1
CASSAGTGRAFF	1
CASSAGSHSPLHF	1
CASSADTVWGGEQYF	1
CASSADRSDQPQHF	1
CASSAERDRGNYGYTF	1
CASSAIQGVIHYGYTF	1
CASSASDRALGGYTF	1
CASSARTLNTEAFF	1
CASSANTGQETQYF	1
CASSASYEQYF	1
CASSAPPTDTQYF	1
CASSAPAGASGEAFF	1
CASSAPGPKDTIYF	1
CASSAGQSYEQYF	1
CASSAGGVDSPLHF	1
CASSADRAFDGYTF	1
CASSAMVYGYTF	1
CASSATYSNQPQHF	1
CASSATGASYGYTF	1
CASSARQGNGELFF	1
CASSANPRLSNTEAFF	1
CASSALQGNYGYTF	1
CASSAAPTEAFF	1
CASSAARTGMNTEAFF	1
CASSAGVPSSYNEQFF	1
CASSAGANNQPQHF	1
CASSAGLAGVDTQYF	1
CASSAGLAGADTQYF	1
CASSATHDRGSAEAFF	1
CASSGGHVGSNYGYTF	1
CASSGTPVAPLHF	1
CASSGSGRGTDTQYF	1
CASSGYRGTEAFF	1
CASSGPGLTHNEQFF	1
CASSGRRNTGELFF	1
CASSGQWTSGVSPLHF	1
CASSGQGGPYEQYF	1
CASSGGVVENIQYF	1
CASSGGAGMNTEAFF	1
CASSGGGDNSPLHF	1
CASSGGGTYNSPLHF	1
CASSGDAPEQFF	1
CASSGDGLQAFF	1
CASSGSSSNQPQHF	1
CASSGRTRDGSYEQYF	1
CASSGVYSPLHF	1
CASSGGSNQPQHF	1
CASSGGTGTYNEQFF	1
CASSGGRAGSSTDTQYF	1
CASSGDRGIGNSPLHF	1
CASSGINGSNQPQHF	1
CASSGTPASLNYNEQFF	1
CASSGTGSSYNSPLHF	1
CASSGSRHGDGYTF	1
CASSGRDLDYNEQFF	1
CASSGNSGSSAGELFF	1
CASSGNYTGELFF	1
CASSGSTGSYGYTF	1
CASSGWTGSNSPLHF	1
CASSGLARSPLHF	1
CASSGLGGNHDYGYTF	1
CASSGPQGTSTSYEQYF	1
CASSGQQLNYGYTF	1
CASSGQGGEYGYTF	1
CASSGGLAGVQYF	1
CASSGERAYNEQFF	1
CASSGTLVTTYNEQFF	1
CASSGTRAPAGSTYNEQFF	1
CASSGTASYEQYF	1
CASSGSSGEQYF	1
CASSGRLAGGPGGEQYF	1
CASSDSLRAERATDTQYF	1
CASSDSGTGGTGELFF	1
CASSDSGQGEQYF	1
CASSDLQGITDTQYF	1
CASSDPDREGSTDTQYF	1
CASSDPGLAGSYNEQFF	1
CASSDRTDTQYF	1
CASSDQIGTSGHYLWNEQFF	1
CASSDGEYAEAFF	1
CASSDDSAVYNQPQHF	1
CASSDIGDPKNIQYF	1
CASSDSNQPQHF	1
CASSDGNVNYGYTF	1
CASSDGRLYNSPLHF	1
CASSDEHDNTGELFF	1
CASSDTSGGTEAFF	1
CASSDTDTQYF	1
CASSDRVYTDTQYF	1
CASSDRAGNTEAFF	1
CASSEPFSGRGGGELFF	1
CASSEPGPTLGNSPLHF	1
CASSEAGYGYTF	1
CASSEGASLYNEQFF	1
CASSEGHTNTEAFF	1
CASSETGPGNTIYF	1
CASSENPDGNEQYF	1
CASSERQSAHYGYTF	1
CASSEQGGTIYEQYF	1
CASSEGSSEQYF	1
CASSETSIQFF	1
CASSETSGPYEQYF	1
CASSETTVDTQYF	1
CASSERGLGGYTF	1
CASSERTGVHTEAFF	1
CASSERTGTNYGYTF	1
CASSEKGSNSPLHF	1
CASSIWSGTGPIYEPQHF	1
CASSIGTGNTEAFF	1
CASSITTNNEQFF	1
CASSISLGGTDTQYF	1
CASSILRWGTEAFF	1
CASSIRDRATYEKLFF	1
CASSIGQGDYGYTF	1
CASSITSGNEQFF	1
CASSIRTGAYNEQFF	1
CASSMNTDTQYF	1
CASSISRQSEAFF	1
CASSIQGGNNQPQHF	1
CASSIGPSTYEQYF	1
CASSIDGQVDSPLHF	1
CASSITGTAGNTIYF	1
CASSITQGLIGKNIQYF	1
CASSTHRGNNTGELFF	1
CASSTSGSSYNEQFF	1
CASSTYRIGGEKLFF	1
CASSTPTGRYTF	1
CASSTRDRVPYEQYF	1
CASSTREGQVEQYF	1
CASSTRTSGLTDTQYF	1
CASSTRLGVPSEQYF	1
CASSTRQAATNEKLFF	1
CASSTRTSGSSYNEQFF	1
CASSTHGGSYEQYF	1
CASSTGLYEQYF	1
CASSTGLTYGYTF	1
CASSTGTSRENIQYF	1
CASSTGTGDLETQYF	1
CASSTGTGDSPLHF	1
CASSTGTNYGYTF	1
CASSTGQIANYGYTF	1
CASSTIRARSYNEQFF	1
CASSTTDRGGLGYTF	1
CASSTSGTQYF	1
CASSTAGLAADTQYF	1
CASSTGQGAYEQYF	1
CASSTGQGGYNEQFF	1
CASSTTQGGTEAFF	1
CASSTFYGRDVKPEKLFF	1
CASSTRQQNSPLHF	1
CASSTGFGELFF	1
CASSTGTSGIYEQYF	1
CASSTGLAQPQHF	1
CASSTTQRANSPLHF	1
CASSTSGRAHNEQFF	1
CASSSQQGNHGYTF	1
CASSSFEDTEAFF	1
CASSSSGSNQPQHF	1
CASSSAGTGSYNEQFF	1
CASSSGTAGELFF	1
CASSSTGRSNQPQHF	1
CASSRGFSNTEAFF	1
CASSRGPDTQYF	1
CASSRGGYSYEQYF	1
CASSRGRSTDTQYF	1
CASSRDRAGEAFF	1
CASSRTMIDSPLHF	1
CASSRLDTDQPQHF	1
CASSRLAGVSYEQYF	1
CASSRRQGGGYQPQHF	1
CASSRVNYGYTF	1
CASSNYRGLGNTEAFF	1
CASSNPKHRDRGVEKLFF	1
CASSNQDSLNEKLFF	1
CASSNGGQPNEKLFF	1
CASSNRDSSEGYTF	1
CASSNPSGQETQYF	1
CASSNRDSEDTQYF	1
CASSNRDRGMSPLHF	1
CASSNHTVSPLHF	1
CASSNGPSAEQYF	1
CASSNTQVVNSPLHF	1
CASSNRVNQPQHF	1
CASSKAPWAGGTDTQYF	1
CASSKGPNYEQYF	1
CASSKDSNYGYTF	1
CASSKDRAHSGNTIYF	1
CASSKTSGRYSYEQYF	1
CASSKTRANYGYTF	1
CASSKLWAGKGTIYF	1
CASSKCLWRVYNEQFF	1
CASSKYRELEKNEQFF	1
CASSKYEDSPSYGYTF	1
CASSKPQGTAYEQYF	1
CASSKQGRYGYTF	1
CASSKVWQGLGRNQPQHF	1
CASSKGHEQFF	1
CASSKGDRVPQVSNQPQHF	1
CASSKGQARQPQHF	1
CASSKDGPGDYEQYF	1
CASSKDRGSYGYTF	1
CASSKELRLGNEQFF	1
CASSKEQGASPLHF	1
CASSKTNDPYTQYF	1
CASSKREGSGNTIYF	1
CASSKKLGGTGNTIYF	1
CASRFKQGGAYEQYF	1
CASRLDGSSGNTIYF	1
CASRLTSAVQETQYF	1
CASRLLTGGYDTGELFF	1
CASRLSGFGGSGETQYF	1
CASRSRVTGELFF	1
CASRSIGEQYF	1
CASRSYRANLNEQFF	1
CASRSTGFDTQYF	1
CASRWANVLTF	1
CASRWTLVSPLHF	1
CASRWTGRYYGSPLHF	1
CASRLARVDYGYTF	1
CASRLGQRNEQFF	1
CASRLTGTSGSSTDTQYF	1
CASRLQGTGELFF	1
CASRPALTGSSYEQYF	1
CASRPWGTGGALTEAFF	1
CASRPYGDGYTF	1
CASRPREMAKLFF	1
CASRPRQGENSPLHF	1
CASRPHTGGGGYTF	1
CASRPGTAINEKLFF	1
CASRPRHGEQYF	1
CASRPRTEANHNEQFF	1
CASRPGGSYYGYTF	1
CASRPTGTGGRNEQFF	1
CASRPTGGRDTEAFF	1
CASRPSPGHNTDTQYF	1
CASRPQGDEKLFF	1
CASRPEASGGERETQYF	1
CASRRPGPHEQYF	1
CASRRPGLTDTQYF	1
CASRRQGEWNQPQHF	1
CASRRGEGNQPQHF	1
CASRRDTRTDTQYF	1
CASRRNTEAFF	1
CASRRSSGKSYEQYF	1
CASRHYRTGLNTEAFF	1
CASRHEDITEAFF	1
CASRQGTGGYIQYF	1
CASRQRGLVDGNNNEQFF	1
CASRQQVLDTGELFF	1
CASRQGGTYEQYF	1
CASRQRGVGGELFF	1
CASRVSGHSNTGELFF	1
CASRVGGTGANEQFF	1
CASRVDWGLEADTQYF	1
CASRVREEEKLFF	1
CASRVAGGPDTGELFF	1
CASRAWDRDNYGYTF	1
CASRANRGRSLFDRYTF	1
CASRAGRNGEQFF	1
CASRAGTPQGAFF	1
CASRAGTLPEQYF	1
CASRAGTDQFF	1
CASRAGGKTEAFF	1
CASRATGRGTDTQYF	1
CASRAIGSSYNSPLHF	1
CASRGPGLHRSGNTIYF	1
CASRGGDTAGAWTDTQYF	1
CASRGGRHGGELFF	1
CASRGVSDYGYTF	1
CASRGASNQPQHF	1
CASRGDRGRSEQYF	1
CASRGDRSSGNTIYF	1
CASRGTRADMNTEAFF	1
CASRGLFSTDTQYF	1
CASRGLAVSYNEQFF	1
CASRGPYSNQPQHF	1
CASRGQATEAFF	1
CASRGQGLHYGYTF	1
CASRGQGAREKLFF	1
CASRGAGTDIYEQYF	1
CASRGGPQGEQFF	1
CASRGIGAKNIQYF	1
CASRDATNEKLFF	1
CASRDTGIENQPQHF	1
CASRDPRDTQYF	1
CASRDRDYGEAFF	1
CASRDSAYSNQPQHF	1
CASREDRVGREQYF	1
CASRETDGVTGELFF	1
CASREAGQVTAFF	1
CASRERQGATEAFF	1
CASRIAGASVIYGYTF	1
CASRIDTTNTGELFF	1
CASRTVNNSPLHF	1
CASRTSGSGKTQYF	1
CASRTSGRALYEQYF	1
CASRTLGLAGGNRRETQYF	1
CASRTPAGGSYNEQFF	1
CASRTLAGANTGELFF	1
CASRTGGPYRSNQPQHF	1
CASRTEASSEAFF	1
CASRTSGRAFDTQYF	1
CASRRAGVTTYEQYF	1
CASRRMEAIYF	1
CASRRDEGYGYTF	1
CASRNLRGPINNEQFF	1
CASRNERLGNTEAFF	1
CASRNRDSDNYGYTF	1
CASRNRGTDTSSNSPLHF	1
CASRKGQPNTEAFF	1
CASRKDTRSTEAFF	1
CASRKTGDNYGYTF	1
CASRKRDGANYGYTF	1
CASRKDADGEAFF	1
CASRLGGAQTPGDHGYTF	1
CASRLGGTAGYTF	1
CASRSFRINEQFF	1
CASRSGNTIYF	1
CASRSDSTPGGSPLHF	1
CASRSTLAETQYF	1
CASRSRVTEAFF	1
CASRSVSGAGNTIYF	1
CASRSKDSYYGYTF	1
CASRWDSSYNEQFF	1
CASRYPSTDTQYF	1
CASRYMGLQETQYF	1
CASRLEGGHTEAFF	1
CASRLPGHMSNQPQHF	1
CASRLAGTGAYEQYF	1
CASRLANEQFF	1
CASRLQGVTGELFF	1
CASRLDRSSYEQYF	1
CASRLIYSGELFF	1
CASRLTGHSNQPQHF	1
CASRLAGVQYEQFF	1
CASRLESGGSSYEQYF	1
CASRPSSLGLNTEAFF	1
CASRPSVDIGVTGHDSPLHF	1
CASRPYHNEQFF	1
CASRPTRQGEDTEAFF	1
CASRPRGAGDLGTDTQYF	1
CASRPADIMNTEAFF	1
CASRPGTSGSLVETQYF	1
CASRPGTSDTGELFF	1
CASRPLAGPERDTQYF	1
CASRPPGRNSPLHF	1
CASRPASGGIYNEQFF	1
CASRPGLADPSSYNEQFF	1
CASRPGQPNTEAFF	1
CASRPTGEDGYTF	1
CASRRTLYSPLHF	1
CASRRGTGKKNQPQHF	1
CASRRYNEQFF	1
CASRRLAIDTGELFF	1
CASRHRQGYNYGYTF	1
CASRQDANTEAFF	1
CASRQLDASNQPQHF	1
CASRVTGTSDEQYF	1
CASRAPIRTENTEAFF	1
CASRAGTDTEAFF	1
CASRAGQGYTGELFF	1
CASRAGQTKNEQYF	1
CASRAQTGVNTEAFF	1
CASRADSGTEAFF	1
CASRGPQFPYGYTF	1
CASRGVAGSYEQYF	1
CASRGDRVGNQPQHF	1
CASRGEISNQPQHF	1
CASRGTALGGNQPQHF	1
CASRGQGRGYTF	1
CASRGQMDQPQHF	1
CASRGADRNTEAFF	1
CASRGTGGGYGYTF	1
CASRDPGETQYF	1
CASRDRQGSYNEQFF	1
CASRDTELLDSGNTIYF	1
CASRDRLYGYTF	1
CASRDAGRETQYF	1
CASRDRDYEQYF	1
CASREGRYSNQPQHF	1
CASREPVGMVEPQHF	1
CASRIRDSNSPLHF	1
CASRITAVGHPLHF	1
CASRTAHRGFVGYTF	1
CASRTKERGIQETQYF	1
CASRTPGNTEAFF	1
CASRTGTGGIEAFF	1
CASRTTDVETQYF	1
CASRTEAHTVSNQPQHF	1
CASRRGTGTTDTQYF	1
CASRRDGSRVGELFF	1
CASRREGDEKLFF	1
CASRRNTEAFF	1
CASRRGTENQPQHF	1
CASRRRSNTEAFF	1
CASRNANTEAFF	1
CASRNAANYGYTF	1
CASRNTGELFF	1
CASRKGQGKSNQPQHF	1
CASRKEEEMNTEAFF	1
CASRKRGDKNEQFF	1
CASRKNQGDGYTF	1
CASNFNRGGETQYF	1
CASNSAGNGQGYEQYF	1
CASNPSGGSGQPQHF	1
CASNPGRGYTF	1
CASNGTPEQETQYF	1
CASNEVFYGYTF	1
CASNTGFVPYGYTF	1
CASNTGAGSPLHF	1
CASNSGQISTDTQYF	1
CASNRGTEGEKLFF	1
CASNSGEQFF	1
CASNLGDQPQHF	1
CASNPPDRVGETQYF	1
CASNPGAGVFNEQFF	1
CASNPHIPQGHTEAFF	1
CASNPQCCNEKLFF	1
CASNPQGAYEPQHF	1
CASNRGTQNTEAFF	1
CASNQGGNTEAFF	1
CASNVKTGQNIQYF	1
CASNDREGDQPQHF	1
CASNEGGEETQYF	1
CASNIRYSNQPQHF	1
CASNILGPLNEQFF	1
CASNNDPDTQYF	1
CASKFSGSSYNEQFF	1
CASKFRTGRNTEAFF	1
CASKSGEQYF	1
CASKYSPEAFF	1
CASKLAGSHEQFF	1
CASKVTGLSHRELFF	1
CASKASGSYEQYF	1
CASKAQASNQPQHF	1
CASKGSYYEQYF	1
CASKGQGMGVNTEAFF	1
CASKGLAVYEQYF	1
CASKERGQNYGYTF	1
CASKRRGGYSGNEQFF	1
CASKKSPGTSYNEQFF	1
CASKLWGQGLQETQYF	1
CASKLEGLGALHF	1
CASKPVPFNQPQHF	1
CASKPVTAAEQYF	1
CASKQAGNTEAFF	1
CASKGVQETQYF	1
CASKEGSSYNSPLHF	1
CASKIGTSKIYEQYF	1
CASKTSGNTGELFF	1
CASKSGSFHEQYF	1
CASKRVAGAYNEQFF	1
CARPDRGDF	1
CARPIAGVDPETQYF	1
CARRELNRYEQYF	1
CARGLTRGLYEQYF	1
CARGGLMNTEAFF	1
CARGSTDTQYF	1
CAREGQNSGYTF	1
CARYKGPYEQYF	1
CARPLPGPEAFF	1
CARRKVWDTEAFF	1
CANRDSANTGELFF	1
CANKPSLNEKLFF	1
CAKGQVNEKLFF	1
CASVSRGTNTGELFF	1
CALRGGYTF	1
CAPRWGRESNQPQHF	1
CATRWGAGSYEQYF	1
CATAGGRNNEQFF	1
CASRGGSEAFF	1
CASHHTSGINNEQFF	1
CASQMVGISDEQYF	1
CASGESRGVEQFF	1
CASTRAGVDEQFF	1
CASFAAYNEQFF	1
CASSFTRGEAFF	1
CASSPSPGALDSGNTIYF	1
CASSIAGDETGELFF	1
CASSRQGRYEQYF	1
CASLGRWGRSSYEQYF	1
CASPLAGGVGSYNEQFF	1
CASRLAEDHTREKLFF	1
CASRIPGQINQPQHF	1
CASRKGTAEAFF	1
CASQDRGSQWEFF	1
CASVPTGTGGEKLFF	1
CASAGGVNYGYTF	1
CASGQYF	1
CASGTSGGNEQFF	1
CASGDRVGQPQHF	1
CASGTANNSPLHF	1
CASGTGVNTEAFF	1
CASGTGGAQTNYGYTF	1
CASGKGGRNEQFF	1
CASGYTGDGMNTEAFF	1
CASGLAGTYEQYF	1
CASGQASAEAFF	1
CASGQAGVGGTIYF	1
CASERQGAWNTEAFF	1
CASITRAAAGASYNEQFF	1
CASTRDSAWELFF	1
CASTFDSAYGYTF	1
CASTWGLAPTGELFF	1
CASTLYYRAGGGNEQFF	1
CASTLDQYNEQFF	1
CASTPQGGTGELFF	1
CASTQGSARQNNSPLHF	1
CASTQNGLSGRGETQYF	1
CASTVDPEYGYTF	1
CASTALAQGARSPLHF	1
CASTIGGENTEAFF	1
CASTMGNTEAFF	1
CASTRTSPGNEQFF	1
CASTNRWDRGKGNTIYF	1
CASTGTVSYEQYF	1
CASTGQGKLFF	1
CASTRGTEGHEKLFF	1
CASSFLGDTYEQYF	1
CASSFSGRPPYEQYF	1
CASSLISGSMGEQFF	1
CASSLTIYRGRTEAFF	1
CASSLRGSYEQYF	1
CASSYDGNTEAFF	1
CASSLARYNEQFF	1
CASSPDRNTGELFF	1
CASSPGTSYNEQFF	1
CASSPILSHNEQFF	1
CASSPFAGNYGYTF	1
CASSRITGPNTEAFF	1
CASSRSSGSTDTQYF	1
CASSREKRNSPLHF	1
CASSRGTSWTGAFF	1
CASSRDGGPYEQYF	1
CASSRSRDRPSYEQYF	1
CASSQSNRGRGGSYEQYF	1
CASSQSRQEDRYGYTF	1
CASSQYGGRAHLAKNIQYF	1
CASSVPRGGYTF	1
CASSVGRGYEQYF	1
CASSALEGAETQYF	1
CASSGPGPSDEQYF	1
CASSGLAGVKPYEQYF	1
CASSDSPGWEVNTEAFF	1
CASSDLGQGAYEQYF	1
CASSDGYEQYF	1
CASSEVTSGARTQYF	1
CASSERTGKLNNQPQHF	1
CASSESILSNQPQHF	1
CASSELRLAGSQETQYF	1
CASSEAGSGNEQFF	1
CASSFSGSYNEQFF	1
CASSFSGDEKLFF	1
CASSFWRESTDTQYF	1
CASSFLAGGPYEQYF	1
CASSFQGSKNIQYF	1
CASSFAGGLYNEQFF	1
CASSFGGEEQYF	1
CASSFGEGNTIYF	1
CASSFGQGATNTEAFF	1
CASSFGDRGTEAFF	1
CASSFGATNEKLFF	1
CASSFEHINTEAFF	1
CASSFTGGSNTEAFF	1
CASSFSQLMDTEAFF	1
CASSFKLGTGGEKLFF	1
CASSFKERSYEQYF	1
CASSFSGTEETQYF	1
CASSFSGSQPQHF	1
CASSFLQSDEKLFF	1
CASSFPSLASPDTQYF	1
CASSFPSYEQYF	1
CASSFRPALNTEAFF	1
CASSFATTSYEQYF	1
CASSFGSNTEAFF	1
CASSFGTENYNSPLHF	1
CASSFGTPTGNTEAFF	1
CASSFGTANYGYTF	1
CASSFGLAGVEESPYEQYF	1
CASSFGQGRSYGYTF	1
CASSFITGENTEAFF	1
CASSFTGPIYEQYF	1
CASSFTINTEAFF	1
CASSFRLLGTYEQYF	1
CASSFKQSFVHEQFF	1
CASSLFTVAFNYGYTF	1
CASSLFDWGEQFF	1
CASSLLSQNTEAFF	1
CASSLLPGNTEAFF	1
CASSLLGNTGELFF	1
CASSLLGQPSTEAFF	1
CASSLLNEQFF	1
CASSLLPGPVNEQFF	1
CASSLLVNTEAFF	1
CASSLSSDTQYF	1
CASSLSPGNTIYF	1
CASSLSRSSANTGELFF	1
CASSLSRDYGYTF	1
CASSLSANYNSPLHF	1
CASSLSGVRSYGYTF	1
CASSLWGAMDQPQHF	1
CASSLYQAKTEAFF	1
CASSLLWTGGNRGYTF	1
CASSLLPGNTEAFF	1
CASSLLAGVNEQYF	1
CASSLLDRDTEAFF	1
CASSLLPGRPSGNTIYF	1
CASSLLAGGYEQYF	1
CASSLRGRDEKLFF	1
CASSLRGGAAGYTF	1
CASSLRGSTEAFF	1
CASSLRTLNTEAFF	1
CASSLRGSDTQYF	1
CASSLHSFGDQPQHF	1
CASSLHPNEQFF	1
CASSLQWMENEQFF	1
CASSLQVLVGNSPLHF	1
CASSLQGAYGNTIYF	1
CASSLQGRTEAFF	1
CASSLQEVNEQYF	1
CASSLQFVGAGMKNTEAFF	1
CASSLVFQMNTEAFF	1
CASSLVLGRTEAFF	1
CASSLVPANTEAFF	1
CASSLVPGGPSQIDEQFF	1
CASSLVRPGDGEAFF	1
CASSLVRTTFDNEQFF	1
CASSLVRTSGETQYF	1
CASSLVQGEGNEQFF	1
CASSLVDGSTDTQYF	1
CASSLVSGSYTGELFF	1
CASSLVALGGQGRFMNTEAFF	1
CASSLVGRGSYEQYF	1
CASSLVGRENTEAFF	1
CASSLVGLDTDTQYF	1
CASSLVTSNYGYTF	1
CASSLVKQGGEQYF	1
CASSLVLAGYTGELFF	1
CASSLVSSGRVNTEAFF	1
CASSLVSALRTLRGPMGTEAFF	1
CASSLVQGNTEAFF	1
CASSLVVNEQFF	1
CASSLVGPEAFF	1
CASSLVGPSYEQYF	1
CASSLVDFLTYEQYF	1
CASSLVDPLNYGYTF	1
CASSLVTGELFF	1
CASSLVSGSSYNEQFF	1
CASSLVGRVGEKLFF	1
CASSLVDRGTMNTEAFF	1
CASSLVEGQTSPLHF	1
CASSLAWGGLNTEAFF	1
CASSLALSRGLQEKLFF	1
CASSLAGFNTEAFF	1
CASSLAKGQASMNTEAFF	1
CASSLAFRDNSYNEQFF	1
CASSLASVSYEQYF	1
CASSLASEDNEQFF	1
CASSLASGFTDTQYF	1
CASSLAYGDPWRKLFF	1
CASSLALNSAAFF	1
CASSLAPGNEQFF	1
CASSLAPKGTDTQYF	1
CASSLAPDSYNEQFF	1
CASSLAPTGANQPQHF	1
CASSLARGGIYVTF	1
CASSLARGGRRTGELFF	1
CASSLAHSYEQYF	1
CASSLAVDRGRTDTQYF	1
CASSLAAGLAGAYEQYF	1
CASSLAASTTNTGELFF	1
CASSLAGQLNTEAFF	1
CASSLAGDGYTF	1
CASSLAGRVTEAFF	1
CASSLADMTGELFF	1
CASSLASGVFLEQFF	1
CASSLARGKAANEKLFF	1
CASSLARYKRGYTF	1
CASSLALAGMNEQFF	1
CASSLAPSLYEQYF	1
CASSLAGGKETQYF	1
CASSLAEPPRGGYTF	1
CASSLASRRADTQYF	1
CASSLASGDYGYTF	1
CASSLAWQNTEAFF	1
CASSLALGANYGYTF	1
CASSLAQLTEAFF	1
CASSLAGGYNEQFF	1
CASSLARDGYTF	1
CASSLARIGGAYEQYF	1
CASSLGSPGYTEAFF	1
CASSLGPSGEKLFF	1
CASSLGHLGTEAFF	1
CASSLGHREWAEAFF	1
CASSLGAPTDTQYF	1
CASSLGGSSYEQYF	1
CASSLGGANTEAFF	1
CASSLGGRNTIYF	1
CASSLGPGGRGTEAFF	1
CASSLGRGLGADTQYF	1
CASSLGRTALNTEAFF	1
CASSLGAAASYEQYF	1
CASSLGGGQPQHF	1
CASSLGGEQFF	1
CASSLGEGTEAFF	1
CASSLGTGVSTGELFF	1
CASSLGQLRGYGYTF	1
CASSLGQAAGLDGYTF	1
CASSLGVKGFYGYTF	1
CASSLGVPTNTGELFF	1
CASSLGATTEAFF	1
CASSLGAGMNTEAFF	1
CASSLGGPGNTIYF	1
CASSLGGTGNTIYF	1
CASSLGGTDRNYGYTF	1
CASSLGGQGFQPQHF	1
CASSLGGTYGYTF	1
CASSLGDFYNEQFF	1
CASSLGDTLNTEAFF	1
CASSLGDRENYGYTF	1
CASSLGEGVYNEQFF	1
CASSLGEGSVPYNEQFF	1
CASSLGMIQQFLYEQYF	1
CASSLGTSVYNEQFF	1
CASSLGTGFNEQFF	1
CASSLGTGGENTEAFF	1
CASSLGFVLLDTDTQYF	1
CASSLGLSANYGYTF	1
CASSLGLAGGELFF	1
CASSLGLAGETYEQYF	1
CASSLGPTSGNTIYF	1
CASSLGPRDTEAFF	1
CASSLGRMGNNEKLFF	1
CASSLGQQNTIYF	1
CASSLGQADTEAFF	1
CASSLGQGGDYEQYF	1
CASSLGAISYNEQFF	1
CASSLGGRMNTEAFF	1
CASSLGGAGSNQPQHF	1
CASSLGGGAEAFF	1
CASSLGGGAEKLFF	1
CASSLGGGGTEAFF	1
CASSLGGTSGSYEQYF	1
CASSLGDRGGNQPQHF	1
CASSLGTGANTEAFF	1
CASSLDPGQGDTEAFF	1
CASSLDHSGGNGYIF	1
CASSLDAGNTEAFF	1
CASSLDGSYTGELFF	1
CASSLDGGGQPQHF	1
CASSLDGTPYNEQFF	1
CASSLDGTSLIEQYF	1
CASSLDGQTNEKLFF	1
CASSLDIAGNSYEQYF	1
CASSLDWDPNYGYTF	1
CASSLDPGTGLFDYTF	1
CASSLDPNTEAFF	1
CASSLDGPNTEAFF	1
CASSLDGVPYEQYF	1
CASSLDGRMTDTQYF	1
CASSLDTPNYGYTF	1
CASSLDSNYGYTF	1
CASSLDRGNSPLHF	1
CASSLDRGYGYTF	1
CASSLDREADTQYF	1
CASSLDRSNYNEQFF	1
CASSLELASYETQYF	1
CASSLERTSTDTQYF	1
CASSLEQGINEQFF	1
CASSLEANTEAFF	1
CASSLEGRSTDTQYF	1
CASSLEGGTLYEQYF	1
CASSLEGWANEKLFF	1
CASSLEGYNSPLHF	1
CASSLEGVGAKNIQYF	1
CASSLEGAPYNEQFF	1
CASSLEGGDIQYF	1
CASSLEGRDQPQHF	1
CASSLEGGGPDTQYF	1
CASSLEGIRPVLNTEAFF	1
CASSLEEVNTEAFF	1
CASSLETPSTSEAFF	1
CASSLETGFNYGYTF	1
CASSLETGDQPQHF	1
CASSLEWKNEKLFF	1
CASSLEPHQPQHF	1
CASSLEPGTGNTIYF	1
CASSLERFDQPQHF	1
CASSLEQGPAEAFF	1
CASSLEANTEAFF	1
CASSLEGLGEKLFF	1
CASSLEGMSNQPQHF	1
CASSLEGSNTEAFF	1
CASSLEGNSNQPQHF	1
CASSLEGLPSFTGELFF	1
CASSLEGQGISGNTIYF	1
CASSLERKANYGYTF	1
CASSLIWGTDTQYF	1
CASSLISPAGELFF	1
CASSLMANTEAFF	1
CASSLMGADTQYF	1
CASSLMGQGSGYTF	1
CASSLTRTGNTGELFF	1
CASSLTMGGSYEQYF	1
CASSLTVNTEAFF	1
CASSLTGLPYEQYF	1
CASSLTGPDYGYTF	1
CASSLTGGQNEKLFF	1
CASSLSTSGGGEQFF	1
CASSLRANYGYTF	1
CASSLRTGFNEKLFF	1
CASSLRSAGSTSYEQYF	1
CASSLRGLNNEQFF	1
CASSLNLAAIYEQYF	1
CASSLNSFTDTQYF	1
CASSLNLLGRGTEAFF	1
CASSLNPGGTEAFF	1
CASSLLP	1
CASSLRGGGLEKLFF	1
CASSLQGAGTEAFF	1
CASSLATTNEKLFF	1
CASSLATSNEKLFF	1
CASSLGLALSYGYTF	1
CASSLGPPSGYTF	1
CASSLGQPISSNYGYTF	1
CASSLGQGYEQYF	1
CASSLGGRSSGRDEQFF	1
CASSLGGGNQPQHF	1
CASSLGTSGEQFF	1
CASSLGTSGRPDTQYF	1
CASSLDSGQDRNIQYF	1
CASSLDSSSYNEQFF	1
CASSLDTSSGNTIYF	1
CASSLEAADNTGELFF	1
CASSLMSDEKLFF	1
CASSLMDSTYEQYF	1
CASSLMTGDTEAFF	1
CASSLISNLVDTQYF	1
CASSLTSGVTDTQYF	1
CASSLTSGDTDTQYF	1
CASSLTSGSSLKHSDTQYF	1
CASSLTTDTQYF	1
CASSLTGGAGYTF	1
CASSLNRRGYTF	1
CASSSSPAYEQYF	1
CASSSHLRTYEQYF	1
CASSSQGGNTEAFF	1
CASSSGGNQPQHF	1
CASSSDGNQPQHF	1
CASSSFNRGKGYTF	1
CASSSLQGANEKLFF	1
CASSSPWTSGRAKPDNEQFF	1
CASSSPLRQGSYSEAFF	1
CASSSPGTSGIIHEQFF	1
CASSSPGGGSPLHF	1
CASSSRRQGGTDTQYF	1
CASSSRALGRENYGYTF	1
CASSSRGGVGQPQHF	1
CASSSQGGRDTEAFF	1
CASSSAAGPLYEQYF	1
CASSSAGWSGNTIYF	1
CASSSAGGINIQYF	1
CASSSAGGNEKLFF	1
CASSSGDIRSEQYF	1
CASSSGTGGNTGELFF	1
CASSSGLAPSYEQYF	1
CASSSGQTNYGYTF	1
CASSSDITTRLGYTF	1
CASSSEGHPYNEQFF	1
CASSSIGGPQPQHF	1
CASSSTQTSRNEQFF	1
CASSSTGNEQYF	1
CASSSNQPQHF	1
CASSSSGQGTDTQYF	1
CASSSAPDSRATEAFF	1
CASSSGSPGEQYF	1
CASSSGTVSLNSPLHF	1
CASSSGPGQEYEQYF	1
CASSSGQGNSPLHF	1
CASSSEPQGSNQPQHF	1
CASSSEGYSNQPQHF	1
CASSSTRVNTEAFF	1
CASSSRTVDTEAFF	1
CASSSLHGSNTEAFF	1
CASSSQVTGNTEAFF	1
CASSSGQGGMNTEAFF	1
CASSSTGTARITEAFF	1
CASSCTRALF	1
CASSWQGSTGTYDEQYF	1
CASSWGNEQFF	1
CASSWGTMNTEAFF	1
CASSWGPEQFF	1
CASSWGDREEKLFF	1
CASSWDPAPANYGYTF	1
CASSWDSMNTEAFF	1
CASSWTSQNEKLFF	1
CASSWTGGETYEQYF	1
CASSYHVPLRDPASYEQYF	1
CASSYGGADEKLFF	1
CASSYGLAVYNEQFF	1
CASSYTAGTGVNTEAFF	1
CASSYLGRGTEAFF	1
CASSYRDRGMDGYTF	1
CASSYGSREKLFF	1
CASSYGTGTTEAFF	1
CASSYDGTPELEQYF	1
CASSLWWGSQETQYF	1
CASSLLRGTEAFF	1
CASSLVRGDTEAFF	1
CASSLWTGTEAFF	1
CASSLLRGSPQETQYF	1
CASSLLGDSEKGYTF	1
CASSLPAGGDTGELFF	1
CASSLPGTGGPEGYTF	1
CASSLRDRDSYEQYF	1
CASSLILAVSSYEQYF	1
CASSLRVTYNQPQHF	1
CASSLRELRADTQYF	1
CASSLKFADSYEQYF	1
CASSLRQGWDEAFF	1
CASSLTANQPQHF	1
CASSLRTASLNYGYTF	1
CASSLRTGDQYEQYF	1
CASSLNRGRDEQYF	1
CASSLYPDRDEKLFF	1
CASSLLAAQETQYF	1
CASSLQGQDGYTF	1
CASSLGQGDQPQHF	1
CASSLGSEQYF	1
CASSLTPLTGGIADTQYF	1
CASSLTSRETQYF	1
CASSLTYLSETSNQPQHF	1
CASSLTGPLLTDTQYF	1
CASSLNAGNTEAFF	1
CASSPYIPDTEAFF	1
CASSPPAGYEQYF	1
CASSPGEFGGYRHRQDEKLFF	1
CASSPGTSGRASSYNEQFF	1
CASSPGLAYEQYF	1
CASSPMGDTRGFAGELFF	1
CASSPTRFNTEAFF	1
CASSPFTAVDTQYF	1
CASSPSPGQSTEAFF	1
CASSPWTGGATVEAFF	1
CASSPYRGRNEKLFF	1
CASSPYPTGEQYF	1
CASSPLSQRGNEQFF	1
CASSPLPNKGPYNEQFF	1
CASSPLAAGTDTQYF	1
CASSPPSGRDWNNEQFF	1
CASSPPANEQFF	1
CASSPPGDSPLHF	1
CASSPPTGWNTEAFF	1
CASSPPGRGLYEQYF	1
CASSPPGGGGTGELFF	1
CASSPRIQAYGYTF	1
CASSPRTGDNSPLHF	1
CASSPRADNTEAFF	1
CASSPHGGRGTEQYF	1
CASSPQPPGKYGYTF	1
CASSPQAGGDYEQYF	1
CASSPQTLRDEQYF	1
CASSPAGTDEAFF	1
CASSPGGTGGITEAFF	1
CASSPGPLEGGNIQYF	1
CASSPGPHRGGYGYTF	1
CASSPGVGIPGELFF	1
CASSPGTSGRIYNEQFF	1
CASSPGTAEFWWEKLFF	1
CASSPGLILNTEAFF	1
CASSPGPFGTYEQYF	1
CASSPGQSYGYTF	1
CASSPGQLAGTSYNEQFF	1
CASSPGRGVYNEQFF	1
CASSPDRTNYGYTF	1
CASSPSIGGGIYNEQFF	1
CASSPRDMGSPLHF	1
CASSPRQENSPLHF	1
CASSPNGYPEEILNTEAFF	1
CASSPKAGASGIPYEQYF	1
CASSPPNRGWRTNTGELFF	1
CASSPRQGDHTGELFF	1
CASSPRGDSSYNEQFF	1
CASSPVISNQPQHF	1
CASSPAPGNSLYEQYF	1
CASSPAGTVDGYTF	1
CASSPAEGAYGYTF	1
CASSPAGNTGELFF	1
CASSPGAGGLNIQYF	1
CASSPGLTGDTQYF	1
CASSPGLASSYNEQFF	1
CASSPGPLKQPQHF	1
CASSPGQLFYGYTF	1
CASSPGQGIADTQYF	1
CASSPGQGSNQPQHF	1
CASSPGQGNTEAFF	1
CASSPDEKLFF	1
CASSPDGPDGYTF	1
CASSPDRAWEKLFF	1
CASSPDRGRGNTIYF	1
CASSPEYRGTEAFF	1
CASSPIRTGGDVRNTEAFF	1
CASSPTSGSYEQYF	1
CASSPTSGPSYNEQFF	1
CASSPTGAINEKLFF	1
CASSPTGDPNSPLHF	1
CASSPTGKEEQFF	1
CASSPTDPSTDTQYF	1
CASSPNVGGYEQYF	1
CASSPFTGARTDTQYF	1
CASSPWGEAGRADTQYF	1
CASSPPPGQPNTEAFF	1
CASSPPGPPKQQYF	1
CASSPAAWDGEAFF	1
CASSPAAGRPSGYTF	1
CASSPGLSSTDTQYF	1
CASSPGPPVGNQPQHF	1
CASSPGGPDYGYTF	1
CASSPGGGYGYTF	1
CASSPGWGIRSPLHF	1
CASSPGLLSSYNEQFF	1
CASSPDRATSGNTIYF	1
CASSPIWDRSGEKLFF	1
CASSPRDSGNTIYF	1
CASSPRDSGSSGNQPQHF	1
CASSPKTGMESYEQYF	1
CASSPKGGTEAFF	1
CASSRYGPAGNYNEQFF	1
CASSRLPSGGSTEAFF	1
CASSRGTSGNADTQYF	1
CASSRGQGGYGYTF	1
CASSRGQGGYGYTF	1
CASSRSGGSGNQPQHF	1
CASSRSGLAGYNEQFF	1
CASSRPGMGTEAFF	1
CASSRRDRGNQPQHF	1
CASSRGTLASDTQYF	1
CASSREGRPDGYTF	1
CASSRETGTNEKLFF	1
CASSRIGATNEKLFF	1
CASSRSEDRLYEQYF	1
CASSRKGRDRNEKLFF	1
CASSRSPVSRGTMDTEAFF	1
CASSRVRASNSPLHF	1
CASSRAGTRSSDTQYF	1
CASSRGPDRESYNEQFF	1
CASSRGDSPLHF	1
CASSRGLAGDEQYF	1
CASSRGQGTSNEQFF	1
CASSRDSSSYNSPLHF	1
CASSRDRENDGYTF	1
CASSRDRGITDTQYF	1
CASSREGSGETQYF	1
CASSRTSGSTYEQYF	1
CASSRTVDTDTQYF	1
CASSRTGPNTGELFF	1
CASSRTGGASDEQYF	1
CASSRTGSTGELFF	1
CASSRFHSSGSNQPQHF	1
CASSRGQIYTEAFF	1
CASSRDGDIYEQYF	1
CASSRDGAYEQYF	1
CASSRIWTEVNEKLFF	1
CASSRILQGNTEAFF	1
CASSRSGGGYNEQFF	1
CASSHSPVQDTQYF	1
CASSHSVFGNEKLFF	1
CASSHLPHRVEAFF	1
CASSHPTKRNYGYTF	1
CASSHRRVHFYGNQPQHF	1
CASSHRQGANNEQFF	1
CASSHQGVGSTEAFF	1
CASSHGPTYNSPLHF	1
CASSHGPGQGSPEAFF	1
CASSHTGGTSEAFF	1
CASSHFYWRDPGAKNIQYF	1
CASSHLAATSYNEQFF	1
CASSHLDRDDEKLFF	1
CASSHLSSGTDTQYF	1
CASSHPTANYGYTF	1
CASSHRLTGTGGSGNTIYF	1
CASSHVVWRDRGEKLFF	1
CASSHVEAGGWNTEAFF	1
CASSHVQENSNQPQHF	1
CASSHATGGEQFF	1
CASSHGGNEQFF	1
CASSHTGEVENIQYF	1
CASSQLQSNQPQHF	1
CASSQSPYNEQFF	1
CASSQSQSGTPQFF	1
CASSQYRRRGYMNTEAFF	1
CASSQPTGRNQPQHF	1
CASSQPTGSAGELFF	1
CASSQQTANTGELFF	1
CASSQVNRGEKLFF	1
CASSQVPSNNQPQHF	1
CASSQASGVNEKLFF	1
CASSQAPTGLDSPLHF	1
CASSQALTDTQYF	1
CASSQAGTSRVDEQFF	1
CASSQAVASYEQYF	1
CASSQATGTGNEKLFF	1
CASSQGRDSPLHF	1
CASSQGFSYEQYF	1
CASSQGGLYNEQFF	1
CASSQGRGFNIQYF	1
CASSQGEFPYNEQFF	1
CASSQGTQTSGRGNEQFF	1
CASSQGTPDYGYTF	1
CASSQGGSGQEGQPQHF	1
CASSQDLSRTGTEPQHF	1
CASSQDASDTAYNSPLHF	1
CASSQDGLPYTDTQYF	1
CASSQDSNQPQHF	1
CASSQELTVRREKLFF	1
CASSQEPGPGGTNEQFF	1
CASSQEQGYNSPLHF	1
CASSQIRGRDYGYTF	1
CASSQTSGRALAKNIQYF	1
CASSQTFDSHYGYTF	1
CASSQTGQVYGYTF	1
CASSQTAIMVFNEKLFF	1
CASSQSGSEGETQYF	1
CASSQRLGLYEQYF	1
CASSQRTGGRAFF	1
CASSQNDRGDQPQHF	1
CASSQNRDRVGGYTF	1
CASSQNTVRGEKLFF	1
CASSQKETGPTTEAFF	1
CASSQFSAGGIDTQYF	1
CASSQFVGAEQFF	1
CASSQFTGPTEAFF	1
CASSQFLGTGAFSGELFF	1
CASSQFARTNTEAFF	1
CASSQFGGNGNEQFF	1
CASSQFDRGRLGREKLFF	1
CASSQLLRDSSYEQYF	1
CASSQSLAGDTGELFF	1
CASSQSPAAYGYTF	1
CASSQYGGSSYNEQFF	1
CASSQYRAPNSPLHF	1
CASSQLSGPLHSKDLSGNTIYF	1
CASSQLAVGNEQFF	1
CASSQLGWDQPQHF	1
CASSQPPGGGQYF	1
CASSQPSSPLHF	1
CASSQPGPDEQFF	1
CASSQRSPFANQPQHF	1
CASSQRPGGVNTEAFF	1
CASSQRVEVREQYF	1
CASSQRTGYNEKLFF	1
CASSQQALDEQYF	1
CASSQQGPRSYEQYF	1
CASSQVFTSGTSYEQYF	1
CASSQVSGTYEKLFF	1
CASSQVLGLGREAFF	1
CASSQVPILGGYTF	1
CASSQVAAWGKRESQQYF	1
CASSQVGSQERYNEQFF	1
CASSQVMGGGQPQHF	1
CASSQVQVSTDTQYF	1
CASSQVVVDRGQNIQYF	1
CASSQVADRNHYGYTF	1
CASSQVGGFGPQHF	1
CASSQVTGDNSPLHF	1
CASSQVPGMDTEAFF	1
CASSQVRSSGMYNEQFF	1
CASSQVNRRDEKLFF	1
CASSQVKDIAGNTIYF	1
CASSQVLGGGYGYTF	1
CASSQVLGRASDTQYF	1
CASSQVGLAKNIQYF	1
CASSQVRPSYRPQYYGYTF	1
CASSQALLGELSPLHF	1
CASSQAQSGRNEKLFF	1
CASSQAGEAEQYF	1
CASSQARTETQYF	1
CASSQAQPYSNQPQHF	1
CASSQAVAGTEAFF	1
CASSQAGSYEAFF	1
CASSQADRGGNEKLFF	1
CASSQATTLMNTEAFF	1
CASSQANRGGDTEAFF	1
CASSQAARGQWDYGYTF	1
CASSQAGVTEAFF	1
CASSQAEGYSNQPQHF	1
CASSQAKINYGYTF	1
CASSQALAGTNTGELFF	1
CASSQAGVGEKLFF	1
CASSQGLTTTNEKLFF	1
CASSQGWTGGAKQYF	1
CASSQGLAAYNEQFF	1
CASSQGPETDTEAFF	1
CASSQGHTDTEAFF	1
CASSQGQADYGYTF	1
CASSQGLAGEQYF	1
CASSQGPVTSGRYNEQFF	1
CASSQGPAGGPRDTQYF	1
CASSQGGGYEQYF	1
CASSQGWGSSYEQYF	1
CASSQGYGAYEQYF	1
CASSQGPRQGSGYTF	1
CASSQGVSGISPYNEQFF	1
CASSQGVQGLNEKLFF	1
CASSQGAPPRLVGTGELFF	1
CASSQGAGTEAFF	1
CASSQGGALSDEQYF	1
CASSQGGNGYTF	1
CASSQGGGIQGYGYTF	1
CASSQGEYNSPLHF	1
CASSQGTSGTRELFF	1
CASSQGTAPNYGYTF	1
CASSQGTGGNQPQHF	1
CASSQGTESVDTGELFF	1
CASSQGTSLDQPQHF	1
CASSQGRGEETQYF	1
CASSQGNKGFPDTQYF	1
CASSQGFRVGNQPQHF	1
CASSQGLAGVNEQFF	1
CASSQGPGELANEKLFF	1
CASSQGQHYNSPLHF	1
CASSQGQVSYGYTF	1
CASSQGQGLAKNIQYF	1
CASSQGQGASNQPQHF	1
CASSQGGGGGPQPQHF	1
CASSQGGIYTEAFF	1
CASSQGGAELNTEAFF	1
CASSQGDGRQGQPQHF	1
CASSQGIRGQGQETQYF	1
CASSQGRLPAYEQYF	1
CASSQDFGTGNQPQHF	1
CASSQDLGTNSYEQYF	1
CASSQDLGQGTYEQYF	1
CASSQDSLRNSPLHF	1
CASSQDSPGQGYGSYNSPLHF	1
CASSQDSASGYNEQFF	1
CASSQDSRGGEAFF	1
CASSQDWSAGNTIYF	1
CASSQDWQGPNEKLFF	1
CASSQDWAVYYEQYF	1
CASSQDWGENYEQYF	1
CASSQDWGPVNTEAFF	1
CASSQDWGSSYNEQFF	1
CASSQDWGRRVEAFF	1
CASSQDYGWLTYEQYF	1
CASSQDLLAGGSYNEQFF	1
CASSQDLGIPLHF	1
CASSQDLGHPGGPAEPSNSPLHF	1
CASSQDLGETQYF	1
CASSQDLTSGRFNEQFF	1
CASSQDLSGYTEAFF	1
CASSQDPTGKRGNTIYF	1
CASSQDPSSGNTIYF	1
CASSQDPRGQPQHF	1
CASSQDPRDQPQHF	1
CASSQDPPQALPEAFF	1
CASSQDPTNYNSPLHF	1
CASSQDPSYSNYGYTF	1
CASSQDPGASAGELFF	1
CASSQDRQGQEQYF	1
CASSQDRTGFPNSPLHF	1
CASSQDRSLGDYGYTF	1
CASSQDRRGNTIYF	1
CASSQDRGTGFNEKLFF	1
CASSQDRMGGRGGYTF	1
CASSQDRRGRLTEAFF	1
CASSQDHQGIGGYTF	1
CASSQDHGGNEQFF	1
CASSQDQDRVIPDTQYF	1
CASSQDVRGIGEAFF	1
CASSQDVDSSFSYNSPLHF	1
CASSQDAPGGESNEQYF	1
CASSQDAQGGDQPQHF	1
CASSQDGAPTASEKLFF	1
CASSQDGGTLTDTQYF	1
CASSQDGFQPQHF	1
CASSQDGLAGGYEQFF	1
CASSQDGGTGWQPQHF	1
CASSQDGTGDNTIYF	1
CASSQDGGRVSYEQYF	1
CASSQDDLRTPFGYTF	1
CASSQDDNEKLFF	1
CASSQDEVTDTQYF	1
CASSQDESTIIYEQYF	1
CASSQDMAGRGNTEAFF	1
CASSQDIGFGYGYTF	1
CASSQDTRTGLKLFF	1
CASSQDTNTEAFF	1
CASSQDRLAPTYEQYF	1
CASSQDRRTLTFRTDTQYF	1
CASSQDRGITEAFF	1
CASSQDRGSSYNSPLHF	1
CASSQDRTEAFF	1
CASSQDRTGRMNEQFF	1
CASSQDRRTHSGNTIYF	1
CASSQDFYNEQFF	1
CASSQDSGTNSGNTIYF	1
CASSQDPLGTGEAFF	1
CASSQDPNSGNTIYF	1
CASSQDPLRNNEQFF	1
CASSQDPGNEQYF	1
CASSQDPDGTDTQYF	1
CASSQDQAMDTQYF	1
CASSQDVRGEKLFF	1
CASSQDGARYYNEQFF	1
CASSQDGGRIETQYF	1
CASSQDGTIVSGRNIQYF	1
CASSQDRGLAEAFF	1
CASSQELPGGETQYF	1
CASSQELAGEETQYF	1
CASSQELGGQGVISSYEQYF	1
CASSQEPSGMDEQYF	1
CASSQEPSSTDTQYF	1
CASSQEVNSPLHF	1
CASSQEARQPQHF	1
CASSQEAPGQGYFGYTF	1
CASSQEATRASKGYTF	1
CASSQEGRMNTEAFF	1
CASSQEDRQRDGYTF	1
CASSQEDRDGGEAFF	1
CASSQEDRKYNSPLHF	1
CASSQEEGLAIYEQYF	1
CASSQEIGTATLDTIYF	1
CASSQETSGAVHEQYF	1
CASSQETGDFATNEKLFF	1
CASSQERGAYNSPLHF	1
CASSQEFIMTGLGTNYGYTF	1
CASSQESRAGEQYF	1
CASSQEPPEREGLHEQYF	1
CASSQEPGMKLFF	1
CASSQEPDSGNTIYF	1
CASSQEHRSGGNYGYTF	1
CASSQEGVGALNTEAFF	1
CASSQEGRPSYNEQFF	1
CASSQEGGGAVYGYTF	1
CASSQEDGGNYGYTF	1
CASSQEIGGRSDGYTF	1
CASSQETGLKRETQYF	1
CASSQERTVAFGSPLHF	1
CASSQEKAGVGQFF	1
CASSQILGRAYEQYF	1
CASSQIRRAGYGYTF	1
CASSQMGRGPAFF	1
CASSQIPGLKGSGNTIYF	1
CASSQIPTGVSNTEAFF	1
CASSQTPGPSPQPQHF	1
CASSQTSSRGNYGYTF	1
CASSQTARAGNTIYF	1
CASSQTRQGNYTF	1
CASSQTQGTVMNTEAFF	1
CASSQTALNSNYGYTF	1
CASSQTENTEAFF	1
CASSQSPASGRYEQFF	1
CASSQSPGGTDQPQHF	1
CASSQSRAYTEAFF	1
CASSQRYRGLSNQPQHF	1
CASSQRTGPTDTQYF	1
CASSQNSVAGYTF	1
CASSQNLAGDYGYTF	1
CASSQNEDSIYEQYF	1
CASSVRDSTYEQYF	1
CASSVNRGDGYTF	1
CASSVDTNQPQHF	1
CASSASGTNYEQYF	1
CASSAGLLLGDQPQHF	1
CASSAGTANYGYTF	1
CASSANRGSSYNEQFF	1
CASSAQPEETQYF	1
CASSATDPSNQPQHF	1
CASSAESGGTEAFF	1
CASSGGQGRTEAFF	1
CASSGDSQETQYF	1
CASSGRGNTGELFF	1
CASSGGWGLADYNEQFF	1
CASSGTTNTGELFF	1
CASSGPGQGADTQYF	1
CASSGPGQGLNTEAFF	1
CASSGTAYEQYF	1
CASSGTTGYTEAFF	1
CASSGKTSGAYEQYF	1
CASSDSGPRWNTEAFF	1
CASSDPAGLAGAWNEQFF	1
CASSDQEGGTEAFF	1
CASSDQGALNEQFF	1
CASSDGGAGNTIYF	1
CASSEGPTNEKLFF	1
CASSEGVLGDTEAFF	1
CASSEGAGQPQHF	1
CASSEDGTAPYEQYF	1
CASSEDRHLNTIYF	1
CASSETVAGNTIYF	1
CASSEQGWGTEAFF	1
CASSIIAGNTDTQYF	1
CASSIRQRGNGGGYTF	1
CASSMGLAGLSEQFF	1
CASSMTARGNTEAFF	1
CASSMRSTSGSPGELFF	1
CASSIQGNTEAFF	1
CASSIGTGRSYEQYF	1
CASSIGSPYNEQFF	1
CASSIDGSNQPQHF	1
CASSTYDRSNQPQHF	1
CASSTRTGEAFF	1
CASSTGDSYNQPQHF	1
CASSTGTSGPEETQYF	1
CASSTGTDTEAFF	1
CASSTGRSYTF	1
CASSTGQGVGNEKLFF	1
CASSTYRQTDNTEAFF	1
CASSTDTTNYGYTF	1
CASSTLTPEADTQYF	1
CASSTVAGVDEQFF	1
CASSTGTASGNTIYF	1
CASSRTRDPYEQYF	1
CASSRLAASGNEQFF	1
CASSRQGLNTEAFF	1
CASSRQGVDSGNTIYF	1
CASSRTGGPYEQYF	1
CASSNPSGSGNTIYF	1
CASSNVGDGGYTF	1
CASSNGGVYNEQFF	1
CASSKDRRSSYNEQFF	1
CASSKDREAYGYTF	1
CASSKTGGSYEQYF	1
CASSKGNQGGEAFF	1
CASRSNYEQYF	1
CASRSGTSGNEQFF	1
CASRPWPTGTNTEAFF	1
CASRPTGTGVTEQYF	1
CASRPQGAQNAELFF	1
CASRRWYSGTYEQYF	1
CASRQTGGGNTEAFF	1
CASRVGQPNTEAFF	1
CASRAGTGGYGYTF	1
CASRADSNQPQHF	1
CASRGASGPLDTQYF	1
CASRGTYTGELFF	1
CASRTSGVYNEQFF	1
CASRNRDSPYMNTEAFF	1
CASRNGLGHQPQHF	1
CASRKAGGNTEAFF	1
CASRPRTGGEDTDTQYF	1
CASRPGTGNQPQHF	1
CASRTGTNSYNEQFF	1
CASRTGFSEAFF	1
CASRTGGTGELFF	1
CASRSTTNEKLFF	1
CASRKDLTSEQFF	1
CASNVGDVNEQFF	1
CASNENLDTEAFF	1
CASNLGTGSYEQYF	1
CASNPRAGTDTQYF	1
CASNRAGDGNEQFF	1
CASKLRTTSNEQFF	1
CASKVGAGDEKLFF	1
CASKTDRVGTEAFF	1
CANPDRAGLDQPQHF	1
CANSQVAGATDTQYF	1
CIGQGARHTEAFF	1
CIGLEGHNSPLHF	1
CTSGKWVVNEQFF	1
CTVGQPNEKLFF	1
CSSGPNYEQYF	1
CSCPSRNYNEQFF	1
CSYTDRGIYGYTF	1
CSYQLVAGGEQYF	1
CSPLGLERYEQYF	1
CSPLAGPSSDTQYF	1
CSPQLCRGASGRQTKNIQYF	1
CSHLGVEMENYTF	1
CSVGVRLAGYDEQFF	1
CSVGAGNSAEAFF	1
CSVEIGRNTGELFF	1
CSVSGRDRTDTQYF	1
CSVNRLRPNEKLFF	1
CSVRGGTGGSYEQYF	1
CSVAGRVDQPQHF	1
CSVEQISSYNSPLHF	1
CSAFDRRNNQPQHF	1
CSAFRQGGFTEAFF	1
CSALAGDLQETQYF	1
CSASSGRDYNEQFF	1
CSASWAAEAFF	1
CSASRGPNEKLFF	1
CSASRTGTARQPQHF	1
CSASDRGRTGELFF	1
CSAWQTYNEQFF	1
CSAWTSGRRGSYEQYF	1
CSAWKRSREQYF	1
CSALPSGRALGQYF	1
CSALQGQGAHF	1
CSALQGTLAEAFF	1
CSALADGGHTEAFF	1
CSALGRSNYGYTF	1
CSALNRAEGNTIYF	1
CSAPPYTF	1
CSAPPRTSGSHTGELFF	1
CSAPDKTSNQPQHF	1
CSAPWGNEQFF	1
CSAPRLADSYNEQFF	1
CSAPGAYDEKLFF	1
CSAPGLAEDTDTQYF	1
CSAPRPPRDYEQYF	1
CSAPKELQAVRTF	1
CSAPPGGNQPQHF	1
CSARMTGPNYGYTF	1
CSARRDGNQPQHF	1
CSARRQIAGSYEQYF	1
CSARSGFFETQYF	1
CSARVAGGVNQPQHF	1
CSARDRNTEAFF	1
CSARDRGREQYF	1
CSARTSGRARGKNIQYF	1
CSARTAYEQYF	1
CSARGAGPLTDTQYF	1
CSARRAGMYEAFF	1
CSAHHSPTEVEQFF	1
CSAHRQGATEAFF	1
CSAHRPWEWDTGELFF	1
CSAQPRVVETQYF	1
CSAQQGVRRGYTF	1
CSAQIGQGVTEAFF	1
CSAQTEADYEQYF	1
CSAVRISTNEKLFF	1
CSAVDRVRTQSYEQYF	1
CSAAIQGSAAEAFF	1
CSAARGDQPQHF	1
CSAAGENEQYF	1
CSAAKEFRESSYNSPLHF	1
CSAAQEKLFF	1
CSAAGEDQPQHF	1
CSAGRRETQYF	1
CSAGRYEQYF	1
CSAGRNSNTEAFF	1
CSAGSAEQETQYF	1
CSAGGGRSYGYTF	1
CSAGDSSYNSPLHF	1
CSAGDRSAEAFF	1
CSAGTGGGETQYF	1
CSAGYPGQPQHF	1
CSAGVIQGGSNQPQHF	1
CSAGRGPQPQHF	1
CSADQTYRGLKQFF	1
CSADSNSGQLTYEQYF	1
CSADLHNEQFF	1
CSAEAANYGYTF	1
CSAEGGRPYEQYF	1
CSAEMNTEAFF	1
CSAIAGTGVSPLHF	1
CSAISGRVADTQYF	1
CSAISGSNGNTIYF	1
CSAMGQQNTEAFF	1
CSAMDRESNYGYTF	1
CSATPVPLTGAFF	1
CSATEPDTNTEAFF	1
CSATSWDSPNTEAFF	1
CSATSPGVGTDTQYF	1
CSATLPGSYGYTF	1
CSATPHRGLSNTEAFF	1
CSATPTGVRGYTF	1
CSATRTVEETQYF	1
CSATRNQNGNQPQHF	1
CSATHRTGGMDEQYF	1
CSATQGRGSTEAFF	1
CSATAGVSPLHF	1
CSATDRSSYNSPLHF	1
CSATVRGQDLYEQYF	1
CSATQGSVDGYTF	1
CSATGFVNTEAFF	1
CSATGMGTEAFF	1
CSATSHTELYGYTF	1
CSASSPYNSPLHF	1
CSASSGYSNQPQHF	1
CSASLQRTETQYF	1
CSASLRPTYEQYF	1
CSASPLNQPQHF	1
CSASPGLTNTEAFF	1
CSASPGLRGSTIRLGYF	1
CSASPGEAQPQHF	1
CSASPLDGEKLFF	1
CSASPQGSNQPQHF	1
CSASRQDNYGYTF	1
CSASRGGALNQPQHF	1
CSASRSGRSNTEAFF	1
CSASRGGTGNTIYF	1
CSASRQGSIDTEAFF	1
CSASHSNYGYTF	1
CSASQGSGWDTEAFF	1
CSASVDGGDTEAFF	1
CSASVRRAGSNQPQHF	1
CSASGQYF	1
CSASGGLTTNSPLHF	1
CSASGGLGDEQFF	1
CSASEDSNQPQHF	1
CSASEDTMNTEAFF	1
CSASMVYYEQYF	1
CSASTGFHYNEQFF	1
CSASTGSFQPQHF	1
CSASTGGDYEQYF	1
CSASSSSGSSYNEQFF	1
CSASRVGTEAFF	1
CSASREETNYGYTF	1
CSASRSEKLFF	1
CSASRGRTAMNTEAFF	1
CSASKLAAAYEQYF	1
CSASKGPGTQYGYTF	1
CSASKRATEAFF	1
CSASLLGASGNTIYF	1
CSASSGGYGYTF	1
CSASSGTVNEKLFF	1
CSASSMWEINTGELFF	1
CSASSSWGRYGYTF	1
CSASYRRYGYTF	1
CSASLGAEDTQYF	1
CSASPYLATQSYNEQFF	1
CSASPTGRVGSPLHF	1
CSASPTEHGYTF	1
CSASPSFRETNYGYTF	1
CSASPGLGLPAGYTF	1
CSASPGLAGGTQYF	1
CSASPPGQSTEAFF	1
CSASPGGLLNTIYF	1
CSASRDRVTDTQYF	1
CSASHTRGTEAFF	1
CSASQGGKYGYTF	1
CSASVTGQMETQYF	1
CSASVRTGLYGYTF	1
CSASGGGEQGYGYTF	1
CSASGSENYGYTF	1
CSASGHNQPQHF	1
CSASDFGGSGNTIYF	1
CSASDPTSGTDTQYF	1
CSASDRRGRSNQPQHF	1
CSASEDRPYGYTF	1
CSASMASDYEQYF	1
CSASTPGIGTEAFF	1
CSASTGSYGYTF	1
CSASNEEPQGVSPLHF	1
CSASKDQARSTQYF	1
CSARSHQAGDYEQYF	1
CSARSTSGSVYNEQFF	1
CSARLQGLMGQPQHF	1
CSARPLGDHGYTF	1
CSARPGTGWTEAFF	1
CSARPVHSNQPQHF	1
CSARPANRVTEAFF	1
CSARRQVGEENIQYF	1
CSARVPSGFEAFF	1
CSARVGRTPGNEQFF	1
CSARVGQGNTEAFF	1
CSARAARGQPQHF	1
CSARAGTPGTEAFF	1
CSARAGTGNQPQHF	1
CSARAIHGFNEKLFF	1
CSARGSSHTEAFF	1
CSARGLVDEKLFF	1
CSARGRANYGYTF	1
CSARGQYNQPQHF	1
CSARGDTYSGNTIYF	1
CSARGDREWDTEAFF	1
CSARGDRENTEAFF	1
CSARGDRMNTEAFF	1
CSARGQGSYNSPLHF	1
CSARDSSRSGNTIYF	1
CSARDWGNEQFF	1
CSARDPTGTGLSPLHF	1
CSARDAGEAYGYTF	1
CSARDSNQPQHF	1
CSARDRSTQAFF	1
CSARDRAYGYTF	1
CSARDRGLALHF	1
CSARETGVTEAFF	1
CSARMGNTEAFF	1
CSARTSGKNTGELFF	1
CSARTGGYNSPLHF	1
CSARSPNQPQHF	1
CSARRPSGNTIYF	1
CSARRGGAGNTIYF	1
CSARRGDTQYF	1
CSARRTGLKTEAFF	1
CSARRGRNTEAFF	1
CSARKRTGGGGEKLFF	1
CSARLGGQRYNSPLHF	1
CSARLTGGWDQPQHF	1
CSARSNYEQYF	1
CSARSREADGKLFF	1
CSARSQPRLAGDLITDTQYF	1
CSARSGYYSNQPQHF	1
CSARSGSYGYTF	1
CSARSIIGELFF	1
CSARSSGSFYEQYF	1
CSARWDTEAFF	1
CSARYGGWTEAFF	1
CSARYVGGQPQHF	1
CSARLPFYGNTIYF	1
CSARLAGSYNEQFF	1
CSARLRTGEYTEAFF	1
CSARLVDTGELFF	1
CSARPGLAGTGDEQFF	1
CSARPPGPHTGELFF	1
CSARPPGGEKLFF	1
CSARPRGGVRQPQHF	1
CSARPRTSGRSQIRVTQYF	1
CSARPTGGRAFF	1
CSARRQGIEQYF	1
CSARRQAVYNEQFF	1
CSARRTSGLNTGELFF	1
CSARHPLGYEQYF	1
CSARHDTEAFF	1
CSARQGRGAFF	1
CSARQGGQPQHF	1
CSARQNRGQSQPQHF	1
CSARQSMGRGNSPLHF	1
CSARVSGGYQPQHF	1
CSARVQEANYGYTF	1
CSARVVGITNEKLFF	1
CSARVGGLMEQYF	1
CSARVRAPYGYTF	1
CSARVPGSPGEQYF	1
CSARVPAGVRQETQYF	1
CSARVQGSNQPQHF	1
CSARVVSSYEQYF	1
CSARVGIEGQQYF	1
CSARVPGVGNIQYF	1
CSARVVLGQPQHF	1
CSARVDRVTGYTF	1
CSARVMGTTGELFF	1
CSARVQANTRNGYTF	1
CSARVGYSYNSPLHF	1
CSARAGSGNQPQHF	1
CSARAYLRYNEQFF	1
CSARAPRGYETQYF	1
CSARARGDTQYF	1
CSARAHRGYEQYF	1
CSARAVAAVPIPPLHF	1
CSARAVKTQYF	1
CSARAGGRRTDTQYF	1
CSARAGSTTDTQYF	1
CSARATRDTEAFF	1
CSARALDRGHSPLHF	1
CSARALDRVIGELFF	1
CSARAPIYRDGGNTIYF	1
CSARAGTTSSYEQYF	1
CSARAEDRVREKLFF	1
CSARGFGRDGDTQYF	1
CSARGSLGLDTEAFF	1
CSARGPKGTEAFF	1
CSARGVGNTEAFF	1
CSARGNTEAFF	1
CSARGSWGDNNEQFF	1
CSARGLRGRDTEAFF	1
CSARGPETYGYTF	1
CSARGAGVYEQYF	1
CSARGGRDFYNSPLHF	1
CSARGREGRNSPLHF	1
CSARGSGHQPQHF	1
CSARGSNRATEAFF	1
CSARGLVTGTQYF	1
CSARGVLVDEAFF	1
CSARGAGDYGYTF	1
CSARGGTGSGYTF	1
CSARGGTSGFSYEQYF	1
CSARGTGLPYEQYF	1
CSARGNQGALGTEAFF	1
CSARGPSEREQYF	1
CSARGQLMNTEAFF	1
CSARGDSDYEQYF	1
CSARGKRERYEQYF	1
CSARDSNSRQPQHF	1
CSARDWDVYGYTF	1
CSARDWDSNNSPLHF	1
CSARDYKGPAEKLFF	1
CSARDYQRENNEQFF	1
CSARDLAGRGPDTQYF	1
CSARDLRLDYEQYF	1
CSARDLKFGEASWEKLFF	1
CSARDLQEHNYGYTF	1
CSARDLGAAGNTIYF	1
CSARDLVWALNSPLHF	1
CSARDPRGERTSGRGDEQFF	1
CSARDPGTSVNNEQFF	1
CSARDPRRTYSNQPQHF	1
CSARDPRGSNQPQHF	1
CSARDPGKNTEAFF	1
CSARDPDRDNEKLFF	1
CSARDPTGRGEAFF	1
CSARDRLGNRSF	1
CSARDRGGPYNEQFF	1
CSARDRGHQETQYF	1
CSARDRNRGNEKLFF	1
CSARDRSYSPLHF	1
CSARDRGGRDRVSGNTIYF	1
CSARDHGGAEQFF	1
CSARDQGSFEKLFF	1
CSARDQGGHRGPDYGYTF	1
CSARDVSGYGYTF	1
CSARDVGSDEAFF	1
CSARDVRQGQNTEAFF	1
CSARDAGGQNEQFF	1
CSARDAGGDMSYTF	1
CSARDARGSKNIQYF	1
CSARDGRPSNTEAFF	1
CSARDGGARNQPQHF	1
CSARDGGNNQPQHF	1
CSARDGGQAYGYTF	1
CSARDGLAAQETQYF	1
CSARDGALYGYTF	1
CSARDDENSPLHF	1
CSARDDSLIIDEQFF	1
CSARDDRVITEAFF	1
CSARDESESPGTEAFF	1
CSARDMRVSGIGEQFF	1
CSARDMGTGVTGELFF	1
CSARDMDRVYGYTF	1
CSARDIGEGTTNEKLFF	1
CSARDTTNYGYTF	1
CSARDSRRRGYGYTF	1
CSARDRAGIYNSPLHF	1
CSARDRGTNQPQHF	1
CSARDRGLMGAAF	1
CSARDRTKASYGYTF	1
CSARDNRVDGFSGNTIYF	1
CSARDNRISQQTQYF	1
CSARDKPGGGYTF	1
CSARDLTGDQPQHF	1
CSARDPILAGGHPYNEQFF	1
CSARDPNTEAFF	1
CSARDPGVRSPLHF	1
CSARDPRRSPHEQYF	1
CSARDRDRSTYEQYF	1
CSARDHGGPNYGYTF	1
CSARDARLFSYEQYF	1
CSARDRGSSEKLFF	1
CSARDRDAGYTF	1
CSARESDGLNTEAFF	1
CSAREPPGSSGNTIYF	1
CSARERAYNEQFF	1
CSAREGLRGRARNEQFF	1
CSAREGASGNTIYF	1
CSAREGTLHEQFF	1
CSARERGNYNSPLHF	1
CSARELQGLGNQPQHF	1
CSAREWGGVKNTEAFF	1
CSAREWGQAFSYEQYF	1
CSAREPATFYGYTF	1
CSAREPDGRRNTEAFF	1
CSAREPGRTQPQHF	1
CSAREALNEKLFF	1
CSAREAGMNTEAFF	1
CSAREGDRGSAEAFF	1
CSARMRPGQSTTNQPQHF	1
CSARTYSYNSPLHF	1
CSARTGLGSSYTF	1
CSARTGTGSYGYTF	1
CSARTDRVDYGYTF	1
CSARTSDRANSPLHF	1
CSARTGGNYGYTF	1
CSARSLGGTEKLFF	1
CSARSSWGTGQNSPLHF	1
CSARRSLAGEGNYNEQFF	1
CSARRPGTGGETQYF	1
CSARRKGGTSNQPQHF	1
CSARNGQAPRTEAFF	1
CSARKPANYGYTF	1
CSARKAGGNQPQHF	1
CSARKGSAGNTIYF	1
CSARKTAWVNSPLHF	1
CSANWREAFF	1
CSANYGSNQPQHF	1
CSANRLAELGDTQYF	1
CSANSGTGPYEQYF	1
CSANPGTGAFAYEQYF	1
CSANPGRDQPQHF	1
CSANRREGRETQYF	1
CSANVRAQGTEAFF	1
CSANGIEWEGAEQFF	1
CSANREGYTF	1
CSAKGPSNEKLFF	1
CSAKDRRNTEAFF	1
CSAKSGTGVTEAFF	1
CSAKDRVGNQPQHF	1
CSAKKGTGEESPLHF	1
CSAFRDSNQPQHF	1
CSASLGRGGYGYTF	1
CSAWSASTYGYTF	1
CSAWSGRAIEQYF	1
CSAYGQGKENTEAFF	1
CSAYDRGRIYEQYF	1
CSALGPSTNEKLFF	1
CSALHSKLNTEAFF	1
CSALRAGLNTEAFF	1
CSAPARTRNTEAFF	1
CSAPAREVRTQYF	1
CSAPTKGWGTEAFF	1
CSAPSGRRFSGETQYF	1
CSAPLADGYTF	1
CSAPLLWEGRGTDTQYF	1
CSAPPARGQETQYF	1
CSAPGLAGIYEQYF	1
CSAPERVAYGYTF	1
CSAPKAGLNTGELFF	1
CSARGASGFSYNEQFF	1
CSARGRIYGYTF	1
CSARTGVGFSNQPQHF	1
CSARRGRDTEAFF	1
CSAHSGGPGNTIYF	1
CSAHDRQETQYF	1
CSAHRDHYEQYF	1
CSAVPDSNQPQHF	1
CSAAPETQAFF	1
CSAADWGSEAFF	1
CSAAVPGQGTYTF	1
CSAGTDSYEQYF	1
CSAGRVQGSSYNSPLHF	1
CSAGQGADYGYTF	1
CSAEGDMNTEAFF	1
CSAEVMGTVPYEAFF	1
CSAEGAKYSTEAFF	1
CSAIRGNQPQHF	1
CSAMGQGDYGYTF	1
CSAIGPSSYNEQFF	1
CSAITSGRASTDTQYF	1
CSAISGQPTGTEAFF	1
CSATSGSTISYNEQFF	1
CSATNPGQVNTEAFF	1
CSATGSDYEQYF	1
CSATGRPGDIQYF	1
CSATLAGTSTDTQYF	1
CSASRDRQETQYF	1
CSASGQGEGYGYTF	1
CSARGGPSDTQYF	1
CSARYGGRNTEAFF	1
CSARRDREFYGYTF	1
CSARTGPGQFF	1
CSARRQLETQYF	1
CSANPLWRDTDTQYF	1
CSAKTRTSVNQETQYF	1
CSAKGDYNEQFF	1
CSASTSTGGYNEQFF	1
CSAYNRDLSKGEKLFF	1
CSAPSSSLRRNQPQHF	1
CSARGTSEYEQYF	1
CSAQGQDYGYTF	1
CSAQKRGNQPQHF	1
CSAVTGVNTEAFF	1
CSAAPESTEAFF	1
CSAGTGSGNTIYF	1
CSAGQGNTEAFF	1
CSADRDSYEQYF	1
CSADVSGGVYNEQFF	1
CSAIRGFNQPQHF	1
CSATQGVGDEKLFF	1
CSARLTSGEQFF	1
CSARGRSNQPQHF	1
CSANPRGAGNQPQHF	1
CSANERQGAGGTEAFF	1
CSAKFEGIVFQETQYF	1
CSAKQGAVNTEAFF	1
CSAKKNTEAFF	1
CSALGQNYGYTF	1
CSALGNYGYTF	1
CSASSGSTDTQYF	1
CSAPPDSLYGYTF	1
CSARTKNLNQPQHF	1
CSARQGDTEAFF	1
CSAGTEGHPNTEAFF	1
CSADARGQRNQPQHF	1
CSAEGRRGSGNTIYF	1
CSAETGGGPNYGYTF	1
CSAERYEQMENIQYF	1
CSATINLPNEQFF	1
CSATTGGVRNTEAFF	1
CSATDEDSYEQYF	1
CSARDRMSTEAFF	1
CSANGNSRPGQFF	1
CSAKTANNLNYGYTF	1
CSGMRGGGSNQPQHF	1
CSGRSRQETQYF	1
CSGLGGDYSNQPQHF	1
CSGRQGTNEKLFF	1
CSGVYHSVGAEAFF	1
CSGGVGDLRPNQPQHF	1
CSGRGENNSPLHF	1
CSGGGTGGSQPQHF	1
CSERQRPNSPLHF	1
CSIGGYNEQFF	1
CSLGGTPLNTEAFF	1
CSSTGDYGYTF	1
CSRLAEGQETQYF	1
CSVFSGNSYEQYF	1
CSVLTGAGNGYTF	1
CSVSHRDLGQFF	1
CSVSGQGNEQYF	1
CSVSGDTEAFF	1
CSVSKGWDQPQHF	1
CSVLERGRAADEQYF	1
CSVLRGVNTGELFF	1
CSVLARQTNTGELFF	1
CSVLQGSETQYF	1
CSVLAALQETQYF	1
CSVRWGVREQFF	1
CSVRTGYGYTF	1
CSVRTGNTEAFF	1
CSVRPGQGYNEQFF	1
CSVRTGGSYNEQFF	1
CSVRRPNLNTEAFF	1
CSVHMPRASGNYEQYF	1
CSVQADGSRNSPLHF	1
CSVQGFGTEAFF	1
CSVQTSIYEQYF	1
CSVVLQGGTYGYTF	1
CSVVRRDSFTEAFF	1
CSVVGTGNTIYF	1
CSVVRRYTEAFF	1
CSVVRGGYEQYF	1
CSVVVQINQPQHF	1
CSVVATENEKLFF	1
CSVVGLQETQYF	1
CSVVDRTHGYTF	1
CSVVENRLGGAFF	1
CSVVRTSGRAGAYEQYF	1
CSVVSGGTEAFF	1
CSVVSNMGEQFF	1
CSVVLPGEQYF	1
CSVVQGAGTEAFF	1
CSVVQGGLYSNEKLFF	1
CSVVAGRYEQYF	1
CSVVGYPMNTEAFF	1
CSVVRVNYGYTF	1
CSVAVTSGTTGELFF	1
CSVAIPDSPFYGYTF	1
CSVARGPNTEAFF	1
CSVAVLEQFF	1
CSVAGLGSDTQYF	1
CSVAGTTTGNEQFF	1
CSVAVRENSPLHF	1
CSVATGLTEAFF	1
CSVALASGLYEQYF	1
CSVAAGLGKLFF	1
CSVAGNKANGYTF	1
CSVGLGQGLYEQYF	1
CSVGRQGLLNTEAFF	1
CSVGRGSSSTDTQYF	1
CSVGGALANTGELFF	1
CSVGDPRDNEQFF	1
CSVGWGSSTDTEAFF	1
CSVGASLLEQYF	1
CSVGGPSSGNTIYF	1
CSVGMPWTGETFF	1
CSVGSGLGQPQHF	1
CSVGALGELFF	1
CSVGAARGYTF	1
CSVGAGAAETQYF	1
CSVGDRERYTEAFF	1
CSVGTGTGVEKLFF	1
CSVGTKGANTEAFF	1
CSVGTDEQYF	1
CSVGNEAFF	1
CSVGSLTSGWQETQYF	1
CSVGQGRETQYF	1
CSVGVDSWLVNEQFF	1
CSVGGSWADTQYF	1
CSVGGTGRSEQFF	1
CSVDGTSVYEQYF	1
CSVDISPGEAFF	1
CSVDTGPYGYTF	1
CSVDNYPLYGYTF	1
CSVDWDYNEQFF	1
CSVDPWTGNGYTF	1
CSVDPGGENYGYTF	1
CSVDVRGDYNEQFF	1
CSVDGTLSYNEQFF	1
CSVDGPSSYNEQFF	1
CSVDRTTTNTEAFF	1
CSVESRTSDGYTF	1
CSVEWRDSTDTQYF	1
CSVEWAGGTDTQYF	1
CSVEYSAGRSQQYF	1
CSVERGSYGYTF	1
CSVERDQRETQYF	1
CSVERDRVTEAFF	1
CSVEVGLGPYEQYF	1
CSVEGQSGAFF	1
CSVEGGGQGVF	1
CSVEGTSKTNEQFF	1
CSVEDGETQYF	1
CSVEEGLRNIQYF	1
CSVEEGAGSEAFF	1
CSVEENRVLDQPQHF	1
CSVEEGWGTEAFF	1
CSVERQGKGYEQYF	1
CSVEFGQDYGYTF	1
CSVELAIGGYEQYF	1
CSVESSFGYTNYGYTF	1
CSVESFRDRQYF	1
CSVELGTSRDIQYF	1
CSVEPQGVSYGYTF	1
CSVERGYNEQFF	1
CSVERQGLNTEAFF	1
CSVEQGYGEQYF	1
CSVEVWEINTEAFF	1
CSVEVPSGRGDTGELFF	1
CSVEVGGSRETQYF	1
CSVEAFF	1
CSVEAPRGEGPTDTQYF	1
CSVEAKAGSPQHF	1
CSVEADPGWTEAFF	1
CSVEARREGYTF	1
CSVEGARTEAFF	1
CSVEGGHTEAFF	1
CSVEGDRTSTDTQYF	1
CSVEGTFGNTIYF	1
CSVEGRKRNEQFF	1
CSVEDLAGGTRIHYEQYF	1
CSVEDLTYTEAFF	1
CSVEDLWDTEAFF	1
CSVEDLAGSYNEQFF	1
CSVEDPARQAHEQYF	1
CSVEDHGGPGKQDYGYTF	1
CSVEDQYAFF	1
CSVEDQVGTGNTIYF	1
CSVEDQISPREFF	1
CSVEDSRVSEKLFF	1
CSVEDGLAARGGETQYF	1
CSVEDSRGNTGELFF	1
CSVEDRFPTENYGYTF	1
CSVEDRTNYGYTF	1
CSVEEQINTEAFF	1
CSVEEGSGAYGELFF	1
CSVEEDGRGLNTEAFF	1
CSVEELATDTQYF	1
CSVEEVAGNEKLFF	1
CSVEEGGAEQFF	1
CSVEERGIETQYF	1
CSVESERGYNEQFF	1
CSVERRNSGNTIYF	1
CSVERGGSTEAFF	1
CSVERDTVNYGYTF	1
CSVERTGSGEKLFF	1
CSVTFEGWDGYTF	1
CSVSAGSEAFF	1
CSVSGVRSSGIPYEQYF	1
CSVRDGNQPQHF	1
CSVNPGTEINEQFF	1
CSVNTGGLNEQFF	1
CSVLPTSPNTGELFF	1
CSVSAQPSTDTQYF	1
CSVWDSLAQYF	1
CSVLMQGERNIQYF	1
CSVLQGNKETQYF	1
CSVPDFTGELFF	1
CSVPDRGDEQFF	1
CSVVNSKNIQYF	1
CSVGEDYEQYF	1
CSVGYRTGNYGYTF	1
CSVGGQEPIQETQYF	1
CSVDRAGNNYGYTF	1
CSVEGRLASEQYF	1
CSVTTENTEAFF	1
CSVTKTSGSENPSYNEQFF	1
CSVNPPGTGKLNTEAFF	1
CSVKSRGLYNEQFF	1
CSVFDPDSYGYTF	1
CSVSVRSSYEQYF	1
CSVLSGNIQYF	1
CSVRTAYGYTF	1
CSVHGTGREQYF	1
CSVARNQQGSYGETQYF	1
CSVADGDYEQYF	1
CSVGTDRTYGYTF	1
CSVGTGGAELPQHF	1
CSVGQAGAFF	1
CSVEPGQQETQYF	1
CSVEPGGSSEAFF	1
CSVEKTRTVPEAFF	1
CSVEAGTAYGYTF	1
CSVMFGDRGTSYEQYF	1
CSVMDRNQETQYF	1
CSVTKPGLVGNTEAFF	1
CSVTSETSEQFF	1
CSVTAVESSTDTQYF	1
CSVRAGTSGPNEQFF	1
CSVRQGNTEAFF	1
CSVSDSFNQPQHF	1
CSVLAGSDIQYF	1
CSVRPNAEQFF	1
CSVAGLAGTETQYF	1
CSVGPLNTEAFF	1
CSVDRGYTEAFF	1
CSVIQTIEAFF	1
CSVTGQFTGRAFF	1
CSVTGHRGYTF	1
CSVKDGNQPQHF	1
CSASYGGRGYTF	1
CSALTGRETQYF	1
CSAPGNSNQPQHF	1
CSARDGGYGYTF	1
CSAGTGGINEQFF	1
CSAGTGINTGELFF	1
CSAERQTTLQEGTQYF	1
CSAIDGWTEAFF	1
CSASEGVPDTQYF	1
CSAFGLAGNSYNEQFF	1
CSASHTGIFANTGELFF	1
CSALQGASTEAFF	1
CSAPRETRGDYGYTF	1
CSAQGLGELFF	1
CSAQDNTEAFF	1
CSAQLGRRIQYTF	1
CSAQKGQGVDEQYF	1
CSAVGGKTDTQYF	1
CSAVGGREAFF	1
CSAGDRADEAFF	1
CSAGYTDTQYF	1
CSAIPRTGTNTEAFF	1
CSARGDNSPLHF	1
CSAWGGAVNEKLFF	1
CSAGYTYNEQFF	1
CSAILSGGQYYGYTF	1
CSAIRDPKNIQYF	1
CSASIPPGYEQYF	1
CSAAGTSPSTSSYNEQFF	1
CSGGGIVNTEAFF	1
CSGEQALNEQYF	1
CSGIQGFPYNEQFF	1
CSGRAGSWADTQYF	1
CSGRDPLYGYTF	1
CSGGMNTEAFF	1
CSGISQGHGTDTQYF	1
CSGKTGEFTEAFF	1
CSGWSGRAVWAQYF	1
CSGGQTNEKLFF	1
CSGTTQGVFEAFF	1
CSGSSGTSGYNEQFF	1
CSGSLDGSYEQYF	1
CSGGNIAKNIQYF	1
CSELRRDRGLGSYNSPLHF	1
CRFQRDSNTEAFF	1
CRVQGGDYGYTF	1
CRPVGESKEFF	1
CRASGGTDTQYF	1
WASSLMVAGSYEQYF	1
CATRASGASYNEQFF	3
CASSFGGTGAEKLFF	3
CASSLNGKEETQYF	3
CASSPQETQYF	3
CASSDLGADEQYF	3
CASSEIGLSTDTQYF	3
CASSIGAGGLGPYEQYF	3
CASSLSLGRGTGELFF	3
CASSLTGTPMETQYF	3
CASSSTDTQYF	3
CASSRGLEQFF	3
CASSHPELAQKFTDTQYF	3
CASSAPRAYPTDTQYF	3
CASKEPGQLFAEAFF	3
CASSDGVLNYGYTF	3
CASSLGRQWSAVRGGYTF	3
CASSLDGYEQYF	3
CASSQVAQVGHYEQYF	3
CASSQDLGTGGTGELFF	3
CASRTRDRGSNTEAFF	3
CSAPRTSGPNPYEQYF	3
CSAKAGHTGELFF	3
CSARRLLSGNTIYF	3
CSVVLLDMNTEAFF	3
CSVDRTNTGELFF	3
CSVEDLGLMFF	3
CASSFRHTDTQYF	2
CASGANSYEQYF	2
CAWGGTPASNTEAFF	2
CAWINKDTWRSIGYTF	2
CARSGAPLYNEQFF	2
CAGEREIAKNIQYF	2
CAISAGTGETGANVLTF	2
CAISGGDRLQETQYF	2
CAISDGSPSYEQYF	2
CAISDMGGAGTF	2
CAISEFHSSEENEQFF	2
CAISEEGGIYEQYF	2
CAISRTVSSGSGGQETQYF	2
CATSWTSGGNEQFF	2
CATSSAQQETQYF	2
CATSHGESYEQYF	2
CATYRTAVSYEQYF	2
CATPGLGQHFSGANVLTF	2
CATRDRSPDTQYF	2
CATRRGTFNNQPQHF	2
CATRVGTANTGELFF	2
CATALGRVHTGELFF	2
CATGSSSYNEQFF	2
CATGGGLYEQYF	2
CATGTGGSGANVLTF	2
CATSAVGGPDTQYF	2
CATSDLNGGGDEQYF	2
CATSDPGTSGNEQFF	2
CATSDALAGDNEQFF	2
CATSDTSGSFNEQFF	2
CATSDHHRAGPITDTQYF	2
CATSDKREATYGELFF	2
CATSEAGAYNEQFF	2
CATSVAGPSYEQYF	2
CATSADRGAYEQYF	2
CATSTPGGSEKLFF	2
CATSTRTGNVGYEQYF	2
CATSSVPPRDYRETQYF	2
CATSSPPSGSSYNEQFF	2
CATSSRGREGTEAFF	2
CATSRYPGLAGGSSYNEQFF	2
CATSRVSGRGYNEQFF	2
CATSRGRENIQYF	2
CATSRGDKDTDTQYF	2
CATSRDFTGANYGYTF	2
CATSRDPGTGNEKLFF	2
CATSRDRMTNTEAFF	2
CATSRDRRNSPLHF	2
CATSRDRGTDTQYF	2
CATSRDPPGQGDQPQHF	2
CATSREKGTGIETQYF	2
CATSRTTYGNEQYF	2
CATSRTGTGANVLTF	2
CATSNRGTPTDEQYF	2
CASSRVGSYEQYF	2
CASLDRKYEKLFF	2
CASGRRTDTQYF	2
CASTRTGEDYGYTF	2
CASSVLIGPGEQYF	2
CASLGLNYGYTF	2
CASSRGIWKETQYF	2
CASSRPRHSNQPQHF	2
CASSPQAGSLQPQHF	2
CASSPGRQETQYF	2
CASSPSSGRAGEQYF	2
CASSPLGAGASGANVLTF	2
CASSPPKTSYEQYF	2
CASSRDVLYQETQYF	2
CASSMTSGRFYEQYF	2
CASCQAGELYEQYF	2
CASCVGSYEQYF	2
CASYSASSYEQYF	2
CASLGVGPTGQYF	2
CASRILSMPSYEQYF	2
CASREEGSGYEQYF	2
CASRRQGTEAFF	2
CASRQGYTGELFF	2
CASRIGTGGGYEQYF	2
CASRSGRSNTGELFF	2
CASQGSGQPQHF	2
CASVGGIEQYF	2
CASAPPPGQGLMNTEAFF	2
CASGRLAYNEQFF	2
CASGQASGFMEQFF	2
CASGSSGFEQYF	2
CASGNRPDAYEQYF	2
CASIPGGSYEQYF	2
CASIRDFNSPLHF	2
CASTPQGTEAFF	2
CASTRGNEQYF	2
CASTLDGTPSYEQYF	2
CASTPDGSSYEQYF	2
CASTRDYPQFF	2
CASTTRPGQSYNEQFF	2
CASTKGGQPAPYEQYF	2
CASTALAGETQYF	2
CASSFSGGTYEQYF	2
CASSFWVYEQYF	2
CASSFLGGGDGYTF	2
CASSFQTVGEKLFF	2
CASSFGGNTEAFF	2
CASSFIAGSLPDEQFF	2
CASSFTGTETQYF	2
CASSFRRVGTDTQYF	2
CASSFRQGVHEQYF	2
CASSFARDTEAFF	2
CASSFGSFTYEQYF	2
CASSFGGAKNIQYF	2
CASSFGGSYEQYF	2
CASSLGGPLFF	2
CASSLGSYNSPLHF	2
CASSLSAGGVGYEQYF	2
CASSLSGAGVFGEQYF	2
CASSLSGRDRLYEQYF	2
CASSLWASGSLSSYNEQFF	2
CASSLYPPGSYNEQFF	2
CASSLLNEQYF	2
CASSLPYRVENQPQHF	2
CASSLPRGGPVYEQYF	2
CASSLRSGGREKLFF	2
CASSLVLGHQETQYF	2
CASSLAGTGGFKTQYF	2
CASSLAAGTGSPLHF	2
CASSLGGTKNIQYF	2
CASSLILAGGNEQFF	2
CASSLTPGGQPQHF	2
CASSLTGGYEQFF	2
CASSLRQGGTDTQYF	2
CASSLRGIGYEQYF	2
CASSSSGAQHF	2
CASSSLYEQYF	2
CASSSLKRGSYNEQFF	2
CASSSPGSNYGYTF	2
CASSSGRSSYEQYF	2
CASSSDPYEQYF	2
CASSSIFERVGTYEQYF	2
CASSSADNEQFF	2
CASSSGPSTNEKLFF	2
CASSSGLFNEQFF	2
CASSSPAEISYNEQFF	2
CASSSRVTSYEQYF	2
CASSWGTGPGETQYF	2
CASSYSLGLAENNEQFF	2
CASSYSQGSYEQYF	2
CASSYSVGGETQYF	2
CASSYSRQRPGNTIYF	2
CASSYSTVGYGYTF	2
CASSYPPPWQPQHF	2
CASSYPTEAFF	2
CASSYPRAAGVPQHF	2
CASSYRDSSYEQYF	2
CASSYGQNTGELFF	2
CASSYGVFGTGSRRVYGYTF	2
CASSYGTYNEQFF	2
CASSYGNEQFF	2
CASSYDGYSNQPQHF	2
CASSPSRSDGGSYNEQFF	2
CASSPSDRKNTEAFF	2
CASSPPVDRGLDEQFF	2
CASSPTGMETQYF	2
CASSPLAGVPGEQYF	2
CASSPPAPNTGELFF	2
CASSPRALAPSSYEQYF	2
CASSPGTRVNEQFF	2
CASSPGRFRNTDTQYF	2
CASSPRGGSSGELFF	2
CASSPNRDEQYF	2
CASSPAGGSNIQYF	2
CASSPGTSGAYEQYF	2
CASSRTPPGQGPRGNQPQHF	2
CASSRLAGEGVGETQYF	2
CASSHPRAGADEQYF	2
CASSHAGGATDTQYF	2
CASSHTGGHTEAFF	2
CASSVFLSGLAPREQYF	2
CASSAGGTVYEQYF	2
CASSGLTSYEQYF	2
CASSDYTGELFF	2
CASSDARTSYEQYF	2
CASSDSRGRGTGELFF	2
CASSDLAGVVNEQFF	2
CASSEPGNQETQYF	2
CASSEGGGTQYF	2
CASSEGLAETYEQYF	2
CASSEIGGSGNNEQFF	2
CASSESQESNQPQHF	2
CASSEYYGTGTSNYGYTF	2
CASSEREYNEQFF	2
CASSEVRGNEKLFF	2
CASSEAQLGEQYF	2
CASSEAPGTGVYEQYF	2
CASSEALPGVSDTQYF	2
CASSEGVGEKLFF	2
CASSEESGFGARRGEQFF	2
CASSEMPSGTYNEQFF	2
CASSIDRGTYEQYF	2
CASSSRDWTYEQYF	2
CASSRGPDTGELFF	2
CASSKTGTTYNEQFF	2
CASSFFARGRDEQFF	2
CASSFFGTSGTGELFF	2
CASSFFTDTQYF	2
CASSFPGLVEQYF	2
CASSFELLYEQYF	2
CASSFSGRVDEQYF	2
CASSFLTGVDEQYF	2
CASSFQANYEQYF	2
CASSFVTDTQYF	2
CASSFGTGGGYEQYF	2
CASSFGQFVQLNF	2
CASSFDTGDQPQHF	2
CASSFREAYEQYF	2
CASSFRNTEAFF	2
CASSLYGATDTQYF	2
CASSLLMGDLSGYTF	2
CASSLPLRTEGLAGLYEQYF	2
CASSLPGQGAIVDEQFF	2
CASSLRSGASGIGDTQYF	2
CASSLALGQALFF	2
CASSLAAGSYYNEQFF	2
CASSLAGLRTGELFF	2
CASSLGQSDNQPQHF	2
CASSLGVNEQFF	2
CASSLGAAGGTQHF	2
CASSLGDRGIAF	2
CASSLGDNEQFF	2
CASSLGTGELFF	2
CASSLTRQETQYF	2
CASSLFPDRARTKGELFF	2
CASSLFGYGETQYF	2
CASSLLGAHEQFF	2
CASSLSGSEGYEQYF	2
CASSLSGQGGSPLHF	2
CASSLSSNEQFF	2
CASSLSPGQGSDTQYF	2
CASSLYLAGGLDNEQFF	2
CASSLYPSRRPEQFF	2
CASSLLAGGSYEQYF	2
CASSLPGYEQYF	2
CASSLPRDRKQETQYF	2
CASSLPRGRTEKLFF	2
CASSLQQYDTQYF	2
CASSLQPTSNQPQHF	2
CASSLVGGGADTQYF	2
CASSLVGREQFF	2
CASSLVGIEQFF	2
CASSLVVNEQFF	2
CASSLVGTYEQYF	2
CASSLVGGHEQFF	2
CASSLAMTGFVGAKNIQYF	2
CASSLAPQDSQHF	2
CASSLAKNIQYF	2
CASSLALTRGLDSPLHF	2
CASSLARATSQPQHF	2
CASSLARSLAEPHTDTQYF	2
CASSLAVYGAGGREQFF	2
CASSLAVQDGYTF	2
CASSLAGTGVSEQFF	2
CASSLAGGTDTQYF	2
CASSLAGGPSPLYNEQFF	2
CASSLAGGTYNEQFF	2
CASSLAMILAGVTDTQYF	2
CASSLGSTEAFF	2
CASSLGLISNTEAFF	2
CASSLGPSGSWDTQYF	2
CASSLGTGQGIHGYTF	2
CASSLGSAWPQNEQFF	2
CASSLGARQGVSLDEQYF	2
CASSLGGAGELFF	2
CASSLGGAAYEQYF	2
CASSLGEYEQYF	2
CASSLGIIYEQYF	2
CASSLGSMVGNTIYF	2
CASSLGSYGYTF	2
CASSLGQGYEQYF	2
CASSLDRRYEQYF	2
CASSLDGLAGNEQFF	2
CASSLDTSQNTGELFF	2
CASSLEQIYEQYF	2
CASSLEVRKNTEAFF	2
CASSLEAAFSGYTF	2
CASSLEGVTQYF	2
CASSLEESGYTF	2
CASSLETPGGYEQYF	2
CASSLIRLAGGTDTQYF	2
CASSLISAKYEQYF	2
CASSLIREQSEQFF	2
CASSLIDNEQFF	2
CASSLTSGPYNEQFF	2
CASSLTGTSEYEQYF	2
CASSLTYREAAYEQYF	2
CASSLTGQAFYEQYF	2
CASSLTGGDYNEQFF	2
CASSLSRRYTSNTGELFF	2
CASSLRSLAGGPVGNF	2
CASSLRGRDPDTQYF	2
CASSLREQEAEAFF	2
CASSLRQGRWETQYF	2
CASSLRGGQETQYF	2
CASSLRGSGDLSYEQYF	2
CASSLNGNGETQYF	2
CASSSSSYEQYF	2
CASSSYKSGIAKNIQYF	2
CASSSALGWETQYF	2
CASSSTGHRSPLHF	2
CASSSRASDRGDSPLHF	2
CASSSSPSGLSTKNIQYF	2
CASSSPRGLNQETQYF	2
CASSSPMDSSHEKLFF	2
CASSSAMGLAGPSYEQYF	2
CASSSGGAGNTIYF	2
CASSSGSGSVQETQYF	2
CASSSGTGFNEQFF	2
CASSSSRDRALRSYNEQFF	2
CASSSYHLVGAGGPKETQYF	2
CASSSLAGGHNEQFF	2
CASSSVPVIAGASTDTQYF	2
CASSSGYHRDTQYF	2
CASSSGLAGGWYNEQFF	2
CASSSTAGGELFF	2
CASSSTGEQYF	2
CASSSPNSDEQFF	2
CASSSQGAKTEAFF	2
CASSSGLKSLFF	2
CASSWTSGNTSYEQYF	2
CASSYRDRDFYGYTF	2
CASSYGLAGGYEQYF	2
CASSYGLAGHLREQYF	2
CASSLSGQGYQPQHF	2
CASSLYNEQFF	2
CASSLRTGNTGELFF	2
CASSLGTGFSSNQPQHF	2
CASSLGGTGYEQYF	2
CASSLGLATDTQYF	2
CASSLSGNTDTQYF	2
CASSLSTGGNEQFF	2
CASSLPFGTEAFF	2
CASSLRGTSYVETHNEQFF	2
CASSPPGEGAYEQYF	2
CASSPGTAEVEKLFF	2
CASSPMSLSSYNEQFF	2
CASSPSGSGPDTQYF	2
CASSPRQGETQYF	2
CASSPRVGAFEAFF	2
CASSPWDRGSSYEQYF	2
CASSPRTSGSYDQETQYF	2
CASSPRTGGDGNIQYF	2
CASSPQGSQETQYF	2
CASSPGTGGIITYEQYF	2
CASSPDLTDTQYF	2
CASSPQGTSGYEQYF	2
CASSPGQDYTDTQYF	2
CASSPERATGEQYF	2
CASSPTVSGANVLTF	2
CASSPKWDTQYF	2
CASSPWTSPDTQYF	2
CASSPVAPGGVNEQFF	2
CASSPGPTRAYNEQFF	2
CASSPRQGYEQFF	2
CASSRSAGDRSYNEQFF	2
CASSRPANQETQYF	2
CASSRERASTDTQYF	2
CASSRRASGTQGRFF	2
CASSRGAVLGTDTQYF	2
CASSRRLAGSNEQFF	2
CASSRDRGSGTDTQYF	2
CASSRTGLGQPQHF	2
CASSRQGANTEAFF	2
CASSRDSGTGGAETQYF	2
CASSHKQETQYF	2
CASSHVRQLRSPLHF	2
CASSHTPGQGPRHSYNEQFF	2
CASSQGRLGEQYF	2
CASSQELAGGTDTQYF	2
CASSQPGLAGTTGELFF	2
CASSQRPHEQYF	2
CASSQVGGETQYF	2
CASSQAAGESYEQYF	2
CASSQAGSGRPRAETQYF	2
CASSQGQQGKFF	2
CASSQGRVAAFF	2
CASSQGPNYEQYF	2
CASSQGAATYNEQFF	2
CASSQGRLVRGEQYF	2
CASSQDSYEQYF	2
CASSQDWTSGSYEQYF	2
CASSQDPGSGSDTQYF	2
CASSQDASGSYNEQFF	2
CASSQDDRGGDQPQHF	2
CASSQDNGQETQYF	2
CASSQDGSSGSYEQYF	2
CASSQEWWGEMGNEQFF	2
CASSQIEGGETQYF	2
CASSQKAYEQYF	2
CASSVQGYREQFF	2
CASSVATGLGSEETQYF	2
CASSVGTGGEGNTGELFF	2
CASSVTSGDYNEQFF	2
CASSVFGGSYEQYF	2
CASSVGGWEQETQYF	2
CASSVGGQGAYEQYF	2
CASSVEPSSYNEQFF	2
CASSVEERNTEAFF	2
CASSVESNSAYEQYF	2
CASSADRGRVFF	2
CASSATGTGGGQTQYF	2
CASSASPAYEQYF	2
CASSAPSPYNEQFF	2
CASSARDSTSSYNSPLHF	2
CASSARQSSYNSPLHF	2
CASSAGGQPQHF	2
CASSAGLDSYEQYF	2
CASSATIGTYNSPLHF	2
CASSASFRETGELFF	2
CASSAGGSYNEQFF	2
CASSGRGQVITDTQYF	2
CASSGGPYDEQYF	2
CASSGDPGGYNEQYF	2
CASSGTPEASYEQYF	2
CASSGTSGSGNEQFF	2
CASSGTGSPYEQYF	2
CASSGYNEQFF	2
CASSGLGSYNEQFF	2
CASSGNPEGNEQFF	2
CASSDSANQPQHF	2
CASSETGPGDTQYF	2
CASSESAAQETQYF	2
CASSEYNEQFF	2
CASSIGSSNYGYTF	2
CASSTTDGNNEQFF	2
CASSTQGRETQYF	2
CASSTESEGVYEQYF	2
CASSTTGNTQYF	2
CASSSPGQVSYEQYF	2
CASSRGASGGVDEQFF	2
CASSRTSGNNEQFF	2
CASSRLAGAPGEQYF	2
CASSKSQQYEQYF	2
CASSKLADPYNEQFF	2
CASRFTRTYNEQFF	2
CASRLAGSGEETQYF	2
CASRPRGSGNIQYF	2
CASRRDYTYNEQFF	2
CASRVTGGPYNEQFF	2
CASRGGPLSSYNEQFF	2
CASRGPQGTNYGYTF	2
CASRDRDTGELFF	2
CASRDLAGGKTQYF	2
CASRTSGINEQFF	2
CASRTGPGAGYTF	2
CASRKGLAGDNEQFF	2
CASRSGTSGTVQYF	2
CASRLQATNNQPQHF	2
CASRLAGGPGELFF	2
CASRPPGTAQPQHF	2
CASRRNSNQPQHF	2
CASRAGTGYGYTF	2
CASREDRGSYNEQFF	2
CASRTTGIRGYNEQFF	2
CASNGGVYNEQFF	2
CASNLGPDNYGYTF	2
CASKAGGSYEQYF	2
CASKFGRSTDTQYF	2
CASKFGGHYNEQFF	2
CAKGQGF	2
CSPARLPYNEQFF	2
CASRTYRFATDTQYF	2
CASSLSSPYEQYF	2
CASYYSGSTGELFF	2
CASGRDPNTEAFF	2
CASGRGFYGYTF	2
CASTLAGGPYNEQFF	2
CASTPFGGVSLEQYF	2
CASSSGTATGELFF	2
CASSLGGRGQNTEAFF	2
CASSRTGGEKLFF	2
CASSQGDSGNTIYF	2
CASSVTGTSPETQYF	2
CASSGTSGSSSEQFF	2
CASSFSTGRVNEQYF	2
CASSFSIVGTANNEQFF	2
CASSFPGEETQYF	2
CASSFGAAGVSGELFF	2
CASSFGLADYNEQFF	2
CASSFSTGALDYGYTF	2
CASSLLVGYEQYF	2
CASSLVLRGGAYNEQFF	2
CASSLVAGEEAFF	2
CASSLVGRPYEQYF	2
CASSLVYNGELFF	2
CASSLAPGPPETQYF	2
CASSLATSGYNEQFF	2
CASSLAAGSYEQYF	2
CASSLGFDRGYEQYF	2
CASSLGLYGYTF	2
CASSLGASGVNEQFF	2
CASSLGPSGSTGTDTQYF	2
CASSLGFGNTEAFF	2
CASSLGSSYEQYF	2
CASSLGQGGEQYF	2
CASSLGAGASYNEQFF	2
CASSLGTSPTSSYEQYF	2
CASSLGSDYNEQFF	2
CASSLGLAGEDEQFF	2
CASSLGQNTEAFF	2
CASSLGGTSAYNEQFF	2
CASSLDGGAKNIQYF	2
CASSLEASGRQFF	2
CASSLEASGITDTQYF	2
CASSLEGYEQYF	2
CASSLEGAPNTGELFF	2
CASSLETGGTDEQFF	2
CASSLNEQFF	2
CASSLNQGYEQYF	2
CASSLFYGGRGAREQYF	2
CASSLSGSSSYNEQFF	2
CASSLPGESNYGYTF	2
CASSLAPVNTEAFF	2
CASSSFEAYNEQFF	2
CASSSGYEQYF	2
CASSSGTGGTDTQYF	2
CASSSRGLTTSYNEQFF	2
CASSSLAFSYNEQFF	2
CASSSGTLLYNEQFF	2
CASSSGTAGNEQFF	2
CASSSDRDSYNEQFF	2
CASSSQQYEQYF	2
CASSSSSNEKLFF	2
CASSWRVYRVQGDEQYF	2
CASSWRPGQGYEQYF	2
CASSYLPTPGTSNTGELFF	2
CASSYAGDNEQFF	2
CASSYGPTNTEAFF	2
CASSLRYPSNYGYTF	2
CASSLQLSGANVLTF	2
CASSLTGVRDTQYF	2
CASSLDVAAYNEQFF	2
CASSLTGGQNNEQFF	2
CASSPLTGGGTDTQYF	2
CASSPRGRGSRTDTQYF	2
CASSPLQGGDYEQYF	2
CASSPAGGSNYEQYF	2
CASSPGVAGGYRNEQFF	2
CASSPRDLSYEQYF	2
CASSPGQVNYGYTF	2
CASSPSGLAGGEQYF	2
CASSPGVPQQYNEQFF	2
CASSRETSGRGNEQFF	2
CASSRVQDEQFF	2
CASSRGTGNTEAFF	2
CASSRDYNEQFF	2
CASSHPGRERGQETQYF	2
CASSHGTSGRQNTGELFF	2
CASSQSGLGGHEQYF	2
CASSQRTGGPYEQYF	2
CASSQDARAGGSLAEQYF	2
CASSQVLLASTDTQYF	2
CASSQVGGSYEQYF	2
CASSQVGGDTQYF	2
CASSQATGTVDEQFF	2
CASSQARGTQETQYF	2
CASSQASASGGETQYF	2
CASSQAGRKQETQYF	2
CASSQGRDEKLFF	2
CASSQGTGDNYGYTF	2
CASSQGTGNEKLFF	2
CASSQGLQATLGSPLHF	2
CASSQGLAGTYEQFF	2
CASSQGRGYSYGYTF	2
CASSQDSRVLANEQYF	2
CASSQDRSSSYNEQFF	2
CASSQDRGYEQYF	2
CASSQDDGLIAGGPDTDTQYF	2
CASSQDEWGFHYGWTF	2
CASSQDTATLNGQFF	2
CASSQEGTGYNEQFF	2
CASSQEVLVAGDSYNEQFF	2
CASSQEMREYNEQFF	2
CASSQESGTDTQYF	2
CASSQITTGGKNIQYF	2
CASSVDRGNYEQYF	2
CASSVSGLSSYNEQFF	2
CASSVTSGRAGEQFF	2
CASSAKGLSIGPSYEQYF	2
CASSGSLGLGDTQYF	2
CASSGGGRTYEQYF	2
CASSEGGTGAYEQYF	2
CASSIRTSEGYEQYF	2
CASSTGTLNQPQHF	2
CASSTGQGYNEQFF	2
CASSRLAVNEQFF	2
CASSRLTTDRGPNQPQHF	2
CASRPDSNRGPKDSPLHF	2
CASREEGAAYEQYF	2
CASRMDRLFSYEQYF	2
CASRDQGNNQPQHF	2
CASRKLAGVSDTQYF	2
CASKSGRVYNEQFF	2
CSAFRGGSSYEQYF	2
CSAFIPGLGTDTQYF	2
CSAWTGGGETQYF	2
CSAWTGGFSYEQYF	2
CSAYQLAGRGNEQFF	2
CSAYGNRDWINEQFF	2
CSALVRTSGTDTQYF	2
CSALGRLVSSYEQYF	2
CSALDRLAGAQYF	2
CSAPTSGSQETQYF	2
CSAPPSGRAYYNEQFF	2
CSAPQGGSPRQYF	2
CSAPWGSLQETQYF	2
CSARSGRAGETQYF	2
CSAHPRDVEETQYF	2
CSAHRSGGTTDTQYF	2
CSAVVHSSYEQYF	2
CSAVPYVFTGELFF	2
CSAAGGAGRSTDTQYF	2
CSAGRTESSYEQYF	2
CSAGTGTDTGELFF	2
CSAEQGWYGYTF	2
CSATGDYEQYF	2
CSATTGPNQPQHF	2
CSATKGGPNTEAFF	2
CSATEMNTEAFF	2
CSASSDRTNSPLHF	2
CSASLAGGAYNEQFF	2
CSASPAGRYNEQFF	2
CSASTGDRSGNQPQHF	2
CSASSGTPLETQYF	2
CSASWAGATNEKLFF	2
CSASLGGADTQYF	2
CSASGRSSYEQYF	2
CSARVRNQPQHF	2
CSARVGNNQPQHF	2
CSARSTASSYEQYF	2
CSARPTGANSPLHF	2
CSARAPTGWDTQYF	2
CSARASSHNEQFF	2
CSARGPNYGYTF	2
CSARGVNTIYF	2
CSARGTSGRRGEQYF	2
CSARGRRYSPLHF	2
CSARDLAGDTGELFF	2
CSARDLGGRESDTQYF	2
CSARDLDSSYEQYF	2
CSARDRFQGGPSYGTQYF	2
CSARDHLTSGRGEQYF	2
CSARDWGRPSYGYTF	2
CSARDPGGQETQYF	2
CSARDPGRGGETQYF	2
CSARDRLAGDNEQFF	2
CSARDKGQRTGTSGRGRGETQYF	2
CSARELRVNYGYTF	2
CSAREDMLAGELFF	2
CSARENNEQFF	2
CSAREAAGTGFGYTF	2
CSARTGELRGAPYEQYF	2
CSANLDGSYEQYF	2
CSANTGPGNTIYF	2
CSAKGLAPKSGPKETQYF	2
CSASGREPYEQYF	2
CSAPSASGNIQYF	2
CSAPNVAVNTGELFF	2
CSAHDSMNTEAFF	2
CSAATSRSLGEQFF	2
CSAATSGRDVWKQYF	2
CSATGHSAISYEQYF	2
CSARQGSRENQPQHF	2
CSANLPGLTYNEQFF	2
CSANPDGGSTDTQYF	2
CSAKQAVSLGETQYF	2
CSASGGDYNEQFF	2
CSAGLAGGSNEQFF	2
CSARWLAGGYEQYF	2
CSDSTSGVTDTQYF	2
CSFTGTGVYEQYF	2
CSSPRTTVNTEAFF	2
CSSRLAGGSDTQYF	2
CSVLWGNTEAFF	2
CSVWGRGTDTQYF	2
CSVLQGTSEKLFF	2
CSVLQTGHSYEQYF	2
CSVRAGGGQPQHF	2
CSVVIRGEEQFF	2
CSVVGANTGELFF	2
CSVAGLAGVGEQFF	2
CSVGSEYEQYF	2
CSVGVAGSSYEQYF	2
CSVGRYQETQYF	2
CSVGQGRVQETQYF	2
CSVDPSGSWGEQFF	2
CSVERGPVQGNTEAFF	2
CSVEQETQYF	2
CSVEGSNSGNTIYF	2
CSVEGTLGGSINEQFF	2
CSVEPRLSETQYF	2
CSVEDLEGGSYNEQFF	2
CSVLLREGNEQFF	2
CSVLRGEWAFF	2
CSVLADHTDTQYF	2
CSVAGLVAPSYEQYF	2
CSVTGTGDLYEQYF	2
CSVNLGTSQYNEQFF	2
CSVDPRGNEQFF	2
CSARQGRTGELFF	2
CSATRGDEQFF	2
CSADGNKETQYF	2
CSGAGQGTDTQYF	2
CRPSAVAGVSYNEQFF	2
CVSSYPRGYGYTF	1
CATGGSNQPQHF	1
CATGLVYEQYF	1
CASVLREGSTFF	1
CASAPSGSEETQYF	1
CASALFSRIHEQFF	1
CASGFPPGGRRNQPQHF	1
CASGLDLAANYEQYF	1
CASGVRLAEQETQYF	1
CASGRDTGELFF	1
CASEGVAGEQFF	1
CASTPQASNQPQHF	1
CASSFSGRAGEQFF	1
CASSFRRASETQYF	1
CASSSLDRPRSSGYTF	1
CASSPTGIGGETQYF	1
CALGEGTDTQYF	1
CASLGGAVNTEAFF	1
CASRGWGRDGYTF	1
CASGRISTDTQYF	1
CASTAGLSNQPQHF	1
CACGTRDGQPQHF	1
CACNRLNTEAFF	1
CAWLWSTYNEQFF	1
CAWRQGPSYGYTF	1
CAWGLAGDNEQFF	1
CAWTGNTEAFF	1
CAWTDGTADTIYF	1
CAWTTGAYEQYF	1
CAWTRGDRATYNEQFF	1
CAWTRQGASYEQYF	1
CAWSWNGASYNEQFF	1
CAWSLTGSYGYTF	1
CAWSPGHGYTF	1
CAWSRDRGTEAFF	1
CAWSVDSNQPQHF	1
CAWSVQQNEKLFF	1
CAWSVVWRTDTQYF	1
CAWSVLYEQYF	1
CAWSVRPQGTEAFF	1
CAWSVGQAEKLFF	1
CAWSVGGKNIQYF	1
CAWSVTPSGGELFF	1
CAWSVNAEAFF	1
CAWSAAGTYNEQFF	1
CAWSAGGPTDTQYF	1
CAWSGKFSGNTIYF	1
CAWSGLVSRYEQYF	1
CAWSGGPGYGYTF	1
CAWSETGNQPQHF	1
CAWSTGSSNQPQHF	1
CAWSKGRAYGYTF	1
CAWSPGGAPDF	1
CAWSRGRLASGRNEQFF	1
CAWSAGTGHEKLFF	1
CAWSDQYDTDTQYF	1
CAWSERPVAGYGYTF	1
CAWRREIYNSPLHF	1
CAWNPLGGRTEAFF	1
CAPCGNTIYF	1
CAPRSRELEAYNEQFF	1
CARWGGIGQPQHF	1
CAHETGASRTQYF	1
CAVRPGESSYNSPLHF	1
CAVLGSGGIQYF	1
CAAWDSNNEQFF	1
CAAAHGQGAKETQYF	1
CAAEGGGSSFMDEQYF	1
CAATSGITTEAFF	1
CAATGLKNEQFF	1
CAAGPQSSYEQYF	1
CAGSGQDSYEQYF	1
CAGQQNYGYTF	1
CAGRPTGGLEQYF	1
CAGGTGGNQPQHF	1
CAIPRVRAKNSPLHF	1
CAIQRRTRIGNEQFF	1
CAITPRMGTLTEAFF	1
CAITYGDETLLSNQPQHF	1
CAISLVDSNTEAFF	1
CAIRRGLNQPQHF	1
CAIRSSYNSPLHF	1
CAIQLLAGGRDEQFF	1
CAIASGRLDTQYF	1
CAIGPGLAGGPDTQYF	1
CAIGQGNEQFF	1
CAIGQTNTGELFF	1
CAITRAPSYGYTF	1
CAITVTGPHTYNEQFF	1
CAITTGGFGYTF	1
CAISLQGGEPQHF	1
CAISRWQGPEQYF	1
CAISVGTVNTEAFF	1
CAISVAGSSYNSPLHF	1
CAISVVRGEQFF	1
CAISAVAGAPDTQYF	1
CAISAEDVIETQYF	1
CAISGSAGVEEQFF	1
CAISGSGLYDYGYTF	1
CAISGQGLAGSYEQYF	1
CAISGASSYEQYF	1
CAISGGQGGEAFF	1
CAISGEGYGYTF	1
CAISGTSGASVSDEQFF	1
CAISGSASGGYEQYF	1
CAISGRASGSSQTQYF	1
CAISGGGPTSEAFF	1
CAISDFPGQRTYEQYF	1
CAISDWDRGLANEKLFF	1
CAISDYLAGTETQYF	1
CAISDQSDQPQHF	1
CAISDQKLAAYTGELFF	1
CAISDAGAAYEQYF	1
CAISDGGQHSGNTIYF	1
CAISDIGQGRNQPQHF	1
CAISDTGGRQPQHF	1
CAISDSTASYEQYF	1
CAISDPRGAGETQYF	1
CAISDPAVGTDTQYF	1
CAISDRTPYEQYF	1
CAISDHPGGGGYTF	1
CAISDHQRGNNEQFF	1
CAISDTTSYNSPLHF	1
CAISEFATNEKLFF	1
CAISEFVGSSYEQYF	1
CAISESSSETQYF	1
CAISESTSAYNEQFF	1
CAISESHPAEQQETQYF	1
CAISESGTGGHTQYF	1
CAISESFQTTDTQYF	1
CAISESFADTQYF	1
CAISESVMGQGPF	1
CAISESVLGSYEQYF	1
CAISESGSYGYTF	1
CAISESTVSTEAFF	1
CAISESTSRVGYTF	1
CAISESTNTEAFF	1
CAISESTGEYEQYF	1
CAISESKPNKTYGYTF	1
CAISESKQMMNTEAFF	1
CAISESLLLIFGGELFF	1
CAISESGGRNTEAFF	1
CAISEWEARPRSGNTIYF	1
CAISEYRGMNTEAFF	1
CAISELRDSSYEQYF	1
CAISEPATVTDTQYF	1
CAISEPPSGGTYEQYF	1
CAISEVLRDPNQPQHF	1
CAISEVGRSHYGYTF	1
CAISEALGTGGGRDQPQHF	1
CAISEGLPNQPQHF	1
CAISEGDQPQHF	1
CAISEDDVYEQYF	1
CAISEESPDRVYGYTF	1
CAISEEHSGAQPQHF	1
CAISEEVDQPQHF	1
CAISESLTGTDEQFF	1
CAISERVVYQPQHF	1
CAISERGLAEETQYF	1
CAISENVGTSGYNEQFF	1
CAISERQIQETQYF	1
CAISEGVDVKGSPLHF	1
CAISEEGDFYEQYF	1
CAISETGGTEAFF	1
CAISMKTEQFF	1
CAISTLLTGALYGYTF	1
CAISSGTTYGYTF	1
CAISLKQEDYGYTF	1
CAISQEETQYF	1
CAISVRVDYGYTF	1
CAISATLAGRQETQYF	1
CAISGGRDGNTIYF	1
CAISGTSGGYTF	1
CAISETGDGAYEQYF	1
CAISTPSTDTQYF	1
CAISTTGDRSPLHF	1
CAIRGTTRVTDTQYF	1
CAIRGGQSSYEQYF	1
CAIRRTSGRLGMETQYF	1
CAIRNTGDTEAFF	1
CAIRHHPGQGVDGYTF	1
CAIRQASGNTIYF	1
CAIKASGGGYEQYF	1
CAIKGPEAFF	1
CAIKDSTNTEAFF	1
CAIKEGERRNYGYTF	1
CAIRQGSYEQYF	1
CATLGLDNEKLFF	1
CATSPPYGKNTGELFF	1
CATRPEGARINEQFF	1
CATVTRWAEISNQPQHF	1
CATAEAWHTQYF	1
CATGQGGHTEAFF	1
CATKTADNSPLHF	1
CATFPAGKPQETQYF	1
CATLDLYGGQFF	1
CATSKSPGRQNTEAFF	1
CATSFGTSYEQYF	1
CATSPRSTGELFF	1
CATSGEGAANEKLFF	1
CATSYERQAMNQPQHF	1
CATSLSGKTDTQYF	1
CATSPLTSGLDEQYF	1
CATSQGNPGELFF	1
CATSGPYEQYF	1
CATYSGTGLTEAFF	1
CATLPWGGPEGTQYF	1
CATLASGTDTQYF	1
CATLGQGARGYTF	1
CATLAGGTYEQYF	1
CATPKVGEIWHNEQFF	1
CATPPACYEQYF	1
CATRPGTGTNTEAFF	1
CATRAPGPGELFF	1
CATRTGTSTDTQYF	1
CATRQDMKTNEKLFF	1
CATRGTGGKVGNQPQHF	1
CATRGSRTNTEAFF	1
CATRRSMGALSEQYF	1
CATHPATNEKLFF	1
CATHGSLTGELFF	1
CATQEGRAGELFF	1
CATQRDSGNTIYF	1
CATQNVAAQETQYF	1
CATVLRTGYEQYF	1
CATVAGGTGELFF	1
CATAGTHNEQFF	1
CATAGPENIQYF	1
CATGQGAGELFF	1
CATGQGVDQPQHF	1
CATGGGPIYNEQFF	1
CATGSGYSNQPQHF	1
CATGGYNQPQHF	1
CATGDLGPGAEKLFF	1
CATGEDRETQYF	1
CATGTTYTGELFF	1
CATGKRQGADQPQHF	1
CATGHRDLLYNEQFF	1
CATGAGQGNYEQYF	1
CATDAAGIYGQLCEQYF	1
CATDGTSTDTQYF	1
CATEGSGSEQFF	1
CATEDAGWETQYF	1
CATTTEGYNEQFF	1
CATTLELGPYGYTF	1
CATTPGRLNTEAFF	1
CATTTGPSTDTQYF	1
CATTNGWYSNQPQHF	1
CATTKTSGRAGAKYNEQFF	1
CATTKTRPGQGAYTEAFF	1
CATTRWPLFF	1
CATTVVLEADTQYF	1
CATTGQVSYNEQFF	1
CATTTSANTGELFF	1
CATSSGFSEQYF	1
CATSSTGGSNQPQHF	1
CATSSRTGAQPQHF	1
CATSLPDPGNEQFF	1
CATSPGGRAGSDNEQFF	1
CATSPGTQSTDTQYF	1
CATSPDPNGEQYF	1
CATSRRAGNEQFF	1
CATSRYSNQPQHF	1
CATSHLGSETQYF	1
CATSHRGLSEQFF	1
CATSHNPTRGTEAFF	1
CATSVRRVGAGNTIYF	1
CATSVSETQYF	1
CATSVRGGGAEQYF	1
CATSVGQGIGGYTF	1
CATSAPGGPGNQPQHF	1
CATSAEGQGARETQYF	1
CATSALGAEETQYF	1
CATSALGGGEAFF	1
CATSGAGGPKDTQYF	1
CATSGVGNEQFF	1
CATSGDNYGYTF	1
CATSGPPSYEQYF	1
CATSGTSGVSSYNEQFF	1
CATSDFASGELFF	1
CATSDFKVLGQAELFF	1
CATSDFYRGGYTF	1
CATSDFRTGRETQYF	1
CATSDFGGQGSETQYF	1
CATSDFGTSGAYNEQFF	1
CATSDLVNEQYF	1
CATSDLTGFEAFF	1
CATSDLRGQGDSNQPQHF	1
CATSDLGQWETQYF	1
CATSDLGGSRETQYF	1
CATSDSSRQPQHF	1
CATSDSWTGEKAFF	1
CATSDSGRGNIQYF	1
CATSDSGTAFTGELFF	1
CATSDSGTGNQPQHF	1
CATSDSGTGDQETQYF	1
CATSDSGRTYNEQFF	1
CATSDSGRYQPQHF	1
CATSDSTTRETQYF	1
CATSDSWVLNEQFF	1
CATSDSTTTNEKLFF	1
CATSDWPRTGANYGYTF	1
CATSDWPGANGYTF	1
CATSDWQAYEQYF	1
CATSDWTGANTGELFF	1
CATSDYSSGTNEQFF	1
CATSDLGQGWNEQFF	1
CATSDPRSSGSLDEQFF	1
CATSDPRAGGNQPQHF	1
CATSDPRIYGYTF	1
CATSDPTHYSYNEQFF	1
CATSDPRQEGATYGYTF	1
CATSDPGLGTDEQFF	1
CATSDPRTGNTEAFF	1
CATSDPTRQSTDTQYF	1
CATSDPKGTSGQFF	1
CATSDHTGGHQPQHF	1
CATSDQGASEAFF	1
CATSDVIGQGDNEQFF	1
CATSDVYGMGEQYF	1
CATSDGRVSSREKLFF	1
CATSDGGRDTDTQYF	1
CATSDGQVSNQPQHF	1
CATSDDGQTLRPQHF	1
CATSDTANSVGNEQFF	1
CATSDTAGLGDNEQFF	1
CATSDTTGSKNYGYTF	1
CATSDTRNTGELFF	1
CATSDSRLAGGEQFF	1
CATSDNQETQYF	1
CATSDSTDPGGTEAFF	1
CATSDSGQGRSEAFF	1
CATSDPGTGNYGYTF	1
CATSDPGTGWNEQFF	1
CATSDPGRRYSNQPQHF	1
CATSDPGGYNEQFF	1
CATSDPTLGNQPQHF	1
CATSDPLAGEGNEQFF	1
CATSDPRTGRHEQYF	1
CATSDPAGADTEAFF	1
CATSDPGGSGQPQHF	1
CATSDHGTAEAFF	1
CATSDGTENTEAFF	1
CATSDGGLTNQPQHF	1
CATSDEGQGSDQPQHF	1
CATSDTDRDFYNEQFF	1
CATSDNYLGDEQFF	1
CATSDNYEQYF	1
CATSDKVAGGDEQFF	1
CATSEWGSYGYTF	1
CATSEPTSGRSYNEQFF	1
CATSEAGTGTYEQYF	1
CATSEAGSETQYF	1
CATSEGRGSAEAFF	1
CATSEGGQPQHF	1
CATSEGDRGYQETQYF	1
CATSEGGSNIQYF	1
CATSETDRVNEQFF	1
CATSEPGLVGTDTQYF	1
CATSEGPWGDTGELFF	1
CATSEEGQQPQHF	1
CATSERQDSYEQYF	1
CATSRTGGETQYF	1
CATSKRSYNEQFF	1
CATSFDRNTEAFF	1
CATSSGGGQRVGYTF	1
CATSSGRAGELFF	1
CATSSRDRGINQPQHF	1
CATSPRAGYGYTF	1
CATSPTGGLAYSAGELFF	1
CATSRDGDGGTEAFF	1
CATSRKTGGLYEQYF	1
CATSHPLAGGGLNEQFF	1
CATSVTGVTPLHF	1
CATSVSTDTQYF	1
CATSVYRGSYTF	1
CATSANRGRPGELFF	1
CATSGAGQGAGGYTF	1
CATSGALGDTEAFF	1
CATSGGYGNEQFF	1
CATSGRNTGELFF	1
CATSGVGAQHF	1
CATSGGYNEQFF	1
CATSGGLADNEQFF	1
CATSGGQGALNEQFF	1
CATSGDRGTEAFF	1
CATSGIPNTGELFF	1
CATSGGYSNQPQHF	1
CATSGMTDTEAFF	1
CATSGKGSSSPLHF	1
CATSEATGTGAYNEQFF	1
CATSEGTVTEAFF	1
CATSERSGNEQFF	1
CATSIEGRNQPQHF	1
CATSMWGSSPLHF	1
CATSMDRLNTEAFF	1
CATSMTGSNGYTF	1
CATSILLQVNYGYTF	1
CATSIGHSSYNEQFF	1
CATSTTGGWGSNQPQHF	1
CATSTSGRVQSDTQYF	1
CATSTGLAGVMQFF	1
CATSTGRHNEKLFF	1
CATSTGVNEKLFF	1
CATSSPILIAKNIQYF	1
CATSSPQPGGQPQHF	1
CATSSHTGTLNGYEQYF	1
CATSSHSGPGDTEAFF	1
CATSSTSLSYNEQFF	1
CATSSPLEGFYSAFF	1
CATSSPGRGVYEQYF	1
CATSSAARGNYGYTF	1
CATSSGLAGGETQYF	1
CATSSDRGGGNEKLFF	1
CATSSISGVYSYEQYF	1
CATSRSGSSYEQYF	1
CATSRRLGGTETQYF	1
CATSRVFGQGSNEQFF	1
CATSRALMRGNIQYF	1
CATSRAGTSGSDTQYF	1
CATSRATGGVYGYTF	1
CATSRGPGLAPVGLYNEQFF	1
CATSRGQADTQYF	1
CATSRGTREDTQYF	1
CATSRDENTEAFF	1
CATSRDTNQPQHF	1
CATSRDRALNYGYTF	1
CATSRDRGYEQYF	1
CATSRMAGNTIYF	1
CATSRIRTSGTDTQYF	1
CATSRTPTAFSYTEAFF	1
CATSRRLENEKLFF	1
CATSRSRGPAGTEAFF	1
CATSRYRPSSYNEQFF	1
CATSRYLAGSSYEQYF	1
CATSRLAGEQYF	1
CATSRLAGASYEQYF	1
CATSRPLASASTDTQYF	1
CATSRPLMILAKNIQYF	1
CATSRPEGASGYTF	1
CATSRRTGKYGEKLFF	1
CATSRVGQGAAETQYF	1
CATSRVVESYNEQFF	1
CATSRVVFPRGDYGYTF	1
CATSRVVEEAFF	1
CATSRVRAGTQTQYF	1
CATSRASGFTEAFF	1
CATSRAPTYNSPLHF	1
CATSRAAEVPEQYF	1
CATSRAGGGNQPQHF	1
CATSRASGNTEAFF	1
CATSRAGVEKLFF	1
CATSRAGQGLDEQFF	1
CATSRADRTNTEAFF	1
CATSRALGQANTGELFF	1
CATSRAQGADSPLHF	1
CATSRAALGSTDTQYF	1
CATSRGLEGEKLFF	1
CATSRGDLGGNEQFF	1
CATSRGRTRGSTEAFF	1
CATSRGGTLNQPQHF	1
CATSRGFPGGLMNTEAFF	1
CATSRGYNEQFF	1
CATSRGPGSNQPQHF	1
CATSRGQANEKLFF	1
CATSRGAAGEGEQFF	1
CATSRGGGNEQFF	1
CATSRGGGLNTEAFF	1
CATSRGLAGGNGELFF	1
CATSRGGGARNQPQHF	1
CATSRGGGNYGYTF	1
CATSRGDSFWWEQYF	1
CATSRDFWTGNFNSPLHF	1
CATSRDFGAGHNEQFF	1
CATSRDFTEETQYF	1
CATSRDFNLRQGNQPQHF	1
CATSRDLAGAGRTTYEQYF	1
CATSRDLGHASYNEQFF	1
CATSRDLKSSYNSPLHF	1
CATSRDSDRVNAEAFF	1
CATSRDSRGIYF	1
CATSRDSINQPQHF	1
CATSRDWDYGYTF	1
CATSRDLGETQYF	1
CATSRDLDTNTEAFF	1
CATSRDPTRGFAEKLFF	1
CATSRDPPAWESNQPQHF	1
CATSRDPSSYEQYF	1
CATSRDRNRNYGYTF	1
CATSRDRLGARMTQPQHF	1
CATSRDRVIDSPLHF	1
CATSRDRAGTWQQFF	1
CATSRDRGGTEAFF	1
CATSRDREGSEQYF	1
CATSRDRQSSYGYTF	1
CATSRDRGEETQYF	1
CATSRDRRGSGNTIYF	1
CATSRDHGPSNQPQHF	1
CATSRDQADNEQFF	1
CATSRDAQVSEAFF	1
CATSRDGGAKYF	1
CATSRDGPGQGAYGYTF	1
CATSRDGGGQETQYF	1
CATSRDGGGRNTEAFF	1
CATSRDGALDRGYGYTF	1
CATSRDDSGSLNEQYF	1
CATSRDEQDSGNTIYF	1
CATSRDIGVAAYEQYF	1
CATSRDMAFEQYF	1
CATSRDITGGNQPQHF	1
CATSRDNYEQFF	1
CATSRDKTFTGELFF	1
CATSRDFGAAYEQYF	1
CATSRDWTSGTRYEQYF	1
CATSRDPAGELFF	1
CATSRDRGDIQYF	1
CATSRDGYNEQFF	1
CATSRDGQPQHF	1
CATSRDGTVNSPLHF	1
CATSRDGQHTYEQYF	1
CATSREAHSPLHF	1
CATSREGSYAYGYTF	1
CATSREGSATAAFF	1
CATSREDALNTEAFF	1
CATSREERGQTYEQYF	1
CATSREAPNSYNEQFF	1
CATSREGSRNTEAFF	1
CATSRERGAYEQYF	1
CATSRIGGANYGYTF	1
CATSRTGTGGRRGTAWETQYF	1
CATSRTPGLDASYF	1
CATSRTGTQKVQDEQFF	1
CATSRTGVTEAFF	1
CATSRSSQGLSGYTF	1
CATSNSPSGLNTEAFF	1
CATSNGRPNEQFF	1
CATSNRGLNIQYF	1
CATSKGGGYGYTF	1
CATRPHENTEAFF	1
CATRPGGSNTEAFF	1
CATRGPYGYTF	1
CATRDGNTGELFF	1
CATRGRLDPEGEQYF	1
CATRGGGGMNTEAFF	1
CATRKTGPIGETQYF	1
CATNRDRPNTGELFF	1
CATNGDRLAKNIQYF	1
CATKRTAYEQYF	1
CATKDRASYGEQFF	1
CATKETGAGNTIYF	1
CATLRGRLGETQYF	1
CATVDRSYEQYF	1
CATDGGTEAFF	1
CATPSYEQYF	1
CATRRRGAPASGNTIYF	1
CATGRDILSAFF	1
CATTSTDTQYF	1
CATSAAGETQYF	1
CASSPGQGAYNEQFF	1
CASSDGTEAFF	1
CASSNSATNEKLFF	1
CASSGWTYYSNQPQHF	1
CASYGDGRGTQYF	1
CASLSGDTQYF	1
CASLGGSSYNEQFF	1
CASRPQGGNEQFF	1
CASRAGTIYEQYF	1
CASRGQGDTEAFF	1
CASQAGGSPTDTQYF	1
CASVSPPQAFF	1
CASARSVYTEAFF	1
CASASGGGLYEQYF	1
CASAKGRLNEKLFF	1
CASAGVGNSPLHF	1
CASAGESEQYF	1
CASGTGFNQPQHF	1
CASGQGDLIRANYGYTF	1
CASERESGGEQFF	1
CASIYRGGGGYTEAFF	1
CASTVLGGPFNQPQHF	1
CASTFGGTNYGYTF	1
CASTPERVDYGYTF	1
CASTPISNYGYTF	1
CASTGSSYNEQFF	1
CASTGKYNEQFF	1
CASSSRTRQETQYF	1
CASSSRDRVPQETQYF	1
CASSYGHSISYNEQFF	1
CASSLLAGGTYNEQFF	1
CASSPYPSVSSYNEQFF	1
CASSPFTGELFF	1
CASSPIGGTPPQHF	1
CASSRGPGGYEQYF	1
CASSVDRGADSNQPQHF	1
CASSVGQYKQFF	1
CASSVPGGASGNTIYF	1
CASSASDWRDWSFF	1
CASSARPGQGSVTEAFF	1
CASSAGLAGVEQYF	1
CASSDPGLSYEQYF	1
CASSILGGTGELFF	1
CASSIDAAADTQYF	1
CASSIPARATNTEAFF	1
CASSIRLAGVDTQYF	1
CASSIQGQVNYGYTF	1
CASSIVGPGSNQPQHF	1
CASSMLGEGYNSPLHF	1
CASSMRETSTDTQYF	1
CASSMGNRPGSPLHF	1
CASSIAINEQFF	1
CASSIAAGGNQPQHF	1
CASSIGGLAMTYEQYF	1
CASSIEPGQPPGYTF	1
CASSIERGMKNTIYF	1
CASSIKDPDTQYF	1
CASSTRPGTRRNEQFF	1
CASSTAGGPQHF	1
CASSTTGANTEAFF	1
CASSSRGSTDTQYF	1
CASSSAGVYQPQHF	1
CASSRYNEQFF	1
CASSRRTGGFQPQHF	1
CASSNPRGNQPQHF	1
CASSNTVSYEQYF	1
CASSFGTGYQPQHF	1
CASSSFGNTIYF	1
CASSSGTVSNQPQHF	1
CASSLLTGEYQPQHF	1
CASSPGQGSNQPQHF	1
CASSASGIYEQYF	1
CASSGFSGSNTEAFF	1
CASSDKRGSSYNEQFF	1
CASRVAGESQPQHF	1
CASRTSGNYEQYF	1
CASRSLDRGMNQPQHF	1
CASRNRVGAFF	1
CASRPYPPDSPLHF	1
CASRPGLTWGYTF	1
CASRVGQGVLEKLFF	1
CASNHEGGTDTQYF	1
CASKQGYRMNTEAFF	1
CASKALFYEQYF	1
CASKNNQALRSPLHF	1
CASFQGVAGGIYNEQFF	1
CASFGLAVDNEQFF	1
CASLAGVVETQYF	1
CASLELVVRGTYEQYF	1
CASLRQGESPLHF	1
CASLQGIDTEAFF	1
CASLGLQGMGGYTF	1
CASLDLAKNIQYF	1
CASSLDRGRVQPQHF	1
CASSPGTGISHGEKLFF	1
CASSREGVAYGYTF	1
CASSRDRGPGDGYTF	1
CASSGAGGNSPLHF	1
CASSFPWDRTANTEAFF	1
CASSSRDAYNSPLHF	1
CASSSEGSTEAFF	1
CASSSQGEQYF	1
CASSWEGEGPQETQYF	1
CASSLGLAEADTQYF	1
CASSPGQGDGYTF	1
CASSPGTRRTYEQYF	1
CASSPDGVGNQPQHF	1
CASSPAYSNQPQHF	1
CASSRDRPRGTEAFF	1
CASSRLESSEQFF	1
CASSRRGTDEKLFF	1
CASSQGDTDTQYF	1
CASSQRQGALTEAFF	1
CASSDGPQALHF	1
CASSTAGNTIYF	1
CASSTTFGGTANQPQHF	1
CASSTGQTNTEAFF	1
CASSNHPGGLEQYF	1
CASSKGDRVHQPQHF	1
CASSKVPEQYF	1
CASSKAEGYEQYF	1
CASSLGANSPLHF	1
CASSLYRWTGGVPGYTF	1
CASSSDRGSGNTIYF	1
CASSSQANTEAFF	1
CASSPRAFNQPQHF	1
CASSRQETQYF	1
CASSRDRGDEQYF	1
CASSVTGGRNEKLFF	1
CASSGSASGGTEAFF	1
CASSGLAGDEQYF	1
CASSGPNFWNSPLHF	1
CASSELGEEKLFF	1
CASSTGPPSEQFF	1
CASSSGQRKLF	1
CASSLPRRRLAGIEQYF	1
CASSLGDSGYTF	1
CASSLFTSETSTDTQYF	1
CASSLRESRAGQETQYF	1
CASSLKDRMLFGGELFF	1
CASSLLQGPHQPQHF	1
CASSLQQGREKLFF	1
CASSLAGGTQETQYF	1
CASSLGGLAGEYNEQFF	1
CASSLDLMNTEAFF	1
CASSLTTGNSYNSPLHF	1
CASSLKTSGDEQFF	1
CASSPSASYEQYF	1
CASSPLAGGPGGNEQFF	1
CASSPRDNRGLNTEAFF	1
CASSPRITGTGEGQPQHF	1
CASSPDRVPANEQFF	1
CASSPITDTQYF	1
CASSPRGALGYEQYF	1
CASSPNPGTDGELFF	1
CASSPNRGSSNNEQYF	1
CASSPFQEGEFF	1
CASSPSDRGRVGEPQHF	1
CASSPLAGAPYEQYF	1
CASSPPGGYQPQHF	1
CASSPRGSDTQYF	1
CASSPQRGGSFADTQYF	1
CASSPQEQGRNTEAFF	1
CASSPAEGEKLFF	1
CASSPGSTETQYF	1
CASSPGTAEQYF	1
CASSPGTGDEKLFF	1
CASSPGREVDGYTF	1
CASSPGQPNSPLHF	1
CASSPGQGHQPQHF	1
CASSPTGGYTEAFF	1
CASSPSGQGARNTIYF	1
CASSPWENEQFF	1
CASSPLGQSSYNSPLHF	1
CASSPPGQSSYNEQFF	1
CASSPRAGYNEQFF	1
CASSPAGTGNQPQHF	1
CASSPGQGTQPQHF	1
CASSPGLGQETQYF	1
CASSPGRDDGYTF	1
CASSPIEGQGPYGYTF	1
CASSPTKDRGRGNSPLHF	1
CASSPSGSSNQPQHF	1
CASSPKNGDEQYF	1
CASSPLGQGSNEQYF	1
CASSPSPLINQPQHF	1
CASSPSLGAGYEQYF	1
CASSPWDGVRSYEQYF	1
CASSPYVTKLGGTEAFF	1
CASSPLAGWAQYF	1
CASSPPGSGEENYGYTF	1
CASSPPGTVRVQPQHF	1
CASSPPGGRVSDTQYF	1
CASSPPGFGYTF	1
CASSPPGLAGGFEQFF	1
CASSPPGQGGNTIYF	1
CASSPPGVSNTEAFF	1
CASSPPEETQYF	1
CASSPPKIAPGLAGTLAKNIQYF	1
CASSPPSVETQYF	1
CASSPPGNTEAFF	1
CASSPPGRNTEAFF	1
CASSPRVTGYTF	1
CASSPRGQANQPQHF	1
CASSPRQSYEQYF	1
CASSPHQETQYF	1
CASSPQGANTEAFF	1
CASSPAAETQYF	1
CASSPGRVNTEAFF	1
CASSPGRTAPGEETQYF	1
CASSPGAPSNQPQHF	1
CASSPGTHSNQPQHF	1
CASSPGSGQPQHF	1
CASSPGLMDTQYF	1
CASSPGHTGELFF	1
CASSPGSEKLFF	1
CASSPETGFDQPQHF	1
CASSPTQVFYEQYF	1
CASSPTGVQVPQHF	1
CASSPTGGSDTEAFF	1
CASSPSRSREKLFF	1
CASSPRTDATNEKLFF	1
CASSPRQVVDTEAFF	1
CASSPNPGRDTQYF	1
CASSRLSGRGGDTQYF	1
CASSRDNEQFF	1
CASSRLEAGNSPLHF	1
CASSRGGNQPQHF	1
CASSRPSGNMRTGELFF	1
CASSRVRQGPDTEAFF	1
CASSRTSESSYEQYF	1
CASSQGPFYEQYF	1
CASSQGLSGAGGSYEQYF	1
CASSQLGISNQPQHF	1
CASSQTLAGGLYNEQFF	1
CASSVGGMNTGELFF	1
CASSVERDRGPEAFF	1
CASSAQGGYNEQFF	1
CASSATYAGNQPQHF	1
CASSARQDERQPQHF	1
CASSGIGGQPQHF	1
CASSGGQGDLGQHF	1
CASSEGDPGGEKLFF	1
CASSEMTGDNQPQHF	1
CASSMTGLAEPYNEQFF	1
CASSTSGINNEQFF	1
CASSTTQGSTDTQYF	1
CASSTRTGEDSPLHF	1
CASSTIGQTNYGYTF	1
CASSSSQFVGNTIYF	1
CASSSTLWEGYTF	1
CASSRGTEAFF	1
CASSKPGTGGNEQFF	1
CASCQLGVSNEQYF	1
CASCQGPYNEQFF	1
CASCRREIRNQPQHF	1
CASWSGGGDTDTQYF	1
CASWEGYNGYTF	1
CASWTAGIESEQYF	1
CASLRGGVESNQPQHF	1
CASLGHFWGYGYTF	1
CASLDRSSGNTIYF	1
CASLSQGARMHGYTF	1
CASLLAGVSNEQFF	1
CASLGQGYGYTF	1
CASLGVADEQYF	1
CASLPGPTSGNTIYF	1
CASLQKPGLAETQYF	1
CASLNRGQSSTNEKLFF	1
CASPRLGPKRTGELFF	1
CASPPQGGWNTEAFF	1
CASPGLSSYNEQFF	1
CASPPEGRKSTDTQYF	1
CASPSPLGEQFF	1
CASPRGGNQPQHF	1
CASRGGDTQYF	1
CASREQGPLSNQPQHF	1
CASRNGGRETQYF	1
CASRSRENSPLHF	1
CASRSMKAIADTQYF	1
CASRLQETQYF	1
CASRRTGELFF	1
CASRVGSSYNEQFF	1
CASRASSYEQYF	1
CASRDGSYEQYF	1
CASRSTNTGELFF	1
CASRRRGAYEQYF	1
CASRVDTEAFF	1
CASRDSTNYGYTF	1
CASRTTYGYTF	1
CASRSSYNEQFF	1
CASRPPVNNSPLHF	1
CASRHGTWMNEQFF	1
CASRHPTFNEQFF	1
CASRAGASSFEQYF	1
CASRGTSGNTIYF	1
CASRGQGAYEQYF	1
CASRDSTSSYEQYF	1
CASRRRQGRNTEAFF	1
CASRKASDYGSGYTF	1
CASHPGGRMNTEAFF	1
CASHPRLHLRGVSSYEQYF	1
CASHGAAPNNEQFF	1
CASHIFTETYEQYF	1
CASQLRVGTNEKLFF	1
CASQRDGSYEQYF	1
CASQARNGYTF	1
CASQDREGQPQHF	1
CASQEGPENEQFF	1
CASQTGTGPQQYF	1
CASQRLRTDTQYF	1
CASQKPGQVNQPQHF	1
CASQYQGIGANEQFF	1
CASQQSGGPHQPQHF	1
CASQGLVFSYEQYF	1
CASVIRTSEYNEQFF	1
CASVTGISAYEQYF	1
CASVPGLAGVNEQFF	1
CASVMEGRYTGELFF	1
CASVSQGAIGELFF	1
CASVYLNTEAFF	1
CASVGDAYEQYF	1
CASASDGGTDTQYF	1
CASAPFRGLRSSYNEQFF	1
CASAGVSGNTIYF	1
CASASAFANTGELFF	1
CASAFGAYEQYF	1
CASASLASEDTQYF	1
CASAAGTAYETDTQYF	1
CASAGEWTEAFF	1
CASAPEAGREAFF	1
CASAGQGSPAFF	1
CASAMDRGNQPQHF	1
CASARGSSNQPQHF	1
CASAKSGQVNTGELFF	1
CASARVEAGELFF	1
CASGLQRYTEAFF	1
CASGLAGVTGELFF	1
CASGAGAGFSPLHF	1
CASGGLDTGELFF	1
CASGGIAGVRNEQFF	1
CASGTDTQYF	1
CASGLMDRGNTGELFF	1
CASGPHGTITDTQYF	1
CASGRTDTQYF	1
CASGVENSPTDTQYF	1
CASGGKTDTEAFF	1
CASGGRGPLAKNIQYF	1
CASGDSNYGYTF	1
CASGTRVRNTEAFF	1
CASGTHSGLYEQYF	1
CASGRNTGELFF	1
CASGSDTGELFF	1
CASGSSYNSPLHF	1
CASGSGAYEQYF	1
CASGWGRRGNQPQHF	1
CASGWTGDTEAFF	1
CASGLGGNTEAFF	1
CASGRDYEQYF	1
CASGHEQYF	1
CASGQGAIGNQPQHF	1
CASGVWTGTSGEQYF	1
CASGAGVPADETQYF	1
CASGGSYNEQFF	1
CASGGAHTYEQYF	1
CASGGLGKNIQYF	1
CASGGAGGNQPQHF	1
CASGDTLRGETQYF	1
CASGDRNSPLHF	1
CASGDKTGGPYEQYF	1
CASGTNSPLHF	1
CASGTGLNTEAFF	1
CASGRAYNEQFF	1
CASGSGTGFMDIQYF	1
CASGLQLAGVSDTQYF	1
CASGLDRGQGISNQPQHF	1
CASGLAATGELFF	1
CASGREGASNQPQHF	1
CASGQGRYGYTF	1
CASGQGNQPQHF	1
CASGQEGSPNEQFF	1
CASGQMNQPQHF	1
CASGVVGNTIYF	1
CASGARTSGNPNEQFF	1
CASGGGTSRLDEQFF	1
CASGEGTSGADTQYF	1
CASGIGPDSQPQHF	1
CASGSRNNEQFF	1
CASGSLEAEQYF	1
CASGNRGGNQPQHF	1
CASDVPRQGPSRFSNQPQHF	1
CASDLGGGGTEAFF	1
CASDPGADTQYF	1
CASDAGGSSYEQYF	1
CASDRGRYEQYF	1
CASDKHHRANYGYTF	1
CASEEGNEQFF	1
CASEYELGNREQFF	1
CASEKSGTGVRDEQFF	1
CASIFIGVFAGTIHGVYSNQPQHF	1
CASILAGAYGETQYF	1
CASIPGQGAGDTQYF	1
CASIHSVTGGSEGYTF	1
CASIVTGGNEQYF	1
CASIGGDTQYF	1
CASIGAISLPQHF	1
CASIDWGATNEKLFF	1
CASIEGWATEAFF	1
CASITGPGYGYTF	1
CASINEGVARGELFF	1
CASISGSDSNTEAFF	1
CASILRLQGEQYF	1
CASILTGSTDTQYF	1
CASIPSTSGVTDTQYF	1
CASIPGLAENYEQYF	1
CASIPIGTGITEAFF	1
CASIRWWTSVNEQFF	1
CASIREMASGTDTQYF	1
CASIQWNTEAFF	1
CASIQGPEEVYEQYF	1
CASIGVWNEQFF	1
CASIEEGFNTEAFF	1
CASIELTGGNPGELFF	1
CASITEAGEQFF	1
CASMSKTQYF	1
CASMLGTGYTF	1
CASMPSGVDEQFF	1
CASMPGGGYYEQYF	1
CASMRQLTYNSPLHF	1
CASMHRGYQETQYF	1
CASMATQDLNYGYTF	1
CASMGQYRWTQYF	1
CASMDRVNTEAFF	1
CASMDRGRNEQYF	1
CASMDRGGNEQFF	1
CASMEGTYEQYF	1
CASMERADPNYEQYF	1
CASMRVSGLDETQYF	1
CASTFGETQYF	1
CASTSPTGSTTEAFF	1
CASTLRGIQNIQYF	1
CASTRPQKNTEAFF	1
CASTGRGGTYNEQFF	1
CASTGAPGNSPLHF	1
CASTGGGFTGGYTF	1
CASTGMNTEAFF	1
CASTIGPSGRGGQFF	1
CASTTRLANTGELFF	1
CASTSGSINEQFF	1
CASTFSGSGYNSPLHF	1
CASTFTGQGYNEQFF	1
CASTLGKTLMGGYTF	1
CASTLDGWSYEQYF	1
CASTLDRGNTEAFF	1
CASTLVGSAEAFF	1
CASTLGGPNYGYTF	1
CASTLGRGSYEQYF	1
CASTLRGVFTEAFF	1
CASTSRASGTDTQYF	1
CASTSHLYSPLHF	1
CASTSLEGVVGYGYTF	1
CASTSRAAFF	1
CASTSYGGGYTF	1
CASTWGPGELFF	1
CASTWTGQSNYGYTF	1
CASTLHGRGNQPQHF	1
CASTLGGFNSPLHF	1
CASTLGTSGSYEQYF	1
CASTLTGELSEAFF	1
CASTLSSVDTIYF	1
CASTLSGNSGAYGYTF	1
CASTLPLGGLSNEQFF	1
CASTLRVRNNEQFF	1
CASTLQENTEAFF	1
CASTLGPGLAKNIQYF	1
CASTLTGAHEQFF	1
CASTLTLRSSYEQYF	1
CASTLGLDYEQYF	1
CASTLVQSPNTEAFF	1
CASTLARLAGLNEQFF	1
CASTPYLGTLKERLFF	1
CASTPPSGTLGAEAFF	1
CASTPMRGTGSYNEQFF	1
CASTPWDPRNSPLHF	1
CASTPRGGRGHEQYF	1
CASTPQWEGLGEQFF	1
CASTPVDSRGEQFF	1
CASTPDQGYNEQFF	1
CASTPAGTSYGYTF	1
CASTPGVGETQYF	1
CASTPDRHNYGYTF	1
CASTPEGAVLFEAFF	1
CASTPMTVPLGLNTEAFF	1
CASTPTSALGETQYF	1
CASTPTSGSYEQYF	1
CASTPTGNEKLFF	1
CASTPSGIYGYTF	1
CASTPQGALNTEAFF	1
CASTPGAGARDTQYF	1
CASTPGTGATQYF	1
CASTPDGVAGINEQFF	1
CASTPDEGGYTF	1
CASTPEEQPYEQYF	1
CASTPRGLAGGPRTDTQYF	1
CASTRVPRQGEEQYF	1
CASTRDIGYGYTF	1
CASTRTATNEKLFF	1
CASTRPTGFNEQFF	1
CASTHTGALDTEAFF	1
CASTQWGAEAFF	1
CASTQGSQPQHF	1
CASTQRNSGANVLTF	1
CASTQNTGIGYGYTF	1
CASTVWSSGHNEQFF	1
CASTVGNSGNLGETQYF	1
CASTADRGPSDEQFF	1
CASTARPDSLYGYTF	1
CASTAGIEQFF	1
CASTAIPNTEAFF	1
CASTGRTGRNEKLFF	1
CASTGDRASGGEAFF	1
CASTGPGEDEKLFF	1
CASTGSLNTEAFF	1
CASTDGDGSYNSPLHF	1
CASTEGSTNEKLFF	1
CASTEGQGLKLFF	1
CASTETVKNIQYF	1
CASTENQGGISPLHF	1
CASTIRGQGIGELFF	1
CASTISGSSSYNEQFF	1
CASTIDFRTGITTGELFF	1
CASTTLAAPYNEQFF	1
CASTTQGARAKNIQYF	1
CASTTGSGRWTEQYF	1
CASTTGYQNTEAFF	1
CASTTGWGQPQHF	1
CASTTGGGQPQHF	1
CASTRDRANYGYTF	1
CASTRTGVMTGELFF	1
CASTKVGPPQSYEQYF	1
CASTKDRPRDGYTF	1
CASTKDRGFGNTIYF	1
CASTKWTGGEGTEAFF	1
CASTKLAGEETQYF	1
CASTKRRGYEQYF	1
CASTKAGSSYNEQFF	1
CASTFGGRPDQPQHF	1
CASTSSPPDTQYF	1
CASTPARNTGELFF	1
CASTPSPFAAFF	1
CASTAHPGRAYNEQFF	1
CASTGSGDSFYEQYF	1
CASTDGGGSFGEQYF	1
CASTELGTGVLQPQHF	1
CASTEISGNTIYF	1
CASTTRRLPSTDTQYF	1
CASTKRGRLETQYF	1
CASTYRGYGTYNEQFF	1
CASTPSAGNTEAFF	1
CASTPGTSRYEQYF	1
CASTPWQNSPLHF	1
CASTPTGTGHNQPQHF	1
CASTHQTGPPNTGELFF	1
CASTQGTNQPQHF	1
CASTEAGAGTDTQYF	1
CASTIYSGNSYNEQFF	1
CASTMRWPGDQPQHF	1
CASTTGGLYGYTF	1
CASTSSGLVETQYF	1
CASTNRGFTEAFF	1
CASSFFGTSSYNEQFF	1
CASSFFAVEQYF	1
CASSFFGAYEQYF	1
CASSFFGNTEAFF	1
CASSFLASGSYEQYF	1
CASSFLGTAGRHNQPQHF	1
CASSFLGLALDEQFF	1
CASSFLDRDANQPQHF	1
CASSFLGNTIYF	1
CASSFSALSNYGYTF	1
CASSFSGKNTEAFF	1
CASSFSSSGRQTQYF	1
CASSFSSPYEQYF	1
CASSFSEAYEQYF	1
CASSFSTGDSNQPQHF	1
CASSFSRSGWNQPQHF	1
CASSFSGYGYTF	1
CASSFSGLATDTQYF	1
CASSFWGAYNEQFF	1
CASSFWDGSSGNTIYF	1
CASSFWELAKNIQYF	1
CASSFYFGTDYNEQFF	1
CASSFYPGPRRDTEAFF	1
CASSFYVAGSYEQYF	1
CASSFYASGNTIYF	1
CASSFYADRGSGNTIYF	1
CASSFYGNEKLFF	1
CASSFLNSYEQYF	1
CASSFLGANSPLHF	1
CASSFLPGPGTQPQHF	1
CASSFLQGSTEAFF	1
CASSFLGTALNYGYTF	1
CASSFPSGGEKLFF	1
CASSFPDRGGNQPQHF	1
CASSFPGAYGYTF	1
CASSFPGQGITDTQYF	1
CASSFRHPADSPLHF	1
CASSFRQGGLHEQYF	1
CASSFRRQWETQYF	1
CASSFHALEQPQHF	1
CASSFQNQPQHF	1
CASSFQAPSRNQPQHF	1
CASSFVSTNEQFF	1
CASSFVPNTEAFF	1
CASSFVMTTEAFF	1
CASSFAPASYYEQYF	1
CASSFARASPNSPLHF	1
CASSFGNSPLHF	1
CASSFGLEQFF	1
CASSFGLTGGQETQYF	1
CASSFGQGIGQETQYF	1
CASSFGTSGRLEQYF	1
CASSFGPRGTGELFF	1
CASSFGQGVDTQYF	1
CASSFGGPNYGYTF	1
CASSFGGSLNEKLFF	1
CASSFGGTEDQPQHF	1
CASSFGTGRYTQYF	1
CASSFGLENEQYF	1
CASSFGQGFGYTF	1
CASSFGQGSLQPQHF	1
CASSFGNNEQFF	1
CASSFDRYNEQFF	1
CASSFDTEAFF	1
CASSFDRRDQPQHF	1
CASSFIWLAETQYF	1
CASSFMSPNQPQHF	1
CASSFTGYGYTF	1
CASSFTSGLNDQETQYF	1
CASSFTREWSSYNEQFF	1
CASSFTGQAFGNTIYF	1
CASSFTNSSYNEQFF	1
CASSFSSGHNTYEQYF	1
CASSFSGSGTDTQYF	1
CASSFSGSPIDEQYF	1
CASSFRQNQPQHF	1
CASSFRGPAGGYTF	1
CASSFRGDPLRGYTF	1
CASSFRSGEETQYF	1
CASSFKTGGANYGYTF	1
CASSFKAGAGETQYF	1
CASSFKGTGETQYF	1
CASSFFGTGTGETQYF	1
CASSFFATGVAYNSPLHF	1
CASSFFTGNSPLHF	1
CASSFLGLALGELFF	1
CASSFLQYSNQPQHF	1
CASSFLAQTYEQYF	1
CASSFSTTGEQYF	1
CASSFSTWTEQYF	1
CASSFSGDYEQYF	1
CASSFSTGVQPQHF	1
CASSFYLPGRTHQPQHF	1
CASSFYHSYNEQFF	1
CASSFYGQGAPNTEAFF	1
CASSFLETGELFF	1
CASSFLGQGVYEQYF	1
CASSFLDRGNNEQFF	1
CASSFPRGEQYF	1
CASSFPDYEQYF	1
CASSFPTGELFF	1
CASSFPNEQFF	1
CASSFPGSYPYEQYF	1
CASSFPSYDTQYF	1
CASSFPLGGGIHNEQFF	1
CASSFPPQEETQYF	1
CASSFPGLSTGELFF	1
CASSFPTKGGAQYF	1
CASSFRFGTPDEQFF	1
CASSFRWLAGGPQETQYF	1
CASSFRQGYSEQYF	1
CASSFRGRDQPQHF	1
CASSFRDGATDTQYF	1
CASSFRNTEAFF	1
CASSFRTNGIYGYTF	1
CASSFHRGDLAKNIQYF	1
CASSFQRESYEQYF	1
CASSFQGGRGELFF	1
CASSFQGDTEAFF	1
CASSFVPNTEAFF	1
CASSFVAGERDEQFF	1
CASSFAGQDNQPQHF	1
CASSFAGDEQYF	1
CASSFAENYEQYF	1
CASSFGDAINEKLFF	1
CASSFGQGPMGYTF	1
CASSFGRAFNQPQHF	1
CASSFGLDFTDTQYF	1
CASSFGQVIYEQYF	1
CASSFGVGQPQHF	1
CASSFGGWDYTF	1
CASSFGDRATYEQYF	1
CASSFGEPGAFF	1
CASSFGTVNGYTF	1
CASSFGTDSNQPQHF	1
CASSFGPEQYF	1
CASSFGPRSSYNSPLHF	1
CASSFGHGELFF	1
CASSFGQLANYGYTF	1
CASSFGRVATGELFF	1
CASSFGRTRGPNTEAFF	1
CASSFIPGGGNGYTF	1
CASSFIGDTSYEQYF	1
CASSFIESSYNEHFF	1
CASSFTSDRPFYEQYF	1
CASSFTRKTNSYEQYF	1
CASSFTSGNRELFF	1
CASSFTPRATEAFF	1
CASSFTDRGREAFF	1
CASSFTEKRPQHF	1
CASSFTSSYEQYF	1
CASSFSGNQPQHF	1
CASSFSESGNQPQHF	1
CASSFRGRLNTEAFF	1
CASSFRGLQPQHF	1
CASSFRGASNYGYTF	1
CASSFRGRMSYGYTF	1
CASSFKPVWTEYYNEQFF	1
CASSLFTSYEQYF	1
CASSLFTGGAQHF	1
CASSLFIGYEQYF	1
CASSLFRGSKETQYF	1
CASSLLASTDTQYF	1
CASSLSPPGAALHF	1
CASSLSDGTYEQYF	1
CASSLSTAANEKLFF	1
CASSLSGSNQPQHF	1
CASSLWTEQYF	1
CASSLWNEQFF	1
CASSLYGNIQYF	1
CASSLPLQIPWISLTGGYEQYF	1
CASSLPGTSGSNEQFF	1
CASSLPGTGIQPQHF	1
CASSLPTMWNTEAFF	1
CASSLPPRNSPLHF	1
CASSLPGELNTIYF	1
CASSLPIGLAGINEQFF	1
CASSLRENYGYTF	1
CASSLHGQSYEQYF	1
CASSLQGMNYGYTF	1
CASSLQGNSNQPQHF	1
CASSLQPRYRVNSPLHF	1
CASSLVPGGGTYEQYF	1
CASSLVTRDNEQFF	1
CASSLVKAAKKYF	1
CASSLVRDNRREQYF	1
CASSLVGDIEGEQFF	1
CASSLVGSRDEQYF	1
CASSLVGRANQPQHF	1
CASSLVRNYNEQFF	1
CASSLATGEAFF	1
CASSLAGELFF	1
CASSLAGRLAYEQYF	1
CASSLAWKNTEASF	1
CASSLAPGQGLYEQYF	1
CASSLAQGTYGYTF	1
CASSLAGSGNTIYF	1
CASSLGSNTGELFF	1
CASSLGQDEQFF	1
CASSLGGWPPDSNQPQHF	1
CASSLGGSSYNEQFF	1
CASSLGGGAYEQYF	1
CASSLGRGGQPQHF	1
CASSLGSINEQFF	1
CASSLGLADYEQYF	1
CASSLGGGPQHF	1
CASSLGRTNNSPLHF	1
CASSLGGNQPQHF	1
CASSLGGAHSNQPQHF	1
CASSLGGGPKNIQYF	1
CASSLGTSGMTDTQYF	1
CASSLGTEAYEQYF	1
CASSLGTRGVTEAFF	1
CASSLGSTDTQYF	1
CASSLGRKNYGYTF	1
CASSLGQGGNQPQHF	1
CASSLGQGLGYTF	1
CASSLGGGRLSFEQYF	1
CASSLGNGQPNYEQYF	1
CASSLDQLNNSPLHF	1
CASSLDTGIYEQYF	1
CASSLDRGSSYEQYF	1
CASSLDRESNYGYTF	1
CASSLEVTATDTQYF	1
CASSLEGPTGELFF	1
CASSLEGSSYNEQFF	1
CASSLESAGWIQPQHF	1
CASSLERQYNSPLHF	1
CASSLEQQETQYF	1
CASSLEDAGNGYTF	1
CASSLIGSPLHF	1
CASSLIYEAAKNTEAFF	1
CASSLIGLAGNEQFF	1
CASSLIMNGNTEAFF	1
CASSLMVGGGHTDTQYF	1
CASSLMGLASGNEQFF	1
CASSLIAGELFF	1
CASSLIGGGELFF	1
CASSLTLQPQHF	1
CASSLTLNTEAFF	1
CASSLTTGNNSPLHF	1
CASSLTGSGEQFF	1
CASSLTGARTDTQYF	1
CASSLTTHNYNEQFF	1
CASSLTGPLNTEAFF	1
CASSLTGPNNSPLHF	1
CASSLTTTNEKLFF	1
CASSLSGEQYF	1
CASSLSGPYEQYF	1
CASSLREDSPYEQYF	1
CASSLRLNEQFF	1
CASSLRPNTGELFF	1
CASSLRRGENTEAFF	1
CASSLRGRTGELFF	1
CASSLNAPMNTEAFF	1
CASSLKDEQYF	1
CASSLFAGQVQETQYF	1
CASSLFAGYNEQFF	1
CASSLFGGVNTEAFF	1
CASSLFLGGYEQYF	1
CASSLFPGNQPQHF	1
CASSLFQGQDQPQHF	1
CASSLFGRASYNEQFF	1
CASSLFGQPQHF	1
CASSLLPELNTEAFF	1
CASSLLATVNEQFF	1
CASSLLGGRARDTQYF	1
CASSLLGARQPQHF	1
CASSLLGGRGQYF	1
CASSLLGQARLEQYF	1
CASSLLSGPQHF	1
CASSLLSGQGGGNTEAFF	1
CASSLLGDRKDGYTF	1
CASSLSSVLGHQPQHF	1
CASSLSPGGGPQHF	1
CASSLSPGQGFSYNSPLHF	1
CASSLSPHSSGNTIYF	1
CASSLSGEGKNIQYF	1
CASSLSDSPYNSPLHF	1
CASSLSFVQPQHF	1
CASSLSLNQPQHF	1
CASSLSSSSEQFF	1
CASSLSPSGSFQETQYF	1
CASSLSPNVPLHF	1
CASSLSPSLYEQYF	1
CASSLSPLASSYNEQFF	1
CASSLSPGRVNTEAFF	1
CASSLSRVGNQPQHF	1
CASSLSRTGGGNIQYF	1
CASSLSVSGGRTLMGGYTF	1
CASSLSAVGPYEQYF	1
CASSLSTGEETQYF	1
CASSLSSGLDEQYF	1
CASSLSNRNTIYF	1
CASSLSSSYEQYF	1
CASSLSSRSEQYF	1
CASSLSSGSSYEQYF	1
CASSLSYRGETQYF	1
CASSLSLQNYGYTF	1
CASSLSVSHQPQHF	1
CASSLSAVGIYGYTF	1
CASSLSAGARGYTF	1
CASSLSGRAWGYTF	1
CASSLSGGGEKLFF	1
CASSLSGGEGLYNEQFF	1
CASSLSGGVQYF	1
CASSLSGTSRGYTF	1
CASSLSDGGGYGYTF	1
CASSLSMALNTEAFF	1
CASSLSTGGTNEKLFF	1
CASSLSSRRSYEQYF	1
CASSLSNQLNEQFF	1
CASSLSSSGALSF	1
CASSLSSHYEQYF	1
CASSLSLNLYSDTQYF	1
CASSLSQGAISYEQYF	1
CASSLSGYEQYF	1
CASSLSGTGMAFF	1
CASSLSDTQYF	1
CASSLWASGSDEQFF	1
CASSLWGFLGANTGELFF	1
CASSLWGDGGTEAFF	1
CASSLWGQGLLGDNSPLHF	1
CASSLWGDTQYF	1
CASSLWDDWESPLHF	1
CASSLYFTGMKNTEAFF	1
CASSLYPDNSPLHF	1
CASSLYGPRDPQHF	1
CASSLYETQYF	1
CASSLYIGAPDQPQHF	1
CASSLYPANGYTF	1
CASSLYGWSDNSPLHF	1
CASSLYRSLNTEAFF	1
CASSLLNPFYEQYF	1
CASSLLGRTGRNGYTF	1
CASSLLDRREETQYF	1
CASSLLLAGSDTQYF	1
CASSLLAGFYKTQYF	1
CASSLLAGVDEQFF	1
CASSLLGTATPRTEAFF	1
CASSLPPAGTEETQYF	1
CASSLPRRGVNTGELFF	1
CASSLPGTEAYEQYF	1
CASSLPRHTEAFF	1
CASSLPHRGRRNEKLFF	1
CASSLPGHQYSNQPQHF	1
CASSLPGVGELFF	1
CASSLPGTNSYEQYF	1
CASSLPGVYTEAFF	1
CASSLRQGAGNQPQHF	1
CASSLRDNEQFF	1
CASSLRPPDRGNSPLHF	1
CASSLRAGWGNYGYTF	1
CASSLRGTTDTQYF	1
CASSLREKDYEQYF	1
CASSLRRNQPQHF	1
CASSLHTLEYEQYF	1
CASSLQPQHF	1
CASSLQGYEQYF	1
CASSLQGRPNYGYTF	1
CASSLQGQRNYGYTF	1
CASSLQGASNQPQHF	1
CASSLQGPKLFF	1
CASSLQPGSGNTIYF	1
CASSLQGTGNTEAFF	1
CASSLQSSYEQYF	1
CASSLVSSVGTQYF	1
CASSLVWGGDTIQYF	1
CASSLVGTEFGYTF	1
CASSLVDGGFTEAFF	1
CASSLVRGNTEAFF	1
CASSLVPITVWGNQPQHF	1
CASSLVPGARRNTIYF	1
CASSLVRDRSYF	1
CASSLVAGGYNEQFF	1
CASSLVGGRGNFF	1
CASSLVGTDGAGAFF	1
CASSLVANTEAFF	1
CASSLVAANEKLFF	1
CASSLVGYTEAFF	1
CASSLVEGAGYSNQPQHF	1
CASSLVSGGLSYEQYF	1
CASSLVGSANTGELFF	1
CASSLVGYNSPLHF	1
CASSLVGTLYEQYF	1
CASSLVDGRRNNEQFF	1
CASSLVDSYGYTF	1
CASSLARMNTEAFF	1
CASSLAIGLAGVPGELFF	1
CASSLARDRVYYEQFF	1
CASSLALSPLHF	1
CASSLAIQGSSTEAFF	1
CASSLAFGNEQFF	1
CASSLALGNYGYTF	1
CASSLAHQGNTIYF	1
CASSLAAFSYEQYF	1
CASSLAGTGTTF	1
CASSLAGGQTTQYF	1
CASSLAIGTSNQPQHF	1
CASSLAGAHSGNTIYF	1
CASSLANGNTIYF	1
CASSLGLPSPLHF	1
CASSLGLASLAYEQYF	1
CASSLGQEPYNEQFF	1
CASSLGGVREKLFF	1
CASSLGGAEQYF	1
CASSLGDTYYEQYF	1
CASSLGEAFF	1
CASSLGTNRYSEAFF	1
CASSLGTQGQPQHF	1
CASSLGTGTANYGYTF	1
CASSLGLNTEAFF	1
CASSLGQGRTEAFF	1
CASSLGGLLAFF	1
CASSLGTGLDGYTF	1
CASSLGRVWGYTF	1
CASSLGWNTEAFF	1
CASSLGPADGSYEQYF	1
CASSLGPGTGGYEQYF	1
CASSLGPASGASF	1
CASSLGQGFGGYTF	1
CASSLGQMNTEAFF	1
CASSLGQIRTDTQYF	1
CASSLGQRMNTEAFF	1
CASSLGVGETQYF	1
CASSLGVLASSYEQYF	1
CASSLGAVGGLETQYF	1
CASSLGARGLDYGYTF	1
CASSLGGRGNQPQHF	1
CASSLGGGGNSPLHF	1
CASSLGGTEAFF	1
CASSLGGTGRAEKLFF	1
CASSLGDQRDTQYF	1
CASSLGDRAYEQYF	1
CASSLGERELFF	1
CASSLGTTNTGELFF	1
CASSLGTSGTPYEQYF	1
CASSLGTESSGNTIYF	1
CASSLGTANTEAFF	1
CASSLGTGAGNTIYF	1
CASSLGTGGQPQHF	1
CASSLGTGKYEQYF	1
CASSLGTTQYF	1
CASSLGNRVSPLHF	1
CASSLGPMNTEAFF	1
CASSLGHNYGYTF	1
CASSLGQGLDIQYF	1
CASSLGQGSYEQYF	1
CASSLGARVYGYTF	1
CASSLGAFGSGNTIYF	1
CASSLGAVRGYYQPQHF	1
CASSLGAAPDTQYF	1
CASSLGAGQGQPQHF	1
CASSLGDGANYGYTF	1
CASSLGRDGSEGGQPQHF	1
CASSLGNSPLHF	1
CASSLDPSGTDTQYF	1
CASSLDGGSQPQHF	1
CASSLDGFTGELFF	1
CASSLDGNGYTF	1
CASSLDRAPYGYTF	1
CASSLDREGEKLFF	1
CASSLEREGSYNEQFF	1
CASSLEAREKLFF	1
CASSLEGLGYGYTF	1
CASSLEGGINGYTF	1
CASSLEGGNSPLHF	1
CASSLEGNQPQHF	1
CASSLERAPNSPLHF	1
CASSLEQGIPLHF	1
CASSLEGAGTEAFF	1
CASSLEIPGEAQHF	1
CASSLIRNLGRNEQFF	1
CASSLIAPVLDEQFF	1
CASSLIAEPQHF	1
CASSLIETQYF	1
CASSLIRERGYTF	1
CASSLIVTGELFF	1
CASSLIGGGSYNEQFF	1
CASSLIGTVYGYTF	1
CASSLIGTNTGELFF	1
CASSLIDGDEKLFF	1
CASSLMSFPNNEQFF	1
CASSLMRGDGYTF	1
CASSLTSGTGPDLF	1
CASSLTHDSAGYQPQHF	1
CASSLTQGANQPQHF	1
CASSLTQDSWSQPQHF	1
CASSLTVNTEAFF	1
CASSLTAWSYNEQFF	1
CASSLTAGRDNSPLHF	1
CASSLTGGAYEQYF	1
CASSLTNRDYGYTF	1
CASSLTGAAYNEQFF	1
CASSLTTSGRYNEQFF	1
CASSLTSYQPQHF	1
CASSLTPSGSSGEQFF	1
CASSLTVSWREQFF	1
CASSLTGTFYEQYF	1
CASSLTMGGGNQPQHF	1
CASSLSGYGYTF	1
CASSLSRKGNQPQHF	1
CASSLRPSVNTEAFF	1
CASSLRQTGELFF	1
CASSLRQSGELFF	1
CASSLRAQTYEQYF	1
CASSLRGPYGYTF	1
CASSLREDEQYF	1
CASSLRSGRLNTEAFF	1
CASSLRIDEQFF	1
CASSLNLGSSPLHF	1
CASSLNSPQGRGFYEQYF	1
CASSLNSDTEQYF	1
CASSLNRDTEAFF	1
CASSLKVSEQYF	1
CASSLKAYYEQYF	1
CASSLKDLPQYF	1
CASSSLVSYEQYF	1
CASSSSFGNTEAFF	1
CASSSSLVQGVYGYTF	1
CASSSWEDGYTF	1
CASSSWTGNTEAFF	1
CASSSLGRNKGTEAFF	1
CASSSLANYEQYF	1
CASSSPSDTQYF	1
CASSSPPGEKGYTF	1
CASSSPGNGSYGYTF	1
CASSSPSSGRIYNEQFF	1
CASSSRETQYF	1
CASSSRNQNIQYF	1
CASSSQGASGNTIYF	1
CASSSQTGLSSYNEQFF	1
CASSSGSGANEKLFF	1
CASSSGVSSGNTIYF	1
CASSSGRAYEQYF	1
CASSSGNTIYF	1
CASSSDYTGELFF	1
CASSSEIGTGEKLFF	1
CASSSERWYNEQFF	1
CASSSTPRGQIRSEAFF	1
CASSSSGGSYNEQFF	1
CASSSRGSNQPQHF	1
CASSSREGITEAFF	1
CASSSFTSGSYLWAKNIQYF	1
CASSSSSGTQYF	1
CASSSSGAEGPEAFF	1
CASSSSGGEAFF	1
CASSSWTSRYSYEQYF	1
CASSSLQGTVMNTEAFF	1
CASSSLGPERGEAFF	1
CASSSLTGARNQPQHF	1
CASSSLAGAYNEQFF	1
CASSSLAGDRTHNEQFF	1
CASSSPFLAGKSEQYF	1
CASSSPLTTGNTIYF	1
CASSSPRGLDYEQYF	1
CASSSPRLAGHNEQFF	1
CASSSPRQDLVLHF	1
CASSSPAGGGQTNEKLFF	1
CASSSPGGDYEKLFF	1
CASSSPREGLYNEQFF	1
CASSSPFRVSYEQYF	1
CASSSPGTSGKADTQYF	1
CASSSPGLALYEQYF	1
CASSSPGQPSYEQYF	1
CASSSPRSNQPQHF	1
CASSSRPFVYEQYF	1
CASSSRAGRKTNEKLFF	1
CASSSRRENTEAFF	1
CASSSRVAGGGETQYF	1
CASSSRGGSSYNEQFF	1
CASSSRDRGVDEPQHF	1
CASSSRLGGSNQPQHF	1
CASSSRQGVTYEQYF	1
CASSSRGGYTF	1
CASSSRRAIGYQETQYF	1
CASSSQGGEAKNIQYF	1
CASSSQPGRGGTEAFF	1
CASSSQAGGLTYF	1
CASSSQGREAFF	1
CASSSQMESTIYF	1
CASSSVGRKQETQYF	1
CASSSVGTALYGYTF	1
CASSSARGGLYETQYF	1
CASSSAGTGGYEQYF	1
CASSSATSGRNEQFF	1
CASSSGGVWSYGYTF	1
CASSSGFTYEQYF	1
CASSSGSRTEKLFF	1
CASSSGGLETDTQYF	1
CASSSGTSNTEAFF	1
CASSSGTPHQPQHF	1
CASSSGTIYNEQFF	1
CASSSGTGVAYNEQFF	1
CASSSGTGGAYEQYF	1
CASSSGLALSRNEQFF	1
CASSSGQVATNEKLFF	1
CASSSDGRTGADEKLFF	1
CASSSDRVNTEAFF	1
CASSSERRAYEQYF	1
CASSSILPAQPQHF	1
CASSSTWDLAYEQYF	1
CASSSTGHPNYGYTF	1
CASSSTGQGLDYGYTF	1
CASSSTTGAGNSPLHF	1
CASSSRRGNYGYTF	1
CASSSNLYRGDGYTF	1
CASSSNPGQGVNTEAFF	1
CASSSNRGYEQYF	1
CASSSFPGAHSYEQYF	1
CASSSSLGRGRNQPQHF	1
CASSSSPRTDTQYF	1
CASSSWETQYF	1
CASSSWTTNYEQYF	1
CASSSYQQYF	1
CASSSLKTGLGNQPQHF	1
CASSSLGGLFSTDTQYF	1
CASSSPSGSPSYEQYF	1
CASSSHQVDIQYF	1
CASSSHRGDQPQHF	1
CASSSQGVLGYTF	1
CASSSQGANEQFF	1
CASSSALLHGYTF	1
CASSSAGTGGYEQYF	1
CASSSAGQSGRAREQYF	1
CASSSGNAGIDTQYF	1
CASSSGLDNSPLHF	1
CASSSGLAGVVYNEQFF	1
CASSSGLAGGRETQYF	1
CASSSGHGYEQYF	1
CASSSGQPGVEPQHF	1
CASSSGQPNTGELFF	1
CASSSETTPRRADTQYF	1
CASSSTGPRGRNTIYF	1
CASSSTLNTEAFF	1
CASSSTGGHEQYF	1
CASSSTGGEGYTF	1
CASSSTGEGYGYTF	1
CASSSSATNEKLFF	1
CASSSRTPSSYNEQFF	1
CASSSRQSYGYTF	1
CASSSNRGFNTEAFF	1
CASSSFGNTEAFF	1
CASSSSTTGHTEAFF	1
CASSSYGTSGSEQYF	1
CASSSPGNEQYF	1
CASSSPGQGAVGYTF	1
CASSSPTGPGELFF	1
CASSSPGNEQFF	1
CASSSPGIIHNEQFF	1
CASSSRPSSYNSPLHF	1
CASSSQREQFF	1
CASSSQGLYGYTF	1
CASSSQGVSYEQYF	1
CASSSGWGQFF	1
CASSSGATYEQYF	1
CASSSGGATNEKLFF	1
CASSSDDSYGYTF	1
CASSSDTDTQYF	1
CASSSRVSSNQPQHF	1
CASSWLGRNQPQHF	1
CASSWPGVAGANVLTF	1
CASSWRFYGYTF	1
CASSWRCHQPQHF	1
CASSWAAEGTGELFF	1
CASSWGTEAFF	1
CASSWGLLQGWYF	1
CASSWGESTGELFF	1
CASSWGTGESYSNQPQHF	1
CASSWGTNSQPQHF	1
CASSWGRPRDQPQHF	1
CASSWGHFWTDTQYF	1
CASSWGHSSYGYTF	1
CASSWGQDLRYGYTF	1
CASSWDLSSYEQYF	1
CASSWDGTNTGELFF	1
CASSWEGGTGELFF	1
CASSWEAGEQSGYTF	1
CASSWTSGSNMYF	1
CASSWTPGTSGSRGDTQYF	1
CASSWTGTGDEKLFF	1
CASSWTGSGNTIYF	1
CASSWTGVNYGYTF	1
CASSWTGARDTEAFF	1
CASSWSRDVGSPLHF	1
CASSYFGGELFF	1
CASSYSDHNQPQHF	1
CASSYSRVHEQYF	1
CASSYSVNTEAFF	1
CASSYWTSGYTF	1
CASSYWSRQPQHF	1
CASSYYFNGKDRNYGYTF	1
CASSYLAGSVSAFF	1
CASSYRAGNYGYTF	1
CASSYHRGGNQPQHF	1
CASSYQFTPMNTEAFF	1
CASSYAGRPYEQYF	1
CASSYAGKNQPQHF	1
CASSYGPGETEAFF	1
CASSYGLAGTDTQYF	1
CASSYGGHLSYEQYF	1
CASSYGSGDTQYF	1
CASSYGGSYNEQFF	1
CASSYGQGYEQYF	1
CASSYDSLYTEAFF	1
CASSYEREGRWEQYF	1
CASSYRSFSGNTIYF	1
CASSYFYEQYF	1
CASSYFPGTSGEQYF	1
CASSYLSTDTQYF	1
CASSYLTAQETQYF	1
CASSYLGYEQYF	1
CASSYLGEGLAGASYNEQFF	1
CASSYSSGLYGYTF	1
CASSYSSGGREQFF	1
CASSYSPGGNYGYTF	1
CASSYSRGYSNTGELFF	1
CASSYSRTANEKLFF	1
CASSYSVLTAATNEKLFF	1
CASSYSGGSLADTQYF	1
CASSYSSSREAFF	1
CASSYSLRSVAGELFF	1
CASSYSLWGSGELYNEQFF	1
CASSYSLAGGEQFF	1
CASSYSRDRVYQPQHF	1
CASSYSGQYYNSPLHF	1
CASSYSGQAYEQYF	1
CASSYSGGNQPQHF	1
CASSYSGTGVGQPQHF	1
CASSYSGLAISYEQYF	1
CASSYSRHGLVYTF	1
CASSYSYYGLAKGEQYF	1
CASSYSYPQETQYF	1
CASSYSPGIEQFF	1
CASSYSQTNTGELFF	1
CASSYSVGEDSYEQYF	1
CASSYSVTGRADTQYF	1
CASSYSALRGASNQPQHF	1
CASSYSARGNSPLHF	1
CASSYSAGFYEQYF	1
CASSYSGYEQYF	1
CASSYSGSWNGYTF	1
CASSYSGGALSYEQYF	1
CASSYSGTNLRGNTIYF	1
CASSYSGTRGTGELFF	1
CASSYSGQGNNEQFF	1
CASSYSEYNEQFF	1
CASSYSIGGQRAYNEQFF	1
CASSYSMGQGNQPQHF	1
CASSYSILRDNYEQYF	1
CASSYSTTQGGNTIYF	1
CASSYSTVGALHF	1
CASSYSTQRRFGETQYF	1
CASSYSTGLYGYTF	1
CASSYSSYGQPQHF	1
CASSYSSGRDYYEQYF	1
CASSYSRRSLAKNIQYF	1
CASSYSRGLVGAGELFF	1
CASSYSNQGEAFF	1
CASSYSNGWNQPQHF	1
CASSYSNTGELFF	1
CASSYSNRNEQFF	1
CASSYSNYGADEQFF	1
CASSYSKREGPDEQYF	1
CASSYSKASNEAFF	1
CASSYSKGTEAFF	1
CASSYSKSGDLNIQYF	1
CASSYSPAGQDTQYF	1
CASSYSQAQETQYF	1
CASSYSQEGEQYF	1
CASSYSQEPYGYTF	1
CASSYSGYREVDEQYF	1
CASSYSGGIDEQFF	1
CASSYSKAATNEKLFF	1
CASSYWGRGGELFF	1
CASSYWGSSEAFF	1
CASSYWGEQYF	1
CASSYYSGSNQPQHF	1
CASSYYGRNFDEQYF	1
CASSYYDSTDTQYF	1
CASSYLRTSGNNEQFF	1
CASSYLGSTEAFF	1
CASSYLQENYGYTF	1
CASSYLDTGQFF	1
CASSYLTSGNYNEQFF	1
CASSYLSGSRAGELFF	1
CASSYPFTGSNQPQHF	1
CASSYPGTGLAFF	1
CASSYPDTYEQYF	1
CASSYPTSGSANTGELFF	1
CASSYPKIFQQYPFYEQYF	1
CASSYPQGRIWDGYTF	1
CASSYPGAEAFF	1
CASSYRTGMNTEAFF	1
CASSYRFGGAGELFF	1
CASSYRAGPYNEQFF	1
CASSYRAGGPEAFF	1
CASSYRLYEQYF	1
CASSYHMDSYDSYEQYF	1
CASSYQLQGVDSPLHF	1
CASSYQRTGQKLFF	1
CASSYQGTGHGGYTF	1
CASSYQGDTGADTQYF	1
CASSYQDRMSNYGYTF	1
CASSYVSGASEKLFF	1
CASSYVKIAGGQYNEQFF	1
CASSYATGAYEQYF	1
CASSYAAGWETQYF	1
CASSYAGSWYEQYF	1
CASSYAGGVTGTTYNEQFF	1
CASSYAMDRGSYNEQFF	1
CASSYADRMGQPQHF	1
CASSYATGAYTEAFF	1
CASSYAGGDTGELFF	1
CASSYGPGGYGYTF	1
CASSYGGGEVYEQYF	1
CASSYGGETQYF	1
CASSYGEKLFF	1
CASSYGIRGRQYF	1
CASSYGSWNQPQHF	1
CASSYGFMWEQYF	1
CASSYGLNTEAFF	1
CASSYGPRANGGNQPQHF	1
CASSYGRGMNTEAFF	1
CASSYGVQPQHF	1
CASSYGVAGRSSYEQYF	1
CASSYGGADTEAFF	1
CASSYGGNYEQYF	1
CASSYGGGPLVGTQYF	1
CASSYGDTGELFF	1
CASSYGTENQPQHF	1
CASSYGTGSYEQYF	1
CASSYGTGGNTEAFF	1
CASSYGTGNTGELFF	1
CASSYGRNQPQHF	1
CASSYGSWQGSYEQYF	1
CASSYGPDNQPQHF	1
CASSYGQSYEQYF	1
CASSYGGVPTDTQYF	1
CASSYGGGDSPLHF	1
CASSYDQRRVNEKLFF	1
CASSYDGRYEQYF	1
CASSYDGPGELFF	1
CASSYDTAGQGHTEAFF	1
CASSYDTGELFF	1
CASSYDRERNQPQHF	1
CASSYEYLGADTQYF	1
CASSYEASREQYF	1
CASSYEGDYGYTF	1
CASSYETRTGSYNEQFF	1
CASSYIGGSSYNEQFF	1
CASSYTSGSLPETQYF	1
CASSYTRGQGNSPLHF	1
CASSYTQGAQGSPLHF	1
CASSYSGGGTDTQYF	1
CASSYRRETDTQYF	1
CASSYRVLREQYF	1
CASSYRGGTDTQYF	1
CASSYRGNYGYTF	1
CASSYRGRSNQPQHF	1
CASSYRDNQPQHF	1
CASSYRTGHVNQPQHF	1
CASSYNPGVNTEAFF	1
CASSYNGRSNEKLFF	1
CASSYNRGLEQYF	1
CASSLPFFTEAFF	1
CASSLRTSGGETQYF	1
CASSLQGTSYEQYF	1
CASSLQTSGLSYEQYF	1
CASSLGQGSGYTF	1
CASSLTGLGYEQYF	1
CASSLTGIQPQHF	1
CASSLNSPLHF	1
CASSLFGARGPLHF	1
CASSLSRGGEQYF	1
CASSLWQGASDTQYF	1
CASSLLPGQGGLHF	1
CASSLLLWKDTQYF	1
CASSLLSGTSGRRYEQYF	1
CASSLRTSGSVTDTQYF	1
CASSLAGTGRTGELFF	1
CASSLGTGSNQPQHF	1
CASSLDPRSTEAFF	1
CASSLDVTYEQYF	1
CASSLDRAKTQYF	1
CASSLERVGETQYF	1
CASSLESGRSSYEQYF	1
CASSLIRVSGWANQPQHF	1
CASSLTWDGRPTF	1
CASSLTGDGYTF	1
CASSLTGVQPQHF	1
CASSLSGATDTQYF	1
CASSLRVQPQHF	1
CASSLRTSGTSDEQFF	1
CASSLLNTYEQYF	1
CASSLAGRNYGYTF	1
CASSLGLAAYNEQFF	1
CASSLGLAGGSVEQYF	1
CASSLGQDNYGYTF	1
CASSLTGNTEAFF	1
CASSLTGGSNTDEAFF	1
CASSLTGSNQPQHF	1
CASSLYNEQFF	1
CASSLLAGGSYEQYF	1
CASSLPGQTRYGYTF	1
CASSLPGRIKDNEQFF	1
CASSLRRDRAEAFF	1
CASSLRAPSSYEQYF	1
CASSLQRPGTHEQYF	1
CASSLQGLRSSYEQYF	1
CASSLQGNTEAFF	1
CASSLQSLDLQTDTQYF	1
CASSLARGAEAFF	1
CASSLAGSSYNEQFF	1
CASSLAGGPDEQFF	1
CASSLAGISYEQYF	1
CASSLRTGANEKLFF	1
CASSLNANDENIQYF	1
CASSLKQVFSNQPQHF	1
CASSPSSGTYEQYF	1
CASSPWTGQNSPLHF	1
CASSPYSGAANYGYTF	1
CASSPYPDRYPLAGEREETQYF	1
CASSPLTDYNEQFF	1
CASSPPGAGYNEQFF	1
CASSPPTGNYGYTF	1
CASSPPTSGAETQYF	1
CASSPRSAWGYEQYF	1
CASSPHSYEQYF	1
CASSPQREAYNEQFF	1
CASSPQGANQPQHF	1
CASSPAGGGNTIYF	1
CASSPGGHKEYF	1
CASSPGGRQETQYF	1
CASSPGTSYEQYF	1
CASSPGLAESYEQYF	1
CASSPGQDPNQPQHF	1
CASSPDVGGLIQPQHF	1
CASSPTWSYNEQFF	1
CASSPTGFYEQYF	1
CASSPTGGSSGNTIYF	1
CASSPSGEGQPQHF	1
CASSPRGSNQPQHF	1
CASSPLDKLGNQPQHF	1
CASSPSGGSREAFF	1
CASSPSTGEETQYF	1
CASSPSQGAMYEQYF	1
CASSPWVAGVGEQYF	1
CASSPWIDEQFF	1
CASSPWMGGTSYNEQFF	1
CASSPWTDYEKLFF	1
CASSPYPDKPQHF	1
CASSPYQETQYF	1
CASSPYVATGELFF	1
CASSPYTSSYNSPLHF	1
CASSPLKGSINEQYF	1
CASSPLLNTEAFF	1
CASSPLQGNTEAFF	1
CASSPLGPYEQYF	1
CASSPLIGAASYEQYF	1
CASSPLPPGQGGGETQYF	1
CASSPLGTENTEAFF	1
CASSPPLLGTANYGYTF	1
CASSPPGRGENTEAFF	1
CASSPPGTSGIVQGTDTQYF	1
CASSPPDYNEQFF	1
CASSPPTGFGEAFF	1
CASSPRGLVDEQYF	1
CASSPRAPVDQPQHF	1
CASSPRDRAQPQHF	1
CASSPRTGRTEAFF	1
CASSPRTGERCTF	1
CASSPRTGMTEAFF	1
CASSPHEGADEQFF	1
CASSPHLTGGGQPQHF	1
CASSPHGFEQFF	1
CASSPQAGATEQYF	1
CASSPQGRSYGYTF	1
CASSPQTINEQYF	1
CASSPQSRYNEQFF	1
CASSPVQLHTEAFF	1
CASSPAHSGNQPQHF	1
CASSPADRGWQPQHF	1
CASSPGGAGTPDEQFF	1
CASSPGGGSGEKLFF	1
CASSPGTFTGELFF	1
CASSPGTSSYNEQFF	1
CASSPGTVYGYTF	1
CASSPGTANTEAFF	1
CASSPGPLTTYGYTF	1
CASSPGRISYNEQFF	1
CASSPGQVVRETQYF	1
CASSPGQGRQFF	1
CASSPDATGKNQPQHF	1
CASSPDSYEQYF	1
CASSPDSPNEQFF	1
CASSPDREAQETQYF	1
CASSPILVRDSGAQRLTEAFF	1
CASSPTPAGTYSPEQFF	1
CASSPTGTNLQETQYF	1
CASSPTGPVNTEAFF	1
CASSPTESTDTQYF	1
CASSPRGDYSGNTIYF	1
CASSPRGPPGNTIYF	1
CASSPRQGKADTQYF	1
CASSPKSQDGAPLHF	1
CASSPKMNTEAFF	1
CASSPLGVSGNEETQYF	1
CASSPSGGRTEAFF	1
CASSPPPGRGNQPQHF	1
CASSPPTGTVGNYGYTF	1
CASSPRDISIQETQYF	1
CASSPRDSEKLFF	1
CASSPGVRGTEAFF	1
CASSPGGNIQYF	1
CASSPGTAQETQYF	1
CASSPGYNEQFF	1
CASSPGLAFHSSYNEQFF	1
CASSPGLAGATDTQYF	1
CASSPGLAGGQFF	1
CASSPGPDNTGELFF	1
CASSPGQASYQPQHF	1
CASSPGAYNQPQHF	1
CASSPGGVGIEAFF	1
CASSPILKGNGYTF	1
CASSPTSGTQETQYF	1
CASSPTSGSHEQFF	1
CASSPTSGSSYNEQFF	1
CASSPTSLDGYGYTF	1
CASSPTGANQPQHF	1
CASSPSGRQETQYF	1
CASSPRAYEQYF	1
CASSPYTETQYF	1
CASSPLPGQGAKNNEKLFF	1
CASSPPYGMVGEQFF	1
CASSPRGDPDTEAFF	1
CASSPRGEWNTEAFF	1
CASSPHQGGEKLFF	1
CASSPQGDYGYTF	1
CASSPQGLGGYTF	1
CASSPQDRGLDQPQHF	1
CASSPQDRPGIGNTIYF	1
CASSPAGTEAFF	1
CASSPGPLADTQYF	1
CASSPGRTETYGYTF	1
CASSPGWEQFF	1
CASSPGGVYEQYF	1
CASSPGIGNQPQHF	1
CASSPGIRAKNIQYF	1
CASSPDRGVTNEKLFF	1
CASSPDTYGYTF	1
CASSPDRGRATDTQYF	1
CASSPDRGGNGYTF	1
CASSPEYTTEAFF	1
CASSPIGEQFF	1
CASSPTSGSLYEQYF	1
CASSPTTGGYEQYF	1
CASSPRMFQPQHF	1
CASSRLGTSSYEQYF	1
CASSRSSESYNEQFF	1
CASSRGVGNNEQFF	1
CASSRDPPGFF	1
CASSRINALSTDTQYF	1
CASSRSGADTQYF	1
CASSRRRQEDQPQHF	1
CASSRGPNQPQHF	1
CASSRGPAYEQYF	1
CASSRDRVSTEAFF	1
CASSRTGADIRTTEAFF	1
CASSRSVPTYNEQFF	1
CASSRWAQGTSPRLDQETQYF	1
CASSRRGPRNTEAFF	1
CASSRGQGGILVYTF	1
CASSRGDTQYF	1
CASSRDVQETQYF	1
CASSRDGRYQETQYF	1
CASSRDGGYEQYF	1
CASSRDRGDEQYF	1
CASSRIRSGSSYNEQFF	1
CASSRTQSYEQYF	1
CASSRTGGYGYTF	1
CASSRTESYYGYTF	1
CASSRNSVYTQYF	1
CASSRSITTGEQYF	1
CASSRQGYTGELFF	1
CASSRQGEADIQYF	1
CASSRQDSHEQYF	1
CASSRGQGGVNQPQHF	1
CASSRRPWRTNATNEKLFF	1
CASSRRGDRVLEKLFF	1
CASSHGQGASNQPQHF	1
CASSHMTGTTEAFF	1
CASSHSATSGRTDTQYF	1
CASSHPIGRASQETQYF	1
CASSHRWGTEAFF	1
CASSHRTYEQYF	1
CASSHETSGIGEQFF	1
CASSHSDTEAFF	1
CASSHSGGGYDGYTF	1
CASSHRVSGELFF	1
CASSHRGTNTKMNTEAFF	1
CASSQWPGVNEKLFF	1
CASSQYSNQPQHF	1
CASSQAGAQPQHF	1
CASSQGFPYEQYF	1
CASSQGLAGEDEQYF	1
CASSQGQPNEKLFF	1
CASSQGQGYTDTQYF	1
CASSQLQSQGIYNEQFF	1
CASSQPATPDTQYF	1
CASSQPGTSGRYEQYF	1
CASSQPTGNTEAFF	1
CASSQHLDQPYEQYF	1
CASSQQAGTDTQYF	1
CASSQQGYEQYF	1
CASSQQGYEQYF	1
CASSQQGARMTPLHF	1
CASSQGYGYTF	1
CASSQGGTAYSPLHF	1
CASSQDAGGLETQYF	1
CASSQEGGYTF	1
CASSQMTGGPLHF	1
CASSQTITGTGGNGNTIYF	1
CASSQSQRAHETQYF	1
CASSVSDGNPYEQYF	1
CASSVGQGTQPQHF	1
CASSVEFANNSPLHF	1
CASSVTSGAYNEQFF	1
CASSVNEKLFF	1
CASSVFQLAADEQYF	1
CASSVSNTGELFF	1
CASSVRGTQYF	1
CASSVRGEFDEQFF	1
CASSVGPARGYGYTF	1
CASSVISYEQYF	1
CASSVTETQYF	1
CASSVRGQGGGYTF	1
CASSVSYSNQPQHF	1
CASSVQASGIGQSTQYF	1
CASSVVLTNTGELFF	1
CASSVASGANEQFF	1
CASSVAEAGELFF	1
CASSVGVQLVETQYF	1
CASSVGIGEQFF	1
CASSVGTGYSNQPQHF	1
CASSVGLAETSYEQYF	1
CASSVDRGGNQPQHF	1
CASSVTADQPQHF	1
CASSVTGGAAYEQYF	1
CASSVSGGTGELFF	1
CASSVNGGNTIYF	1
CASSVRTDSPLHF	1
CASSVQQLGYNEQFF	1
CASSVQAVLF	1
CASSVQGEDTQYF	1
CASSVGFDTEAFF	1
CASSVGGYQETQYF	1
CASSVEGAGLNIQYF	1
CASSVTLGPQHF	1
CASSVRESGTEAFF	1
CASSAFEGNTEAFF	1
CASSASGTGTDNEQFF	1
CASSALRGSHYGYTF	1
CASSAAWASQPQHF	1
CASSASSDGGYGYTF	1
CASSALGDTIYF	1
CASSAPPGQPSYTDTQYF	1
CASSAPAGVFQPQHF	1
CASSAPDRQYQETQYF	1
CASSARLGANEKLFF	1
CASSARTGNTEAFF	1
CASSARGFSNQPQHF	1
CASSAQGGTTEAFF	1
CASSAVPARNGNTIYF	1
CASSAGSVAPLHF	1
CASSAGLYRLALEPYEQYF	1
CASSAGTSGSDTQYF	1
CASSADRAHYEQYF	1
CASSAETNGGEQFF	1
CASSAAGTGTGGYTF	1
CASSAGVNQPQHF	1
CASSADVHGPQHF	1
CASSADRASYQPQHF	1
CASSATVPYEQYF	1
CASSATDFYEQYF	1
CASSASSYEQYF	1
CASSASGTGNTEAFF	1
CASSAPPSRGQYF	1
CASSAPGLMGYTF	1
CASSARRIGNTIYF	1
CASSAGLAGAEQFF	1
CASSAGQLLAKNIQYF	1
CASSATGLAGLQSSYNEQFF	1
CASSARDRPGNEQFF	1
CASSGGGPGLNEQFF	1
CASSGMIAGHDEQYF	1
CASSGRGLYTQYF	1
CASSGASGIGTDTQYF	1
CASSGGRYGDTQYF	1
CASSGERWDEQYF	1
CASSGEGNTEAFF	1
CASSGRGYNTEAFF	1
CASSGSETSYEQYF	1
CASSGPVEQGGVTGELFF	1
CASSGPLSGEQFF	1
CASSGRTGSYYGYTF	1
CASSGHLGEYAGYEQYF	1
CASSGQHYGYTF	1
CASSGQGVETQYF	1
CASSGASGHQETQYF	1
CASSGAGGVNEQFF	1
CASSGGIAGTGNTEAFF	1
CASSGGSYNSPLHF	1
CASSGGSGYGYTF	1
CASSGGPSGPYNEQFF	1
CASSGGHEQFF	1
CASSGGTEAQPQHF	1
CASSGGTRQTTEAFF	1
CASSGGYGGYTF	1
CASSGGLAGGTDTQYF	1
CASSGGGAYTGELFF	1
CASSGGDGHGYTF	1
CASSGDSLNYGYTF	1
CASSGDRGRVRNEQFF	1
CASSGEMNTEAFF	1
CASSGIRAYEQYF	1
CASSGTGNQPQHF	1
CASSGTGSYFGYTF	1
CASSGTGWDQPQHF	1
CASSGTGAGGELFF	1
CASSGTGTSGSYNEQFF	1
CASSGRGSLNEKLFF	1
CASSGNSNQPQHF	1
CASSGLTDRNEKLFF	1
CASSGSYNEQFF	1
CASSGWAISGLSSYNEQFF	1
CASSGLAGVHEQFF	1
CASSGLASSSYNEQFF	1
CASSGLARNEQFF	1
CASSGPLSTDTQYF	1
CASSGQSSGNTIYF	1
CASSGQGDNSPLHF	1
CASSGQGESPLHF	1
CASSGVNSNQPQHF	1
CASSGVAGPQETQYF	1
CASSGGGAAFF	1
CASSGGDTLGHQPQHF	1
CASSGGTGTYNEQFF	1
CASSGGHPNQPQHF	1
CASSGEAAENSPLHF	1
CASSGTRREPQHF	1
CASSDSWTGGSPLHF	1
CASSDRQGEDGYTF	1
CASSDRAGATDTQYF	1
CASSDHSAGGHTGELFF	1
CASSDGGKGQPSTDTQYF	1
CASSDGRRDEKLFF	1
CASSDGVYYGYTF	1
CASSDEQNYGYTF	1
CASSDISRTSGHHF	1
CASSDSRTGDYGYTF	1
CASSDSGVPDTQYF	1
CASSDRQIYSNQPQHF	1
CASSDRGRGEKLFF	1
CASSDRDRGDNEQFF	1
CASSDKARRQPQHF	1
CASSDFRVGEAFF	1
CASSDSFFQETQYF	1
CASSDSQWYEQYF	1
CASSDSSRTEAFF	1
CASSDSAAGFMRPRGYTF	1
CASSDSADTDTQYF	1
CASSDSGGSSNEQFF	1
CASSDSGESPNEQFF	1
CASSDSTASSDTQYF	1
CASSDSRGSYNEQFF	1
CASSDWTSGITDTQYF	1
CASSDYYDNEQFF	1
CASSDPGQGAPNEQFF	1
CASSDPGRANYGYTF	1
CASSDPGQRLGGYTF	1
CASSDPGQKAYEQYF	1
CASSDPTATNEKLFF	1
CASSDRGVYGYTF	1
CASSDVSENTEAFF	1
CASSDAGQGKPQHF	1
CASSDGSSGYNEQFF	1
CASSDGLARYQETQYF	1
CASSDGGGDNQPQHF	1
CASSDTSGTSGSMYF	1
CASSDTGVLHF	1
CASSDSEDSYEQYF	1
CASSDSNQPQHF	1
CASSDRAYYEQYF	1
CASSDRATGELFF	1
CASSDRGHNEQFF	1
CASSELGLAGVEQFF	1
CASSELAGGGQETQYF	1
CASSESQAYEQYF	1
CASSESYEQYF	1
CASSELTRQGRDEQYF	1
CASSELGANTEAFF	1
CASSEPGWPQHF	1
CASSERGPYNEQFF	1
CASSEVITEAFF	1
CASSEVTQHRDNQPQHF	1
CASSEVSQNQPQHF	1
CASSEAPGQGAREQYF	1
CASSEAGFLNEQFF	1
CASSEAGAGQQPQHF	1
CASSEAGRGANTEAFF	1
CASSEGLADTNEQFF	1
CASSEGVSPLHF	1
CASSEGAGTEAFF	1
CASSEGSSYEQYF	1
CASSEGYEQYF	1
CASSEGGNTMYF	1
CASSEDRGLTDTQYF	1
CASSEDRGNEKLFF	1
CASSEEAGDSADTQYF	1
CASSEISNQPQHF	1
CASSEMPGQGAHEQFF	1
CASSEIHPPDTQYF	1
CASSERVGEQFF	1
CASSERVGLGSYNEQFF	1
CASSENGVDQPQHF	1
CASSENRDTEAFF	1
CASSEFGGPEAFF	1
CASSEFRDRANQPQHF	1
CASSELDRDLYEQYF	1
CASSELGRGSTDTQYF	1
CASSELGQGYEQYF	1
CASSELGRDEQFF	1
CASSELIEGINEKLFF	1
CASSELIEKLFF	1
CASSESVGGGTEAFF	1
CASSESKSTDTQYF	1
CASSEWPKKNTEAFF	1
CASSEWRRVWTNTEAFF	1
CASSEWGPPSYEQYF	1
CASSEWDDYNEQFF	1
CASSEYASGRYEQYF	1
CASSEYGIGTGLYF	1
CASSEYDSITGELFF	1
CASSEYQGGSTDTQYF	1
CASSEYTGELFF	1
CASSEYNEQFF	1
CASSEPITSGRVF	1
CASSEPDGKVSGNTIYF	1
CASSEPIGLNSNQPQHF	1
CASSEPTGAPSQETQYF	1
CASSERTPREGQPQHF	1
CASSERRTGSSGYTF	1
CASSERWEVRTDTQYF	1
CASSERSRCYEQYF	1
CASSERRNTEAFF	1
CASSEQQGLKTEAFF	1
CASSEQGARSGNTIYF	1
CASSEQGRQPQHF	1
CASSEQYSNQPQHF	1
CASSEQLAGAEDTQYF	1
CASSEVPGNLDGYTF	1
CASSEVVRNTGELFF	1
CASSEAQGTSGSMDEQFF	1
CASSEAGGLGGYTF	1
CASSEASGAYEQYF	1
CASSEASGGPVSPLHF	1
CASSEARGWIYGYTF	1
CASSEAGLVAGASEQYF	1
CASSEARDRGPLRSYNEQFF	1
CASSEAFTAVQETQYF	1
CASSEASGVADTQYF	1
CASSEALGRPYEQYF	1
CASSEALYEQYF	1
CASSEARRGWGQPQHF	1
CASSEAVGGSYGYTF	1
CASSEATGYEQYF	1
CASSEASGRPHEQYF	1
CASSEGLYRVPYEQYF	1
CASSEGLANNEQFF	1
CASSEGGSSYNEQFF	1
CASSEGVAGNEQFF	1
CASSEGDFYGYTF	1
CASSEGDSSYEQYF	1
CASSEGEMTGQQPQHF	1
CASSEGISGSYEQYF	1
CASSEGTGSNQPQHF	1
CASSEGLLNTEAFF	1
CASSEGQGSGNTIYF	1
CASSEGEGTYYGYTF	1
CASSEDWDSNQPQHF	1
CASSEDYFYNEQFF	1
CASSEDRLVDEQFF	1
CASSEEPEGYNEQFF	1
CASSEEGQYEQYF	1
CASSEETATEAFF	1
CASSEEAGQGYGYTF	1
CASSEILGGNTGELFF	1
CASSEIGGTYNEQFF	1
CASSEMEELEQYF	1
CASSETWGYTF	1
CASSETSGSGNEQFF	1
CASSETRQETQYF	1
CASSETDRPDEKLFF	1
CASSETRERDEQYF	1
CASSETGQHYGYTF	1
CASSETDRNQPQHF	1
CASSESPPLHF	1
CASSERLRNEQFF	1
CASSERVGQPQHF	1
CASSERGLAGGPYEQYF	1
CASSERDIYQPQHF	1
CASSERQGSEKLFF	1
CASSENGEAKNIQYF	1
CASSENYRRNYGYTF	1
CASSENPGRAEQYF	1
CASSEKRFRDKSYNEQFF	1
CASSITGGRGYTF	1
CASSILERNQPQHF	1
CASSIHRGRSYEQYF	1
CASSIRGRSEAFF	1
CASSIRGRGTEAFF	1
CASSMDRGYYGYTF	1
CASSMINQPQHF	1
CASSIPGQGLNQPQHF	1
CASSIAGVPGELFF	1
CASSISGLSYEQYF	1
CASSIREYNSPLHF	1
CASSTSLRGVDGYTF	1
CASSTLGKEAFF	1
CASSTPGTVTYNEQFF	1
CASSTSGSVGEQFF	1
CASSTFTYEQYF	1
CASSTPLRGKLNTEAFF	1
CASSTPRVAEENEQFF	1
CASSTPNSGRYEQYF	1
CASSTPGQSYHGYTF	1
CASSTRLREAKNIQYF	1
CASSTRDRGHGNTIYF	1
CASSTRQGADAKNIQYF	1
CASSTGAAYEQYF	1
CASSTDSSYNSPLHF	1
CASSTDRGFVDSPLHF	1
CASSTTVDRFFEAFF	1
CASSTWPHNEQFF	1
CASSTYEQFF	1
CASSTLAGALLENTGELFF	1
CASSTAPQGPSEGEQFF	1
CASSTAGSLSEKLFF	1
CASSTGQPRGPLHF	1
CASSTGTGSTDTQYF	1
CASSTDRGGTEAFF	1
CASSTTPAGNTIYF	1
CASSTTGISNQPQHF	1
CASSTTGRNQPQHF	1
CASSTGNVDTEAFF	1
CASSTRGLLGSQYF	1
CASSSSGEKLFF	1
CASSSRTGTGSRQYF	1
CASSSDMNTEAFF	1
CASSSGRLQETQYF	1
CASSSREISPLHF	1
CASSRREGPDTQYF	1
CASSRVTGTPYEQYF	1
CASSRTTNTEAFF	1
CASSRQGALSADTQYF	1
CASSRESGRFREQFF	1
CASSRTTNEKLFF	1
CASSNFGTIEYKQFF	1
CASSNQGARGYTF	1
CASSNGREPQETQYF	1
CASSNTDEQFF	1
CASSNTRGGGYTEAFF	1
CASSNPANSPLHF	1
CASSKGQAPGLRSNQQFF	1
CASSKGYTEAFF	1
CASSKRGGTGNTIYF	1
CASSKPSNQPQHF	1
CASSKPGLANNEQFF	1
CASSKQGTIRNEQFF	1
CASSKGTANQPQHF	1
CASSFFDGEAFF	1
CASSFLGQKTDTQYF	1
CASSFLDQPQHF	1
CASSFLKSYNSPLHF	1
CASSFSSRLGEQFF	1
CASSFSSYEQYF	1
CASSFSTVNEKLFF	1
CASSFSRGNEKLFF	1
CASSFSGSETQYF	1
CASSFWASFNEQFF	1
CASSFYSVGVAEAFF	1
CASSFYYGTSTHPGQETQYF	1
CASSFYPGQGAAYEQYF	1
CASSFYQGVQETQYF	1
CASSFLTGTIYF	1
CASSFLSHQETQYF	1
CASSFLAGVTGELFF	1
CASSFPGTSGGSSYNEQFF	1
CASSFPPRDDTYGYTF	1
CASSFPGGSEAFF	1
CASSFRLGQGVDTEAFF	1
CASSFRDGNTEAFF	1
CASSFRTTPGHEQYF	1
CASSFRLESDEQFF	1
CASSFRQGNEQYF	1
CASSFHGVDTEAFF	1
CASSFQAPRGTEAFF	1
CASSFQKGLQETQYF	1
CASSFQRRGNRGPGSCFF	1
CASSFVISSTEAFF	1
CASSFVLRGSGELFF	1
CASSFASASTDTQYF	1
CASSFASSYNEQFF	1
CASSFAGATEAFF	1
CASSFAGGETQYF	1
CASSFGGRETQYF	1
CASSFGSFGVVETQYF	1
CASSFGLADNEQFF	1
CASSFGTSAYF	1
CASSFGTGVLSYGYTF	1
CASSFGLAGEDEQFF	1
CASSFGQFYEQYF	1
CASSFGQQETQYF	1
CASSFGQILSGNTIYF	1
CASSFGGYGYTF	1
CASSFGGNQETQYF	1
CASSFDWYQETQYF	1
CASSFDGVSYGYTF	1
CASSFERSQGEQFF	1
CASSFEVGYEQYF	1
CASSFERQGQYF	1
CASSFIGAEQYF	1
CASSFMWGGETSRSYNEQFF	1
CASSFTRGGTGELFF	1
CASSFTGATNTEAFF	1
CASSFTGTRRGEQFF	1
CASSFTSNNYGYTF	1
CASSFSSYTGELFF	1
CASSFSSGAPYEQYF	1
CASSFSYGYTF	1
CASSFSASWETQYF	1
CASSFRGTEAFF	1
CASSFRGGDPSYEQYF	1
CASSFRKNTEAFF	1
CASSFNPNTEAFF	1
CASSFNSGNTIYF	1
CASSFNNEQFF	1
CASSFFMAAEMGYGYTF	1
CASSFLTDTGELFF	1
CASSFSSGALVLEQYF	1
CASSFSLTTDTQYF	1
CASSFSGEGEQFF	1
CASSFSGTDTQYF	1
CASSFSGNNEQFF	1
CASSFYTGELFF	1
CASSFLSGEGSPLHF	1
CASSFLRGTDTQYF	1
CASSFLQQAPLRNEQFF	1
CASSFLPPGRAGGLGEQFF	1
CASSFLPSPAGVRTEAFF	1
CASSFLGLAGGIEQFF	1
CASSFLSGAGEAFF	1
CASSFLAGTQETQYF	1
CASSFLAEASYEQYF	1
CASSFLTQPQHF	1
CASSFPPRQGMTEAFF	1
CASSFPGGGRSGYTF	1
CASSFPGQGSWDTIYF	1
CASSFPGVRTGELFF	1
CASSFPDLNTEAFF	1
CASSFPILANTYNEQFF	1
CASSFRDRGSSYEQYF	1
CASSFRVPRKEQYF	1
CASSFRGTEAFF	1
CASSFRDSHQPQHF	1
CASSFRDSLNTEAFF	1
CASSFRDRGATEAFF	1
CASSFRLGELAKNIQYF	1
CASSFRQGLTDTQYF	1
CASSFQRGSYNEQFF	1
CASSFQGGNYGYTF	1
CASSFQNNEQFF	1
CASSFVRRWVRGTEAFF	1
CASSFVNTEAFF	1
CASSFAGTYNEQFF	1
CASSFASRGGSGTEAFF	1
CASSFASVQYSPLHF	1
CASSFAGYQGGYTF	1
CASSFAGSGREKLFF	1
CASSFADRPNQPQHF	1
CASSFASGYNEQFF	1
CASSFGLGGGLASPLHF	1
CASSFGGELFF	1
CASSFGPAYEQYF	1
CASSFGPNYEQYF	1
CASSFGRGYTEAFF	1
CASSFGQGAVKLFF	1
CASSFGGGSPLHF	1
CASSFGGLIYNEQFF	1
CASSFGGPGANVLTF	1
CASSFGGIYEQYF	1
CASSFGTPTEQFF	1
CASSFGTSGRFYEQYF	1
CASSFGTGYTDTQYF	1
CASSFGNTEAFF	1
CASSFGSGDEQFF	1
CASSFGLNNEQFF	1
CASSFGLAASYEQYF	1
CASSFGQRNTEAFF	1
CASSFGGMNGYTF	1
CASSFDQGGEKLFF	1
CASSFDPSGRSPSTDTQYF	1
CASSFDAGQGYGYTF	1
CASSFDISYEQYF	1
CASSFDSNYGYTF	1
CASSFEANQPQHF	1
CASSFEIEGGGTGELFF	1
CASSFEGGTAGPLDTQYF	1
CASSFTFVPEGYGYTF	1
CASSFTRLMLNTEAFF	1
CASSFTPGETQYF	1
CASSFTSSEETQYF	1
CASSFTVTEAFF	1
CASSFTAFYGYTF	1
CASSFTGAQETQYF	1
CASSFTGLTEAFF	1
CASSFSGNTIYF	1
CASSFSSYEQYF	1
CASSFRVGGTFF	1
CASSFRTESSGNTIYF	1
CASSFRWGNTEAFF	1
CASSFRPVYEQYF	1
CASSFNEAGGWNNEQFF	1
CASSFNNEQFF	1
CASSLFLAGGSKDEQFF	1
CASSLLGDLATNEKLFF	1
CASSLLDRGQETQYF	1
CASSLLDKRNEQFF	1
CASSLLENTEAFF	1
CASSLLNSKGDTQYF	1
CASSLLRQDAANYGYTF	1
CASSLSRNNEQFF	1
CASSLSGTSGIYEQFF	1
CASSLSSQHNEQFF	1
CASSLSLAVYNEQFF	1
CASSLSGRSSYEQYF	1
CASSLSGHQPQHF	1
CASSLSGEETQYF	1
CASSLWSTDQPQHF	1
CASSLWVGVANTEAFF	1
CASSLWASFPEKLFF	1
CASSLWGLNSPLHF	1
CASSLWGRSNQPQHF	1
CASSLWEAQETQYF	1
CASSLYSRGVKTDTQYF	1
CASSLYWGQGQPQHF	1
CASSLYWTSGADEQFF	1
CASSLYGSNYGYTF	1
CASSLYQGNGNQPQHF	1
CASSLYGGNEKLFF	1
CASSLLDRYNTGELFF	1
CASSLLRRGTEAFF	1
CASSLPQGTDTQYF	1
CASSLPGQGYTEAFF	1
CASSLRPGRSSYEQYF	1
CASSLRSGTDLQLDYGYTF	1
CASSLRAPLEEQYF	1
CASSLREDYSNQPQHF	1
CASSLRTPGTSGEFRQETQYF	1
CASSLRRGQITDTQYF	1
CASSLRRTSGVDTLARQYF	1
CASSLHGGGRDYEQYF	1
CASSLHNEQFF	1
CASSLQGPGAYNEQFF	1
CASSLQTSGRLDEQFF	1
CASSLQHGTSGSIYNEQFF	1
CASSLVLGGASYGYTF	1
CASSLVWEKDEKLFF	1
CASSLVPEQFF	1
CASSLVPSGKAYEQYF	1
CASSLVRNEQFF	1
CASSLVVVRGSSYNEQFF	1
CASSLVGGAYNEQFF	1
CASSLVGLAFGFLF	1
CASSLVGAQPDTQYF	1
CASSLVWSREQFF	1
CASSLVAGGYNEQFF	1
CASSLVGGGNSPLHF	1
CASSLVEGKSYGYTF	1
CASSLAFGNQPQHF	1
CASSLAGVEAFF	1
CASSLAMGLAMETQYF	1
CASSLASGRARDEQFF	1
CASSLALGPYEQYF	1
CASSLAWGAIRTDTQYF	1
CASSLALENIQYF	1
CASSLAPGQAYNEQFF	1
CASSLARQEGQPQHF	1
CASSLAGAWGQPQHF	1
CASSLAGNEQFF	1
CASSLAGGSEQFF	1
CASSLAGGPDTQYF	1
CASSLAGTFEETQYF	1
CASSLAGDQETQYF	1
CASSLATGARYEQYF	1
CASSLARNTEAFF	1
CASSLARGNGYTF	1
CASSLAQGSDTQYF	1
CASSLAGTEAFF	1
CASSLAGTSGRSQYF	1
CASSLAGGGINEQFF	1
CASSLASNWQFF	1
CASSLANQPQHF	1
CASSLAPDSNEQFF	1
CASSLAVNTEAFF	1
CASSLAGTSGRYGYEQYF	1
CASSLADTQYF	1
CASSLGFGDRDPEAFF	1
CASSLGYRGSSYNEQFF	1
CASSLGPGVSTGELFF	1
CASSLGHARGYGYTF	1
CASSLGGDYNEQFF	1
CASSLGTDILFYGYTF	1
CASSLGSYQYF	1
CASSLGFGGNSPLHF	1
CASSLGLAGGPKDEQFF	1
CASSLGPEGSSGNTIYF	1
CASSLGPTRNYGYTF	1
CASSLGPGAEYEQYF	1
CASSLGGKVSYEQYF	1
CASSLGDGSGNTIYF	1
CASSLGEGQPQHF	1
CASSLGSSYNEQFF	1
CASSLGRVKTQYF	1
CASSLGKPQHF	1
CASSLGFENTEAFF	1
CASSLGSSRNNNEQFF	1
CASSLGPEQYF	1
CASSLGQGAYEQYF	1
CASSLGQTQAFF	1
CASSLGVEGTYGYTF	1
CASSLGATYEQYF	1
CASSLGDSGRWHEQFF	1
CASSLGTSGSVHNEQFF	1
CASSLGTNYNEQFF	1
CASSLGTEDEKLFF	1
CASSLGTVTDTQYF	1
CASSLGTGGFAPLHF	1
CASSLGTDYSNQPQHF	1
CASSLGRQGDYGYTF	1
CASSLGFDTEAFF	1
CASSLGLGYGYTF	1
CASSLGSGVGGYTF	1
CASSLGWGYQPQHF	1
CASSLGLYGYTF	1
CASSLGLAGGELFF	1
CASSLGRMNTEAFF	1
CASSLGRGGSSYEQYF	1
CASSLGQSNQPQHF	1
CASSLGQDYGYTF	1
CASSLGAGGTDTQYF	1
CASSLGGLTYEQYF	1
CASSLGGRGTDTQYF	1
CASSLGGAQAGGYTF	1
CASSLGTYEQYF	1
CASSLDLTGDGYTF	1
CASSLDQGTYEQYF	1
CASSLDGSSGSNEQFF	1
CASSLDGRQGLYGYTF	1
CASSLDGNTEAFF	1
CASSLDGVPLRGYTF	1
CASSLDGVSNQPQHF	1
CASSLDGVTYNEQFF	1
CASSLDGTGYGYTF	1
CASSLDTHFYGYTF	1
CASSLDSSGNTIYF	1
CASSLDSSYEQYF	1
CASSLDSNSPLHF	1
CASSLDRGISAGQPQHF	1
CASSLDRERRSGSPLHF	1
CASSLEFQETQYF	1
CASSLELARPFF	1
CASSLELGRNEQFF	1
CASSLEPGRRFGYTF	1
CASSLEAGPGETQYF	1
CASSLEAGFVYEQYF	1
CASSLEGLTYEQYF	1
CASSLEGLVLYEQYF	1
CASSLEGLAGEADTQYF	1
CASSLERALNTEAFF	1
CASSLEAGTGTRNSPLHF	1
CASSLEGGVEQFF	1
CASSLITGPYEQYF	1
CASSLINEKLFF	1
CASSLIVRDGYTF	1
CASSLIDAGGGNEQFF	1
CASSLMTGGDQPQHF	1
CASSLTSGLSYNEQFF	1
CASSLTSGRFYEQFF	1
CASSLTVPNEKLFF	1
CASSLTGTRHTDTQYF	1
CASSLTGTGSAYEQYF	1
CASSLTPGANTGELFF	1
CASSLTPTNEKLFF	1
CASSLTVLAGEFSTDTQYF	1
CASSLTVPNEKLFF	1
CASSLTVLSGNTIYF	1
CASSLTGGYGNTIYF	1
CASSLTDYEQYF	1
CASSLSPDSYEQYF	1
CASSLSGANYGYTF	1
CASSLSIAGAGETQYF	1
CASSLSLDEEQFF	1
CASSLSGIYNEQFF	1
CASSLSGSSYNEQFF	1
CASSLRGRSNTEAFF	1
CASSLRLAGETQYF	1
CASSLRVLNQPQHF	1
CASSLRGLYEQYF	1
CASSLRGWSEKLFF	1
CASSLRGGWNTEAFF	1
CASSLNGRVRTDTQYF	1
CASSLNAGSPKLFF	1
CASSLNAGRQETQYF	1
CASSLNTGTEAFF	1
CASSLNRVGDQPQHF	1
CASSLKGARSPLHF	1
CASSLKDRAFYGYTF	1
CASSLKSNYGYTF	1
CASSLKGPPGLRPQHF	1
CASSLFPANTGELFF	1
CASSLFQGAYEQYF	1
CASSLFGGSTDTQYF	1
CASSLFGLPNTEAFF	1
CASSLFGNTEAFF	1
CASSLLGAGQGLTF	1
CASSLLGGNYGYTF	1
CASSLLGQDQNYGYTF	1
CASSLLGGSYNEQFF	1
CASSLLSGRYTGELFF	1
CASSLLFETYNEQFF	1
CASSLLSGGTYEQYF	1
CASSLLSGSYNEQFF	1
CASSLLLADEQYF	1
CASSLLPGELFF	1
CASSLLAGRQPQHF	1
CASSLLGTGNEKLFF	1
CASSLSVIRASNYGYTF	1
CASSLSANEQFF	1
CASSLSGTKEKLFF	1
CASSLSRAGEKLFF	1
CASSLSQGIGQPQHF	1
CASSLSGSPRGYTF	1
CASSLSRDTGELFF	1
CASSLSSAGVNTEAFF	1
CASSLSPREQYF	1
CASSLSVSYEQYF	1
CASSLSGSGEETQYF	1
CASSLWLDSEKLFF	1
CASSLWASGTSYNEQFF	1
CASSLWDYPFNEQFF	1
CASSLWDRDRGYQPQHF	1
CASSLWDTDYEQYF	1
CASSLWENSDTQYF	1
CASSLWSGSTDTQYF	1
CASSLYLSSGTYEQYF	1
CASSLYLAGGSADTQYF	1
CASSLYQGGEKLFF	1
CASSLYGSGNEKLFF	1
CASSLYGTRGNEQFF	1
CASSLYGTGDTEAFF	1
CASSLYGRASGNTIYF	1
CASSLYSGMSTDTQYF	1
CASSLYGSYGYTF	1
CASSLYSQTSGRETQYF	1
CASSLLFSGGYGYTF	1
CASSLLPAGGNGEQFF	1
CASSLLPGPYGYTF	1
CASSLLRETQYF	1
CASSLLVRGYRGRVPETQYF	1
CASSLLWGAPTEAFF	1
CASSLLRETQYF	1
CASSLLATNEKLFF	1
CASSLLDGTEHPNEKLFF	1
CASSLLTRGSEAFF	1
CASSLLVNTEAFF	1
CASSLLGQGARETQYF	1
CASSLLAGLSYNEQFF	1
CASSLLGGGVYNEQFF	1
CASSLPSGGQMYGYTF	1
CASSLPPSADSGANVLTF	1
CASSLPPVYEQYF	1
CASSLPRLAYTGELFF	1
CASSLPGISTGELFF	1
CASSLPGRKGDNEQFF	1
CASSLPLKETQYF	1
CASSLPRGTEAFF	1
CASSLPADPYEQYF	1
CASSLPGASGSINEQFF	1
CASSLPGQNSPLHF	1
CASSLPEQLFSGTDTQYF	1
CASSLPPIGGFQETQYF	1
CASSLPGQSYGYTF	1
CASSLPERSGNTIYF	1
CASSLRRTSPFF	1
CASSLRSTYEQYF	1
CASSLRLAGQETQYF	1
CASSLRPGGTNEKLFF	1
CASSLRAGEMNTEAFF	1
CASSLRGRMNTEAFF	1
CASSLRRTSGSLRRDTGELFF	1
CASSLRVGLGTEAFF	1
CASSLRGIYNEQFF	1
CASSLRDRGHQPQHF	1
CASSLRRGTSYNEQFF	1
CASSLRRGNEQYF	1
CASSLRQGRTPNFGYTF	1
CASSLRAGDTQYF	1
CASSLRGSGGELFF	1
CASSLHGGLGGYTF	1
CASSLHRTPTNYGYTF	1
CASSLQVGEKLFF	1
CASSLQGGENQPQHF	1
CASSLQGAAPPTTF	1
CASSLQGDEKLFF	1
CASSLQGEASPLHF	1
CASSLQGQGTTEAFF	1
CASSLQENYEQYF	1
CASSLQTRETQYF	1
CASSLQNGNTIYF	1
CASSLQLKSEQYF	1
CASSLQAGQDQPQHF	1
CASSLQGGSPLHF	1
CASSLQGDQPQHF	1
CASSLVSGPGELFF	1
CASSLVYAAMNTEAFF	1
CASSLVLEGNTIYF	1
CASSLVLNTGELFF	1
CASSLVPSPNTGELFF	1
CASSLVPDGAYEQYF	1
CASSLVPGSNYGYTF	1
CASSLVVVMQPQHF	1
CASSLVASQETQYF	1
CASSLVGTGGFNQPQHF	1
CASSLVGQDHHQPQHF	1
CASSLVGKGGGGYTF	1
CASSLVSGHLSGNTIYF	1
CASSLVSSGRPDTQYF	1
CASSLVWSSGRAPSSYNEQFF	1
CASSLVLAGVNEQFF	1
CASSLVPGGDYNEQFF	1
CASSLVPQGGDTEAFF	1
CASSLVQGGSPLHF	1
CASSLVANEQFF	1
CASSLVAGDATEAFF	1
CASSLVGGGSYNEQFF	1
CASSLVGTGLLRKETQYF	1
CASSLVGTDTYEQYF	1
CASSLVGGPYNEQFF	1
CASSLVGTEAFF	1
CASSLVDHEQFF	1
CASSLVRGRQETQYF	1
CASSLVRETQYF	1
CASSLVWREADEQYF	1
CASSLVLGRGQETQYF	1
CASSLVLAGGTDTQYF	1
CASSLVPTGELFF	1
CASSLVPRGRDYGYTF	1
CASSLVRISGDGYTF	1
CASSLVRRVNEKLFF	1
CASSLVQGHSAAFF	1
CASSLVVPGNEKLFF	1
CASSLVASGNTIYF	1
CASSLVAAEKLFF	1
CASSLVATTYNEQFF	1
CASSLVAGGVTEAFF	1
CASSLVGKAYEQYF	1
CASSLVGANYGYTF	1
CASSLVGGRDYNEQFF	1
CASSLVGGYNEQFF	1
CASSLVGGETQYL	1
CASSLVGAQALHF	1
CASSLVGGSNQPQHF	1
CASSLVGQGALYEQFF	1
CASSLVGQGGYLAEAFF	1
CASSLVGMQNSPLHF	1
CASSLVGTANYGYTF	1
CASSLVTSDTYNEQFF	1
CASSLVKNNNYGYTF	1
CASSLVFAAEQYF	1
CASSLVLAGDNEQFF	1
CASSLVLGPYEQYF	1
CASSLVSLPNPQYF	1
CASSLVLGRDYGYTF	1
CASSLVPDGDTEAFF	1
CASSLVRQAGTPLHF	1
CASSLVVSGRNEQFF	1
CASSLVASGTGVVGGYGYTF	1
CASSLVASSYEQYF	1
CASSLVGYNTQYF	1
CASSLVGSSGFNTGELFF	1
CASSLVGVNNSPLHF	1
CASSLVGTEYYGYTF	1
CASSLVGTASGLGEQYF	1
CASSLVGASGSYEQYF	1
CASSLVDGASYNEQFF	1
CASSLVDRGLNQHSGNTIYF	1
CASSLVIYPLAMGTEAFF	1
CASSLVTGAFEAFF	1
CASSLAFGRGAIQYF	1
CASSLASHSNQPQHF	1
CASSLAYWSGDEQYF	1
CASSLALGQTEAFF	1
CASSLAPGQVSGNTIYF	1
CASSLAALYEQYF	1
CASSLAAAGLTEAFF	1
CASSLAAGLNTEAFF	1
CASSLAAGEGQPQHF	1
CASSLAGVGTEAFF	1
CASSLAGEGIQYF	1
CASSLAGSYEQYF	1
CASSLAGGGTEAFF	1
CASSLAETGLYTEAFF	1
CASSLAEKLFF	1
CASSLATGTSEQFF	1
CASSLATGAGELFF	1
CASSLALDSYGYTF	1
CASSLALSNTEAFF	1
CASSLAPHDIQYF	1
CASSLAPLAVNTGELFF	1
CASSLAPGWHEKLFF	1
CASSLAPDINIQYF	1
CASSLAPAGGSYEQYF	1
CASSLAPILNTEAFF	1
CASSLAQGPYNEQFF	1
CASSLAQGDSPLHF	1
CASSLAVKGRNEQYF	1
CASSLAVWNTEAFF	1
CASSLAVTGGGYTF	1
CASSLAAGRTGELFF	1
CASSLAAGVVNEKLFF	1
CASSLAGGAGNTIYF	1
CASSLAGVAYGYTF	1
CASSLAGGTDTQYF	1
CASSLAGGATEAFF	1
CASSLAGTGSYGYTF	1
CASSLAGQDNEKLFF	1
CASSLAILPGELFF	1
CASSLASPSRNSPLHF	1
CASSLAFGRLYF	1
CASSLALGTGAVSPLHF	1
CASSLALANTEAFF	1
CASSLALGSEAFF	1
CASSLALTAFMNTEAFF	1
CASSLASAGNSPLHF	1
CASSLASNLADTQYF	1
CASSLALLGVNEQFF	1
CASSLALWQGRTEAFF	1
CASSLALGPPDEKLFF	1
CASSLALGTANYGYTF	1
CASSLAPGQGYEQYF	1
CASSLAPTRGNQPQHF	1
CASSLARVAGVGFQYF	1
CASSLARRGGSYTF	1
CASSLARSGALSQPQHF	1
CASSLARGGSSYNEQFF	1
CASSLARRGVEAFF	1
CASSLAQGANYGYTF	1
CASSLAQRGRRTGELFF	1
CASSLAQTLGEAFF	1
CASSLAQSTEQYF	1
CASSLAVVRVETQYF	1
CASSLAVSRQYF	1
CASSLAAALVEQYF	1
CASSLAAYVYEQYF	1
CASSLAARWGRGDEQYF	1
CASSLAASYNEQFF	1
CASSLAGPGETQYF	1
CASSLAGPNTEAFF	1
CASSLAGGLDQPQHF	1
CASSLAGVNGNEQFF	1
CASSLAGGLNTEAFF	1
CASSLAGGVGTDTQYF	1
CASSLAGDWYEQYF	1
CASSLAGDNEQFF	1
CASSLAGTAAEAFF	1
CASSLAGRGTDTQYF	1
CASSLAGRYEQYF	1
CASSLAGQGGYEQYF	1
CASSLAGQGTEAFF	1
CASSLAGGRADTQYF	1
CASSLAGGSNQPQHF	1
CASSLAGGKTGELFF	1
CASSLADRAFF	1
CASSLATGRENQPQHF	1
CASSLASPEEAFF	1
CASSLARGMNTEAFF	1
CASSLARLWGRATNEKLFF	1
CASSLARLGQTGELFF	1
CASSLANTGELFF	1
CASSLASRKFNTEAFF	1
CASSLAGLSPLHF	1
CASSLAGLYQPQHF	1
CASSLAGGGNQPQHF	1
CASSLAGMYEQFF	1
CASSLAGTGSYGYTF	1
CASSLAGSPRTGDNQPQHF	1
CASSLATDNDEQYF	1
CASSLGSALANYGYTF	1
CASSLGSVTKNTGELFF	1
CASSLGWTGTDTQYF	1
CASSLGLGRSSYNEQFF	1
CASSLGPPGTGYGYTF	1
CASSLGPYNEQFF	1
CASSLGPNEQFF	1
CASSLGPVGALNQPQHF	1
CASSLGPGGIYSTDTQYF	1
CASSLGRLAAYPGQETQYF	1
CASSLGQAADGYTF	1
CASSLGGNTEAFF	1
CASSLGGAFF	1
CASSLGGAGEQYF	1
CASSLGEDSYEQYF	1
CASSLGSGGNYGYTF	1
CASSLGRLAGDTGELFF	1
CASSLGYLTGYTF	1
CASSLGLLNTEAFF	1
CASSLGLAGATTYNEQFF	1
CASSLGPLEGEQFF	1
CASSLGPGAYEQYF	1
CASSLGPDRGATEAFF	1
CASSLGPLNQPQHF	1
CASSLGPGRRDSPLHF	1
CASSLGREQYF	1
CASSLGHQPQHF	1
CASSLGVQGNQETQYF	1
CASSLGGSRNQPQHF	1
CASSLGGSTPYNEQFF	1
CASSLGGSSGANVLTF	1
CASSLGGNSYEQYF	1
CASSLGGRHTEAFF	1
CASSLGTGNNYGYTF	1
CASSLGRPGLASYNEQFF	1
CASSLGREETQYF	1
CASSLGRREGLQETQYF	1
CASSLGLRSTYGYTF	1
CASSLGSGGGYEQYF	1
CASSLGSGSTIGYGYTF	1
CASSLGSGFEKLFF	1
CASSLGLAGVYNEQFF	1
CASSLGLAGALDTQYF	1
CASSLGLAGNAYEQYF	1
CASSLGPGPLYEQYF	1
CASSLGPGHLQETQYF	1
CASSLGRAIQETQYF	1
CASSLGRTSPQFF	1
CASSLGHSGELFF	1
CASSLGQANYGYTF	1
CASSLGQGVGNEQFF	1
CASSLGQGDEQFF	1
CASSLGVVTEAFF	1
CASSLGVGVNTEAFF	1
CASSLGVSSYNEQFF	1
CASSLGVAQPQHF	1
CASSLGVGSEQFF	1
CASSLGVGYTEAFF	1
CASSLGAVVRETQYF	1
CASSLGAGARYNEQFF	1
CASSLGGFRGSRAKNIQYF	1
CASSLGGGTTYEQYF	1
CASSLGGSAYGYTF	1
CASSLGGRLSTDTQYF	1
CASSLGGSVEAFF	1
CASSLGGSGQPQHF	1
CASSLGGARNQPQHF	1
CASSLGGDSGTAFF	1
CASSLGGDNYGYTF	1
CASSLGGTGVRSGNTIYF	1
CASSLGGSTDTQYF	1
CASSLGGFGPYEQYF	1
CASSLGGSGQAYGYTF	1
CASSLGGLAAQETQYF	1
CASSLGGVNQPQHF	1
CASSLGDRQGANEQYF	1
CASSLGDTLGGAKNIQYF	1
CASSLGDLLAGESYTQYF	1
CASSLGDSEAFF	1
CASSLGMGEQYF	1
CASSLGTSGRHTTYNEQFF	1
CASSLGTYNEKLFF	1
CASSLGSYNEQFF	1
CASSLGRTGELFF	1
CASSLGNEQFF	1
CASSLGKANEKLFF	1
CASSLGYAGGLNTGELFF	1
CASSLGLSPPTGEQFF	1
CASSLGLMNTEAFF	1
CASSLGLAGTNEQFF	1
CASSLGPNYEQYF	1
CASSLGPGGINTDTQYF	1
CASSLGHSDTQYF	1
CASSLGQYTGELFF	1
CASSLGQVYGYTF	1
CASSLGQGGTEAFF	1
CASSLGQEDQPQHF	1
CASSLGQTSPLHF	1
CASSLGVRASYGYTF	1
CASSLGVNSNQPQHF	1
CASSLGVQTQYF	1
CASSLGVGTGNTGELFF	1
CASSLGAGSYNEQFF	1
CASSLGAGGTSGETQYF	1
CASSLGGVSPLHF	1
CASSLGGSQPQHF	1
CASSLGGVNEKLFF	1
CASSLGGVVMDAGELFF	1
CASSLGGGFEPQHF	1
CASSLGGGRRMYNEQFF	1
CASSLGGAGVGETQYF	1
CASSLGDSPLHF	1
CASSLGTGITEAFF	1
CASSLGNQETQYF	1
CASSLDFTPSETQYF	1
CASSLDSRANTEAFF	1
CASSLDSSMNTEAFF	1
CASSLDWTYNEQFF	1
CASSLDLAGGTGELFF	1
CASSLDPRTGWSYNEQFF	1
CASSLDPGGNEQFF	1
CASSLDPEGPADTQYF	1
CASSLDPAGRSYEQYF	1
CASSLDRGRRAFF	1
CASSLDRTGELFF	1
CASSLDQGKYEQYF	1
CASSLDVVNQPQHF	1
CASSLDVGTNTIYF	1
CASSLDAGIGELFF	1
CASSLDGGYYTF	1
CASSLDGGFNEKLFF	1
CASSLDDPGSRSEQFF	1
CASSLDIRTDTQYF	1
CASSLDTRVIYYEQYF	1
CASSLDRDNEQFF	1
CASSLDRGNTIYF	1
CASSLDKRTGGQFF	1
CASSLDLSRVSEAFF	1
CASSLDPSGTEAFF	1
CASSLDPRDAEETQYF	1
CASSLDPRDRMGGYTF	1
CASSLDPTYEQFF	1
CASSLDRVIWTGSFGGYTF	1
CASSLDRGSSGYTF	1
CASSLDRGTEAFF	1
CASSLDVRVFQETQYF	1
CASSLDAYGRGSPLHF	1
CASSLDGRAYYEQYF	1
CASSLDGTSGHNEQFF	1
CASSLDGQGYQPQHF	1
CASSLDGTGELFF	1
CASSLDEGPSSPLHF	1
CASSLDSAGGAFF	1
CASSLDRGNQPQHF	1
CASSLDRDSPLHF	1
CASSLDRIMNTEAFF	1
CASSLDRNFYGYTF	1
CASSLDNRNYGYTF	1
CASSLEFQTYGYTF	1
CASSLESLAGGTGELFF	1
CASSLEWSRTPYGYTF	1
CASSLELVTDTQYF	1
CASSLELVRTDTQYF	1
CASSLELAGANEQFF	1
CASSLEPSSYNEQFF	1
CASSLEVRTASSGNTIYF	1
CASSLEVGQPQHF	1
CASSLEAQGGNYGYTF	1
CASSLEAISGTGNYEQYF	1
CASSLEAELATNEQFF	1
CASSLEGEAFF	1
CASSLEGRETDTQYF	1
CASSLEGTGHQPQHF	1
CASSLEGRGRGGNQPQHF	1
CASSLEGQGHNEQFF	1
CASSLEILGGTDTQYF	1
CASSLETSGRLVQYF	1
CASSLETVTLAKNIQYF	1
CASSLETGGKLFF	1
CASSLETGNTEAFF	1
CASSLESSYNEQFF	1
CASSLERSEAFF	1
CASSLERSSGTSYEQYF	1
CASSLENRVGNEQFF	1
CASSLELSNEQFF	1
CASSLESQGRVAFF	1
CASSLELSRINEQFF	1
CASSLELGRLNTEAFF	1
CASSLELRGLGEKLFF	1
CASSLEPRRGLVSNEQFF	1
CASSLEPRGQNTGELFF	1
CASSLEQGNQPQHF	1
CASSLEVSLTGELFF	1
CASSLEALYQETQYF	1
CASSLEASTGRGYSPLHF	1
CASSLEGPGGYEQYF	1
CASSLEGQPQHF	1
CASSLEGKRNNSPLHF	1
CASSLEGSLQEQYF	1
CASSLEGYEQFF	1
CASSLEGHEQFF	1
CASSLEGGQPQHF	1
CASSLEESNQPQHF	1
CASSLETRRGNEQFF	1
CASSLETLYNEQFF	1
CASSLETGTANEKLFF	1
CASSLETGSNSPLHF	1
CASSLERFLEQFF	1
CASSLERYTEAFF	1
CASSLERSLNTEAFF	1
CASSLISGQIGLAQYF	1
CASSLISGGRAFF	1
CASSLIPNYGYTF	1
CASSLIPSGLSGNTIYF	1
CASSLIRGRWNEQFF	1
CASSLIAGAGNTIYF	1
CASSLIGYEKLFF	1
CASSLMAGELFF	1
CASSLMGAEQYF	1
CASSLMGGTDTQYF	1
CASSLMTGDYGYTF	1
CASSLILDTF	1
CASSLIYEQYF	1
CASSLIQGPLARVF	1
CASSLIVSGNLFF	1
CASSLIGQNTEAFF	1
CASSLIGGGRGYTF	1
CASSLISWDQPQHF	1
CASSLISGRSTDTQYF	1
CASSLTFDRNTEAFF	1
CASSLTPSTDTQYF	1
CASSLTPGTNTGELFF	1
CASSLTGTRTGETQYF	1
CASSLTSGSSGELFF	1
CASSLTSGSYEQYF	1
CASSLTSGSEQYF	1
CASSLTPVKGVAYEQYF	1
CASSLTRDRANTGELFF	1
CASSLTRTSGNEQFF	1
CASSLTIQQGEQFF	1
CASSLTMTSSDTQYF	1
CASSLTSNTGELFF	1
CASSLTRGSDTQYF	1
CASSLTLAGGPREQYF	1
CASSLTPRAGDQPQHF	1
CASSLTREETQYF	1
CASSLTQGYNSPLHF	1
CASSLTAGQGVGLFF	1
CASSLTGTPYTGELFF	1
CASSLTGGSYEQYF	1
CASSLTGDSARRETQYF	1
CASSLTGGTGSPDTQYF	1
CASSLTGERTDTQYF	1
CASSLTDGLGNEQYF	1
CASSLTTSVYNEQFF	1
CASSLTRSSYEQYF	1
CASSLTYNEQFF	1
CASSLTLAGNTEAFF	1
CASSLTAGVTHEQYF	1
CASSLTGVYNEQFF	1
CASSLTGATNEKLFF	1
CASSLTGGTQPQHF	1
CASSLTGTGNTIYF	1
CASSLTRTSQFF	1
CASSLSFRTDTQYF	1
CASSLSLGRSYEQYF	1
CASSLSSGGTNYGYTF	1
CASSLSWGAEGELFF	1
CASSLSPGGGGYTF	1
CASSLSVGTEAFF	1
CASSLSGGAQDEQYF	1
CASSLSPGVTQYF	1
CASSLSPGQGQPQHF	1
CASSLSGSTQYF	1
CASSLSGTPDEQYF	1
CASSLSGTDTQYF	1
CASSLSGSYSEQFF	1
CASSLSGSTDTQYF	1
CASSLSGRATTGELFF	1
CASSLRLANEQFF	1
CASSLRLAGRDNEQFF	1
CASSLRRQETSGNTIYF	1
CASSLRHGEDIQYF	1
CASSLRASGQYEQYF	1
CASSLRTGAPFTPYEQYF	1
CASSLRTGGSSPLHF	1
CASSLRNRLTSNQPQHF	1
CASSLRPTGFRGNQPQHF	1
CASSLRRGRETQYF	1
CASSLRVQETQYF	1
CASSLRALSSYEQYF	1
CASSLRGRGSTNEKLFF	1
CASSLRGQGARGNTIYF	1
CASSLRGDPVEQYF	1
CASSLRGRAYGGELFF	1
CASSLRGSGGDTQYF	1
CASSLRSGASTDTQYF	1
CASSLRKSTDTQYF	1
CASSLNPSGRYNEQFF	1
CASSLNQGQETQYF	1
CASSLNVNTEAFF	1
CASSLNGVGGTGELFF	1
CASSLNGAPNYGYTF	1
CASSLNGTGELARNQPQHF	1
CASSLNPRGRAGNEQFF	1
CASSLNPGTEAFF	1
CASSLNPDSEAFF	1
CASSLNALRGGTEAFF	1
CASSLNSNTEAFF	1
CASSLNSTPLHF	1
CASSLNRLYEQYF	1
CASSLKRDSYNEQFF	1
CASSLKQGALIYEQYF	1
CASSLKVHTEAFF	1
CASSLKGGNQPQHF	1
CASSLKTSGSDEQFF	1
CASSLKRWAGADTGELFF	1
CASSLKPWRGLAGSNTGELFF	1
CASSLKNQGDYGYTF	1
CASSLKKDSTDTQYF	1
CASSSFPTNTEAFF	1
CASSSLRTGIYGYTF	1
CASSSLWGRNQPQHF	1
CASSSSRGEGRYEQYF	1
CASSSSEGPYGYTF	1
CASSSSTGDNTQYF	1
CASSSLAIAKNIQYF	1
CASSSPGGVINQPQHF	1
CASSSPRERGGSNYGYTF	1
CASSSPGPQREGTDTQYF	1
CASSSPGGNTEAFF	1
CASSSRLDWKETQYF	1
CASSSRAAPNSPLHF	1
CASSSRQGADTEAFF	1
CASSSRVAGDNEQFF	1
CASSSQGDGYTF	1
CASSSQGAKYTEAFF	1
CASSSAWTHQETQYF	1
CASSSGTAYEQYF	1
CASSSGTGGPPWNVNSPLHF	1
CASSSGTGNSPLHF	1
CASSSGQGAIAKNIQYF	1
CASSSDFSRREKLFF	1
CASSSDGTGGDEQFF	1
CASSSEGLTIGEKLFF	1
CASSSTLQGRNTEAFF	1
CASSSTVYEQYF	1
CASSSSNSPLHF	1
CASSSSWGSGNTIYF	1
CASSSSGASYEQYF	1
CASSSRFADTQYF	1
CASSSNSETEAFF	1
CASSSNYEQYF	1
CASSSNRASNQPQHF	1
CASSSKETGGWRTEAFF	1
CASSSFTNPNEQFF	1
CASSSFIQQGQPQHF	1
CASSSLGHNEQFF	1
CASSSLGLSYYEQYF	1
CASSSLAGVQTDTQYF	1
CASSSSLGQLSNTEAFF	1
CASSSSPLTAYNEQFF	1
CASSSSGTGGLTNEKLFF	1
CASSSSGRQTYEQYF	1
CASSSSGHSYNSPLHF	1
CASSSYGLANEQFF	1
CASSSLYENNEQFF	1
CASSSLNGLAATDTQYF	1
CASSSLLSYFQETQYF	1
CASSSLAAEYNEQFF	1
CASSSLAGVGETQYF	1
CASSSLAGGPTDTQYF	1
CASSSLAGGYNEQFF	1
CASSSLGAYEQYF	1
CASSSPFRLAGADTQYF	1
CASSSPPGQQFF	1
CASSSPWAGGSTEAFF	1
CASSSPRRPQGGTTGLYGYTF	1
CASSSPRGVEQYF	1
CASSSPQGSGGSYNEQFF	1
CASSSPGTGDTGELFF	1
CASSSPGGAEQYF	1
CASSSPGTPGDTQYF	1
CASSSPGSRMYTEAFF	1
CASSSPGTVSNEQYF	1
CASSSPTGSRETQYF	1
CASSSPRGSKETQYF	1
CASSSPGTAPNTIYF	1
CASSSRDRTGSSYEQYF	1
CASSSRGYLAF	1
CASSSRGLAGGRSTDTQYF	1
CASSSRGAGELFF	1
CASSSRDPADTQYF	1
CASSSRDSPNEKLFF	1
CASSSRDRWISTEAFF	1
CASSSRTSGPLSNEQFF	1
CASSSRTNTEAFF	1
CASSSRTLSNTEAFF	1
CASSSRSGVYNEQFF	1
CASSSRLAGDNEQFF	1
CASSSRVAGRNEQFF	1
CASSSHLNQGTQYF	1
CASSSHGARGTEAFF	1
CASSSHSRGGPDTEAFF	1
CASSSHLTSGNQETQYF	1
CASSSHRVRNEKLFF	1
CASSSHRMGSATNEKLFF	1
CASSSHGGQDYGYTF	1
CASSSQPQGRGETQYF	1
CASSSQYSNTGELFF	1
CASSSQGGGRETQYF	1
CASSSARARDTEAFF	1
CASSSGYEQFF	1
CASSSGTTRGTEAFF	1
CASSSGVGQTYEQYF	1
CASSSGPALGFTDTQYF	1
CASSSGTTPYEQYF	1
CASSSGTNDQPQHF	1
CASSSGTENEKLFF	1
CASSSGTQAYEQYF	1
CASSSGTGGNEQYF	1
CASSSGTGGPYEQYF	1
CASSSGTGDWEKLFF	1
CASSSGTGEETQYF	1
CASSSGLWMEGHGELFF	1
CASSSGRFQSYGYTF	1
CASSSGQANSPLHF	1
CASSSGQGLTNEKLFF	1
CASSSGQGPSPLHF	1
CASSSGQGRREKLFF	1
CASSSGTGGTKNIQYF	1
CASSSDQGRMDEQFF	1
CASSSDGALGTDTQYF	1
CASSSDSASTDTQYF	1
CASSSDRLNQPQHF	1
CASSSDNTGELFF	1
CASSSDKRETYGETQYF	1
CASSSIAGGKETQYF	1
CASSSTKDSPGTEAFF	1
CASSSTAGGNEQFF	1
CASSSSPGGALPPIYGYTF	1
CASSSSQARPKTQYF	1
CASSSRGWNGYTF	1
CASSSRDYRGGNQPQHF	1
CASSSRDPNQPQHF	1
CASSSRTGPYEQYF	1
CASSSRLAGGTDTQYF	1
CASSSNQEQFF	1
CASSSNEQFF	1
CASSSNTDNEQFF	1
CASSSKTQGNYGYTF	1
CASSSSQNTEAFF	1
CASSSWTVDTQYF	1
CASSSWTDSGNTIYF	1
CASSSYQETQYF	1
CASSSYRGRNEKLFF	1
CASSSLAGGRNEQFF	1
CASSSLIYEQYF	1
CASSSPGAGTYNEQFF	1
CASSSPGTGKRNEQYF	1
CASSSPNTGELFF	1
CASSSRPGELFF	1
CASSSREGVYNEQFF	1
CASSSQGLINQPQHF	1
CASSSQGLAGMETQYF	1
CASSSVPLRTGGNSPLHF	1
CASSSASGGLNTEAFF	1
CASSSAGSGAYEQYF	1
CASSSAGVTEAFF	1
CASSSATDYYGYTF	1
CASSSGHVGGAPNTGELFF	1
CASSSGHANTEAFF	1
CASSSGGYYTDTQYF	1
CASSSGTTYEQYF	1
CASSSGSANYGYTF	1
CASSSGGAYEQYF	1
CASSSGGRETQYF	1
CASSSGLHTGELFF	1
CASSSGLVRPNEQFF	1
CASSSGLAGVSTDTQYF	1
CASSSGLAGDEQYF	1
CASSSGLKTYEQYF	1
CASSSGRWYEQFF	1
CASSSGRTYYEQYF	1
CASSSGQRNQPQHF	1
CASSSGQANQETQYF	1
CASSSDLLAGNTIYF	1
CASSSDLHYGYTF	1
CASSSDDLSAFF	1
CASSSDRFYEQYF	1
CASSSDRVGNQPQHF	1
CASSSEGFAKLFF	1
CASSSERDQPQHF	1
CASSSMGDLNQPQHF	1
CASSSMGKLFF	1
CASSSTRMDTQYF	1
CASSSTSGRAESKNIQYF	1
CASSSTGTAYNEQFF	1
CASSSTGTSGRAYEQYF	1
CASSSTTGDYGYTF	1
CASSSTGLTEAFF	1
CASSSTGPDTQYF	1
CASSSTGWDEKLFF	1
CASSSTGQETQYF	1
CASSSTGGAAQPQHF	1
CASSSTGRANEKLFF	1
CASSSTGNSGNTIYF	1
CASSSSGGLTEAFF	1
CASSSSRDYGYTF	1
CASSSRSGENTGELFF	1
CASSSNRGLGSNQPQHF	1
CASSSSQNTEAFF	1
CASSSSGGHTEAFF	1
CASSSWGGGENEQFF	1
CASSSWTSGYSYEQYF	1
CASSSWSSSNQPQHF	1
CASSSLLKDLAKNIQYF	1
CASSSLNGGNNEQFF	1
CASSSLGTSGREADTQYF	1
CASSSLAGGPETQYF	1
CASSSPYGYTF	1
CASSSPQGAFNTDTQYF	1
CASSSHLLSPQGNLDQYF	1
CASSSQSYGYTF	1
CASSSQGDQPQHF	1
CASSSAGELFF	1
CASSSAEVGTGELFF	1
CASSSARAGPEKLFF	1
CASSSGYKLFF	1
CASSSGLGTGELFF	1
CASSSGGEAFF	1
CASSSGGGGHQPQHF	1
CASSSGTLISNQPQHF	1
CASSSGHVIPYSNQPQHF	1
CASSSGQVYTEAFF	1
CASSSGQDYGYTF	1
CASSSGGSGNYGYTF	1
CASSSDSPLHF	1
CASSSEETQYF	1
CASSSIQRLPFNEQFF	1
CASSSIGGDQPQHF	1
CASSSTGTPREQYF	1
CASSSTGTRFYEQYF	1
CASSSTGQGMNTEAFF	1
CASSSTDGSAGPYNEQFF	1
CASSSTQSDTQYF	1
CASSSTGDSPLHF	1
CASSSRVGGSYEQYF	1
CASSSKTGANVLTF	1
CASSWSTGNTEAFF	1
CASSWYAGQETQYF	1
CASSWPGGTDTQYF	1
CASSWVVEGLDYGYTF	1
CASSWAMTGMTYEQYF	1
CASSWGGVSNQPQHF	1
CASSWGSGANVLTF	1
CASSWGYGIQETQYF	1
CASSWGGWEGRSGELFF	1
CASSWGIGYGYTF	1
CASSWGRADTQYF	1
CASSWGTDQPQHF	1
CASSWGTRRTNEKLFF	1
CASSWGTGGPSYTF	1
CASSWGQPNEKLFF	1
CASSWGQGAVTEAFF	1
CASSWGGGVRTEAFF	1
CASSWDRATGEQYF	1
CASSWDREAFF	1
CASSWDREAEQYF	1
CASSWEGNTEAFF	1
CASSWTSYEQYF	1
CASSWTAEAFSYEQYF	1
CASSWTAFRTYEQYF	1
CASSWTANTDTQYF	1
CASSWTGVSVTEAFF	1
CASSWTGADYGYTF	1
CASSWSPFGGHEQYF	1
CASSWSSYNEQFF	1
CASSWRVGTNEKLFF	1
CASSYAGTSGDYEQYF	1
CASSYGAGDATQYF	1
CASSYDRTARGSGNTIYF	1
CASSYTGGGLAYNEQFF	1
CASSYTGGLNQPQHF	1
CASSYSSGTSETQYF	1
CASSYSGAVHEQYF	1
CASSYPGQFTEAFF	1
CASSYPRGGTSYYEQYF	1
CASSYRDRGMKNIQYF	1
CASSYRTGAFPESYEQYF	1
CASSYATRYGYTF	1
CASSYGQYTEAFF	1
CASSYDYEQYF	1
CASSYTGTGSKETQYF	1
CASSYTGGNNEQFF	1
CASSYSGNTEAFF	1
CASSYRDRTYEKLFF	1
CASSYRQGGNTIYF	1
CASSYNKGRGLHEQYF	1
CASSLYSNQPQHF	1
CASSLPGQGTTNEKLFF	1
CASSLRASSYEQYF	1
CASSLRAGGLYEQYF	1
CASSLRGGPLEPFF	1
CASSLREVSGGTEAFF	1
CASSLRTDSGNTIYF	1
CASSLGRGSQPQHF	1
CASSLGLAEETQYF	1
CASSLGPNEKLFF	1
CASSLGAGSNQPQHF	1
CASSLGRDTEAFF	1
CASSLDRESYGYTF	1
CASSLDKDFNQPQHF	1
CASSLMGGNEKLFF	1
CASSLTHYNEQFF	1
CASSLTGIGELFF	1
CASSLSLSSYNEQFF	1
CASSLRAGGGRHF	1
CASSLNRGTEAFF	1
CASSLKLAGASHEQYF	1
CASSLKPTGYSLSSYNEQFF	1
CASSLKVDQPQHF	1
CASSLFTRITGELFF	1
CASSLSLLGGEQFF	1
CASSLSQGGYGYTF	1
CASSLSDRGTEAFF	1
CASSLWTSGRADTQYF	1
CASSLWTGTTNYGYTF	1
CASSLLGAADSPLHF	1
CASSLLLLGLSSYEQYF	1
CASSLLAGGINEQFF	1
CASSLLGSGDTGELFF	1
CASSLPGQGRTEAFF	1
CASSLPTSGSSSKNIQYF	1
CASSLPLRGHNEQFF	1
CASSLPGQGWTEAFF	1
CASSLRDREAETQYF	1
CASSLRQGRQETQYF	1
CASSLHGSRTDTQYF	1
CASSLQGWGPTGELFF	1
CASSLVGSYEQYF	1
CASSLAEAVSYNEQFF	1
CASSLARLGNRAYEQYF	1
CASSLAEGSYEQYF	1
CASSLAGLNQPQHF	1
CASSLARQPQHF	1
CASSLGGGQGPDEQYF	1
CASSLGRETQYF	1
CASSLGASSSGNTIYF	1
CASSLGSGRVREQYF	1
CASSLGPTNQPQHF	1
CASSLGTSETYEQYF	1
CASSLGTEQFF	1
CASSLGTGAYEQYF	1
CASSLGSSYNEQFF	1
CASSLGQGEMVRQETQYF	1
CASSLDRNSGNTIYF	1
CASSLDRGRDKINEQFF	1
CASSLDRVYGYTF	1
CASSLMAGEYQETQYF	1
CASSLTGDTEAFF	1
CASSLRLGETQYF	1
CASSLNPEETQYF	1
CASSLSGSNQPQHF	1
CASSLLGGWKGNEQFF	1
CASSLLGGQGNEQYF	1
CASSLVEDSPLHF	1
CASSLAHFLYNEQFF	1
CASSLGLSNQPQHF	1
CASSLGPSGIYNEQFF	1
CASSLGAGTGWTEAFF	1
CASSLGTSGIYNEQFF	1
CASSLGTGYNQPQHF	1
CASSLGSGRVNEQFF	1
CASSLGLAETSYNEQFF	1
CASSLGPSHPGELFF	1
CASSLGPGQETQYF	1
CASSLGQGWTEAFF	1
CASSLGQGVHEQYF	1
CASSLGQGLENSPLHF	1
CASSLDPSGSGGEQFF	1
CASSLDTANEQFF	1
CASSLDRVNEKLFF	1
CASSLDRMNTEAFF	1
CASSLIGPSDDEQFF	1
CASSLTGYGYTF	1
CASSLTGLAGELFF	1
CASSLTGNYGYTF	1
CASSLSGGSSYEQYF	1
CASSLKTPLGTEAFF	1
CASSLLHPEAFF	1
CASSLSRQGKTNYGYTF	1
CASSLYPEGITGELFF	1
CASSLYGGTNTGELFF	1
CASSLLQKGGTDTQYF	1
CASSLLGTDNSPLHF	1
CASSLLAGGNTGELFF	1
CASSLPIAGGGTQYF	1
CASSLPYRGGRGADTQYF	1
CASSLRGTTTPVKLFF	1
CASSLRNRGSGNTIYF	1
CASSLQLQGAGLYEQYF	1
CASSLQDTNSPLHF	1
CASSLVATNEKLFF	1
CASSLVGAYEQYF	1
CASSLAPPYEQYF	1
CASSLAGTNNEQFF	1
CASSLAGFTDTQYF	1
CASSLAGVGEQFF	1
CASSLAGAPDTQYF	1
CASSLARETQYF	1
CASSLGSGRGYEQYF	1
CASSLGLYNEQFF	1
CASSLGAGGTYEQYF	1
CASSLGNMNTEAFF	1
CASSLGLAVNNEQFF	1
CASSLGRGGKGETQYF	1
CASSLDSGGGGELFF	1
CASSLDASTDTQYF	1
CASSLDRVTNYGYTF	1
CASSLEGRPGYTF	1
CASSLETGSYEQYF	1
CASSLTSVQGNEQFF	1
CASSLTSGSNEQFF	1
CASSLSGTRIPYEQYF	1
CASSLRGTEAFF	1
CASSLRGGALGAFF	1
CASSLNWGEDNYGYTF	1
CASSLKGLAYNEQFF	1
CASSPFGGPNEKLFF	1
CASSPSFGTDTQYF	1
CASSPSLAAASTDTQYF	1
CASSPSGRMNEQYF	1
CASSPSGRFYGYTF	1
CASSPSGAFSYNEQFF	1
CASSPYETAVYGYTF	1
CASSPYTNPNTEAFF	1
CASSPLGLAGLYF	1
CASSPLGGGPSTNEKLFF	1
CASSPLGYNEQFF	1
CASSPPRDREAFF	1
CASSPPGQSNTGELFF	1
CASSPPDHSTNYGYTF	1
CASSPRGDYGYTF	1
CASSPRGVPQETQYF	1
CASSPRLSSYNEQFF	1
CASSPRSSDNEKLFF	1
CASSPRAGGHTEAFF	1
CASSPRGSPEGYTF	1
CASSPRDRSPYNEQFF	1
CASSPRLVRGPGNTIYF	1
CASSPRAGSYEQYF	1
CASSPRTGLGTEAFF	1
CASSPQTGGAGDTEAFF	1
CASSPQEWGQNYNSPLHF	1
CASSPVDEQFF	1
CASSPVTGGMDYGYTF	1
CASSPAGNEQFF	1
CASSPGVTEAFF	1
CASSPGHSNNEQFF	1
CASSPGQGFYTGELFF	1
CASSPGQGYGYTF	1
CASSPGVGKGETEAFF	1
CASSPGAPTGELFF	1
CASSPGMGRVGTEAFF	1
CASSPDAVWAGPYGYTF	1
CASSPDRGYEQYF	1
CASSPEGNEAFF	1
CASSPETGNGHTGELFF	1
CASSPIKDSDDTGELFF	1
CASSPTSGRSYNEQFF	1
CASSPTSGRDTQYF	1
CASSPTRGSTDTQYF	1
CASSPTGLPRGNEQYF	1
CASSPTGGRNYEQYF	1
CASSPTGEPYNEKLFF	1
CASSPSGTSTDTQYF	1
CASSPSGSSYNEQFF	1
CASSPSNEHFF	1
CASSPRAGRTNEKLFF	1
CASSPRGWGDEKLFF	1
CASSPRDSQFF	1
CASSPRDRGLGEQYF	1
CASSPRQGWYNEQFF	1
CASSPFVGASSNEQFF	1
CASSPFGSPLHF	1
CASSPFGRATGELFF	1
CASSPFGQGSYEQYF	1
CASSPFTYNEQFF	1
CASSPLRGGGTGELFF	1
CASSPLAASRSNEQFF	1
CASSPSRASNQPQHF	1
CASSPSGLRAFGETQYF	1
CASSPSIPGALNEKLFF	1
CASSPSFWTDTSYEQYF	1
CASSPSVAGDYNEQFF	1
CASSPSEASGRGDTQYF	1
CASSPSMGDSNQPQHF	1
CASSPWDRGGDTGELFF	1
CASSPWDRDQETQYF	1
CASSPWTSGNEQFF	1
CASSPYAGELFF	1
CASSPYGQGDNEQFF	1
CASSPYRDDTEAFF	1
CASSPLPRGTSHADTQYF	1
CASSPLGRRGEQYF	1
CASSPLSGSSYNEQFF	1
CASSPLKNYNSPLHF	1
CASSPLVSGTSRAYNEQFF	1
CASSPLAGVGSPLHF	1
CASSPLSGGDEQFF	1
CASSPLGLAGYEQYF	1
CASSPLTGFYGYTF	1
CASSPLAGEKLFF	1
CASSPLAAEETQYF	1
CASSPLGNTEAFF	1
CASSPPGRENTEAFF	1
CASSPPGSGELFF	1
CASSPPGQANTGELFF	1
CASSPPGQGGSTGELFF	1
CASSPPGQGKEKLFF	1
CASSPPREGRKTQYF	1
CASSPPQGRNEQFF	1
CASSPPAVDFSEQFF	1
CASSPRAGAWGSPLHF	1
CASSPRLGHRAGELFF	1
CASSPRPGSYNSPLHF	1
CASSPRRPDTEAFF	1
CASSPRASGTMEYNEQFF	1
CASSPRAGTSGYNEQFF	1
CASSPRGEGRGTEAFF	1
CASSPRDAPYEQYF	1
CASSPRDIGEQYF	1
CASSPRDRGIKNIQYF	1
CASSPRISGTLEQYF	1
CASSPRTSGSYNEQFF	1
CASSPRTSGRSGETQYF	1
CASSPRTRSTFYNEQFF	1
CASSPRTGAAYEQYF	1
CASSPRTGASNTEAFF	1
CASSPRTGEETQYF	1
CASSPRTGRGEKLFF	1
CASSPRRGYNSPLHF	1
CASSPRQAAPYEQYF	1
CASSPRAGLPHEQFF	1
CASSPRAGGSYNEQFF	1
CASSPRGGNQPQHF	1
CASSPRGDYTNYGYTF	1
CASSPRDSDTGELFF	1
CASSPHRSPGTSGQPQHF	1
CASSPHGGGPYEQYF	1
CASSPHSGSRGDTQYF	1
CASSPQRDSYNEQFF	1
CASSPQGAGVPNEQFF	1
CASSPQEGGNEQFF	1
CASSPQIYNEQFF	1
CASSPQRLYGYTF	1
CASSPQGPRETQYF	1
CASSPQGQGDSPLHF	1
CASSPVWRDKPQHF	1
CASSPVTGFREQYF	1
CASSPVSTHNNEQFF	1
CASSPVASSETQYF	1
CASSPVVGLYEQYF	1
CASSPAPGTGKNIQYF	1
CASSPALDYRGPMNTEAFF	1
CASSPALYEQYF	1
CASSPAVPQDEQFF	1
CASSPGWAGRNEQFF	1
CASSPGDEHAYEQYF	1
CASSPGSTDTQYF	1
CASSPGGYTEAFF	1
CASSPGGGTRTLYGYTF	1
CASSPGESSYNEQFF	1
CASSPGLGGTDTQYF	1
CASSPGAVLMNTEAFF	1
CASSPGAGGYEQYF	1
CASSPGGRANEKLFF	1
CASSPGGAYGDEQFF	1
CASSPGGGHPIYQPQHF	1
CASSPGGVLNYGYTF	1
CASSPGTPFRAQYF	1
CASSPGTRSAGELFF	1
CASSPGTSQETQYF	1
CASSPGTGPNEQFF	1
CASSPGTGAYKNIQYF	1
CASSPGTGGYEQYF	1
CASSPGTGGNEQFF	1
CASSPGTGGNTIYF	1
CASSPGKWGEPQHF	1
CASSPGQGRGYTF	1
CASSPGASPRETQYF	1
CASSPGGGGAEPTDTQYF	1
CASSPDYYEQYF	1
CASSPDRNSPLHF	1
CASSPDVVWNYGYTF	1
CASSPDGTTGNEQFF	1
CASSPDTDRGRGGYTF	1
CASSPDRGSAEQYF	1
CASSPELTGDTQYF	1
CASSPERDLLTYEQYF	1
CASSPEGPSYNEQFF	1
CASSPEQGGAGGYTF	1
CASSPEAFF	1
CASSPEGEYEQYF	1
CASSPENRGGYTF	1
CASSPIGQGRYEQYF	1
CASSPMMGVQETQYF	1
CASSPTDRGKNSPLHF	1
CASSPTLGAGGKSYEQYF	1
CASSPTLDSYYNSPLHF	1
CASSPTLAGGYNEQFF	1
CASSPTPLGNTIYF	1
CASSPTRAGSYGYTF	1
CASSPTGTQGVGEKLFF	1
CASSPTTENYGYTF	1
CASSPTGPNGNEKLFF	1
CASSPTTGARSGALHF	1
CASSPTSMGPNNEQFF	1
CASSPTGPDMNTEAFF	1
CASSPSPWQVEEKLFF	1
CASSPSPNYGYTF	1
CASSPSVGSLETQYF	1
CASSPSSVADTQYF	1
CASSPRGGLSNYGYTF	1
CASSPRGIVSPQHF	1
CASSPRGARSNQPQHF	1
CASSPRQGENTEAFF	1
CASSPRGGVKTQYF	1
CASSPRTGVNTEAFF	1
CASSPNYRVRNTGELFF	1
CASSPNGNQPQHF	1
CASSPNRVNTGELFF	1
CASSPNRGDYGYTF	1
CASSPFMTGELFF	1
CASSPLGGVTEAFF	1
CASSPYNRALFYGYTF	1
CASSPYGRTDTQYF	1
CASSPYINHNSPLHF	1
CASSPYRGVYEQYF	1
CASSPPLKNIQYF	1
CASSPPRGPAFF	1
CASSPPLADYEQYF	1
CASSPRSGELFF	1
CASSPRRAITRTDTQYF	1
CASSPRAKSGYTF	1
CASSPRDSFFYNEQFF	1
CASSPRTGWNTEAFF	1
CASSPRTGGKEKLFF	1
CASSPRLAGGQGGELFF	1
CASSPRPGTSGTLRNEQFF	1
CASSPRDSRNSPLHF	1
CASSPHLRGADTQYF	1
CASSPHTGDGETQYF	1
CASSPHRGNTEAFF	1
CASSPQRPTGGTEAFF	1
CASSPVFYGYTF	1
CASSPATVSGYTF	1
CASSPASTDTQYF	1
CASSPAELGPQHF	1
CASSPGSNLYGYTF	1
CASSPGVTGELFF	1
CASSPGAGGTWSNQPQHF	1
CASSPGTASYNEQFF	1
CASSPGTSGPSYNEQFF	1
CASSPGTFYSNQPQHF	1
CASSPGRASYNEQFF	1
CASSPGRTGGNYGYTF	1
CASSPGLSPNEKLFF	1
CASSPGLAYEQYF	1
CASSPGLAGGLGETQYF	1
CASSPGLAGTLGNEQYF	1
CASSPGPKAKNIQYF	1
CASSPGQYNSPLHF	1
CASSPGQRYTEAFF	1
CASSPGQGNQPQHF	1
CASSPGQGAIDEQFF	1
CASSPGQGDLTDTQYF	1
CASSPGGDPYEQYF	1
CASSPGDQPQHF	1
CASSPDRETQYF	1
CASSPDATAGQPQHF	1
CASSPDTYYEQYF	1
CASSPDRSLWEPQHF	1
CASSPDRAYSSYEQYF	1
CASSPDRGHGNTIYF	1
CASSPDRGREKLFF	1
CASSPDRGSYNEQFF	1
CASSPDRRPNYGYTF	1
CASSPDRVNYGYTF	1
CASSPDRINYGYTF	1
CASSPEGRSNYGYTF	1
CASSPMRGEAPLHF	1
CASSPMTANNEKLFF	1
CASSPTSGVYEQYF	1
CASSPTSGRANYEQYF	1
CASSPTYRGTLNYGYTF	1
CASSPTPGVPSSYEQYF	1
CASSPTGTGSAEQFF	1
CASSPTRGFGNTIYF	1
CASSPTPSSYEQYF	1
CASSPTADTQYF	1
CASSPTGVTEAFF	1
CASSPTGGSNQPQHF	1
CASSPTNPNSPLHF	1
CASSPSSRIPQETQYF	1
CASSPSTDTQYF	1
CASSPRFGNTEAFF	1
CASSPRGLAGEGDTQYF	1
CASSPRNEQFF	1
CASSPRRMNTEAFF	1
CASSPRQGGGNTIYF	1
CASSPRGRDRHEQFF	1
CASSPNSFGGGQPQHF	1
CASSPFGESYYGYTF	1
CASSPLAHNEQFF	1
CASSPLGGRSYNEQFF	1
CASSPSGTSGSGSYNEQFF	1
CASSPYPRGGSVDEQFF	1
CASSPLRGSGRIVHEQYF	1
CASSPLRGRYEQYF	1
CASSPLQGWDGYTF	1
CASSPLVFSYNEQFF	1
CASSPLADEQFF	1
CASSPPGQGLYGYTF	1
CASSPPDSNQPQHF	1
CASSPPDRGRIEAFF	1
CASSPPAASFYEQYF	1
CASSPPGLAGGADTQYF	1
CASSPPGQYNSPLHF	1
CASSPPGSGYTF	1
CASSPRGPETQYF	1
CASSPRGSEYNEQFF	1
CASSPRTGMETQYF	1
CASSPRLDPSKNIQYF	1
CASSPRQGVYNEQFF	1
CASSPHRDWGNEQFF	1
CASSPQAIYNEQFF	1
CASSPQGAYEQYF	1
CASSPQGGDGYTF	1
CASSPQGRNSPLHF	1
CASSPQPSGPGEQYF	1
CASSPVQETQYF	1
CASSPVEQNQPQHF	1
CASSPATGDTVNTEAFF	1
CASSPASGEDTQYF	1
CASSPGVHRGGYTF	1
CASSPGGGVNYEQYF	1
CASSPGWAGELFF	1
CASSPGGQETQYF	1
CASSPGDSPYYEQYF	1
CASSPGTSGFTGELFF	1
CASSPGTASSYEQYF	1
CASSPGTGYGYTF	1
CASSPGRDEKLFF	1
CASSPGLAANTGELFF	1
CASSPGGNEQFF	1
CASSPGRGGQPQHF	1
CASSPGKNTGELFF	1
CASSPDFSSGNTIYF	1
CASSPDYNEQFF	1
CASSPDVTGGFETQYF	1
CASSPDSTEAFF	1
CASSPDRATEAFF	1
CASSPDRGLYEQYF	1
CASSPDRDAYNSPLHF	1
CASSPEAGPNYGYTF	1
CASSPEGAPYEQYF	1
CASSPEAGREQYF	1
CASSPILSGSLLSGNTIYF	1
CASSPIEGTAGDSYEQYF	1
CASSPMTSGVYF	1
CASSPTSGSYEQYF	1
CASSPTSGKETQYF	1
CASSPTGTRGHEQYF	1
CASSPSGGGYSNQPQHF	1
CASSPSTTNEKLFF	1
CASSPRGGGSEKLFF	1
CASSPRGETQYF	1
CASSPRTGYNSPLHF	1
CASSPRSAIIQMNTEAFF	1
CASSPRGYTYTGELFF	1
CASSPRGDTQYF	1
CASSPNYYEQYF	1
CASSPNYSTDTQYF	1
CASSPNRDRPGNEQFF	1
CASSPKSGISYNEQFF	1
CASSRSTGLLNTEAFF	1
CASSRLLAGLYNEQFF	1
CASSRQGGVYNEQFF	1
CASSRQDRAQPNEKLFF	1
CASSRDYEQYF	1
CASSRMGPTNSPLHF	1
CASSRSGDGTNEQFF	1
CASSRSGTHYNEQFF	1
CASSRRSSYNEQFF	1
CASSRSGYNSPLHF	1
CASSRLGGGSYEQYF	1
CASSRLLEGGYTF	1
CASSRLAGGGNEQFF	1
CASSRPLAGGYEQFF	1
CASSRPGAPTDTQYF	1
CASSRPLAGASGELFF	1
CASSRRGPPYNEQFF	1
CASSRRQIAGGPGHNEQYF	1
CASSRVGGNSPLHF	1
CASSRGKGTGDEKLFF	1
CASSRGTPNYNEQFF	1
CASSRDRGPSYEQYF	1
CASSRDNYGYTF	1
CASSREYQETQYF	1
CASSREQGAGGNTIYF	1
CASSRTMGPFSLDQPQHF	1
CASSRTPGPPLLYEQYF	1
CASSRTRTSGKYEQYF	1
CASSRSLTEAFF	1
CASSRRESPLHF	1
CASSRRTSTGNTIYF	1
CASSRLQGYEQFF	1
CASSRRGGREYEQYF	1
CASSRVPARQPQHF	1
CASSRVAGVETQYF	1
CASSRASSYNEQFF	1
CASSRAGGLAYNEQFF	1
CASSRAGGFDGYTF	1
CASSRGLAGNMETQYF	1
CASSRGSQETQYF	1
CASSRGREPETQYF	1
CASSRGHRGYGYTF	1
CASSRGLAGGVVSYNEQFF	1
CASSRGGGSNTGELFF	1
CASSRDFFSYEQYF	1
CASSRDYRYEQYF	1
CASSRDYEQYF	1
CASSRDYRRWEQFF	1
CASSRDRDRVGSPLHF	1
CASSRDTATNEKLFF	1
CASSRDTDYGYTF	1
CASSRDRVDQPQHF	1
CASSRDRGFSNQPQHF	1
CASSRDRSYEKLFF	1
CASSRDRYEQYF	1
CASSRIGGTLYEQYF	1
CASSRTSGSSFFPDTQYF	1
CASSRTSGREETQYF	1
CASSRTGWRGDQPQHF	1
CASSRTGTYEQYF	1
CASSRTVSGNTIYF	1
CASSRTLADNEQFF	1
CASSRTRARSPLHF	1
CASSRTVDETQYF	1
CASSRTGFYSPLHF	1
CASSRTGVSYNEQFF	1
CASSRTGGMDIQYF	1
CASSRTGGNQPQHF	1
CASSRTEEIAEAFF	1
CASSRRTEKVEQYF	1
CASSRNSNQPQHF	1
CASSRKTDLNEKLFF	1
CASSRFGTGDEQYF	1
CASSRSTGRNIQYF	1
CASSRYDTGGASNEKLFF	1
CASSRYRDTESRSGNTIYF	1
CASSRLGAEAYEQYF	1
CASSRLAENTGELFF	1
CASSRLAGTDTQYF	1
CASSRRTILITDTQYF	1
CASSRRPNQPQHF	1
CASSRRDEQFF	1
CASSRREILRDTQYF	1
CASSRQGLPREKLFF	1
CASSRQAGVTYEQYF	1
CASSRQRTGKLNTEAFF	1
CASSRALGVNTEAFF	1
CASSRGDFNEKLFF	1
CASSRDGLKQYF	1
CASSRDTNTEAFF	1
CASSRDRGRGNTEAFF	1
CASSRERLAGNEQFF	1
CASSRTDLAGAEQYF	1
CASSRRTGGNTIYF	1
CASSRRRGQETQYF	1
CASSRRTGGTSSYNEQFF	1
CASSRNHNRYEQYF	1
CASSRNTIYF	1
CASSRKRPVSNTGELFF	1
CASSHLAQSSYNEQFF	1
CASSHPFRGDNEQFF	1
CASSHPTREGTEAFF	1
CASSHRTSAPTYEQYF	1
CASSHHRTEGRSPLHF	1
CASSHVRGGYEQYF	1
CASSHVARSAYNEQFF	1
CASSHGEEPQHF	1
CASSHGPGSEKLFF	1
CASSHGTGGGGTEAFF	1
CASSHGTGVSVNTEAFF	1
CASSHGTGLYEQYF	1
CASSHGTRNTEAFF	1
CASSHGRGPYNEQFF	1
CASSHTGTGVYNEQFF	1
CASSHTDGLARSYEQYF	1
CASSHTGGSDNSPLHF	1
CASSHSGRGDTGELFF	1
CASSHFLRIGSGYTF	1
CASSHSGGAWHSPLHF	1
CASSHSREQYF	1
CASSHWDRRNYGYTF	1
CASSHYGRADTEAFF	1
CASSHYLGGELFF	1
CASSHLGTGADGYTF	1
CASSHPREAQETQYF	1
CASSHPVGLAVYEQYF	1
CASSHPRRGNYGYTF	1
CASSHRDRGQETQYF	1
CASSHRSSYEQYF	1
CASSHHRAGGTYNEQFF	1
CASSHHAGGINEQFF	1
CASSHQAEKLFF	1
CASSHVTGLLNTEAFF	1
CASSHARGYEQYF	1
CASSHGGLQNTEAFF	1
CASSHGTLKTDTQYF	1
CASSHGTGTQYF	1
CASSHGQAVRGYTF	1
CASSHDGGLDGYTF	1
CASSHTGQRPNTGELFF	1
CASSHSGARAKNIQYF	1
CASSHSGSSYEQYF	1
CASSHRRDYGYTF	1
CASSHRQGRSDTQYF	1
CASSHNLAREQFF	1
CASSQFLDRGADTQYF	1
CASSQSSGRGYEQYF	1
CASSQSSQGDYQPQHF	1
CASSQSGPNREQYF	1
CASSQWTGDEQFF	1
CASSQPNYGYTF	1
CASSQQGWNTGELFF	1
CASSQVPGAGFYSNQPQHF	1
CASSQVSGRREQFF	1
CASSQVNTEAFF	1
CASSQVPAQGASYEQYF	1
CASSQVPGQGAAYGYTF	1
CASSQATSGRAAGELFF	1
CASSQAQGTTNEKLFF	1
CASSQASAFSYNSPLHF	1
CASSQGSQPQHF	1
CASSQGQQETQYF	1
CASSQGYQPQHF	1
CASSQGRDYGYTF	1
CASSQGAPDNTEAFF	1
CASSQGAVNEQFF	1
CASSQGGHNEKLFF	1
CASSQGGKTHNEQFF	1
CASSQGMGQGGTEAFF	1
CASSQGTGYSNQPQHF	1
CASSQGLAGSWSDTQYF	1
CASSQGLAGVWTGELFF	1
CASSQGLAGVEQFF	1
CASSQGQGAWGNTEAFF	1
CASSQGQGIYEQYF	1
CASSQGNIQYF	1
CASSQDKGRSQETQYF	1
CASSQDLTGGVNTEAFF	1
CASSQDRDSYGYTF	1
CASSQDVNTEAFF	1
CASSQDRRNQPQHF	1
CASSQDRVSYNEQFF	1
CASSQEGNTEAFF	1
CASSQEGRYTF	1
CASSQEGQLNYGYTF	1
CASSQMARSNEQFF	1
CASSQMGTYYNEQFF	1
CASSQMDSRYSNQPQHF	1
CASSQTSGSPNEQFF	1
CASSQTGSGNTIYF	1
CASSQTGGQQETQYF	1
CASSQTTSGENTGELFF	1
CASSQTTAGQSNTGELFF	1
CASSQTTGDGELFF	1
CASSQTYSPTPYEQYF	1
CASSQTGGAAKNIQYF	1
CASSQTESYSNQPQHF	1
CASSQSVTGAYYEQFF	1
CASSQRDRGDYGYTF	1
CASSQRTSGTDTQYF	1
CASSQRRGELFF	1
CASSQRPDNSPLHF	1
CASSQRGGAGELFF	1
CASSQNRGRSYEQYF	1
CASSQKGLADNEQFF	1
CASSQKTGELFF	1
CASSQKGTDGELFF	1
CASSQFRATNEKLFF	1
CASSQFDRGQNQPQHF	1
CASSQFSEKLFF	1
CASSQFNTSSNQETQYF	1
CASSQLLGEWYNEQFF	1
CASSQLAVTGELFF	1
CASSQLAGEQFF	1
CASSQLAGMGSTDTQYF	1
CASSQSRGANTGELFF	1
CASSQSDPANTEAFF	1
CASSQWVGVYQETQYF	1
CASSQWKAARGPDQPQHF	1
CASSQYTGSQEKLFF	1
CASSQYKASRYSPLHF	1
CASSQLTGMDTEAFF	1
CASSQLAGGPGNEQFF	1
CASSQPPLSFSGNTIYF	1
CASSQPPASGLSSYEQYF	1
CASSQPTSGAGTQYF	1
CASSQPTRAGDSYNEQFF	1
CASSQRWGSNTEAFF	1
CASSQRPLRSYNEQFF	1
CASSQHPTGELFF	1
CASSQQGKGDTEAFF	1
CASSQQGKKGTEAFF	1
CASSQQTISYNEQFF	1
CASSQQGESQAAFF	1
CASSQQGKNTEAFF	1
CASSQQIATNEKLFF	1
CASSQVSNTEAFF	1
CASSQVYCAYEQYF	1
CASSQVYGRTKETQYF	1
CASSQVLAGEQYF	1
CASSQVHPAGRRKDQPQHF	1
CASSQVGTMGNTIYF	1
CASSQVGLAGRSSYNEQFF	1
CASSQVGGATEAFF	1
CASSQVDAGVEAFF	1
CASSQVNAAAEAFF	1
CASSQVSRVGNTEAFF	1
CASSQVSSDEQYF	1
CASSQVWADTQYF	1
CASSQVPTSGKNEQFF	1
CASSQVGGSGEAFF	1
CASSQVGGSGTGELFF	1
CASSQVGGTEAFF	1
CASSQVWNYNSPLHF	1
CASSQVLAASSYEQYF	1
CASSQVPTGASSGTQETQYF	1
CASSQVGTALFEQYF	1
CASSQVGTGRTGELFF	1
CASSQVGGDSYEQYF	1
CASSQVAGRDTEAFF	1
CASSQVAGSEAYEQYF	1
CASSQAGVGAEAFF	1
CASSQATSWVETQYF	1
CASSQASTASGKNIQYF	1
CASSQAYEQYF	1
CASSQARSYGYTF	1
CASSQARSGLNTEAFF	1
CASSQARGTNYGYTF	1
CASSQARRDATDTQYF	1
CASSQAGSMNTEAFF	1
CASSQADRGMNTEAFF	1
CASSQATSNEQFF	1
CASSQAFDEQFF	1
CASSQALGADTQYF	1
CASSQAVAGSYEQYF	1
CASSQAVDEQYF	1
CASSQAGGVSGELFF	1
CASSQAGAGETQYF	1
CASSQAETVNSPLHF	1
CASSQATSGSIGSYEQYF	1
CASSQASGPKKETQYF	1
CASSQALGRGETQYF	1
CASSQAPTSGSYYEQYF	1
CASSQAVTGELFF	1
CASSQGLRQNYGYTF	1
CASSQGWGSHNEQFF	1
CASSQGLFYEQYF	1
CASSQGLFSSYNEQFF	1
CASSQGPAGITDTQYF	1
CASSQGRAPVYEQYF	1
CASSQGVGARHGELFF	1
CASSQGGGEVYEQYF	1
CASSQGERTNYGYTF	1
CASSQGLVKETQYF	1
CASSQGLGQLFF	1
CASSQGPLDGYEQYF	1
CASSQGPAGGYEQYF	1
CASSQGGVYTEAFF	1
CASSQGGRASSYNEQFF	1
CASSQGTLNYGYTF	1
CASSQGRANEAFF	1
CASSQGRANHQPQHF	1
CASSQGKDASQPQHF	1
CASSQGLAAYEQYF	1
CASSQGLAGGTPNTGELFF	1
CASSQGPLRPDTQYF	1
CASSQGVAGVNEQFF	1
CASSQGASSGRMLYQETQYF	1
CASSQGAEGQPQHF	1
CASSQGGRGNSPLHF	1
CASSQGGELAAYTYNEQFF	1
CASSQGGEVSNQPQHF	1
CASSQGEEGSGNTIYF	1
CASSQGTRMYNEQFF	1
CASSQGTDQYF	1
CASSQGRGNQPQHF	1
CASSQGNLERESYEQYF	1
CASSQGLRAVSNQPQHF	1
CASSQGSSGEKLFF	1
CASSQGSGGSYEQYF	1
CASSQGSKNIQYF	1
CASSQGLSGRAF	1
CASSQGLAGSLRGQYF	1
CASSQGLAETQYF	1
CASSQGPGQEKMNTEAFF	1
CASSQGPSAQGPTGELFF	1
CASSQGAWGSPYEQYF	1
CASSQGAGGPREQYF	1
CASSQGGPRNTEAFF	1
CASSQGGTGGLAFF	1
CASSQGGQGARGYEQYF	1
CASSQGTVSYNEQFF	1
CASSQGNLYGYTF	1
CASSQDFGRGTDTQYF	1
CASSQDFRQGTEKLFF	1
CASSQDFGGDNYQETQYF	1
CASSQDFGTSYNEQFF	1
CASSQDLPGTGFYEQYF	1
CASSQDLTDQRQPQHF	1
CASSQDLTTLSYEQYF	1
CASSQDLKGTQPQHF	1
CASSQDSMGAGASEQYF	1
CASSQDSERRNYEQYF	1
CASSQDSGVTGELFF	1
CASSQDWLGTPTGELFF	1
CASSQDWRQHYYGYTF	1
CASSQDWAGTDTQYF	1
CASSQDWGAGNTIYF	1
CASSQDYSTVTEAFF	1
CASSQDLGTGELFF	1
CASSQDLGAGARRKTQYF	1
CASSQDLLLGLAGNNEQFF	1
CASSQDLVSGAGEQFF	1
CASSQDLAGWGSEQFF	1
CASSQDLEGPRSWQYF	1
CASSQDPGGISYNEQFF	1
CASSQDPSGWNEQFF	1
CASSQDPSGSPPNEQFF	1
CASSQDPPGAGTDTQYF	1
CASSQDPTSGRSDEQFF	1
CASSQDPYSGTRNEQFF	1
CASSQDPGHNNEQFF	1
CASSQDPDRAAQYF	1
CASSQDPSGRASGELFF	1
CASSQDRLAEQYF	1
CASSQDRRPTGNSPLHF	1
CASSQDRGNAETQYF	1
CASSQDRIAGANEQFF	1
CASSQDHRRAQETQYF	1
CASSQDHPENTIYF	1
CASSQDHRGLNEKLFF	1
CASSQDQDSTGEQFF	1
CASSQDQHISSGYTF	1
CASSQDQAGGFYEQYF	1
CASSQDQGQGGQPQHF	1
CASSQDAGLHSGNTIYF	1
CASSQDGTSWYEQYF	1
CASSQDGQGGGYTF	1
CASSQDGTSGSDTQYF	1
CASSQDGTAGTGELFF	1
CASSQDGTGKRNQPQHF	1
CASSQDGWAQYF	1
CASSQDGMGIETQYF	1
CASSQDEASKGIQYF	1
CASSQDISRAGGPIYNEQFF	1
CASSQDIPRVFANTGELFF	1
CASSQDIPGFWRPLQETQYF	1
CASSQDITRDYEQYF	1
CASSQDTVGGADTQYF	1
CASSQDSSGMTTGTEAFF	1
CASSQDSPFF	1
CASSQDRAGGFRTEAFF	1
CASSQDRSRTGGNYGYTF	1
CASSQDNQETQYF	1
CASSQDNRYNEQFF	1
CASSQDSADRYGYTF	1
CASSQDLTGWGFYGYTF	1
CASSQDPGHNTEAFF	1
CASSQDPRNSPLHF	1
CASSQDHLAGASSGEQYF	1
CASSQDHEQYF	1
CASSQDQGNLQPQHF	1
CASSQDVSGISNEQFF	1
CASSQDGLNTEAFF	1
CASSQDGGTGELFF	1
CASSQDGEEKLFF	1
CASSQDGTYPVYEQFF	1
CASSQDDGRGGRANEQFF	1
CASSQDDTDTQYF	1
CASSQDSLSGNTIYF	1
CASSQEWNTEAFF	1
CASSQEYRSSYEQYF	1
CASSQERRQTKYQETQYF	1
CASSQEREREQYF	1
CASSQEQAYNEKLFF	1
CASSQEQGITEAFF	1
CASSQEVHNQPQHF	1
CASSQEAGLYNEQFF	1
CASSQEAEQETQYF	1
CASSQEGLRPHYGYTF	1
CASSQEGTGEMVSNQPQHF	1
CASSQEGRGGQPQHF	1
CASSQEGLVSGEQYF	1
CASSQEGQGSRGYTF	1
CASSQEDRDFFF	1
CASSQETRNEQYF	1
CASSQERTSGPYEQYF	1
CASSQEYGTGGNTIYF	1
CASSQELEAFF	1
CASSQELALIYEQYF	1
CASSQEPNEKLFF	1
CASSQEQGVSSYNEQFF	1
CASSQEVGGADEKLFF	1
CASSQEGRGLGYTF	1
CASSQEGVSNQPQHF	1
CASSQEGSLLLETQYF	1
CASSQEGRETDTQYF	1
CASSQEGKTEQYF	1
CASSQEDSYEQYF	1
CASSQEEATSGRATFF	1
CASSQEIVNEQFF	1
CASSQESNYGYTF	1
CASSQESGQPQHF	1
CASSQEKTASYNSPLHF	1
CASSQIQGAYEQYF	1
CASSQIGYPTNEQYF	1
CASSQISWTGGRQPQHF	1
CASSQIRELYNEQFF	1
CASSQMGLADLYEQYF	1
CASSQMGLGSSAQYF	1
CASSQMDFGNTIYF	1
CASSQMTTGMNTEAFF	1
CASSQIPGQGNEKLFF	1
CASSQIGGHSTDTQYF	1
CASSQIDEQYF	1
CASSQIKEGEQYF	1
CASSQTLQGDEQFF	1
CASSQTRGGHEQYF	1
CASSQTGSLGRSDTEAFF	1
CASSQTEGNNQPQHF	1
CASSQTGQGISF	1
CASSQTDNEQFF	1
CASSQTTTFPEQYF	1
CASSQTVGSYNEQFF	1
CASSQTDSYGYTF	1
CASSQTDQPQHF	1
CASSQTEDYNSPLHF	1
CASSQSSGVETQYF	1
CASSQSGNTIYF	1
CASSQSGGDTQYF	1
CASSQRIRDRGYEQYF	1
CASSQRTSVHEQYF	1
CASSQNDRFLEQYF	1
CASSQNLGNTEAFF	1
CASSQNPAGVNEKLFF	1
CASSVPRDRWGNTEAFF	1
CASSVRQGGGYTF	1
CASSVGTGETYEQYF	1
CASSVGQGAVSPLHF	1
CASSVDGSYEQYF	1
CASSVEGLGTEAFF	1
CASSVIGQRNRGEQYF	1
CASSVSPGSPNYGYTF	1
CASSVSGTSYNEQFF	1
CASSVSGRAFNEQFF	1
CASSVRGDTGELFF	1
CASSVLTGRVTEAFF	1
CASSVSGQAPGVNTEAFF	1
CASSVSLSGELFF	1
CASSVLPMGGDSGELFF	1
CASSVRVVSGTDEQFF	1
CASSVRGPDDEQFF	1
CASSVRTSGSTDTQYF	1
CASSVRDSTDTQYF	1
CASSVQTSSEQFF	1
CASSVAQGDNQPQHF	1
CASSVGRHTGELFF	1
CASSVGRGIYAFF	1
CASSVGTGGSITGELFF	1
CASSVDRTRETQYF	1
CASSVMNTGSPLHF	1
CASSVALERLYWFNQHF	1
CASSVGGTGSGNTIYF	1
CASSVGTEAFF	1
CASSVGLALNEQFF	1
CASSVGQANTEAFF	1
CASSVDRYEKLFF	1
CASSVEGNYGYTF	1
CASSVTSGEAKNIQYF	1
CASSVTSDRTDTQYF	1
CASSVTLATHTDTQYF	1
CASSVSGTQETQYF	1
CASSVRDSYNSPLHF	1
CASSVSTGNTIYF	1
CASSVYTFTGELFF	1
CASSVYRGRSPLHF	1
CASSVLVAGYNEQFF	1
CASSVPGTGNEKLFF	1
CASSVPGLAGVPTDTQYF	1
CASSVHRESGEQFF	1
CASSVVRPPRYGYTF	1
CASSVVGGNTEAFF	1
CASSVVGDSGNTIYF	1
CASSVVSYVGSLNEQFF	1
CASSVVAGDRGNSPLHF	1
CASSVAFESYEQYF	1
CASSVASESYEQYF	1
CASSVAPPDTQYF	1
CASSVAVGSYEQYF	1
CASSVAASVSGNTIYF	1
CASSVAGTGGYEQYF	1
CASSVATGGSGNTIYF	1
CASSVATRRVVKNIQYF	1
CASSVASGIYNEQFF	1
CASSVAPGNQPQHF	1
CASSVAPGSGNTIYF	1
CASSVAGGSDRTGELFF	1
CASSVAGGPSNEQFF	1
CASSVAGGSYNEQFF	1
CASSVAGTYNEQFF	1
CASSVAGGTYNEQFF	1
CASSVAVTDTQYF	1
CASSVAGEETQYF	1
CASSVADTQYF	1
CASSVGREGAFNEQFF	1
CASSVGGGSNYEQYF	1
CASSVGSGPTYEQYF	1
CASSVGLNTEAFF	1
CASSVGGWERGETQYF	1
CASSVGGDVNYEQYF	1
CASSVGGSGWETQYF	1
CASSVGGSGYEKLFF	1
CASSVGGGAGGAADTQYF	1
CASSVGSLGEAFF	1
CASSVGPSGNTYEQYF	1
CASSVGREETQYF	1
CASSVGASGVSQETQYF	1
CASSVGAGELFF	1
CASSVGGVNTEAFF	1
CASSVGGGTEAFF	1
CASSVGGESHEQYF	1
CASSVGGRMNTEAFF	1
CASSVGGSGNTIYF	1
CASSVGGVSYNEQFF	1
CASSVGTTAYEQYF	1
CASSVGTSAGNEQFF	1
CASSVGTARTGELFF	1
CASSVGTGAYEQYF	1
CASSVGTGNLEAFF	1
CASSVGLGSYNEQFF	1
CASSVGQGPGNTIYF	1
CASSVGAGGNSPLHF	1
CASSVGALEGGEQFF	1
CASSVGGGDNYGYTF	1
CASSVGELAGEETQYF	1
CASSVGISGPGSNYGYTF	1
CASSVGMGIKGNEQFF	1
CASSVDREETQYF	1
CASSVDQGTDTQYF	1
CASSVDGERDTEAFF	1
CASSVDSGRIWETQYF	1
CASSVDPIGSPTYEQYF	1
CASSVDGARTDTQYF	1
CASSVDGGGTEAFF	1
CASSVDEGPSSYEQYF	1
CASSVEGRHSVLTF	1
CASSVESGFSYEQYF	1
CASSVELLETQYF	1
CASSVESLHEQFF	1
CASSVESGGAYNEQFF	1
CASSVENRGRADLPPARSYNEQFF	1
CASSVMATPDTQYF	1
CASSVTANQPQHF	1
CASSVTDTQYF	1
CASSVSLGEQFF	1
CASSVSSYNSPLHF	1
CASSVSHEQYF	1
CASSVRDQPQHF	1
CASSVRNTGELFF	1
CASSVNQGNQPQHF	1
CASSVNRGEAFF	1
CASSVKSDFLYNEQFF	1
CASSASSGRRTRELFF	1
CASSAWGQSTGELFF	1
CASSAPTSGRRNEQFF	1
CASSAQIGWFGYGYTF	1
CASSAGGGEQYF	1
CASSAIGQGPLYF	1
CASSATTGGPSLSGNTIYF	1
CASSAWTGRDTEAFF	1
CASSALGTIYNEQFF	1
CASSALSSTEQFF	1
CASSAPRTGYGYTF	1
CASSAPDFLAGVEQFF	1
CASSARLAGGLNEQFF	1
CASSAQGTDTQYF	1
CASSAVSGTGSEAFF	1
CASSAGGLLPYEQYF	1
CASSAGGGIEAFF	1
CASSAGTGAVQYF	1
CASSAGTGRQPQHF	1
CASSAGRNSYEQYF	1
CASSAGQGSTDTQYF	1
CASSAGQTRGYGYTF	1
CASSADPFPYNEQFF	1
CASSADKKIGYTF	1
CASSAELNTEAFF	1
CASSAESRSYEQYF	1
CASSAEGVTQYF	1
CASSAEWTSGNNEQFF	1
CASSATEAGGLYEQYF	1
CASSASSADSTDTQYF	1
CASSASTGGTEAFF	1
CASSARQSVAYNEQFF	1
CASSANARGEAFF	1
CASSAQGGNYGYTF	1
CASSAGTPTNYGYTF	1
CASSAGTGTDTQYF	1
CASSAGQASYEQYF	1
CASSAGQIYSGNTIYF	1
CASSADGGNTIYF	1
CASSADNQPQHF	1
CASSAEGSGSGDEQFF	1
CASSAMGQGVGNEQFF	1
CASSATGSGYEQYF	1
CASSANPPESEQFF	1
CASSALKALQPTSGRDNEQFF	1
CASSAPSGSTDTQYF	1
CASSARDRGHYGYTF	1
CASSARTGAYTIYF	1
CASSAQGGFENIQYF	1
CASSAVTRGETQYF	1
CASSAAGTRLFF	1
CASSAGPGQGAWGNQPQHF	1
CASSAGRAPGSGRAYEQYF	1
CASSAGYHRGTDTQYF	1
CASSAGGERNTEAFF	1
CASSAGTGLLTGNEQFF	1
CASSADSEANTGELFF	1
CASSADRGDEQYF	1
CASSAEQGGFYGYTF	1
CASSGLEQYF	1
CASSGAGYNEQFF	1
CASSGAGNEKLFF	1
CASSGGTGQAGNTIYF	1
CASSGGLTNTEAFF	1
CASSGGQDPYEQYF	1
CASSGTLGQGRSGNTIYF	1
CASSGPSDTQYF	1
CASSGPDTSNEKLFF	1
CASSGRDSHQPQHF	1
CASSGRDRVYYGYTF	1
CASSGRLAGELFF	1
CASSGATEQPQHF	1
CASSGGQGAGEAFF	1
CASSGGDEKLFF	1
CASSGGTGELNTEAFF	1
CASSGTLMNTEAFF	1
CASSGSGTGDQPQHF	1
CASSGSLAGGPEQYF	1
CASSGVVSSRGPPLNYGYTF	1
CASSGGRGSQETQYF	1
CASSGGLETQYF	1
CASSGGDQNYGYTF	1
CASSGGFGNTIYF	1
CASSGGLTPSETQYF	1
CASSGGPYYEQYF	1
CASSGGTGRYEQYF	1
CASSGDRDISYEQYF	1
CASSGDGRTGELFF	1
CASSGEPHSPLHF	1
CASSGIQGANTEAFF	1
CASSGTSEWEQFF	1
CASSGTAPYEQYF	1
CASSGTGGHQPQHF	1
CASSGSWGDSYNEQFF	1
CASSGSSYNEQFF	1
CASSGRDRGSNQPQHF	1
CASSGRVTDTQYF	1
CASSGKKLGELFF	1
CASSGSRVREQYF	1
CASSGSDTQYF	1
CASSGSENTEAFF	1
CASSGLAGWYNEQFF	1
CASSGLAGTYEQYF	1
CASSGLAGSGANVLTF	1
CASSGPLGVLTKNIQYF	1
CASSGPGLAGHTGELFF	1
CASSGRTGPGTGELFF	1
CASSGQGSGTEAFF	1
CASSGAGTGGRNTIYF	1
CASSGGGRESYGYTF	1
CASSGGVGEIDEKLFF	1
CASSGGVGSNQPQHF	1
CASSGGLGYEQYF	1
CASSGRQGRQPQHF	1
CASSDHTQTANQPQHF	1
CASSDGNTGELFF	1
CASSDISWGLSYEQYF	1
CASSDTGGDERYF	1
CASSDSGSTYNEQFF	1
CASSDRDLLQETQYF	1
CASSDNSDGPHFSYNEQFF	1
CASSDLYTQYF	1
CASSDPKAEAFF	1
CASSDPAGLAGGPDEQYF	1
CASSDPIAGMNTGELFF	1
CASSDRDTPYEQYF	1
CASSDRTAGRGSPLHF	1
CASSDRPGQGRYEQYF	1
CASSDQILAGTYEQYF	1
CASSDGTTDTQYF	1
CASSDGQGEAKNIQYF	1
CASSDDSFTEAFF	1
CASSDTGSPGELFF	1
CASSDSSGNTIYF	1
CASSDRAVNTEAFF	1
CASSDKPDEQYF	1
CASSEWASPTPRETQYF	1
CASSEWGQGDYGYTF	1
CASSEWDRGQGEAFF	1
CASSERLAARGEETQYF	1
CASSEHNEQFF	1
CASSEGQNNQPQHF	1
CASSEGTSASGNTIYF	1
CASSEGQGGLGQPQHF	1
CASSEEKAPQETQYF	1
CASSETSGRDEQFF	1
CASSETGYSNQPQHF	1
CASSETGGYSYEQYF	1
CASSERGNYGYTF	1
CASSENRDVVYGYTF	1
CASSEKGNEQFF	1
CASSEFTGDLSPLHF	1
CASSEQVIAKNIQYF	1
CASSEQGSGQPQHF	1
CASSEQGSTDTQYF	1
CASSEQTGKPYEQYF	1
CASSEAGTGPYEQYF	1
CASSEAGFPGDEQYF	1
CASSEGRTSPYEQYF	1
CASSEGGTEAFF	1
CASSEGLAGGNYEQYF	1
CASSEDRRTQQYF	1
CASSEDGYNEKLFF	1
CASSEEPDGAFLGYTF	1
CASSETGRSNSPLHF	1
CASSESYGYTF	1
CASSERDPIEQYF	1
CASSENLSYEQYF	1
CASSEKTYEQYF	1
CASSILTGLQPQHF	1
CASSIPQGLTDTQYF	1
CASSIRGSGFTGELFF	1
CASSIPAGESRNEQFF	1
CASSIPDRGPNSPLHF	1
CASSIRGYEQYF	1
CASSIQGTALYNEQFF	1
CASSIQGNTIYF	1
CASSIGSGAWGQNEQFF	1
CASSIGEADTQYF	1
CASSIGLAGDQETQYF	1
CASSIGQWGNEQFF	1
CASSISGRDYGYTF	1
CASSMSDRGKSPLHF	1
CASSMGQAYNEQFF	1
CASSMGQGQETQYF	1
CASSMGQGLNEKLFF	1
CASSMTGRGWNSPLHF	1
CASSILIAGERYNEQFF	1
CASSISPGETQYF	1
CASSIQGFYGYTF	1
CASSIQGRAYNEQFF	1
CASSIGLASYNEQFF	1
CASSIEREGYEQYF	1
CASSITRGVLDTQYF	1
CASSTRGTNYNEQFF	1
CASSTGGASYEQYF	1
CASSTGTKRDQPQHF	1
CASSTSGTYEQYF	1
CASSTSGRGYNEQFF	1
CASSTSGNSYNEQFF	1
CASSTNGQSYNEQFF	1
CASSTSRRALRF	1
CASSTYTSGVLQQYF	1
CASSTYQSGAYNEQFF	1
CASSTLGSPGYEQYF	1
CASSTLTKWRGYTGELFF	1
CASSTPGTQANYGYTF	1
CASSTRTGILSNQPQHF	1
CASSTRTGGAGTDTQYF	1
CASSTRQGPTNEKLFF	1
CASSTRQGNEQFF	1
CASSTADRYNEQFF	1
CASSTAGGAGTEAFF	1
CASSTGLAGVETQYF	1
CASSTEGTGGLTYEQYF	1
CASSTTWGSGAADTQYF	1
CASSTSVVYGYTF	1
CASSTRGSRAFF	1
CASSTPGGRSGYTF	1
CASSTAFYEQYF	1
CASSTGGPYEQYF	1
CASSTTGTSSETQYF	1
CASSTTYSGTDTQYF	1
CASSTTGATYNEQFF	1
CASSTPGASYNEQFF	1
CASSTPTGTSGSGAYEQYF	1
CASSTRTGAVGELFF	1
CASSTGTGGELFF	1
CASSTTYSGRVGGYEQYF	1
CASSTRTGVNTEAFF	1
CASSTRLRNEQFF	1
CASSSYRAPKGNQPQHF	1
CASSSRTGVKEQYF	1
CASSSTSGNTGELFF	1
CASSSPTSGSLNEQYF	1
CASSSRGQGAFNEQFF	1
CASSSRDTNSPLHF	1
CASSSGRGTEAFF	1
CASSSGLAGDLYEQYF	1
CASSRYLAGEGDTQYF	1
CASSRGVASLGGYTF	1
CASSRGQGDPEAFF	1
CASSRGQVNSPLHF	1
CASSRDETNYGYTF	1
CASSRERNYGYTF	1
CASSRLAGSLFNEQFF	1
CASSRRTSGREPYEQYF	1
CASSRRNQPQHF	1
CASSRAGQALEQYF	1
CASSRAGGGDTQYF	1
CASSRADGEADTQYF	1
CASSRTGGHMFF	1
CASSRSPSGSAPSYNEQFF	1
CASSRNLREAFF	1
CASSRNTDRVTEAFF	1
CASSNSGGSTDTQYF	1
CASSNLDRAFGEQYF	1
CASSNGLFGTYEQYF	1
CASSNSGSSYEQYF	1
CASSNRRTEAFF	1
CASSNLGHGFVSYEQYF	1
CASSNPRTAGADTQYF	1
CASSNRDTGGTEAFF	1
CASSNRLAGGDEQFF	1
CASSNGRDTNQPQHF	1
CASSNTGTDEKLFF	1
CASSNRGRYEQYF	1
CASSKWRDTNIQYF	1
CASSKLAGGTDTQYF	1
CASSKPGLAHLSEQYF	1
CASSKGQGGNQPQHF	1
CASSKGLAEEVHEQYF	1
CASSKDRNEKLFF	1
CASSKMGTGSSYEQYF	1
CASSKTGGDGYTF	1
CASSKKGDYSNQPQHF	1
CASSKLAGAPGELFF	1
CASSKPFNEKLFF	1
CASSKPGTGDWEQYF	1
CASSKRLAVRDEQFF	1
CASSKARDNFEQYF	1
CASSKGGWQSTEAFF	1
CASSKGDGEYYGYTF	1
CASSKDQGSYEQYF	1
CASSKERACYEQYF	1
CASSKIPILTDVYGYTF	1
CASSKTRDSAKTSYEQYF	1
CASSKRAWTGYEQYF	1
CASSKRQLGETQYF	1
CASSKNRRDRQETQYF	1
CASRLTAGQGQRRGYTF	1
CASRSQGAGNQPQHF	1
CASRSGGTSYEQYF	1
CASRSSRREKTEAFF	1
CASRSSVQKDTQYF	1
CASRSPGQGRREQYF	1
CASRSARPGEKLFF	1
CASRSGTSGRGGTQYF	1
CASRSGSYEQYF	1
CASRSKGTMNTEAFF	1
CASRWGFGAFF	1
CASRYLLVSGNTIYF	1
CASRLGFQPQHF	1
CASRLDRVGPEAFF	1
CASRLDRGQGGYTF	1
CASRLGDRAPYSNQPQHF	1
CASRLAALADTEAFF	1
CASRLGLARDTQYF	1
CASRPSDRPNSPLHF	1
CASRPWTGNEQFF	1
CASRPRVRSYNEQFF	1
CASRPRVDSYNEQFF	1
CASRPRGTGASPLHF	1
CASRPRTGANEKLFF	1
CASRPGTGYYEQYF	1
CASRPTSGNNEQFF	1
CASRPGGRNTDTQYF	1
CASRPGQATEAFF	1
CASRPGQNSGNTIYF	1
CASRPTSGIREF	1
CASRPTGRTGELFF	1
CASRPQGARAAGTQYF	1
CASRPQGDGELFF	1
CASRPVESSYEQYF	1
CASRPGTGFQPQHF	1
CASRPISTGNYGYTF	1
CASRPTGRNGYTF	1
CASRPTGVPNQPQHF	1
CASRPTGGIDTQYF	1
CASRRTDTQYF	1
CASRRGQGGYTF	1
CASRRSGSFPDTQYF	1
CASRHPAQGGYTF	1
CASRHAKGGIYEQYF	1
CASRQLAGAGDYEQFF	1
CASRQAGAGNQPQHF	1
CASRQAGGTEAFF	1
CASRQKDEQFF	1
CASRQAGVGTDTQYF	1
CASRQTGENEQYF	1
CASRVRKEPGLVDNEQFF	1
CASRVTGTPYEQYF	1
CASRVLAGGQTGELFF	1
CASRVRGGSSYEQYF	1
CASRAQGASGRTYNEQFF	1
CASRAGASGRRSSTDTQYF	1
CASRASGRAAELFF	1
CASRASGGNTIYF	1
CASRALAGVSYNEQFF	1
CASRAGQTILRTYNSPLHF	1
CASRAKKMNTEAFF	1
CASRGFSTDTQYF	1
CASRGGGNTEAFF	1
CASRGSDSPTYEQYF	1
CASRGQGGENEQFF	1
CASRGDRGYQPQHF	1
CASRGSSGRQDNEQFF	1
CASRGWDGGDNQPQHF	1
CASRGVNTIYF	1
CASRGDNAQPQHF	1
CASRGTQSYNEQFF	1
CASRGTGRNEQYF	1
CASRGTGRNYEQYF	1
CASRGQATLYNEQFF	1
CASRGQGSGNTIYF	1
CASRGQGANSPLHF	1
CASRGQGGYIQYF	1
CASRGQGSYEQYF	1
CASRGQGSDEQYF	1
CASRGQGALGGNTIYF	1
CASRGQGAMNTEAFF	1
CASRGQGDTGELFF	1
CASRGQSNQPQHF	1
CASRGAGGSYEQYF	1
CASRGGQGKYF	1
CASRGTGGNQPQHF	1
CASRDSYEQYF	1
CASRDLGTANTEAFF	1
CASRDQTNTEAFF	1
CASRDVLAEGETQYF	1
CASRDAGFNTQYF	1
CASRDGQGSNQPQHF	1
CASRDRSSGSYEQYF	1
CASRDSTGGDSPLHF	1
CASRDYSSYEQYF	1
CASRDRHGNTGELFF	1
CASRDGGPEQYF	1
CASRDEVFSDEQFF	1
CASRDTGWGYEQYF	1
CASRDRRNTEAFF	1
CASRERTGGKSGNTIYF	1
CASREAGAGPEQYF	1
CASREGLAGGYEQYF	1
CASREGQGYGYTF	1
CASREGGVSGNTIYF	1
CASRESRLGTDTQYF	1
CASREPIYEQYF	1
CASREQGYGEQFF	1
CASREQGGSGEQFF	1
CASRISGGGGETQYF	1
CASRIDEKLFF	1
CASRIAGLYEQYF	1
CASRIGFSYNEQFF	1
CASRTSGNPLEQYF	1
CASRTSGNNEQFF	1
CASRTWGQGDYGYTF	1
CASRTGEGTYEQYF	1
CASRTRVGYGYTF	1
CASRTRGTEAFF	1
CASRTKTGGPYEQYF	1
CASRTWGSEQYF	1
CASRTDYEQYF	1
CASRTGAEDTEAFF	1
CASRTGGYEQYF	1
CASRTGGAISDYGYTF	1
CASRTGGNQPQHF	1
CASRTGGNTEAFF	1
CASRTDRAQPQHF	1
CASRSGNQPQHF	1
CASRRLAGRGDTQYF	1
CASRRAVNYGYTF	1
CASRRGFQETQYF	1
CASRRDAGGYTF	1
CASRRLAGSYNEQFF	1
CASRRPPSNQPQHF	1
CASRRSGSTGELFF	1
CASRNRDRDSPLHF	1
CASRNRGNRGAFF	1
CASRKGQGRIDAYGYTF	1
CASRKTGALTEAFF	1
CASRLVTSGIGDTQYF	1
CASRLAVWDSPLHF	1
CASRLDRGSNQPQHF	1
CASRSSPGQGGHEKLFF	1
CASRSGWPGELFF	1
CASRSTDRIHQPQHF	1
CASRSGQNYGYTF	1
CASRSTGGGTEAFF	1
CASRSLNTEAFF	1
CASRSNREGNEKLFF	1
CASRWLAGASYEQYF	1
CASRWTSGTEQYF	1
CASRLLTGARRTEAFF	1
CASRLAGGPDTQYF	1
CASRLAGIVDTQYF	1
CASRLDGNQPQHF	1
CASRPSTGHSGNTIYF	1
CASRPPGNQPQHF	1
CASRPQGQNTGELFF	1
CASRPNTDAGELFF	1
CASRPLGLAGGQRNIQYF	1
CASRPGVGAMRALETQYF	1
CASRPIGLAGEPSQFF	1
CASRPSTGDNSPLHF	1
CASRPLAGAYEQYF	1
CASRPGLAGVIEQFF	1
CASRPDTSYNEQFF	1
CASRPEPSSNQPQHF	1
CASRPGSNYGYTF	1
CASRPGGSSYNSPLHF	1
CASRPGQGALQYF	1
CASRRGQGGYGYTF	1
CASRRENTGELFF	1
CASRRLAGGPYEQYF	1
CASRRGTEAFF	1
CASRRDRRYNTEAFF	1
CASRRQGLYGYTF	1
CASRHRDRGYEQYF	1
CASRQYSNQPQHF	1
CASRQGGNTEAFF	1
CASRQGGSGELFF	1
CASRQTYRSSPIDTQYF	1
CASRQSGRDNEQFF	1
CASRVGQALGGYTF	1
CASRVRSSTNEKLFF	1
CASRVDGLSGTQYF	1
CASRASGANTGELFF	1
CASRASGSSYNEQFF	1
CASRAAFTGTEAFF	1
CASRADPGQPDFFYGYTF	1
CASRAGLAVLYNEQFF	1
CASRGDSNEQFF	1
CASRGNRLAENNEQFF	1
CASRGGVDTGELFF	1
CASRGTSLPNEQFF	1
CASRGTPRNNEQFF	1
CASRGTESYEQYF	1
CASRGTLGSYEQYF	1
CASRGTGRPPNTEAFF	1
CASRGRGQADGYEQYF	1
CASRGLGTGELFF	1
CASRGRLNEKLFF	1
CASRGHAYEQYF	1
CASRGQNTEAFF	1
CASRGGYNEQFF	1
CASRGRTASFNSPLHF	1
CASRDGRSGGYTF	1
CASRDTGGPRGPQHF	1
CASRDRGNYEQYF	1
CASRDGVGSGNTIYF	1
CASRDRGPNQPQHF	1
CASRDRRAEKLFF	1
CASREGQDPNSYNEQFF	1
CASREGAAEAFF	1
CASRETSGNTGELFF	1
CASREFSTDTQYF	1
CASREQSYNEQFF	1
CASREGLAEVSF	1
CASREGQAVNQPQHF	1
CASRMTGGNYGYTF	1
CASRIVRGAYEQYF	1
CASRTGLTDTQYF	1
CASRTDRGPGETQYF	1
CASRTPGTSGTQQFF	1
CASRTGTGHNEQFF	1
CASRTGNEKLFF	1
CASRTTSGRNEQFF	1
CASRTGALNTEAFF	1
CASRTTSGSSYNEQFF	1
CASRRRGDEVSYF	1
CASRRIPSGTGRSEKLFF	1
CASRRLAGLPGNEQFF	1
CASRRGWSPLHF	1
CASRNGQGAYEQYF	1
CASRNRDSNQPQHF	1
CASRNRENANTGELFF	1
CASRKSGLADISYEQYF	1
CASRKDLGSKNIQYF	1
CASRKEVYEQYF	1
CASRKLLALAGGLHTQYF	1
CASRKLRDSPLDEQFF	1
CASRKDSSYNSPLHF	1
CASNLYQETQYF	1
CASNLQGLYEQYF	1
CASNSYRDGGYTF	1
CASNSYREGWQPQHF	1
CASNYGGPGSPLHF	1
CASNPAVVYNEQFF	1
CASNGQEGWTEGYTF	1
CASNGGADSPLHF	1
CASNERGRENSPLHF	1
CASNTYGRSSYEQYF	1
CASNTGNQPQHF	1
CASNTGWDNQPQHF	1
CASNLAGNTEAFF	1
CASNSGTVLDTQYF	1
CASNLAGGGWMIDIQYF	1
CASNPQKTGEDTQYF	1
CASNPGDREVYGYTF	1
CASNPTGVGQPQHF	1
CASNPGQGIEQYF	1
CASNPPGRRYYNEQFF	1
CASNRRVDTQYF	1
CASNVGDEKLFF	1
CASNVQGADNEKLFF	1
CASNAGLAGQFF	1
CASNAHRDAEQYF	1
CASNGQPIQETQYF	1
CASNGRASTDTQYF	1
CASNGQGFTEAFF	1
CASNGQGTIDSPLHF	1
CASNGDRGGLAGEPWSYNEQFF	1
CASNDRTDNQPQHF	1
CASNERRNTEAFF	1
CASNIDALLSYEQYF	1
CASNTGEGGGELFF	1
CASNSAMEETQYF	1
CASNRAGAGGTEAFF	1
CASNKGWVNTEAFF	1
CASNKGLAIGETQYF	1
CASKSPGTTETQYF	1
CASKSVLNTEAFF	1
CASKLSSGYEQYF	1
CASKLGAGSNQPQHF	1
CASKPRIRGSPLHF	1
CASKRESETQYF	1
CASKRTQGLNTEAFF	1
CASKRQGVLQETQYF	1
CASKVTGAYEQYF	1
CASKVGNSYEQYF	1
CASKASGRTYEQYF	1
CASKEGISGNTIYF	1
CASKIGLAGEADTQYF	1
CASKTGFTKAFF	1
CASKSSGSDYNEQFF	1
CASKRGAFYNEQFF	1
CASKKTGVITEAFF	1
CASKKTGRTEAFF	1
CASKLQGTLGQPQHF	1
CASKLTGGYTEAFF	1
CASKYRQPPNYGYTF	1
CASKLTANTGELFF	1
CASKQDVNQPQHF	1
CASKGWNQPQHF	1
CASKGLAGDDTGELFF	1
CASKETGFKNIQYF	1
CASKIRDTTEAFF	1
CASKIGQGARYGYTF	1
CASKIRSGLGAKNIQYF	1
CASKTLSRGAYEQYF	1
CASKTKLGTANSPLHF	1
CASKSWGGPGDTQYF	1
CASKSALAAYEQFF	1
CASKRGSLETQYF	1
CASKRGNKEPQHF	1
CASKRGGRNTEAFF	1
CASKNRGTSYEQYF	1
CASKKAWTSGRIDEQFF	1
CASKKDSSNSNQPQHF	1
CARITHPPRDRGTDTQYF	1
CARTSGQSYEQYF	1
CARRDSPSGNTIYF	1
CARNRDSDSPLHF	1
CARKSYEQYF	1
CARCDQPQHF	1
CARRGQPGYSNQPQHF	1
CANTKDNEQFF	1
CANSQGQGSYNEQFF	1
CANPGGENTEAFF	1
CANPTLLRNTEAFF	1
CANQGRDRASNLSYEQYF	1
CAKGQGNYEQYF	1
CALATGGHQGYTF	1
CASSSEGTDTQYF	1
CASRLGRALTDTQYF	1
CASRPFSGRARNEQFF	1
CGAVRLAELFF	1
CDTSRVLSLRGVYEQYF	1
CTPYSGNTEAFF	1
CSASGRAVRPMGGETQYF	1
CPPKRGYHGYTF	1
CAAANYGYTF	1
CASGVGPQETQYF	1
CADLDSGEETQYF	1
CAISDRGDNQPQHF	1
CAILIQANFYGYTF	1
CAISPRRIWNNSPLHF	1
CATFKSYEQYF	1
CATQDYSTGELFF	1
CATSMGAEGETQYF	1
CASCASGEIYNEQFF	1
CASRRGSNQPQHF	1
CASRTGASRLNTEAFF	1
CASSSGTYEQYF	1
CASFPPGLYNEQFF	1
CASFGGGLARTGELFF	1
CASSGLAGGLRANTGELFF	1
CASSRGRGYMNTEAFF	1
CASSQGGLRDTQYF	1
CASSGGTRISTDTQYF	1
CASSTSGRDKSYNEQFF	1
CASCGHESYEQYF	1
CASCHNLLAASTDTQYF	1
CASWGSQYF	1
CASYGDSDYGYTF	1
CASLRDSGTPVRFF	1
CASPRRRNNYGYTF	1
CASRTSGRRETQYF	1
CASRGSNTEAFF	1
CASRTGKAEAFF	1
CASREAGTEYEQYF	1
CASRTSGSEGDEQFF	1
CASRRGLDYGYTF	1
CASHLGGNTPYEQYF	1
CASQKGNQETQYF	1
CASARLAGHNEQFF	1
CASAPAEGNSPLHF	1
CASAIKRREGLPLDEQFF	1
CASGWGADTQYF	1
CASGDFRTGELFF	1
CASGSGVTTEAFF	1
CASGLDYEQYF	1
CASGVGGRDQPQHF	1
CASGLGTSGYNEQFF	1
CASGQLAGQGNIQYF	1
CASGAGTNTEAFF	1
CASGNGNTEAFF	1
CASDVVETGVQETQYF	1
CASIPGGTGELFF	1
CASMLGTGLLAKNIQYF	1
CASMPEGGTWHEQFF	1
CASIRAGNTIYF	1
CASTFLATTGELFF	1
CASTSLGGGSGNEQFF	1
CASTSGVPSTDTQYF	1
CASTSELFGGLFF	1
CASTLALQVGYGYTF	1
CASTPPSGTTDTQYF	1
CASTPGPRSRGYTF	1
CASTRDMNTEAFF	1
CASTQTGNTEAFF	1
CASTGPSGPLIGEQYF	1
CASTGQGAQGTDTQYF	1
CASTDRGPNTEAFF	1
CASTDRLAGDLYEQYF	1
CASTTLRGRAGYNEQFF	1
CASTVPEERESTGELFF	1
CASTTGAGTEAFF	1
CASTRDRGVRAFF	1
CASTAANTGELFF	1
CASTGTMNTEAFF	1
CASSFGLAGGGGYNEQFF	1
CASSFRSYNEQFF	1
CASSFQGNQETQYF	1
CASSLDRGMNTEAFF	1
CASSSGSSGYTF	1
CASSSGLAGSAYEQYF	1
CASSSGQTYEQYF	1
CASSWGLATNEQYF	1
CASSYGSNWDTGELFF	1
CASSYTPGTDNSPLHF	1
CASSYPGLTDTQYF	1
CASSLASTYEQYF	1
CASSLDRVSQDQPQHF	1
CASSPTVPYGYTF	1
CASSPRLYNEQFF	1
CASSPGAETQYF	1
CASSPSRDSMNTEAFF	1
CASSRFRTSSSYEQYF	1
CASSRWRGLNQPQHF	1
CASSRAGPNSPLHF	1
CASSRAGAGSYEQYF	1
CASSHRQGEVKNIQYF	1
CASSHGRGKEDTQYF	1
CASSHSHSGGAYEQYF	1
CASSHPGQGTNEQFF	1
CASSHRGTLYEQYF	1
CASSQQGAGTYNEQFF	1
CASSQSDRGRSPLHF	1
CASSQWRGGDDQPQHF	1
CASSQSGIEQFF	1
CASSVFRDRTEAFF	1
CASSVAEITEAFF	1
CASSVGLDSNSPLHF	1
CASSVLAGSGNEQFF	1
CASSVRGADYGYTF	1
CASSAFQSQREQYF	1
CASSAGLNYEQYF	1
CASSAGYTGELFF	1
CASSGQTNTEAFF	1
CASSGGLMGISWWQPQHF	1
CASSDSDSYEQYF	1
CASSDLAGGPNEQFF	1
CASSDAQETQYF	1
CASSDSGRRDEQYF	1
CASSDPARGAEAFF	1
CASSESRTDPYF	1
CASSESFFVRGFSYEQYF	1
CASSESIMPTANIQYF	1
CASSESMGGRMIGPNNEQFF	1
CASSEYGTPNTGELFF	1
CASSEAAAQETQYF	1
CASSEGRQEAFF	1
CASSEGGTNEKLFF	1
CASSEDRAPYEQYF	1
CASSEELGSSQHF	1
CASSERTSGRRNEQFF	1
CASSEKWTGYNEQFF	1
CASSESLSRDGGSPLHF	1
CASSTFSGTGEGTVIDTEAFF	1
CASSTRMTSQNIQYF	1
CASSTVGDYEQYF	1
CASSKDAAYEQYF	1
CASSFFSSSYEQYF	1
CASSFSSGVYNEQFF	1
CASSFYSHGYTF	1
CASSFLAGNTYNEQFF	1
CASSFLAEPNEQFF	1
CASSFPGLAVTDTQYF	1
CASSFRDRSQLTDTQYF	1
CASSFHPETGVGEQFF	1
CASSFQQNRNSPLHF	1
CASSFQGAGAGELFF	1
CASSFVSGNEQFF	1
CASSFGREASYNEQFF	1
CASSFGGARGTEAFF	1
CASSFGQGPATNEKLFF	1
CASSFGQRNTEAFF	1
CASSFGQKSSYNEQFF	1
CASSFDLNTEAFF	1
CASSFDPVVTEAFF	1
CASSFDVMNTEAFF	1
CASSFDRGRLSGDEQYF	1
CASSFEWDTQYF	1
CASSFEAHTEAFF	1
CASSFEREGTEAFF	1
CASSFTGTDSYEQYF	1
CASSFTDTQYF	1
CASSFNLRTGPINEQFF	1
CASSFNRGASTDTQYF	1
CASSFLGPGDTEAFF	1
CASSFLGQNSYEQYF	1
CASSFSGRNTGELFF	1
CASSFSGSVDTQYF	1
CASSFLGNYGYTF	1
CASSFLGEQYF	1
CASSFPGRTNYGYTF	1
CASSFPGDEQYF	1
CASSFRHDTEAFF	1
CASSFRQGAYNEQFF	1
CASSFRAGPTYEQYF	1
CASSFQGDNSPLHF	1
CASSFQGKDGYTF	1
CASSFQTRGSYNEQFF	1
CASSFQSGPLGSEKLFF	1
CASSFQQGLGTEAFF	1
CASSFVRGTLNTEAFF	1
CASSFAGHDYNEQFF	1
CASSFGGGEKLFF	1
CASSFGRDGEKLFF	1
CASSFGDYEQYF	1
CASSFGTSDTDTQYF	1
CASSFGTADGYTF	1
CASSFGTGGPDTQYF	1
CASSFGLADYTGELFF	1
CASSFGQDPYEQYF	1
CASSFGKQNFYTF	1
CASSFDHYNEQFF	1
CASSFDGNTIYF	1
CASSFEFGSGNTIYF	1
CASSFERGPNTEAFF	1
CASSFIGRGRETEAFF	1
CASSFTGLNGYTF	1
CASSFSRGNTEAFF	1
CASSFSTDTQYF	1
CASSFNDNTEAFF	1
CASSLFAYGELFF	1
CASSLFGNSPLHF	1
CASSLFGAAGNTEAFF	1
CASSLFGGTEAFF	1
CASSLLLQGADGYTF	1
CASSLLQGIRAREQFF	1
CASSLLEFNSPLHF	1
CASSLSSDQETQYF	1
CASSLSMTSGNYNEQFF	1
CASSLSPMGLNTEAFF	1
CASSLSPGDTEAFF	1
CASSLSAGPSNQPQHF	1
CASSLSPENNYGYTF	1
CASSLSDTEAFF	1
CASSLSTGNTEAFF	1
CASSLSGGETQYF	1
CASSLWVAGGPQEQYF	1
CASSLWGSLSPLHF	1
CASSLWTSNYEQYF	1
CASSLYSYTLFPYEQYF	1
CASSLLPGYSYEQYF	1
CASSLLSRRTVDEQFF	1
CASSLLLGGPTNEKLFF	1
CASSLLGTRQGTEAFF	1
CASSLLEGTEAFF	1
CASSLPQDNYGYTF	1
CASSLPGVNTIYF	1
CASSLPTGNTGELFF	1
CASSLPLAGSYNEQFF	1
CASSLRGSYEQYF	1
CASSLRSSGDTGELFF	1
CASSLRGRREGGELFF	1
CASSLREWPGELFF	1
CASSLRTNYEQYF	1
CASSLQGTGDLANYGYTF	1
CASSLVSMGVNTEAFF	1
CASSLVPYIDRETATNEKLFF	1
CASSLVPGAQAFF	1
CASSLVPGLGTEAFF	1
CASSLVQGTEKLFF	1
CASSLVAGYDSPLHF	1
CASSLVAGMNTEAFF	1
CASSLVGQGIGEQFF	1
CASSLVRASTDTQYF	1
CASSLVLAGGISYEQYF	1
CASSLVQGSYNEQFF	1
CASSLVQGAREQYF	1
CASSLVQSSYEQYF	1
CASSLVVSGELFF	1
CASSLVANTGELFF	1
CASSLVAANTEAFF	1
CASSLVAGDTGELFF	1
CASSLVGSSYNEQFF	1
CASSLVGSTDTQYF	1
CASSLVLAGRSSYNEQFF	1
CASSLVVAEGLNTEAFF	1
CASSLVAGPGADTQYF	1
CASSLVAGGMNTEAFF	1
CASSLVGNQPQHF	1
CASSLVSGLNTEAFF	1
CASSLVSGDHGYTF	1
CASSLVYRADTEAFF	1
CASSLVQASYNEQFF	1
CASSLVAGGPEDTQYF	1
CASSLVAGDYNEQFF	1
CASSLVGYNEQFF	1
CASSLVGGNTEAFF	1
CASSLVGAGVADTQYF	1
CASSLVGIPGTEAFF	1
CASSLARGRGYEQYF	1
CASSLAIGPENTGELFF	1
CASSLASGGTQYF	1
CASSLAWGAAKDTQYF	1
CASSLAWTGVSPLHF	1
CASSLALSSYNEQFF	1
CASSLALDRIISYNEQFF	1
CASSLAPSGIDEQFF	1
CASSLAPSGRKLAYNEQFF	1
CASSLAPPEKLFF	1
CASSLAPGGRSEAFF	1
CASSLAPGSGEEQYF	1
CASSLAPGNSGNTIYF	1
CASSLAHSPINISNQPQHF	1
CASSLAHSDEQFF	1
CASSLAQVDTGELFF	1
CASSLAVDRGTHEQYF	1
CASSLAAGSLYEQYF	1
CASSLAAGEYNEQFF	1
CASSLAATETGYTF	1
CASSLAASSYEQYF	1
CASSLAGGRARETQYF	1
CASSLAGGLALYEQYF	1
CASSLAGADEQFF	1
CASSLAGGSYEQYF	1
CASSLAGGLVAYEQYF	1
CASSLAGTSANTGELFF	1
CASSLAGVRGNEKLFF	1
CASSLADRGTQYF	1
CASSLAILVRPGELFF	1
CASSLATLYEQYF	1
CASSLARGGLSVNNEQFF	1
CASSLALAGDPQYF	1
CASSLAPGGRENNQPQHF	1
CASSLARGHDEQYF	1
CASSLARSTEDTQYF	1
CASSLAQGSTNTEAFF	1
CASSLAASRGEQYF	1
CASSLAAGGRHTQYF	1
CASSLAGGRPYNEQFF	1
CASSLAGRADTEAFF	1
CASSLAGGSSYNEQFF	1
CASSLADRAGTEAFF	1
CASSLATSGRVNEQFF	1
CASSLALAASYEQYF	1
CASSLAHLNTEAFF	1
CASSLAAYGQKIYEQYF	1
CASSLAANQPQHF	1
CASSLAGSLTVGQFF	1
CASSLAGLDYEQYF	1
CASSLADRNGYTF	1
CASSLASVPGAEQYF	1
CASSLGLSGRASYNEQFF	1
CASSLGPVGSGYTF	1
CASSLGQGYEQYF	1
CASSLGGRDYQPQHF	1
CASSLGGGANYGYTF	1
CASSLGIQETQYF	1
CASSLGTFEAFF	1
CASSLGSGETYEQYF	1
CASSLGLAYNEQFF	1
CASSLGRLAGSYNEQFF	1
CASSLGQGANNYGYTF	1
CASSLGVPLYEQYF	1
CASSLGGQGYTEAFF	1
CASSLGGYNEQFF	1
CASSLGGVRGEKLFF	1
CASSLGGSERDNEQFF	1
CASSLGEEGYTF	1
CASSLGREAGEQFF	1
CASSLGKNTEAFF	1
CASSLGFWDTEAFF	1
CASSLGLSGRALYF	1
CASSLGSTGAEQYF	1
CASSLGLAGPYNEQFF	1
CASSLGLAGVGYEQYF	1
CASSLGLSSGSGNTIYF	1
CASSLGLNQPQHF	1
CASSLGPDPASYEQYF	1
CASSLGRSDTGELFF	1
CASSLGQSNSPLHF	1
CASSLGQGENQPQHF	1
CASSLGQNTEAFF	1
CASSLGVTGSPGYTF	1
CASSLGAHETQYF	1
CASSLGAENSPLHF	1
CASSLGGSPYNEQFF	1
CASSLGGTGPYGYTF	1
CASSLGDRGDFEQYF	1
CASSLGDRDGTEAFF	1
CASSLGDRGQPQHF	1
CASSLGTSAGELFF	1
CASSLGTVMNTEAFF	1
CASSLGTGTEAFF	1
CASSLGTVGNEKLFF	1
CASSLGTGRNTEAFF	1
CASSLGTGGNLPQHF	1
CASSLGSTEAFF	1
CASSLGFQETQYF	1
CASSLGLGTEQYF	1
CASSLGSSLEQYF	1
CASSLGSLGQGEDEQFF	1
CASSLGLANPDTQYF	1
CASSLGGATNEQFF	1
CASSLGGGDNQPQHF	1
CASSLGGTGFYGYTF	1
CASSLGGTGGTEAFF	1
CASSLGGSVPWRYGYTF	1
CASSLGTGVNQPQHF	1
CASSLGRDYGYTF	1
CASSLDPSGMSDTQYF	1
CASSLDPSGSGLEQYF	1
CASSLDPGRDEKLFF	1
CASSLDPGGNGNAFF	1
CASSLDVREVEAFF	1
CASSLDALAAPQYF	1
CASSLDATNEKLFF	1
CASSLDGAKNIQYF	1
CASSLDGARYGYTF	1
CASSLDGGIGTPQHF	1
CASSLDGTGNQPQHF	1
CASSLDGQGHQPQHF	1
CASSLDGTGTYEQYF	1
CASSLDIIPYEQYF	1
CASSLDTSSYNEQFF	1
CASSLDRVPNEKLFF	1
CASSLDRANYGYTF	1
CASSLDFSNEQFF	1
CASSLDPNTEAFF	1
CASSLDRDSYNEQFF	1
CASSLDRETQYF	1
CASSLDQALTAFF	1
CASSLDAGNQPQHF	1
CASSLDGGTVGSPLHF	1
CASSLDGVGGYTF	1
CASSLDGGGTAYEQYF	1
CASSLDTTEWGYTF	1
CASSLDTGELFF	1
CASSLDSSYYGYTF	1
CASSLDSRSGNTIYF	1
CASSLDRLNTEAFF	1
CASSLDRVPTDTQYF	1
CASSLDRGVVEKLFF	1
CASSLEWGLYEQYF	1
CASSLEYGVREKLFF	1
CASSLEQLDTEAFF	1
CASSLEQGTDTQYF	1
CASSLEVAKNNEQFF	1
CASSLEVAGVDEQFF	1
CASSLEAGGSTEAFF	1
CASSLEGTPYNEQFF	1
CASSLEGRGQPQHF	1
CASSLEGNQPQHF	1
CASSLEGFSNQPQHF	1
CASSLEGSTEAFF	1
CASSLEGLAPGTGELFF	1
CASSLEGAAGNTIYF	1
CASSLEGSSNQPQHF	1
CASSLEGLATEQYF	1
CASSLEGGGVTEAFF	1
CASSLEDPGAYEQYF	1
CASSLEDRSSYTF	1
CASSLETGGLGDTQYF	1
CASSLELGEVDTEAFF	1
CASSLESIGYGYTF	1
CASSLEWGVNTEAFF	1
CASSLELADNEQFF	1
CASSLEPGASGNTIYF	1
CASSLEQADYGYTF	1
CASSLEQGRLNTEAFF	1
CASSLEQNTGELFF	1
CASSLEVSGPYEQYF	1
CASSLEANTEAFF	1
CASSLEGGYQPQHF	1
CASSLEGTTYTGELFF	1
CASSLEGNWGEKLFF	1
CASSLETGTIHEQFF	1
CASSLIPAGNRANEKLFF	1
CASSLMFVSSYNEQFF	1
CASSLMFGAEAFF	1
CASSLMPTDTQYF	1
CASSLMPNSPLHF	1
CASSLMAGGGTEAFF	1
CASSLMAGNRNEQFF	1
CASSLMTGVGTEAFF	1
CASSLTSSNNEQFF	1
CASSLTAWDRAYNEQFF	1
CASSLTGGGFDNYGYTF	1
CASSLTVWQSSNEKLFF	1
CASSLTFDSRGAEEKLFF	1
CASSLTVASEQYF	1
CASSLTGFTEAFF	1
CASSLTGGPYNEQFF	1
CASSLTGGPNYGYTF	1
CASSLTGGSTEQFF	1
CASSLTDFPKNIQYF	1
CASSLTNEQFF	1
CASSLSGGGTEAFF	1
CASSLSGDNEKLFF	1
CASSLSGTGGAGTEAFF	1
CASSLSGRLAYNEQFF	1
CASSLRLAEERGDTQYF	1
CASSLRASGSADTQYF	1
CASSLRGGNEQYF	1
CASSLRGAEETQYF	1
CASSLRGTAEETQYF	1
CASSLRDPNTEAFF	1
CASSLRTASSYNSPLHF	1
CASSLRQGHPLSGNTIYF	1
CASSLRDGWEQYF	1
CASSLNLAGVQYF	1
CASSLNLDTEAFF	1
CASSLNPRIQETQYF	1
CASSLNRYGYTF	1
CASSLKGASNQPQHF	1
CASSLKNNEQFF	1
CASSLKISGSGSPLHF	1
CASSLKKEDNSPLHF	1
CASSLSGANTEAFF	1
CASSLSTGLYEQYF	1
CASSLSGYDNSPLHF	1
CASSLSGMSPLHF	1
CASSLWGRNEQYF	1
CASSLLAGVEQYF	1
CASSLPGLNTEAFF	1
CASSLPAGGLNEQFF	1
CASSLRPENTEAFF	1
CASSLQRRGAGIKNIQYF	1
CASSLQGGRNQPQHF	1
CASSLQGRGVKNIQYF	1
CASSLQGKVADTQYF	1
CASSLASGNYNEQFF	1
CASSLAGQDTQYF	1
CASSLAGGPGNEQFF	1
CASSLGSGTTYNEQFF	1
CASSLGPPPGNEQFF	1
CASSLGTDTQYF	1
CASSLGVGVLTYNEQFF	1
CASSLGGGLNTEAFF	1
CASSLGDEQFF	1
CASSLGDRRMNTEAFF	1
CASSLGTGGVDTQYF	1
CASSLGISYNEQFF	1
CASSLDGQGNTEAFF	1
CASSLDDRGGTEAFF	1
CASSLDSYYEQYF	1
CASSLELGREGYTF	1
CASSLMTGKAKGAFF	1
CASSLTGSNTEAFF	1
CASSLTGWATEAFF	1
CASSLTGTLAFF	1
CASSLRGGGTEAFF	1
CASSLNTDTQYF	1
CASSSFGDEQFF	1
CASSSSPQGKGYNEQFF	1
CASSSSGADTQYF	1
CASSSRPGRGFYEQYF	1
CASSSHDLYNEQFF	1
CASSSQQGIGYF	1
CASSSADRDSSGNTIYF	1
CASSSGTGGNSPLHF	1
CASSSTGGGNQPQHF	1
CASSSSGRRTDTQYF	1
CASSSSGRTKTGELFF	1
CASSSSTPLAGVSGELFF	1
CASSSLPGTGVEGYTF	1
CASSSLDRDIDGYTF	1
CASSSLSNTEAFF	1
CASSSLTSGSYNEQFF	1
CASSSPSVYEQYF	1
CASSSPKGGDEQYF	1
CASSSQSTRGTDTQYF	1
CASSSQGPDYEQYF	1
CASSSAPGGSYEQYF	1
CASSSAGSSYEQYF	1
CASSSGTSGTDTQYF	1
CASSSGTALYEQYF	1
CASSSGTGSTGELFF	1
CASSSGLADLSSYNEQFF	1
CASSSDRGSYEQYF	1
CASSSTPGTLDYTF	1
CASSSRGLGTEAFF	1
CASSSNRDANEQFF	1
CASSSSKVGQGTDTQYF	1
CASSSWETNTGELFF	1
CASSSWTGELFF	1
CASSSRQATNEKLFF	1
CASSSAGGQPQHF	1
CASSSGDGEAFF	1
CASSSGLAGVTDTQYF	1
CASSSGLGNEQFF	1
CASSSGLDSLFGQETQYF	1
CASSSGPHVGEQFF	1
CASSSDGQGPTEAFF	1
CASSSDGNTEAFF	1
CASSSDSHSGNTIYF	1
CASSSDRSSGNTIYF	1
CASSSEVAGGNTGEQFF	1
CASSSILNRAGELFF	1
CASSSTSGSINEQFF	1
CASSSTVPNYGYTF	1
CASSSTLGTVTYEQYF	1
CASSSTGLGHEQFF	1
CASSSTGARSGRAEAFF	1
CASSSRGQSNTGELFF	1
CASSSSEGFGEQYF	1
CASSSSGHRNTEAFF	1
CASSSPRTSRRYEQYF	1
CASSSPGHLYEQYF	1
CASSSQVNTEAFF	1
CASSSQGDNYGYTF	1
CASSSVAGGAGSLGYTF	1
CASSSGTLRPYGYTF	1
CASSSGAVSGNTIYF	1
CASSSGVGAYEQYF	1
CASSSDRRDQPQHF	1
CASSSILGGSYNEQFF	1
CASSSSWENIQYF	1
CASSSRLDSAYYSNQPQHF	1
CASSSRTVSYEQYF	1
CASSWSSGWDGELFF	1
CASSWAGGRSTGELFF	1
CASSWGSGGSGNTIYF	1
CASSWGLNTGELFF	1
CASSWGWNTEAFF	1
CASSWGLHGPGELFF	1
CASSWGRTSGGTEAFF	1
CASSWGLAGADGELFF	1
CASSWGLAGGPNNEQFF	1
CASSWGQATEAFF	1
CASSWDGPYSYEQYF	1
CASSWTGGYGYTF	1
CASSYGQGPEAFF	1
CASSYGAQGSEQYF	1
CASSYDRGDSPLHF	1
CASSYTTGTNNEKLFF	1
CASSYTDGKANYGYTF	1
CASSYSGVTNEKLFF	1
CASSYSGGFGTDTQYF	1
CASSYYATALGNTIYF	1
CASSYLREGFAPYGYTF	1
CASSYPLAGSGNEQFF	1
CASSYPGLAGGTDTQYF	1
CASSYQTGSREQYF	1
CASSYDRGYTGELFF	1
CASSYTGLAGVYNEQFF	1
CASSYTRALIQPQHF	1
CASSLSSGAGTQYF	1
CASSLPYGNTGELFF	1
CASSLRGQRNTEAFF	1
CASSLGPLGAGNTIYF	1
CASSLGQVVYSNQPQHF	1
CASSLELGEVNTEAFF	1
CASSLTGIGETQYF	1
CASSLSGRGNEQFF	1
CASSLSIDGNSPLHF	1
CASSLSLGYQETQYF	1
CASSLWDSPTGGYTF	1
CASSLLAGGTEAFF	1
CASSLLGSGENIQYF	1
CASSLRLAAPYEQYF	1
CASSLQGDPALYGYTF	1
CASSLQGGNTEAFF	1
CASSLVQGNYNEQFF	1
CASSLGFGLSSEKLFF	1
CASSLGDSVSSYNSPLHF	1
CASSLTDREQFF	1
CASSLRGPQPQHF	1
CASSLRTAVNTEAFF	1
CASSLAPGRYEQYF	1
CASSLGGTAGIEQFF	1
CASSLGFRDRGPSEQFF	1
CASSLGQYTEAFF	1
CASSLDPPPNTEAFF	1
CASSLDPVGDYNEQFF	1
CASSLDPSRYEQYF	1
CASSLDARVTEAFF	1
CASSLDRNNEQFF	1
CASSLEGLGANEKLFF	1
CASSLTGEGSYTF	1
CASSLTGDSNQPQHF	1
CASSLNRDRGFSTEAFF	1
CASSLYPSDSYGYTF	1
CASSLLRGSATEAFF	1
CASSLPGQGADGYTF	1
CASSLRVSYEQYF	1
CASSLRTGGVNTEAFF	1
CASSLRQGPSNEQFF	1
CASSLQGDYGYTF	1
CASSLVTSRNTEAFF	1
CASSLAGGSYNEQFF	1
CASSLGGEGYTF	1
CASSLGTNQVSNYGYTF	1
CASSLGQFEAQYF	1
CASSLDRGLVNEQFF	1
CASSLDRGGQPQHF	1
CASSLEFPNEQFF	1
CASSLEGGDNQPQHF	1
CASSLTSGRMDEQFF	1
CASSLTGTAGNTIYF	1
CASSLKGIWEQFF	1
CASSLKDRVMDEQYF	1
CASSPSRQAQDYTF	1
CASSPSPQETQYF	1
CASSPSANRVNIQYF	1
CASSPWIAQSTDTQYF	1
CASSPWTGANTEAFF	1
CASSPYGENTEAFF	1
CASSPLQTSGDEQYF	1
CASSPPGLAGVGTQYF	1
CASSPPGRPNTEAFF	1
CASSPRAGLSTDTQYF	1
CASSPRDRGEEKLFF	1
CASSPQGQNYEQYF	1
CASSPQDRGMYAFF	1
CASSPAGTGGLREAFF	1
CASSPGPGDYGYTF	1
CASSPGSGDNYGYTF	1
CASSPGDTNYGYTF	1
CASSPGTSTANYGYTF	1
CASSPGYGDRYGYTF	1
CASSPGLATYNEQFF	1
CASSPGQGGDNEQFF	1
CASSPDPRTNNYGYTF	1
CASSPDMNTEAFF	1
CASSPDNYGYTF	1
CASSPEVDSNQPQHF	1
CASSPETGRYATNEKLFF	1
CASSPIGLAGEETQYF	1
CASSPTTGAHNEQFF	1
CASSPTVNTEAFF	1
CASSPRTGMNTEAFF	1
CASSPRLAVSSYNEQFF	1
CASSPNHLTEAFF	1
CASSPFASGAVGNEQFF	1
CASSPLGRGRDTIYF	1
CASSPLPGTEENQPQHF	1
CASSPSLYSPRGWNEQYF	1
CASSPSPPRDRDEKLFF	1
CASSPWVATNEKLFF	1
CASSPYRESGQPQHF	1
CASSPLPTGRFEKLFF	1
CASSPLGWTSGSSSYNEQFF	1
CASSPLGIPNTEAFF	1
CASSPLQGGPYNEQFF	1
CASSPLGGSTDTQYF	1
CASSPLGVTEAFF	1
CASSPLGQTFYNEQFF	1
CASSPPVGGGNTGELFF	1
CASSPPGQGFGYTF	1
CASSPRRYINEQFF	1
CASSPRAGFDSPLHF	1
CASSPRDRDGNEQFF	1
CASSPRGGVNQPQHF	1
CASSPRGQGLYEQYF	1
CASSPHRTDYGYTF	1
CASSPQGIITEAFF	1
CASSPQGAAYNSPLHF	1
CASSPQTGAGNTIYF	1
CASSPATFNEKLFF	1
CASSPAGLGEQYF	1
CASSPGGSPLHF	1
CASSPGGREGHNEQFF	1
CASSPGMGRYTYEQYF	1
CASSPGTSDSYEQYF	1
CASSPGTGQNGYTF	1
CASSPGQAHGYTF	1
CASSPGQATSTDTQYF	1
CASSPGQGRSPLHF	1
CASSPDGGQNTEAFF	1
CASSPTAGVSYEQYF	1
CASSPTGLNSNQPQHF	1
CASSPTGGDYGYTF	1
CASSPSTQETQYF	1
CASSPRSGNPGELFF	1
CASSPKQTRGTDTQYF	1
CASSPKTSESTDTQYF	1
CASSPFLGPGNTIYF	1
CASSPWVSGNTIYF	1
CASSPLVVVGSNEQFF	1
CASSPRDATTFYEQYF	1
CASSPGLSETQYF	1
CASSPGPQRWDEKLFF	1
CASSPGPTSTDTQYF	1
CASSPGPNTEAFF	1
CASSPGTGESPGELFF	1
CASSPGLVGTQYF	1
CASSPGLAGEKEFF	1
CASSPGHPAYEQYF	1
CASSPGQGADTQYF	1
CASSPDQRTSYNEQFF	1
CASSPDGSYNEQFF	1
CASSPDVSGNTIYF	1
CASSPDGSGNTIYF	1
CASSPDSPYNSPLHF	1
CASSPDRVEETQYF	1
CASSPDRAEKLFF	1
CASSPDRGDTEAFF	1
CASSPEFYSGNTIYF	1
CASSPEGAPEAFF	1
CASSPETGGVAPLHF	1
CASSPMDISYEQYF	1
CASSPIAGVHEQYF	1
CASSPIGGLAEYEQYF	1
CASSPTGSLDNQPQHF	1
CASSPTSGPYSYEQYF	1
CASSPTSGNTGELFF	1
CASSPTVTNEKLFF	1
CASSPTGVSNQPQHF	1
CASSPTDAQPDTQYF	1
CASSPSSGDLNEQFF	1
CASSPRYSTDTQYF	1
CASSPRDSRYGYTF	1
CASSPRTGVLPQHF	1
CASSPRQGTNTEAFF	1
CASSPRGVPYEQYF	1
CASSPKATNEKLFF	1
CASSPSQGQKFYGYTF	1
CASSPSTSGINTGELFF	1
CASSPSTSGSINEQFF	1
CASSPSGAPQYF	1
CASSPYTLEALSEAFF	1
CASSPLGRSQADTQYF	1
CASSPPTGTGEQYF	1
CASSPRLSGSTDTQYF	1
CASSPRVAGGPIYEQYF	1
CASSPQGYWEPQHF	1
CASSPQTGGVTEAFF	1
CASSPQPGTGNQPQHF	1
CASSPADGNTIYF	1
CASSPGALTDTQYF	1
CASSPGTGGNYGYTF	1
CASSPGPGWDQPQHF	1
CASSPDFTGELFF	1
CASSPIPGQTSYGYTF	1
CASSPMGQNTEAFF	1
CASSPIQGAGEQYF	1
CASSPTSGSRIEQYF	1
CASSPTGGMSAKNIQYF	1
CASSPRGVGLEDTEAFF	1
CASSPNGGVTEAFF	1
CASSRHPDRAGRVTDTQYF	1
CASSRSGVGDEQFF	1
CASSRLGGPGNGYTF	1
CASSRHDGGTEAFF	1
CASSRVPGQGKTEAFF	1
CASSRGQGALTDTQYF	1
CASSRRSGSRDIQYF	1
CASSRLDRGRNQPQHF	1
CASSRSVNQPQHF	1
CASSRYGQNMNTEAFF	1
CASSRAGSGNTIYF	1
CASSRGTAATNEKLFF	1
CASSRDSSYEQYF	1
CASSRDRDKTEAFF	1
CASSRDKYGYTF	1
CASSRTDRDYSYGYTF	1
CASSRTGGNTEAFF	1
CASSRTGDQPQHF	1
CASSRRTSGTYNEQFF	1
CASSRFRGGTEAFF	1
CASSRLQGFGYTF	1
CASSRLNAGSDTGELFF	1
CASSRSQQGNTEAFF	1
CASSRPKYRDRGDRTEAFF	1
CASSRVSWTTNTEAFF	1
CASSRAIAGGNNEQFF	1
CASSRGDRTASYEQYF	1
CASSRGTSGSSYNEQFF	1
CASSRGTGISYEQYF	1
CASSRGLFTDTQYF	1
CASSRTSGTEAFF	1
CASSRSDRVANEKLFF	1
CASSHFGAGGPYEQYF	1
CASSHLDRVLGGYTF	1
CASSHRQRDRTDTQYF	1
CASSHRAGRGNEQFF	1
CASSHQETVGTEAFF	1
CASSHGAGGSGSAFF	1
CASSHGAGGPNEQFF	1
CASSHRPGQGIGYTF	1
CASSHNSGDSYEQYF	1
CASSHKQGAGYGYTF	1
CASSHLRQRAYNSPLHF	1
CASSHLMRADTQYF	1
CASSHPDRGSGTGELFF	1
CASSHPTGPNEKLFF	1
CASSHPGVYNEQFF	1
CASSHPRLAGDYEQYF	1
CASSHRYTDLGEQYF	1
CASSHREGRSNEQFF	1
CASSHRTGTGDGGQYF	1
CASSHRTFSTEAFF	1
CASSHHSGNLAKNIQYF	1
CASSHVDRDGEQYF	1
CASSHAGLNEQFF	1
CASSHETITPYNEQFF	1
CASSQLMGQEENYGYTF	1
CASSQSTENTGELFF	1
CASSQSIHYSNQPQHF	1
CASSQWTAPRQPQHF	1
CASSQYSGSYEQYF	1
CASSQLSPGTSGTNEQFF	1
CASSQLGQSSPLHF	1
CASSQLGQGNEAFF	1
CASSQPSRDYTF	1
CASSQPGQGFPEAFF	1
CASSQRDGEKLFF	1
CASSQRPGAKNIQYF	1
CASSQVRGLETQYF	1
CASSQVYPRTDTQYF	1
CASSQVQGTAEAFF	1
CASSQAEGAGAGELFF	1
CASSQARTSGNREQYF	1
CASSQGPPGEGTGELFF	1
CASSQGLTNYGYTF	1
CASSQGTSGNPEQYF	1
CASSQGTLNQPQHF	1
CASSQGGEQFF	1
CASSQGTGTTYEQYF	1
CASSQDGKNQPQHF	1
CASSQIRTGTGNVELFF	1
CASSQTGLAGVGEQYF	1
CASSQTGELFF	1
CASSQNRANTGELFF	1
CASSQNPDSHIQYF	1
CASSQNTGELFF	1
CASSQFVQGSYEQYF	1
CASSQFGSVKRGTTYEQYF	1
CASSQFGRWLGYGYTF	1
CASSQFRSYEQYF	1
CASSQLGPRVEDTEAFF	1
CASSQLGGSFNNYGYTF	1
CASSQLTGSSYNEQFF	1
CASSQLTVTEAFF	1
CASSQLSLSGELFF	1
CASSQSSGARETQYF	1
CASSQSPAVQNKNIQYF	1
CASSQSRGSYEQYF	1
CASSQSIRGDQPQHF	1
CASSQSPSAGETQYF	1
CASSQYEGLNTEAFF	1
CASSQLSGTSGNTIYF	1
CASSQLLYSGELFF	1
CASSQLRGEQFF	1
CASSQPGREIAKNIQYF	1
CASSQPRRAGGNGYTF	1
CASSQPHRRRGDTEAFF	1
CASSQPGNQPQHF	1
CASSQPRENEKLFF	1
CASSQPTRPYEQYF	1
CASSQPRTFPNYGYTF	1
CASSQPGSYGYTF	1
CASSQPTSSYNSPLHF	1
CASSQRPGSTDTQYF	1
CASSQRTGKNGYTF	1
CASSQRLAGDTGELFF	1
CASSQRQGGEKLFF	1
CASSQQGSTEAFF	1
CASSQQGAGRTEAFF	1
CASSQQGNYGYTF	1
CASSQQGRGRRGSPLHF	1
CASSQVFQPNQPQHF	1
CASSQVSQTVKTNEKLFF	1
CASSQVSGGPRNEQFF	1
CASSQVLKTDTQYF	1
CASSQVVLVETQYF	1
CASSQVGISQPQHF	1
CASSQVSQNTQYF	1
CASSQVREGEDYGYTF	1
CASSQVNSNTEAFF	1
CASSQVFRDTDNQPQHF	1
CASSQVYSGPSDTQYF	1
CASSQVLSEDQPQHF	1
CASSQVPSGGAGSPLHF	1
CASSQVPGASGRAVSRNEQFF	1
CASSQVGGTEAFF	1
CASSQVGGTGEQFF	1
CASSQVEAGGFYEQYF	1
CASSQVIGPNEKLFF	1
CASSQVTASGELFF	1
CASSQVSSGSDTEQFF	1
CASSQVWTLGGSPLHF	1
CASSQVAPPNRDTQYF	1
CASSQVASGDNEQFF	1
CASSQVGSRNQPQHF	1
CASSQVGEDTEAFF	1
CASSQVGVGTGNEQFF	1
CASSQVNTEAFF	1
CASSQVKLAGRRIYNEQFF	1
CASSQVSSGSLGTDTQYF	1
CASSQVSTQEKLFF	1
CASSQVRGTEAFF	1
CASSQVQGDYYEQYF	1
CASSQVAGELFF	1
CASSQVAGTSTDTQYF	1
CASSQVAGQYEQYF	1
CASSQVAGTYEQYF	1
CASSQVGGQPQHF	1
CASSQVEAQPQHF	1
CASSQVMAPGNTIYF	1
CASSQVTGNTIYF	1
CASSQAPRQGTNEKLFF	1
CASSQAGTASYEQYF	1
CASSQAKFGGSEKLFF	1
CASSQAFYDPEAFF	1
CASSQAPAGGSTDTQYF	1
CASSQAPGQYNEQFF	1
CASSQARAPYYEQYF	1
CASSQARGSEYNEQFF	1
CASSQAGGQGMVQPQHF	1
CASSQAGTPSSPLHF	1
CASSQAGRGQPQHF	1
CASSQAEGLRNQPQHF	1
CASSQAATSGNTIYF	1
CASSQAGFNQPQHF	1
CASSQAGRDEQYF	1
CASSQAGGTDTQYF	1
CASSQATEAFF	1
CASSQARSGGGPKDTEAFF	1
CASSQAQGARNQPQHF	1
CASSQAAGGLFEQFF	1
CASSQAGQSVIGVSPLHF	1
CASSQAIRLRDSPYEQYF	1
CASSQASGPPPYEQYF	1
CASSQGFAKGARLRRTEAFF	1
CASSQGLGLNEQFF	1
CASSQGPISGNTIYF	1
CASSQGEGNEKLFF	1
CASSQGTGGSYGYTF	1
CASSQGTGGSDTQYF	1
CASSQGSQATSYEQYF	1
CASSQGPGHKLETQYF	1
CASSQGRGARRSYEQYF	1
CASSQGQQGTRGDIQYF	1
CASSQGVARGAKNIQYF	1
CASSQGGENYGYTF	1
CASSQGGTSANNEQFF	1
CASSQGTVGNTIYF	1
CASSQGQQETQYF	1
CASSQGVTNTGELFF	1
CASSQGAGSYTEAFF	1
CASSQGGTGVEKLFF	1
CASSQGDGSSYEQYF	1
CASSQGEGQGNEKLFF	1
CASSQGETGSGGNTIYF	1
CASSQGIGTSGYNEQFF	1
CASSQGIVSHTGAFF	1
CASSQGTGNNEQFF	1
CASSQGTGQETQYF	1
CASSQGRGLSNQPQHF	1
CASSQGLGTQPQHF	1
CASSQGLAAYNEQFF	1
CASSQGRLFGQPQHF	1
CASSQGRNTEAFF	1
CASSQGQGPRNEKLFF	1
CASSQGATGYGYTF	1
CASSQGASGNRGNEQFF	1
CASSQGGGGYGYTF	1
CASSQGGAPEF	1
CASSQDFLQETQYF	1
CASSQDFRTNYGYTF	1
CASSQDLGGEQYF	1
CASSQDSLLAGGPYEQFF	1
CASSQDSRGGNQPQHF	1
CASSQDSFLDRAVSYEQYF	1
CASSQDSLSEQYF	1
CASSQDSASSYNEQFF	1
CASSQDSLGVYNEQFF	1
CASSQDSASGNIDTQYF	1
CASSQDSGISSPLHF	1
CASSQDWSSGQYF	1
CASSQDWRSLSYNEQFF	1
CASSQDWGIWLRYTF	1
CASSQDWDADRVDSNQPQHF	1
CASSQDWNTEAFF	1
CASSQDYQDANEKLFF	1
CASSQDYNEQFF	1
CASSQDLQNSYNEQFF	1
CASSQDLLNTIYF	1
CASSQDLAYEQYF	1
CASSQDLSGRDEQFF	1
CASSQDPWSNQPQHF	1
CASSQDPPTSGADTQYF	1
CASSQDPTGDYGYTF	1
CASSQDPWNTEAFF	1
CASSQDPLARTDTQYF	1
CASSQDPAMGVYEQFF	1
CASSQDPGRGQPQHF	1
CASSQDPIVGLLETQYF	1
CASSQDPRVYGYTF	1
CASSQDPGSSYNSPLHF	1
CASSQDPGLATNEQFF	1
CASSQDPTSGRKYNEQFF	1
CASSQDREYTQYF	1
CASSQDRSGGAEQYF	1
CASSQDRPGADTEAFF	1
CASSQDRQGNTIYF	1
CASSQDRDLSADEQYF	1
CASSQDREEANYGYTF	1
CASSQDHTNNEQFF	1
CASSQDQKGSYEQYF	1
CASSQDVPGTANTEAFF	1
CASSQDVRLAGGSYEQYF	1
CASSQDADSYNEQFF	1
CASSQDAGVGQPQHF	1
CASSQDGEKLFF	1
CASSQDGWNNSPLHF	1
CASSQDGRSYHF	1
CASSQDGYNEQFF	1
CASSQDGLAGGPSTQYF	1
CASSQDGVSGDSIYGYTF	1
CASSQDGGVSPLHF	1
CASSQDGDGEQFF	1
CASSQDGTGGREKLFF	1
CASSQDGLAGGDTQYF	1
CASSQDDEKLFF	1
CASSQDDRGYEQYF	1
CASSQDEGESDEQFF	1
CASSQDEKLFF	1
CASSQDIGQAHQPQHF	1
CASSQDIEPYGLAETQYF	1
CASSQDMWGTEAFF	1
CASSQDMRQGSEKLFF	1
CASSQDIAGVGETQYF	1
CASSQDTVRNINTEAFF	1
CASSQDTRGGEKLFF	1
CASSQDTAAGRELFF	1
CASSQDSRADPYTGELFF	1
CASSQDRGQSSGNTIYF	1
CASSQDRDGSYEQYF	1
CASSQDRETGGSYEQYF	1
CASSQDRSLGLSSYEQYF	1
CASSQDRLAGTGELFF	1
CASSQDKGAKNIQYF	1
CASSQDSGQRKSYEQYF	1
CASSQDYRGGNGAFF	1
CASSQDLGDATYEQYF	1
CASSQDPRVGQASNQPQHF	1
CASSQDPPGGSYNEQFF	1
CASSQDRTGGFRYEQYF	1
CASSQDVLAGGPLDTQYF	1
CASSQDAGLTEAFF	1
CASSQDATQAGETQYF	1
CASSQDDMRAGEPYGYTF	1
CASSQDEGFPSSYTF	1
CASSQDTTNEQFF	1
CASSQDTSGRGEQYF	1
CASSQDSGPRVGEKLFF	1
CASSQDRAGATNEKLFF	1
CASSQELASGSYEQYF	1
CASSQELGDRGDNEQFF	1
CASSQEWGSWYGYTF	1
CASSQELDTDTQYF	1
CASSQEPSGSVRTGELFF	1
CASSQEPGASFVGYTF	1
CASSQEVARLPYEQYF	1
CASSQEAFGQQFF	1
CASSQEAGYSYNSPLHF	1
CASSQEAPIQRNTGELFF	1
CASSQEAAGAKNIQYF	1
CASSQEAGLAAQETQYF	1
CASSQEGSGRANEQFF	1
CASSQEGLAGYEQYF	1
CASSQEGLAGVNTGELFF	1
CASSQEGAGLGGLNEQFF	1
CASSQEDRFEKLFF	1
CASSQEDRGYEQYF	1
CASSQEDNEQFF	1
CASSQEEGRRGEQFF	1
CASSQEESGISYNEQFF	1
CASSQEETGVYGYTF	1
CASSQEIIRTGVEKLFF	1
CASSQETGYGEQYF	1
CASSQETGNTEAFF	1
CASSQERQALNYGYTF	1
CASSQENYSNQPQHF	1
CASSQEFAVSYNSPLHF	1
CASSQESSRDYSNQPQHF	1
CASSQELFDSGNTIYF	1
CASSQEPSGSEYGELFF	1
CASSQEPYSSTDTQYF	1
CASSQEPNSGNTIYF	1
CASSQEPQRRTEAFF	1
CASSQERQGGTEAFF	1
CASSQEQVAVFENTGELFF	1
CASSQEQGIVEKLFF	1
CASSQEVRTNEQFF	1
CASSQEVGENTEAFF	1
CASSQEGRDIQFF	1
CASSQEGASGGDTQYF	1
CASSQEGRQGGSIQYF	1
CASSQEGREGWQFF	1
CASSQEGAGANYGYTF	1
CASSQEGGTRNEQYF	1
CASSQEGREGNQPQHF	1
CASSQEGLAGSNEQFF	1
CASSQEGGATVAKNIQYF	1
CASSQEDYGYTF	1
CASSQETVTTNEKLFF	1
CASSQERTGDADTQYF	1
CASSQENTNEKLFF	1
CASSQTLIPEGGYGYTF	1
CASSQTPTVIRRGYTF	1
CASSQTRQGNYGYTF	1
CASSQTGTSGRDTQYF	1
CASSQTRGNEQFF	1
CASSQTVPGELFF	1
CASSQSSWNTEAFF	1
CASSQRESGTTLDTQYF	1
CASSQRSSGSGETQYF	1
CASSQRPTGDNTGELFF	1
CASSQRQGLTGELFF	1
CASSQNYLRTGVDNEQFF	1
CASSQKADRAAFYEQYF	1
CASSVFQGTEQYF	1
CASSVDSTDTQYF	1
CASSVGQQNSPLHF	1
CASSVDGQNNSPLHF	1
CASSVQGVYNEQFF	1
CASSVGLGSSYNEQFF	1
CASSVGQGPDTQYF	1
CASSVITGGDYGYTF	1
CASSAFGQRSEAFF	1
CASSAAWGTGELFF	1
CASSAGTQSTDTQYF	1
CASSARTNTEAFF	1
CASSAGQVFTEAFF	1
CASSAGQTYEQYF	1
CASSADGLNTEAFF	1
CASSATAGGVTGELFF	1
CASSATGYEQYF	1
CASSAGGSSYEQYF	1
CASSADVATNEKLFF	1
CASSADSNYGYTF	1
CASSASGRSSYEQYF	1
CASSAGGVNYGYTF	1
CASSAIAGLNTGELFF	1
CASSASRHKRNRVGSDEKLFF	1
CASSANHAPSGSGNEQFF	1
CASSGRDGPYEQYF	1
CASSGRGNTEAFF	1
CASSGSFPSVSSYEQYF	1
CASSGPVSSYNEQFF	1
CASSGGTGYLAFF	1
CASSGGQNTEAFF	1
CASSGSGDYYEQYF	1
CASSGNRVATEAFF	1
CASSGQGLGKTEAFF	1
CASSGGDYGYTF	1
CASSDRVHNSPLHF	1
CASSDRVNNEQFF	1
CASSDQGYTEAFF	1
CASSDGSPYNEQFF	1
CASSDGPSGSRQPQHF	1
CASSDRRLPYEQYF	1
CASSDGTGTPDTQYF	1
CASSEVAGRDEQFF	1
CASSEDRARSYGYTF	1
CASSEPGQGASGFYNEQFF	1
CASSEQGTYEQYF	1
CASSEAGGRASYEQYF	1
CASSEGTGGITEAFF	1
CASSIPSGMETGELFF	1
CASSILGLPNYGYTF	1
CASSILAGPDTQYF	1
CASSIRTPGNQPQHF	1
CASSIQGPNTEAFF	1
CASSIQGREEKLFF	1
CASSIGTGMDSPLHF	1
CASSIDSAFMNTEAFF	1
CASSINPGPAGTEAFF	1
CASSIQGQGWGLSTEAFF	1
CASSIGFRSGWDTDTQYF	1
CASSTIRGHEQYF	1
CASSTNTGRPYGYTF	1
CASSTRDSLYEQYF	1
CASSTRPGYGYTF	1
CASSTQGQGTEAFF	1
CASSTGGTGNSPLHF	1
CASSTGTSGYEQYF	1
CASSTGTNEIYEQYF	1
CASSTGTGATGNTIYF	1
CASSTTPGQGHGYTF	1
CASSTFSSGTIYEQYF	1
CASSTGLAGGTQYF	1
CASSTRDRAHTEAFF	1
CASSTLGSTEAFF	1
CASSTGQSNEKLFF	1
CASSSGHREQYF	1
CASSSGQGGQPQHF	1
CASSRAGTFEKLFF	1
CASSRGANTEAFF	1
CASSRDRGETEAFF	1
CASSRTGDETQYF	1
CASSREGDPDNSPLHF	1
CASSNTDHYENIQYF	1
CASSNWETDTQYF	1
CASSNPSHEQYF	1
CASSNRDRGDYEAFF	1
CASSNHPGTSLNEQFF	1
CASSNAGAYEQYF	1
CASSKGGSTDTQYF	1
CASSKDTGADTQYF	1
CASSKEGMNTEAFF	1
CASSKGQGIMNTEAFF	1
CASRFRVGETQYF	1
CASRYDGTSGSTDTQYF	1
CASRLRDRGYEQFF	1
CASRLGNTEAFF	1
CASRLTEQNYGYTF	1
CASRPGTNTGELFF	1
CASRPIGRDNEKLFF	1
CASRATYEQYF	1
CASRGTVTTYEQYF	1
CASRDPGGRLSNEQFF	1
CASREQGYNEQFF	1
CASRMTGGSNQPQHF	1
CASRTSGRYNEQFF	1
CASRTGGADPNEKLFF	1
CASRFFTATGELFF	1
CASRLGLTNTEAFF	1
CASRPFTSGRKEETQYF	1
CASRPGQGVYEQYF	1
CASRPRTSGRGCRLGEQFF	1
CASRPTGGDSPNAEAFF	1
CASRQGFDQQYF	1
CASRQGTTYEQYF	1
CASRQSTDTQYF	1
CASRVEGMSTDTQYF	1
CASRGNTEAFF	1
CASRGQGGENSNQPQHF	1
CASRGQSSGNTIYF	1
CASRDPGQGTYEQYF	1
CASREGLAGIYEQYF	1
CASRITGATNEKLFF	1
CASRTGTGDIKDSNQPQHF	1
CASRRQGAYEQYF	1
CASRRVPVEKLFF	1
CASRRGTGELFF	1
CASRRRSGKLTMNTEAFF	1
CASRKTGTAPLTNEKLFF	1
CASNFQGRTEAFF	1
CASNPLGTANEKLFF	1
CASNGQSYEQYF	1
CASNDQAASSYEQYF	1
CASNEDGANYGYTF	1
CASNTPGAGGPAGELFF	1
CASKADWWTNEKLFF	1
CASKEAHMNTEAFF	1
CASKTSGGGPDTQYF	1
CASKSSGNNEQFF	1
CASKSQAGGSYNEQFF	1
CASKQGATEAFF	1
CASKKGQGAVPDGYTF	1
CANRTGPYEQYF	1
CASCRSGAYNEQFF	1
CERLAGGKETQYF	1
CEARGQMGPLAQYF	1
CIARSAWVVEAFF	1
CISSGEYNEQFF	1
CTVATTNEKLFF	1
CTAGTDSYEQYF	1
CSFL	1
CSSGQGIGAFF	1
CSLGTSEEQYF	1
CSPRQIPGNTIYF	1
CSPAGRYNEQFF	1
CSHSGSSTDTQYF	1
CSVSDRETQYF	1
CSVQDGPYEQYF	1
CSVDWGYTF	1
CSVDQGANQPQHF	1
CSVFGGQYYEQYF	1
CSVSDRATEAFF	1
CSVLAGGFEQYF	1
CSVPKDTEAFF	1
CSVPRGNGEQYF	1
CSVPAVPNEKLFF	1
CSVQRTGGANYGYTF	1
CSVVTSGPYNEQFF	1
CSVHAGWTEAFF	1
CSVVGARNQPQHF	1
CSVEAGTSGTSYEQYF	1
CSVRGQLLNNSPLHF	1
CSAFFQGAKTEAFF	1
CSAFPHRGRGNTEAFF	1
CSAFLPGQGNEKLFF	1
CSALGAGYGYTF	1
CSALRRNEKLFF	1
CSASGTGRYEQYF	1
CSASTSGGAPQNTGELFF	1
CSASSGQQTYEQYF	1
CSASSGGSNQPQHF	1
CSASPGSQNSPLHF	1
CSASPTGKIGYTF	1
CSASGLAGPSYEQYF	1
CSASDGDQPQHF	1
CSASRKDYGYTF	1
CSASDRSSNQPQHF	1
CSASRGQGGFYSNQPQHF	1
CSAWDVYSNQPQHF	1
CSAWTSSYNEQFF	1
CSAYSGTGDTEAFF	1
CSAYRGGEGTEAFF	1
CSAYRDRAYGYTF	1
CSALGANQPQHF	1
CSALKDRVQETQYF	1
CSALREGRTDTQYF	1
CSALDRAGEKLFF	1
CSALMGTDNNSPLHF	1
CSAPSGFSITYTEAFF	1
CSAPPGDGYTF	1
CSAPMDSFYEQYF	1
CSAPTGLAGYNEQFF	1
CSAPRLGEPQHF	1
CSAPRTGVYTEAFF	1
CSAPAGQPYNEQFF	1
CSAPGSYNEQFF	1
CSAPDRAFNEKLFF	1
CSAPDRGGNQPQHF	1
CSAPRHGQGNYGYTF	1
CSAPRQGRDTEAFF	1
CSAPKAGLPRGSYEQYF	1
CSAPKGSKGEQFF	1
CSAPPGGTSYGYTF	1
CSAPPGAGGIRNTEAFF	1
CSAPDTNSGNTIYF	1
CSAPILAGGTYNEQFF	1
CSAPIQGGNQPQHF	1
CSAPTGGSAKNIQYF	1
CSAPSGQANYGYTF	1
CSARRDRAGYTF	1
CSARVPYSSGRIQETQYF	1
CSARGDASSYNEQFF	1
CSARDRGATNEKLFF	1
CSARTSGTYEQYF	1
CSARTAEAFF	1
CSARTGGTSGYTF	1
CSARYIQVPSGNTIYF	1
CSARHPLAQIGELFF	1
CSARQLEEEKLFF	1
CSARQGVSNQPQHF	1
CSARGTTTDTQYF	1
CSARDRAGTEAFF	1
CSAHAPGNYGYTF	1
CSAHGSGSTLHF	1
CSAQGQQFF	1
CSAQLAGVPGTQYF	1
CSAQSGTGITEAFF	1
CSAQGGDSPLHF	1
CSAQGQGPNTEAFF	1
CSAQNRRSYTPLAKNIQYF	1
CSAVWDFYGYTF	1
CSAVDGINYGYTF	1
CSAVERDEWYTQYF	1
CSAVRGLDEQYF	1
CSAAAGALSYTEAFF	1
CSAAHRNTEAFF	1
CSAAGPNEGNQPQHF	1
CSAADRGAEAFF	1
CSAGWEEGGTEAFF	1
CSAGPRAHNQPQHF	1
CSAGPRLGNEQFF	1
CSAGAGPTYEQYF	1
CSAGDGRNSNQPQHF	1
CSAGTSRPYNEQFF	1
CSAGTSGGDEQFF	1
CSAGTGEGPYGYTF	1
CSAGTGILGNEQFF	1
CSAGSEAFF	1
CSAGSRLVLGYTF	1
CSAGRRPQHF	1
CSAGQGASYEQYF	1
CSAGARDSNQPQHF	1
CSAGGTGGWGNQPQHF	1
CSAGEGMNTEAFF	1
CSADRGLTGNEQFF	1
CSADRGQNTEAFF	1
CSADTGSSGNTIYF	1
CSADNLVQGPEAFF	1
CSADQSTEAFF	1
CSADGLNTEAFF	1
CSADDTMNTEAFF	1
CSAERDSNQPQHF	1
CSAEAGVMGSGNTIYF	1
CSAEGGQGYFTGELFF	1
CSAERDSNSPLHF	1
CSAEQGQVTEAFF	1
CSAILFMNTEAFF	1
CSAIPPTNYGYTF	1
CSAIRDLNTEAFF	1
CSAIGGDSPLHF	1
CSAISGRMRNEQFF	1
CSAIPLAGTNEQFF	1
CSAIRRSVGTEAFF	1
CSAIHQGAGSNQPQHF	1
CSAIGGIPYEQYF	1
CSAIGDTSNQPQHF	1
CSAMADSNQPQHF	1
CSAMGDRDFYGYTF	1
CSAMTGVNTEAFF	1
CSAMRGSPLHF	1
CSAMRGAKPERNTIYF	1
CSAIPGSRANTEAFF	1
CSAIAKNIQYF	1
CSAIRTGVGETQYF	1
CSAIKREGIDEQFF	1
CSAIKQGLANQPQHF	1
CSATSSLLGAFF	1
CSATPGQGLQPQHF	1
CSATQGISLANYGYTF	1
CSATGLEGEETQYF	1
CSATGTSGYNEQFF	1
CSATGQGQHGYTF	1
CSATIPQGYQPQHF	1
CSATSSYNSPLHF	1
CSATNPYQETQYF	1
CSATNSFNYGYTF	1
CSATKDRNTEAFF	1
CSATSRSSGSQETQYF	1
CSATSDRVYGNTIYF	1
CSATSGTGLQETQYF	1
CSATLRSPYEQYF	1
CSATGTSPYEQYF	1
CSATDRGLGNTIYF	1
CSATSRVPRTGYTF	1
CSATKGLAAYNEQFF	1
CSATTGDFYEQYF	1
CSASLGFNQPQHF	1
CSASLGGGGGQPQHF	1
CSASSYTEAFF	1
CSASSRRTSGRAVETQYF	1
CSASWLAEGTYNEQFF	1
CSASWVPNEKLFF	1
CSASWTGMHMGNQPQHF	1
CSASLGTGLDSPLHF	1
CSASPHRRRYLLEAFF	1
CSASRMTARSPNQPQHF	1
CSASRTVSSYEQYF	1
CSASRSSQGAYEQYF	1
CSASRTGPGGEAFF	1
CSASHLTGTVDYGYTF	1
CSASHPHYGVPAGNTIYF	1
CSASHSGNTIYF	1
CSASQDKYTEAFF	1
CSASQTTYEQYF	1
CSASQSSYNSPLHF	1
CSASGNTEAFF	1
CSASGGSNTEAFF	1
CSASGGGNSYTF	1
CSASGTGGRMNTEAFF	1
CSASGVVTDVFRAFF	1
CSASEGEAAFF	1
CSASEGTGARKPEAFF	1
CSASTQGRYGYTF	1
CSASTRPGLVSTGELFF	1
CSASTRTYEQYF	1
CSASTGFQETQYF	1
CSASTGALDYGYTF	1
CSASTGRIAGNEKLFF	1
CSASRLADSYGYTF	1
CSASKSGQMNTEAFF	1
CSASSGGDTEAFF	1
CSASSQETQYF	1
CSASSVSSGSPEQYF	1
CSASWTALLRGYTF	1
CSASYPGTDTQYF	1
CSASLLLNTIYF	1
CSASLGISPYQETQYF	1
CSASPGNTIYF	1
CSASPRGLGGYTF	1
CSASPRETQYF	1
CSASPFAGGGEKLFF	1
CSASRLRTGELFF	1
CSASRDRGSPLHF	1
CSASRGLAGGEQFF	1
CSASRDGGGTEAFF	1
CSASRGQDNYGYTF	1
CSASQGLNTEAFF	1
CSASVGISSTDTQYF	1
CSASAGPNEQFF	1
CSASGASGRGEQYF	1
CSASGGSSYNEQFF	1
CSASGRFNYGYTF	1
CSASGSRYNEQFF	1
CSASGRAATDTQYF	1
CSASDGWEREQYF	1
CSASDEWPLHF	1
CSASEGENTEAFF	1
CSASTGDTGELFF	1
CSASSNSYEQYF	1
CSASRPKNIQYF	1
CSASKSGSGTEAFF	1
CSARFRDRSGYTF	1
CSARFEGRNEQFF	1
CSARSTRDNEQFF	1
CSARWVGQRPYEQYF	1
CSARWASGSTYEQYF	1
CSARWGLRTEAFF	1
CSARWDYGYTF	1
CSARYRDSYEQYF	1
CSARPQDGYTYEQYF	1
CSARPGDGGYGYTF	1
CSARPETQYF	1
CSARRHSGFDNQPQHF	1
CSARRGVGSPLHF	1
CSARRRNQPQHF	1
CSARVDSRPVYEQYF	1
CSARVSDGKETQYF	1
CSARVGGLSYNSPLHF	1
CSARAPGQDGGNTIYF	1
CSARAFPRTGGSTSNQPQHF	1
CSARALNRGRGLDTEAFF	1
CSARGSTYYGYTF	1
CSARGQFNQPQHF	1
CSARGNGQGRSYTF	1
CSARGLPLAKNIQYF	1
CSARGTYEQYF	1
CSARGQGGFYGYTF	1
CSARGAGQPQHF	1
CSARGGDSGFYGYTF	1
CSARGETGKGSPLHF	1
CSARGERNQPQHF	1
CSARGISGSSYNEQFF	1
CSARGTGSTGMGETQYF	1
CSARGRAYEQYF	1
CSARDYRATNEKLFF	1
CSARDIVNTEAFF	1
CSARDRGNYGYTF	1
CSARDRGIRNQPQHF	1
CSARDRGNTEAFF	1
CSARETGGYYGYTF	1
CSAREGGNSPLHF	1
CSARIPGLNTEAFF	1
CSARIQNTEAFF	1
CSARIAGGPYNEQFF	1
CSARIQGLNTEAFF	1
CSARTLLYRYEQYF	1
CSARTLAGYETQYF	1
CSARTARANTEAFF	1
CSARTGFSNQPQHF	1
CSARSGSSYEQYF	1
CSARRGAVNTEAFF	1
CSARRREDTGELFF	1
CSARKQGPITGEQYF	1
CSARKGGRDTEAFF	1
CSARFAGVINEQFF	1
CSARFPDTGELFF	1
CSARFRSEQYF	1
CSARLAGYEQYF	1
CSARLAGGPRNEQFF	1
CSARLTGYRAFF	1
CSARLKGPNTEAFF	1
CSARSPRVYGYTF	1
CSARSPGTVTEAFF	1
CSARSPNLSNQPQHF	1
CSARSGTTYEQYF	1
CSARSGTGARQQYF	1
CSARSGANTEAFF	1
CSARSDRVVDEQYF	1
CSARWGFEAFF	1
CSARWDSNYGYTF	1
CSARYSKGTEAFF	1
CSARLSGSTDTQYF	1
CSARLHYEQYF	1
CSARLAGGNEQFF	1
CSARPLTRDYGYTF	1
CSARPQETQYF	1
CSARPGENTEAFF	1
CSARPWGATEAFF	1
CSARPRGSGSYEQYF	1
CSARPASGRYEQYF	1
CSARPGSSPLHF	1
CSARPTDRGSNEQFF	1
CSARRHEEGIYGYTF	1
CSARRQRNTEAFF	1
CSARRLPGNTIYF	1
CSARRPATYNEQFF	1
CSARRPAGTEAFF	1
CSARQYTANYGYTF	1
CSARQVLGTESQYF	1
CSARQGTDQPQHF	1
CSARQGDYGYTF	1
CSARQGSHGYTF	1
CSARVVAREDYGYTF	1
CSARVGSVNTEAFF	1
CSARVGGMADNEQFF	1
CSARVTGDYGYTF	1
CSARVRGLNTEAFF	1
CSARVRTGDGYTF	1
CSARVPGGRNSPLHF	1
CSARVPREYTEAFF	1
CSARVGINQPQHF	1
CSARVGTRDNEQFF	1
CSARVWAGGDQPQHF	1
CSARVPEAFF	1
CSARVQGAPYQPQHF	1
CSARVGRDQPQHF	1
CSARVDTNYGYTF	1
CSARVDRGLSPLHF	1
CSARVEQYSNQPQHF	1
CSARVENLNTEAFF	1
CSARVTNLVGEQFF	1
CSARVTGGKLSAFF	1
CSARVRGNTEAFF	1
CSARVLAGETQYF	1
CSARVGAQPQHF	1
CSARVGAGYSNQPQHF	1
CSARVGDTEAFF	1
CSARVGTGYRIEAFF	1
CSARVGSSSGREQYF	1
CSARVEGRSPLHF	1
CSARASGGYGYTF	1
CSARAKGRGNTEAFF	1
CSARALQTSGRAGVRETQYF	1
CSARALREYQPQHF	1
CSARALRGPYNEQFF	1
CSARAPRDQPQHF	1
CSARARGLISNQPQHF	1
CSARAHHEQFF	1
CSARAGRGRVGQPQHF	1
CSARAGTGGNQPQHF	1
CSARADYEQYF	1
CSARAESRGRFGTEAFF	1
CSARAVSGRGTGTDTQYF	1
CSARAGGRSYNEQFF	1
CSARAGALDTQYF	1
CSARAGTSQETQYF	1
CSARARGQNYTF	1
CSARARGGSEKLFF	1
CSARAQGLAGEAYEQYF	1
CSARAAGDTEAFF	1
CSARAGYTGSNEQFF	1
CSARGYLQGSLGNTEAFF	1
CSARGPQSYNEQFF	1
CSARGGSGIDTQYF	1
CSARGGWGEAFF	1
CSARGEEGTEAFF	1
CSARGNSQNTEAFF	1
CSARGRTERNTEAFF	1
CSARGGGSIDEQYF	1
CSARGMNTEAFF	1
CSARGLYSNQPQHF	1
CSARGRQDTTYEQYF	1
CSARGQGYSNQPQHF	1
CSARGQGANSPLHF	1
CSARGAGEVDEQYF	1
CSARGGMGGDSAGYTF	1
CSARGGLAGAQETQYF	1
CSARGGADREYQPQHF	1
CSARGGQATYEQYF	1
CSARGDLYGYTF	1
CSARGDRENYNSPLHF	1
CSARGNYSPLHF	1
CSARGNEQFF	1
CSARGKERGLNTEAFF	1
CSARGHLNTEAFF	1
CSARGQVSASPLHF	1
CSARGQGGYGYTF	1
CSARGQWNTEAFF	1
CSARGTGGSSPLHF	1
CSARDFRRANEKLFF	1
CSARDFRNPSNTEAFF	1
CSARDLGGYGYTF	1
CSARDLGGTEAFF	1
CSARDLSSTEAFF	1
CSARDLRTFGNSPLHF	1
CSARDLAARGFNTQYF	1
CSARDLGFQPQHF	1
CSARDSPVGALNSPLHF	1
CSARDSGRASNQPQHF	1
CSARDSRRDQNTEAFF	1
CSARDSGDGAFF	1
CSARDWGYSPLHF	1
CSARDWGQASYGYTF	1
CSARDWDRLLYEQYF	1
CSARDWKETNEQFF	1
CSARDLKENTEAFF	1
CSARDLASGSATDTQYF	1
CSARDLSSANEQYF	1
CSARDLGERTDTQYF	1
CSARDLGEGGNQPQHF	1
CSARDLDGGLYGYTF	1
CSARDLRTATNEKLFF	1
CSARDLAGRGQPQHF	1
CSARDPTKGVRRGYTF	1
CSARDPSEDEQYF	1
CSARDPSGAEEKLFF	1
CSARDPLVRELETQYF	1
CSARDPQRAPGDEQFF	1
CSARDPGTDNSPLHF	1
CSARDPGQGVTPLHF	1
CSARDPWQGNQPQHF	1
CSARDPLRRYYEQYF	1
CSARDPGARLSYNSPLHF	1
CSARDPSWDTEAFF	1
CSARDRWRGNYGYTF	1
CSARDRGEDRRSQPQHF	1
CSARDRYEQYF	1
CSARDRRQGYNEQFF	1
CSARDRAGGTVSSPLHF	1
CSARDRDRGIYEQYF	1
CSARDRQAGGNSPLHF	1
CSARDRQGWTEAFF	1
CSARDHLRQGSDTEAFF	1
CSARDHGGSEKLFF	1
CSARDQEAGEKLFF	1
CSARDQTSKATDTQYF	1
CSARDQRGYTF	1
CSARDQGVGSTEAFF	1
CSARDQNTRDRGYTF	1
CSARDVYPYEQYF	1
CSARDVLAGQAYEQYF	1
CSARDVGSELFF	1
CSARDAGRGSKKAFF	1
CSARDAGQLNTEAFF	1
CSARDGGRDETRYGYTF	1
CSARDGAGGRLGNQPQHF	1
CSARDGIAPAGEQYF	1
CSARDGTSGILIQETQYF	1
CSARDGTGHTEAFF	1
CSARDGTGSKPQHF	1
CSARDGAGVDETQYF	1
CSARDEGIVSYEQYF	1
CSARDIGRRGYGYTF	1
CSARDMRQPNTEAFF	1
CSARDIRDTLNTEAFF	1
CSARDISGDYNEQFF	1
CSARDTSGSEQFF	1
CSARDTDRRGNEQFF	1
CSARDSYRDSGNTIYF	1
CSARDSGRNQPQHF	1
CSARDRAYSNQPQHF	1
CSARDRGQGMYGYTF	1
CSARDRTGKQPQHF	1
CSARDRGWGAVDNGYTF	1
CSARDWPKNTEAFF	1
CSARDPSGRAKIYNEQFF	1
CSARDPSRASGPYEQYF	1
CSARDPRDLSIQYF	1
CSARDPRVGGDSNQPQHF	1
CSARDPGMNTEAFF	1
CSARDPGQGNYGYTF	1
CSARDRVDWSNQPQHF	1
CSARDRTPCF	1
CSARDHRGTTDTQYF	1
CSARDHRGEYGYTF	1
CSARDARGNTEAFF	1
CSARDGISVTLHF	1
CSARDGQKYNEQFF	1
CSARDIRQGDTEAFF	1
CSARDRVGGFNQPQHF	1
CSARDNRIYGYTF	1
CSARESGNTEAFF	1
CSAREYGPSYGYTF	1
CSARELSSSFNEQFF	1
CSARELAGGLDEQFF	1
CSAREPGHHYEQYF	1
CSAREPSAYSNQPQHF	1
CSAREARGLDEQYF	1
CSAREGAAPEAFF	1
CSAREGRQLWGYTF	1
CSAREGDLNTEAFF	1
CSAREGVNIQYF	1
CSAREDREITEAFF	1
CSAREDRNTEAFF	1
CSAREKGLAGYNEQFF	1
CSARESRRNTEAFF	1
CSAREPGVTNEKLFF	1
CSAREGSLSGNTIYF	1
CSAREGREGINEQFF	1
CSAREGAGGAETQYF	1
CSARETGGSGNQPQHF	1
CSARERQLNTEAFF	1
CSARISTVEAFF	1
CSARIPGLAGDGQFF	1
CSARTSGGVYEQYF	1
CSARTSGRYNEQFF	1
CSARTSGRRETQYF	1
CSARTRVAGELFF	1
CSARTAFDRGGTEAFF	1
CSARTGWGEKLFF	1
CSARTGNQPQHF	1
CSARTGFREKLFF	1
CSARSWASNQPQHF	1
CSARRPQYSNQPQHF	1
CSARRVGAGRYNEQFF	1
CSARRGVQETQYF	1
CSARRGGSNGYTF	1
CSARRDAYYGYTF	1
CSARRTGEETQYF	1
CSARRNTEAFF	1
CSARRLMSEQYF	1
CSARRRLLAGITGYNEQFF	1
CSARNPGGHEQFF	1
CSARNRVEDEKLFF	1
CSARKREGLNTGELFF	1
CSARKGNPGELFF	1
CSANSQVFEQYF	1
CSANYRRNYGYTF	1
CSANPLTSGNTIYF	1
CSANRMRTVRRTSNTGELFF	1
CSANSGSNQPQHF	1
CSANPGQGSEKLFF	1
CSANRGTNSGNTIYF	1
CSANRDGRAYEQYF	1
CSAKFREGASGYTF	1
CSAKLAGSGELFF	1
CSAKVGNFLKDTDTQYF	1
CSAKGQPHNEQFF	1
CSAKDRGSGYTF	1
CSAKTGTSGIGNEQFF	1
CSAKRRGSNQPQHF	1
CSAKRQNTEAFF	1
CSAKYSNQPQHF	1
CSAKQGYEQYF	1
CSAKTGVAEKLFF	1
CSAKREGMAEAFF	1
CSAKKGVSTIYGYTF	1
CSAFRGTEAFF	1
CSALQGADTQYF	1
CSASAYEQYF	1
CSASTNYGYTF	1
CSASKALNTEAFF	1
CSASGGGNLDTQYF	1
CSASKVDYEQYF	1
CSACRTPTDTQYF	1
CSAYLTDSYEQYF	1
CSALSYNEQFF	1
CSALLPDRAGDTEAFF	1
CSALPGQGHYGYTF	1
CSALTRETQYF	1
CSAPRDRRNYEQYF	1
CSAPDRGTGGYEQYF	1
CSAPRAAGGVTDTQYF	1
CSAPPDRAYNSPLHF	1
CSAPQGDHRRYF	1
CSAPGGLPAYGYTF	1
CSAPFQGLNSPLHF	1
CSAPPADTQYF	1
CSAPRPSGQETQYF	1
CSAPDKQGGKPQHF	1
CSAPDQRYEQFF	1
CSAPDRVYEQYF	1
CSAPDRGMNTEAFF	1
CSAPEGGSHYEQYF	1
CSAPPEGGQPQHF	1
CSAPAVSGSDTQYF	1
CSAPSRQGNNQPQHF	1
CSARSGTGDGRTEAFF	1
CSARYGGGGDQPQHF	1
CSARRGRERADTQYF	1
CSARDRGLFTDTQYF	1
CSARETYEQYF	1
CSARTGNKNIQYF	1
CSARQGQPQHF	1
CSARDGSVSETQYF	1
CSAHGAGDPETQYF	1
CSAQFGEAGAAEQYF	1
CSAQGVFGNQPQHF	1
CSAQGSGNQPQHF	1
CSAQHRASGRDTQYF	1
CSAVVRETQYF	1
CSAVELQGFNYGYTF	1
CSAVKGRSYEQYF	1
CSAVYQPQHF	1
CSAVDSSSNQPQHF	1
CSAAPGTSSYEQYF	1
CSAAGMQASNQPQHF	1
CSAADRQGPYQNTIYF	1
CSAADRETQYF	1
CSAGGQGPNQPQHF	1
CSAGGEVDAFF	1
CSAGTSDSYEQYF	1
CSAGTGPLNTEAFF	1
CSAGQGGTEAFF	1
CSAGGVLGLLTGELFF	1
CSAGDRAPGHYEQYF	1
CSAEGTQSSYEQYF	1
CSAITGGATNEKLFF	1
CSAMGAGHHQPQHF	1
CSAIAGRGTDTQYF	1
CSAIRSADFSNQPQHF	1
CSATPSGKATDTQYF	1
CSATQTGQNYGYTF	1
CSATDSDTNYGYTF	1
CSASMTGLNEKLFF	1
CSASRQQNQPQHF	1
CSASGVGYAYEQYF	1
CSARGLEQYF	1
CSARDGGIQETQYF	1
CSARDRGHIEAFF	1
CSARESYYGYTF	1
CSARHYNQPQHF	1
CSARGDSGNTIYF	1
CSANRHRAGVFF	1
CSAKPLTGGSQPQHF	1
CSAKGQGKTQYF	1
CSAKGQGTLNTEAFF	1
CSASTGVGETQYF	1
CSAWVLANTDTQYF	1
CSAWTGTYGYTF	1
CSAPRDRVTYGYTF	1
CSAPTTGYGYTF	1
CSAPNGNTGELFF	1
CSARDSWSNQPQHF	1
CSARTTRSYEQYF	1
CSARTGGNQPQHF	1
CSAQTSGSPPGEQYF	1
CSAAKNTEAFF	1
CSAARTGDSPLHF	1
CSAAGQGAGAQYF	1
CSAARNTEAFF	1
CSAGSWTEAFF	1
CSADPGKANYGYTF	1
CSADGDKLSYEQYF	1
CSADTAGRASDTQYF	1
CSAELATDTQYF	1
CSATRLTGQHF	1
CSATRELMGTEAFF	1
CSATRTGRDYGYTF	1
CSATRPSGEAFF	1
CSARRGVGGYTF	1
CSARRDQPQHF	1
CSAKEGNQPQHF	1
CSAYHTEAFF	1
CSALTDRLSSYEQYF	1
CSALRQGALYEQYF	1
CSAPPTDLYEQYF	1
CSARRGNQPQHF	1
CSARDGKMWGAFF	1
CSARTDNSPLHF	1
CSAHPSGRWETQYF	1
CSAVGAGDSPLHF	1
CSAGYEGLVDEQYF	1
CSAGRDGSTNEKLFF	1
CSAGQREGWYGYTF	1
CSAIYTVNYGYTF	1
CSATDREDSNQPQHF	1
CSATTSGRVTQYF	1
CSATRGANSPLHF	1
CSASRDTTNQPQHF	1
CSARVAGAYNEQFF	1
CSARTGASPLHF	1
CSARDYGGSHEQYF	1
CSANPGRIDEQFF	1
CSAKGLREATYNEQFF	1
CSAKDRGHTGELFF	1
CSGRGGAKNIQYF	1
CSGLQGRFNQPQHF	1
CSGASSYNEQFF	1
CSGGIRGVHGYTF	1
CSGGQGAFYIF	1
CSGRGLLNATNEKLFF	1
CSGSPFDQPQHF	1
CSGRGAREKLFF	1
CSDSLERVRDSGSPLHF	1
CSEGATDTQYF	1
CSTLGGLRTDTQYF	1
CSFSGLARGDYGYTF	1
CSSDRDGYTF	1
CSCRDPLVGEQYF	1
CSCSGLAAKGNNEQFF	1
CSYLAEGYEQYF	1
CSYRPGVNYGYTF	1
CSLWWHQHF	1
CSLGDSNQPQHF	1
CSLRAYNEQFF	1
CSPLPGRPGGYGYTF	1
CSHRSFADTQYF	1
CSQTRGETQYF	1
CSVFGQSETQYF	1
CSVLRTGDSEQYF	1
CSVLQGAETQYF	1
CSVSFPDQRPLHF	1
CSVSGNTGELFF	1
CSVSTGTSSYEQYF	1
CSVSRGNTEAFF	1
CSVSQASGTGTGELFF	1
CSVSKVTDTQYF	1
CSVSYSGSLRETQYF	1
CSVSIAGGTTSYEQYF	1
CSVWQLNTGELFF	1
CSVWGGSEAFF	1
CSVYWGPDTQYF	1
CSVLREGALGKQFF	1
CSVPPGLNVHGSDEQFF	1
CSVPHATSGNTDTQYF	1
CSVPGQVGEQYF	1
CSVRLAGAAFF	1
CSVRTDGNQPQHF	1
CSVRLYRGKQETQYF	1
CSVRQMNSYEQYF	1
CSVRDRTRYNEQFF	1
CSVHTGSSYNEQFF	1
CSVHGTAYTEAFF	1
CSVQPLNYGYTF	1
CSVQTGTGGAYGYTF	1
CSVVWVGGKAYNEQFF	1
CSVVQGISYNEQFF	1
CSVVGTPREETQYF	1
CSVVSRGSGNEQFF	1
CSVVWDSNQPQHF	1
CSVVHRREDIQYF	1
CSVVGFDEKLFF	1
CSVVGRAHRNEQFF	1
CSVVGGLLGEAFF	1
CSVVRGRTEAFF	1
CSVVLASSYNEQFF	1
CSVVHRAPYEQYF	1
CSVVGLAGGSYNEQFF	1
CSVVGQEETQYF	1
CSVVEGLPSGELFF	1
CSVVSPGQKAFF	1
CSVVLGNDLSSYF	1
CSVVGIEAFF	1
CSVVDGRNQPQHF	1
CSVVRVGTEAFF	1
CSVASTTGPSGNTIYF	1
CSVAPFTGRLNTEAFF	1
CSVAPGAANTGELFF	1
CSVAQRAGSGYTF	1
CSVAQGPEGQPQHF	1
CSVAEDNPNQPQHF	1
CSVAAYTGELFF	1
CSVAAGAGKGTEAFF	1
CSVAGQTGVYTEAFF	1
CSVAGAQETQYF	1
CSVAGGYEQYF	1
CSVAHDSYNEQFF	1
CSVGYRQGHTEAFF	1
CSVGTAYEQYF	1
CSVGLRGGRADTIYF	1
CSVGGLADHTYEQYF	1
CSVGGQGDYGYTF	1
CSVGETQYF	1
CSVGMGAESTFF	1
CSVGRGGRTEAFF	1
CSVGPGLTEAFF	1
CSVGQQRYNEQFF	1
CSVGGGSYEQYF	1
CSVGGSDSGSYGYTF	1
CSVGDRGSYEQYF	1
CSVGDRERSPLHF	1
CSVGDNRDSNTGELFF	1
CSVGTEGETQYF	1
CSVGTGGDQPQHF	1
CSVGTGDGNTIYF	1
CSVGTGDKNIQYF	1
CSVGRGTEAFF	1
CSVGHLSSGNTIYF	1
CSVGQDVYGYTF	1
CSVGGGGPSEQFF	1
CSVGTVEGNTIYF	1
CSVDLLSGDTQYF	1
CSVDSGGGETQYF	1
CSVDSGRVGDIQYF	1
CSVDSGTSYEQYF	1
CSVDRTGDNYGYTF	1
CSVDQGATEAFF	1
CSVDAPRDRGNIQYF	1
CSVDASSNTEAFF	1
CSVDAGGTEAFF	1
CSVDGASGTDTQYF	1
CSVDDGNQETQYF	1
CSVDRRDAEAFF	1
CSVDLAGTYNEQFF	1
CSVDLAGDQETQYF	1
CSVDLMTVVYTF	1
CSVDPREETQYF	1
CSVDPKEGGYTF	1
CSVDVQGSEKLFF	1
CSVDERSSYNEQFF	1
CSVDISGKGETQYF	1
CSVDRLDTGELFF	1
CSVESGRAGELFF	1
CSVEYGSSYEQYF	1
CSVERSGGNVDTEAFF	1
CSVEAVAVEQFF	1
CSVEGSYEQYF	1
CSVEGDTDYEQYF	1
CSVEGMGTEAFF	1
CSVEGQGLGEQYF	1
CSVEDGGAHEQYF	1
CSVEEGIYGYTF	1
CSVEETAGVEKLFF	1
CSVEIINREGNIQYF	1
CSVERSDNGYTF	1
CSVENLGPEAFF	1
CSVEKGPTQYF	1
CSVEKQGAGEQYF	1
CSVESGLGLGYGYTF	1
CSVESGHNEQFF	1
CSVEWVASSYNEQFF	1
CSVEWGSTDTQYF	1
CSVEWGVPPYGYTF	1
CSVEPPARENEQFF	1
CSVEPRNTEAFF	1
CSVEPGAADTQYF	1
CSVERRYGLAITDTQYF	1
CSVERGVGTGELFF	1
CSVEVLAGGEETQYF	1
CSVEVSHTGELFF	1
CSVEVGQGLGTQYF	1
CSVEAPGQSNTEAFF	1
CSVEAWRTITDTQYF	1
CSVEAQGLSTEAFF	1
CSVEAGVRARDTSYSNQPQHF	1
CSVEAGVWYNEQFF	1
CSVEATLQETQYF	1
CSVEAGRRIGNEQFF	1
CSVEGLRGHDTQYF	1
CSVEGFPGTNTGELFF	1
CSVEGLGRSYEQYF	1
CSVEGPQTSGRGNEQFF	1
CSVEGPSGYEQFF	1
CSVEGVGILSAFF	1
CSVEGAVLAAHNEQFF	1
CSVEGATQNTEAFF	1
CSVEGERGEQYF	1
CSVEGTSGSPYNEQFF	1
CSVEDLEGTYNEQFF	1
CSVEDSRDTQYF	1
CSVEDWEVVDNEQFF	1
CSVEDLGGRAYNEQFF	1
CSVEDPPGGDGYTF	1
CSVEDPTSGGNEQFF	1
CSVEDPGQGTYGYTF	1
CSVEDPNAPANSPLHF	1
CSVEDPPRAGGLKKLFF	1
CSVEDRRETQYF	1
CSVEDRIGTSDEQYF	1
CSVEDRRGEAFF	1
CSVEDQEGYTGELFF	1
CSVEDARGIGTEAFF	1
CSVEDARGNDEQFF	1
CSVEDGVGPSEAFF	1
CSVEDEGPNF	1
CSVEDPNPGYTF	1
CSVEDRGTEAFF	1
CSVEDRYNEQFF	1
CSVEEPEGQPQHF	1
CSVEEGQNFYGYTF	1
CSVEEAIHDDHSNQPQHF	1
CSVEERGRKQETQYF	1
CSVEILAEQYF	1
CSVERRNYGYTF	1
CSVEKGPNTEAFF	1
CSVEKTARNEQFF	1
CSVMGTNTEAFF	1
CSVINLAKNIQYF	1
CSVTQTALRAYEQYF	1
CSVTSAGNTIYF	1
CSVTRGSGNTEAFF	1
CSVRGPDTEAFF	1
CSVRDALYHEQFF	1
CSVNPRNYGYTF	1
CSVNRGRTEAFF	1
CSVKGLAGGPSEQYF	1
CSVKSGSANTGELFF	1
CSVKQGGNYNEQFF	1
CSVLSGDSQSSYNEQFF	1
CSVLDRGSYEQYF	1
CSVSQGGGEGLYEQYF	1
CSVSQGEGNQPQHF	1
CSVLRDIYNEQFF	1
CSVLRAGVRNEKLFF	1
CSVLDREQYF	1
CSVLDRVGEKLFF	1
CSVPDDRENTEAFF	1
CSVRGGTSIYEQFF	1
CSVRGLSNEKLFF	1
CSVRRTGGISEQYF	1
CSVQRGTEKLFF	1
CSVQTDTNTEAFF	1
CSVVRTSPEQFF	1
CSVAPGDTYNEQFF	1
CSVAGRGSGYTF	1
CSVATGLATYYNEQFF	1
CSVGGHGYTF	1
CSVGDRGLKDEKLFF	1
CSVGTGVSTDTQYF	1
CSVGLAGGSNEQFF	1
CSVGQGGQPQHF	1
CSVDFPTSYNEQFF	1
CSVDYKDRGSNQPQHF	1
CSVDGTEAFF	1
CSVTDRGVGNEQFF	1
CSVKFLQGMNTEAFF	1
CSVPGLARNNEQFF	1
CSVRQGSSYEQYF	1
CSVQAHDTQYF	1
CSVVSPGQPYEQYF	1
CSVVLAGPSTDTQYF	1
CSVVPLKNTGELFF	1
CSVGHTEAFF	1
CSVGQGSQPQHF	1
CSVGTGTDGYTF	1
CSVSAGELFF	1
CSVRWVAYEKILSSRVYEQYF	1
CSVRDSLAKNIQYF	1
CSVNRDGITEAFF	1
CSVFEQGTGNEKLFF	1
CSVWTTGERGYEQYF	1
CSVRSSGELFF	1
CSVQWTSGTGAGELFF	1
CSVVGDEQFF	1
CSVARTAQETQYF	1
CSVAGTSSGNTIYF	1
CSVAGTGRNYGYTF	1
CSVADGPNQPQHF	1
CSVASRAGELFF	1
CSVGPGTIKETQYF	1
CSVGVPGTEAFF	1
CSVGTSGRGAYNEQFF	1
CSVDRGRTEAFF	1
CSVETGVNEQFF	1
CSVREGIYNEQFF	1
CSVRQTPSSNYGYTF	1
CSAGTSDTYEQYF	1
CSATIGTFYEQYF	1
CSASGPNYGYTF	1
CSALGVYGNTIYF	1
CSAPGTATEAFF	1
CSAPDTGSGYTF	1
CSAPDRAGELFF	1
CSARTGMNTEAFF	1
CSARPLMNTEAFF	1
CSAQYGSGNTIYF	1
CSAVRGGARLYEQYF	1
CSAALEGKLTDTQYF	1
CSAAGPRRGEQYF	1
CSAANTGDRREQYF	1
CSAGGLASNNEQFF	1
CSAGTQNTEAFF	1
CSAGGLAGGPFTKNIQYF	1
CSAERGSGNTIYF	1
CSAMDRINSYEQYF	1
CSASGSTDTQYF	1
CSARGGTEAFF	1
CSAVGRRQGRMEQYF	1
CSAADRDTETQYF	1
CSASGTDTDTQYF	1
CSASETPNTGELFF	1
CSASTNLQETQYF	1
CSAPGTEKETQYF	1
CSAGHLNTEAFF	1
CSGTQGGENIQYF	1
CSGTVNTEAFF	1
CSGLIRLETQYF	1
CSGSNQHTEAFF	1
CSGRTASSYEQYF	1
CSGKGQVNTEAFF	1
CSGRTSGADNEQFF	1
CSGVKAEGYNEQFF	1
CSGAGAGYGYTF	1
CSGGTGYEQYF	1
CSGGGTEAFF	1
CSGMGLIAYNEQFF	1
CSGGRDGEQYF	1
CSDWDRGGYTF	1
CSDQSYYGYTF	1
CSELEGQGGHNEQFF	1
CSELDIYNEQFF	1
CSIRTGGTKNIQYF	1
CRAHQGGIDGYTF	1
EWGYEQYF	1
CATSDRPGQGAESYEQYF	3
CATSFSGGRIDNEQFF	3
CASLEVGQSYNEQFF	3
CASSKDSLYGYTF	3
CASSSTSTDTQYF	3
CASSPLGLAGPTDTQYF	3
CASSPRGPSYGYTF	3
CASSPLAGFDGYTF	3
CASSRTDSYNEQFF	3
CASRPLPGDGYTF	3
CASSFAGGYTGELFF	3
CASSLRREQETQYF	3
CASSLLTSNEQFF	3
CASSPTGEDTQYF	3
CASSQGWFGNQPQHF	3
CSATGHVAQFF	3
CASSPLVAGMNTGELFF	2
CASQGARGYGYTF	2
CAWSVLGEFDGYTF	2
CAISPQQGHQETQYF	2
CAISAGTPYNEQFF	2
CAISDQGSYNEQFF	2
CAISDGRQPNYGYTF	2
CAISESGSRIQYF	2
CAISRGSYNSPLHF	2
CATLAPLGLGKNTGELFF	2
CATSDREDYGYTF	2
CATPSGNTGELFF	2
CATAQGVNYEQYF	2
CATGGLSGIPFF	2
CATDPKAGGADTQYF	2
CATTIGSPSGANVLTF	2
CATSSPPTDTQYF	2
CATSPGLVPYNEQFF	2
CATSQGNTEAFF	2
CATSALTGGTEAFF	2
CATSARSNYNEQFF	2
CATSATSGNYEQYF	2
CATSGTSGTSNTGELFF	2
CATSGPAGRLGTGELFF	2
CATSDSGTSRYEQYF	2
CATSDSSSYEQYF	2
CATSDSREFQETQYF	2
CATSDSKVDSSYNEQFF	2
CATSDRRTGAGDTQYF	2
CATSDSGQGKQYF	2
CATSDLVGPGTGELFF	2
CATSDPTGDNEQFF	2
CATSDGGTGGYNEQFF	2
CATSESGGLIGTQYF	2
CATSEKTSGRTTDTQYF	2
CATSYTGSEQYF	2
CATSAGLAGVDEQFF	2
CATSTSGTSGSRGSYEQYF	2
CATSRGSFEQYF	2
CATSRPPRGASSYEQYF	2
CATSRPKFRSGRADTQYF	2
CATSRDRDREPYGYTF	2
CATSRDQGSGANVLTF	2
CATSRDAGGGNEQFF	2
CATSRDGETQYF	2
CATSRELAGTDTQYF	2
CATSRRSGQANEKLFF	2
CATSNRTAHTDTQYF	2
CATSKRTSGVQETQYF	2
CATRVGGWNEQFF	2
CATDRGRDEKLFF	2
CATTLGQGNMNTEAFF	2
CATRLAGGSYEQYF	2
CATRQSSYNEQFF	2
CASSPLSYNEQFF	2
CASLGASSYNEQFF	2
CASSFTGTAGYTF	2
CASSSDPNQPQHF	2
CASSMTSGAYEQYF	2
CASSIGQGGNQPQHF	2
CASSRIAGGGNEQFF	2
CASSAGPSAYYEQYF	2
CASSLAGTKETQYF	2
CASSPPVSYNEQFF	2
CASSPPGSGTIYF	2
CASSPGTGLYGYTF	2
CASSPLGKETQYF	2
CASSPGPGYEQYF	2
CASSPESNQPQHF	2
CASSPPGVAGVDETQYF	2
CASSPPNTGGIGQPQHF	2
CASSRTGNTEAFF	2
CASYVGQVGNTIYF	2
CASQGMGGYTF	2
CASAEAGAPYEQYF	2
CASGSGDLRVYEQYF	2
CASGLAGGPEQYF	2
CASGADRAAYGYTF	2
CASGGASGANVLTF	2
CASGTGDGNTIYF	2
CASGNRGTGANVLTF	2
CASEIQGGLSEAFF	2
CASIFAPGTGILAGGKGEQFF	2
CASTWGSDTQYF	2
CASTLLGGQGPGELFF	2
CASTLEGTRNEQYF	2
CASTSGAEAGELFF	2
CASTPEGGNQPQHF	2
CASTVGLAGGRETQYF	2
CASTEGRTYEQYF	2
CASTTGGTQYF	2
CASTDRVADTQYF	2
CASTTGQGAYEQYF	2
CASSFSINNEQFF	2
CASSFWTGGNTEAFF	2
CASSFLSSYEQYF	2
CASSFPRGRFSYEQYF	2
CASSFRDRGTYEQYF	2
CASSFGGDRIYF	2
CASSFGTSGTWEYNEQFF	2
CASSFTSGISYEQYF	2
CASSFTGTRDTQYF	2
CASSFSGLGTQYF	2
CASSFKTGAYEQYF	2
CASSFLGLNTGELFF	2
CASSFPGLAVNEQFF	2
CASSFRLAGISYNEQFF	2
CASSFDGTRVYNEQFF	2
CASSFERVGEQFF	2
CASSLWGDETQYF	2
CASSLFGSGRNEQFF	2
CASSLSDYLSSYEQYF	2
CASSLSGEETQYF	2
CASSLSGRGREGYTF	2
CASSLSGGVTEAFF	2
CASSLSTSSDTQYF	2
CASSLSTGEIKHGYTF	2
CASSLSGGRNSPLHF	2
CASSLLYNEQFF	2
CASSLRQAGTEAFF	2
CASSLQAGSQPQHF	2
CASSLVNLDITGANVLTF	2
CASSLAGTTYEQYF	2
CASSLAELAGTDTQYF	2
CASSLTGSGRAEAFF	2
CASSLTSTGGYNQPQHF	2
CASSLTPSTGELFF	2
CASSLTRSYEQYF	2
CASSLRLAANEQFF	2
CASSLRSGRAYEQYF	2
CASSLNPSGTAAQYF	2
CASSSSGVGNQPQHF	2
CASSSLVGADTQYF	2
CASSSPGTSGRSQGTGELFF	2
CASSSSRGDINEQFF	2
CASSSWRNNEQFF	2
CASSSGTSGYNEQFF	2
CASSSGTPWDSPLHF	2
CASSSDYEQYF	2
CASSSGSRYYEQYF	2
CASSYLARVAGELFF	2
CASSYTPGLAGNNEQFF	2
CASSYRGGDTQYF	2
CASSYSSLAGNTDTQYF	2
CASSYSPTSSEQFF	2
CASSYSGQGPSEQYF	2
CASSYSTQAGVWNEQFF	2
CASSYLPGGSYEQYF	2
CASSYHTGTSGREYQETQYF	2
CASSYGGPTYEQYF	2
CASSYGQAYEQYF	2
CASSYDGESSYEQYF	2
CASSYRAANEKLFF	2
CASSYRLAPVTDTQYF	2
CASSLPSDSPNYEQYF	2
CASSLGTIEAGELFF	2
CASSLIAGAGYNEQFF	2
CASSLTGGASYEQYF	2
CASSLAKNIQYF	2
CASSPLAGGPDTQYF	2
CASSPGEGPAYEQYF	2
CASSPPWTSGKQETQYF	2
CASSPRVRDYEQYF	2
CASSPGTSTYNEQFF	2
CASSPRGGTEAFF	2
CASSPGFLGEQYF	2
CASSPGGWEQFF	2
CASSPTSGSTDTQYF	2
CASSRTNYEQYF	2
CASSRLVSYEQYF	2
CASSRQETQYF	2
CASSRGLFPGELFF	2
CASSQTGSPRPQHF	2
CASSQTPVDEQYF	2
CASSQTEQETQYF	2
CASSQGYSTYNEQFF	2
CASSQTSGRMGQYF	2
CASSVTSGGTDTQYF	2
CASSASGPNGEQFF	2
CASSAQSILAFETDTQYF	2
CASSAGSENSPLHF	2
CASSGDRGNTEAFF	2
CASSGSGGKTGELFF	2
CASSGTGLSYNEQFF	2
CASSDMAGARSF	2
CASSDTSGRLF	2
CASSDSLAEYNEQFF	2
CASSDRDRGSDTQYF	2
CASSDTAGVSSDTQYF	2
CASSDSLTGELFF	2
CASSEYEQYF	2
CASSEYNEQFF	2
CASSERTSGRDTQYF	2
CASSEGRTETQYF	2
CASSEFLAGGLEQYF	2
CASSELATSETQYF	2
CASSESLPGRGDEKLFF	2
CASSESGGGAPAGANVLTF	2
CASSEWEQGDNEQFF	2
CASSELLASSEQYF	2
CASSERVWGGYEQYF	2
CASSEVGLASDTQYF	2
CASSEVISVRTALAKNIQYF	2
CASSEASGVVGAGDNEQFF	2
CASSEAPGAGTDTQYF	2
CASSMRDRASYNEQFF	2
CASSIAGGGNEQFF	2
CASSTDRASNTDTQYF	2
CASSTDRRSTDTQYF	2
CASSSYGPNEKLFF	2
CASSRLTVLYEQYF	2
CASSNGGSGSDTQYF	2
CASSKLSGRPGDTQYF	2
CASSKNAKAGGYTF	2
CASSFLGQPYEQYF	2
CASSFSRDYEQYF	2
CASSFYGQETQYF	2
CASSFPGDSTDTQYF	2
CASSFGGSTDTQYF	2
CASSFGGSYEQYF	2
CASSFDRGPYNEQFF	2
CASSFRRDNTGELFF	2
CASSFKGSNTGELFF	2
CASSFSGTSGGVEQFF	2
CASSFWDSSNQPQHF	2
CASSFPNRGALF	2
CASSFPSYEQYF	2
CASSFPGQGAYEQYF	2
CASSFQSTSPYNEQFF	2
CASSFGSLDTQYF	2
CASSFDGNTEAFF	2
CASSFDTGELFF	2
CASSFDRNTGELFF	2
CASSLFLSYEQYF	2
CASSLLGTANEQFF	2
CASSLSFAGQGFEQFF	2
CASSLRGNEQFF	2
CASSLVQGTYEQYF	2
CASSLAPAGGLKTQYF	2
CASSLAGQFANTGELFF	2
CASSLAYTGELFF	2
CASSLAEGGPGTDTQYF	2
CASSLATGALGYEQYF	2
CASSLGRGRAGDTQYF	2
CASSLGPAGRSYNEQFF	2
CASSLGTSGRARDTQYF	2
CASSLGTGAGEQYF	2
CASSLGSFNEQFF	2
CASSLGLGAYEQYF	2
CASSLGQTYEQYF	2
CASSLDGGRSWEQYF	2
CASSLEGASRSYNEQFF	2
CASSLEDRWDTGELFF	2
CASSLTSAFTDTQYF	2
CASSLSRGREETQYF	2
CASSLFGGSGTGELFF	2
CASSLFTDRAAYEQYF	2
CASSLFGGNTEAFF	2
CASSLWAGVGTDTQYF	2
CASSLLSVGEQFF	2
CASSLPEQTQYF	2
CASSLRTSGITGELFF	2
CASSLQRGDYGYTF	2
CASSLVGTGAQNEQFF	2
CASSLVWTKRGGHNEQFF	2
CASSLVETQYF	2
CASSLARYEQYF	2
CASSLAGMGTDTQYF	2
CASSLAGETQYF	2
CASSLAGGLETQYF	2
CASSLAGQGDYGYTF	2
CASSLGPQRETQYF	2
CASSLGPGAKNIQYF	2
CASSLGGKNIQYF	2
CASSLGLGINEQFF	2
CASSLGGNNEQFF	2
CASSLGGLQETQYF	2
CASSLGGRARDTQYF	2
CASSLDWALPGRHLQFF	2
CASSLDEATNEKLFF	2
CASSLDPRTDTQYF	2
CASSLDPNTGELFF	2
CASSLDGGSEQFF	2
CASSLETGSYNEQFF	2
CASSLEAAGTYEQYF	2
CASSLIGTGDEKLFF	2
CASSLTAGSTDTQYF	2
CASSLTASGPLHYEQYF	2
CASSLTGTGYNEQFF	2
CASSLSGRMGYEQYF	2
CASSLRGISYNEQFF	2
CASSLRRQANTEAFF	2
CASSLNSYEQYF	2
CASSLKPQGFSSTDTQYF	2
CASSSSSGMTGTDTQYF	2
CASSSPGGSNTEAFF	2
CASSSPGAGVYEQYF	2
CASSSPSTDRAKETQYF	2
CASSSHRDKIEQYF	2
CASSSASGSLSPYEQYF	2
CASSSALAGVTLNEQFF	2
CASSSGTPRSNQPQHF	2
CASSSAKNQPQHF	2
CASSSGQAVLETQYF	2
CASSSDRGNTEAFF	2
CASSSEYSTYEQYF	2
CASSSILYNEQFF	2
CASSSNLGLSNQPQHF	2
CASSSVEGTEAFF	2
CASSWGLTQYF	2
CASSYIQGVRGTEAFF	2
CASSYDLYNEQFF	2
CASSLIAGQGPGTDTQYF	2
CASSLAGGIETQYF	2
CASSLGQGLASYEQYF	2
CASSLGLAGDPTYEQYF	2
CASSLGPNNEQFF	2
CASSLSVNTEAFF	2
CASSLSHEQFF	2
CASSLAGDDTQYF	2
CASSLGTGTQYF	2
CASSLDSYEQYF	2
CASSPAGTSYGYTF	2
CASSPDPIAAKNIQYF	2
CASSPRRLAGGAETQYF	2
CASSPSGTGRTGELFF	2
CASSPQLNTEAFF	2
CASSPAKWGLAGKSAYNEQFF	2
CASSPAGYSPGYYEQYF	2
CASSPGEQADTQYF	2
CASSPDNQETQYF	2
CASSPTSGPNTDTQYF	2
CASSPSTSGSYEQYF	2
CASSPHGRGRGEQYF	2
CASSPGGSLNYGYTF	2
CASSPSGGELFF	2
CASSPRQGAGYTEAFF	2
CASSRWDRYRETQYF	2
CASSRTPPGLRGYEQYF	2
CASSRTGDSPLHF	2
CASSRFNQGPTPVEKLFF	2
CASSRPIAGGDHEQYF	2
CASSRGGASSYEQYF	2
CASSRGTSRDQYF	2
CASSRTSGNTGELFF	2
CASSRTEKETQYF	2
CASSRLAGLYNEQFF	2
CASSRSGSSTDTQYF	2
CASSHGRGNEQFF	2
CASSHSSGPDQETQYF	2
CASSHRSRGGETQYF	2
CASSHTIAGTYNEQFF	2
CASSQGYPSYEQYF	2
CASSQFTSGRPTGELFF	2
CASSQSVGYEQYF	2
CASSQWVSSGSPELSEQYF	2
CASSQPLTSGSTNIQYF	2
CASSQGLAGETQYF	2
CASSQGWGLAEAFF	2
CASSQGDRLWKTQYF	2
CASSQGSGGEQFF	2
CASSQGLASWEQFF	2
CASSQDWGRATDTQYF	2
CASSQDYHTDTQYF	2
CASSQDLDSGRAEI	2
CASSQEGLAGGLYNEQFF	2
CASSQEGIEAFF	2
CASSQRWGTGANVLTF	2
CASSQNNEQFF	2
CASSVGLAGGEQYF	2
CASSVAGVDRVFADTQYF	2
CASSVGWLAEQYF	2
CASSVDVGEGETQYF	2
CASSAHSGNSNEQFF	2
CASSAVAAETDTQYF	2
CASSGGLVGEQYF	2
CASSGGQGPYNSPLHF	2
CASSGGRGNEQFF	2
CASSDRDRIYEQYF	2
CASSDPRGPHEQFF	2
CASSERGTLAPGETQYF	2
CASSIRDRYTDTQYF	2
CASSMIAGEQSYNEQFF	2
CASSIGTGNYNEQFF	2
CASSTSSGASYNEQFF	2
CASSTVAATNSPLHF	2
CASSTGQGAIYGYTF	2
CASSSSGGSYNEQFF	2
CASSSGRSYEQYF	2
CASSRDRGLVQPQHF	2
CASSRRYGGGPNEQYF	2
CASSKKSGSLTYNEQFF	2
CASSKHGNSETQYF	2
CASSKSGLAGGSDQYF	2
CASRSQGGQGAPRVETQYF	2
CASRRFQGAGEAFF	2
CASRAGGPNNEQYF	2
CASRGSSGEQYF	2
CASRGTGSGDTQYF	2
CASRDRNYEQYF	2
CASRTWEDTGELFF	2
CASRLAGGFEGDTQYF	2
CASRPDTGLLNEQFF	2
CASRPTSGRSDEQFF	2
CASRVGGRTNTEAFF	2
CASRITDSTDTQYF	2
CASRTNTGELFF	2
CASRKTSGIYEQYF	2
CASNRGTGELFF	2
CASNVGLAGNTDTQYF	2
CASKGLAATDTQYF	2
CASKQGRQETQYF	2
CESRASLYEQYF	2
CATRRTVNTGELFF	2
CASSPAGAYEQYF	2
CASSWTGNEQYF	2
CASCDRGSTYEQYF	2
CASRDTFVPYEQYF	2
CASRTGVQETQYF	2
CASETRGETQYF	2
CASSSHGTDTQYF	2
CASSLLAGPSYNEQFF	2
CASSLPSGPYNEQFF	2
CASSGGLSYEQYF	2
CASSDSNTEAFF	2
CASSERGSGANVLTF	2
CASSFLAGVSSTDTQYF	2
CASSFGQGYTGELFF	2
CASSFLVGSNTGELFF	2
CASSFPGSPTGYNEQFF	2
CASSFQAQNIQYF	2
CASSFQGAQADTQYF	2
CASSFVGGTGELFF	2
CASSFEGARFWYF	2
CASSFTRGDNEQFF	2
CASSLSGTGGGNEQFF	2
CASSLSGEEDGYTF	2
CASSLWAATDTQYF	2
CASSLWRNTEAFF	2
CASSLLLAGVGDTQYF	2
CASSLPLNTEAFF	2
CASSLPSGRVVGEQFF	2
CASSLRGPYNNEQFF	2
CASSLRQGYEQFF	2
CASSLRAGVYEQYF	2
CASSLVPGRTYEQYF	2
CASSLVGSYEQYF	2
CASSLASGSVYNEQFF	2
CASSLAHRGITDTQYF	2
CASSLAVRGITDTQYF	2
CASSLAEGLAKNIQYF	2
CASSLARQLTDTQYF	2
CASSLGPVRWLREKLFF	2
CASSLGGYTDTQYF	2
CASSLGTGPLNEQYF	2
CASSLGLRKETQYF	2
CASSLGQGLLGEKLFF	2
CASSLDLETQYF	2
CASSLDVLGGDRYNEQFF	2
CASSLDVTTGELFF	2
CASSLDLLAGADTQYF	2
CASSLDGTLYEQYF	2
CASSLDGRGGNIQYF	2
CASSLDTGGDNEQFF	2
CASSLDSGDTQYF	2
CASSLDSGRVDEQYF	2
CASSLDRGEYEQYF	2
CASSLESQIRSEQYF	2
CASSLEGQLNEQFF	2
CASSLMPSPSYEQYF	2
CASSLTGSTGELFF	2
CASSLRPTNEQYF	2
CASSLKTSGDTQYF	2
CASSLSGQSYNEQFF	2
CASSLPDRGEQYF	2
CASSLGFNEQFF	2
CASSLGLAGMNNEQFF	2
CASSLGGGLGTTDTQYF	2
CASSLTSGILYEQYF	2
CASSLKTGGTQYF	2
CASSSDSSGGHTGELFF	2
CASSSPSARRTEQFF	2
CASSSRKRNDGGELFF	2
CASSSATGGRATNEQFF	2
CASSSRLATSGYNEQFF	2
CASSSGQSLDTQYF	2
CASSLDRDRFSSYEQYF	2
CASSLRGGALGGELFF	2
CASSLTDPFNYGYTF	2
CASSPLAIAGDTDTQYF	2
CASSPWGTDTQYF	2
CASSPYSGSESYNEQFF	2
CASSPAGGENEQFF	2
CASSPGLAGEGSYNEQFF	2
CASSPGRPNTGELFF	2
CASSPEVRSSTDTQYF	2
CASSPTSFEQFF	2
CASSPTGDRPTGELFF	2
CASSPRGYEQYF	2
CASSRERGTDTQYF	2
CASSRSEGSYNEQFF	2
CASSRGLAMTYNNEQFF	2
CASSHNGGQGEQYF	2
CASSHLVPLASYNEQFF	2
CASSQGDGLRGRELFF	2
CASSQDARPPRGANIQYF	2
CASSQTSGKTLQQFF	2
CASSQVARGFYNEQFF	2
CASSQVILDYEQYF	2
CASSQADRDNQPQHF	2
CASSQGLAATGELFF	2
CASSQGVQGYEQYF	2
CASSQGRSTGELFF	2
CASSQDLPQGTPLHF	2
CASSQDPPAGRASPLHF	2
CASSQDPPGTDGYTF	2
CASSQDTKETQYF	2
CASSQDRGLREQFF	2
CASSQEGYSGANVLTF	2
CASSQEEGGPSEQFF	2
CASSQESRPRAEAFF	2
CASSQTPLAGGMETQYF	2
CASSVIGGRSYEQYF	2
CASSGLGTEETQYF	2
CASSGGTSGEETQYF	2
CASSGDTGGYNSPLHF	2
CASSILADNNEQFF	2
CASSIGTSGRLHNEQFF	2
CASSMSTGYEQYF	2
CASSISDPRLGNEQFF	2
CASSSTDTQYF	2
CASSKAPSYEQYF	2
CASSKGRLADNEQFF	2
CASRSGLADNEQFF	2
CASRDTGNEQFF	2
CASRFQIMNTEAFF	2
CASRLYDEQFF	2
CASRLAGSYEQYF	2
CSLPGTTYNEQFF	2
CSVSQGGVTEAFF	2
CSVSGSGDTGELFF	2
CSVGQTDTQYF	2
CSASRGAGDTGELFF	2
CSAYKRQVYYEQYF	2
CSAPLTTSRSYNEQFF	2
CSAHPLAGGPDEQYF	2
CSAGGLSGSTDTQYF	2
CSAGTGQSAPSSYNSPLHF	2
CSADMTGDSYEQYF	2
CSASPDTQYF	2
CSASPQGGAFF	2
CSASPMRGARVTRTDTQYF	2
CSASANGGTQYF	2
CSASDLGRTPLHF	2
CSASEGVYEQYF	2
CSASSRFETQYF	2
CSASPGTGMEETQYF	2
CSASPIGYTVGEQFF	2
CSASVLGGAGANVLTF	2
CSASDRMETQYF	2
CSARQVGSNQPQHF	2
CSARGAREEKLFF	2
CSARLAGDHNEQFF	2
CSARPLAEAYNEQFF	2
CSARRGGISNQPQHF	2
CSARVFGTGGLYSNQPQHF	2
CSARVTGHNQPQHF	2
CSARVGIRSQDEQFF	2
CSARAEGGWRAKQFF	2
CSARGGRPTTQYF	2
CSARGGREWETQYF	2
CSARGIIAGPYEQYF	2
CSARDPLAGGGVEQFF	2
CSARDPGESFQNEQFF	2
CSARDRAGSYEQYF	2
CSARDARVAGELFF	2
CSARDGLADSSTQYF	2
CSARDIAGSYEQYF	2
CSARDIRDGNQPQHF	2
CSARDRGDTEAFF	2
CSARESGHQPQHF	2
CSAREGGRANEQYF	2
CSARETSGTRQFF	2
CSARENGGLNTGELFF	2
CSARTYRTSGKETQYF	2
CSARKGWQNTEAFF	2
CSARKTLETGELFF	2
CSANPGLDYNEQFF	2
CSALPGLAGVIQYF	2
CSASSTRPPEAFF	2
CSAPRTSGRGEQFF	2
CSAPPYAGTSGRGEQYF	2
CSAPDRYYEQYF	2
CSARQPGGPLDTQYF	2
CSAETTGGLGNTIYF	2
CSASPVTDTYEQYF	2
CSARGLQETQYF	2
CSALTGTSGFNEQFF	2
CSISGTPYGYTF	2
CSPWTSGPYEQYF	2
CSVLDTRQETQYF	2
CSVSGAQGQPQHF	2
CSVRDYEQYF	2
CSVVYPAEAFF	2
CSVGRTGYQETQYF	2
CSVDYGGEKLFF	2
CSVEVGSSPYEQYF	2
CSVEVSASTDTQYF	2
CSVEGATLWGQETQYF	2
CSVEDPTHETYEQYF	2
CSVEERRSGLGEQFF	2
CSVEESGQETQYF	2
CSVEKGLNEQFF	2
CSVLGLAGGWYEQYF	2
CSVEPGQEDTDTQYF	2
FLNRDRRPFNNQPQHF	1
SASSTTGIVRGYEQYF	1
SLTEQYF	1
CSAGQGVGNTEAFF	1
CPGSALHRGNEKLFF	1
CVSGPPGDTQYF	1
CVTRTSGRDTQYF	1
CVNLRIIAGDHKVYEQYF	1
CATASPGTAENIQYF	1
CATKWDRGEYEQFF	1
CATGGENTEAFF	1
CASGLVLTGTDSFRSYNEQFF	1
CASGLAGGRNEQFF	1
CASGLGPGPGLAGVGENTGELFF	1
CASGLGGQGWRGTEAFF	1
CASGLGRPSLNTEAFF	1
CASGSAGHNTEAFF	1
CASGRGPYNEQFF	1
CASGPDKTGQPQHF	1
CASGALYEQFF	1
CASIRPDARGTYEQYF	1
CASSFYGAQETQYF	1
CASSLGTYNEQFF	1
CASSLAAGPYNEQFF	1
CASSLGPVVRDNQPQHF	1
CASSSRPGFEQFF	1
CASSLSGLSAGELFF	1
CASSPRGQVNTEAFF	1
CASSPRDRVGEQFF	1
CASSPLLGYEQYF	1
CASSGREQGAEAFF	1
CASNLYLDREGQPQHF	1
CAKGDSGNTIYF	1
CALGTGRGTDTQYF	1
CASAWGSSYNEQFF	1
CASTGGATTDTQYF	1
CASHGTGGSPLHF	1
CASARDSYGYTF	1
CASRSSNQPQHF	1
CASWGLADYNEQFF	1
CASRAGAGETQYF	1
CASARENTEAFF	1
CASQEAPERTSSTDTQYF	1
CACRTGLGEAFF	1
CAWSAGTGVNEQFF	1
CAWRLSYNEQFF	1
CAWQTGFAGNQPQHF	1
CAWGVPGLSNQPQHF	1
CAWDAGTSGNTIYF	1
CAWDRGRLDEQFF	1
CAWEYGAGGKLFF	1
CAWTYRTARPVNYGYTF	1
CAWTPGQGKTDTQYF	1
CAWTDGNYGYTF	1
CAWTTGRNQPQHF	1
CAWSWSGTYGYTF	1
CAWSYPEGVRPLHF	1
CAWSLRDFPFVHF	1
CAWSPDRPVYEQYF	1
CAWSPTMNTEAFF	1
CAWSVGTEYEQYF	1
CAWSVSASSEQFF	1
CAWSVSGVNTEAFF	1
CAWSVYAQGWGETQYF	1
CAWSVLLNTEAFF	1
CAWSVRGTVNSRSNQPQHF	1
CAWSVRKGSEAFF	1
CAWSVQLGDYNEQFF	1
CAWSVQTYTEAFF	1
CAWSVGGLGYTF	1
CAWSASDTSNEQFF	1
CAWSARQVQETQYF	1
CAWSAGAGVNEQFF	1
CAWSGGGSNTIYF	1
CAWSTQGLNTEAFF	1
CAWSRGGDQPQHF	1
CAWSRNTEAFF	1
CAWSNPPGYSFQHF	1
CAWSWGETQYF	1
CAWSPRGPDEQYF	1
CAWSDPGRDTGELFF	1
CAWRASLTDTQYF	1
CAWRVANEQFF	1
CAWRGPSGTENYGYTF	1
CAWNPQGNTEAFF	1
CAWNGAGGQPQHF	1
CAWNILQMNTEAFF	1
CAWKQQASRGEKLFF	1
CALGQGFKATEAFF	1
CALEGQGARETQYF	1
CALSNLNGGQNTEAFF	1
CAPRGAWLNNEQFF	1
CAPKIPRDRGQDTQYF	1
CAPKRGSNQPQHF	1
CAVGLAASSYEQYF	1
CAVPTGRSYNEQFF	1
CAVGGGLVTEAFF	1
CAVGTSGRKAKNIQYF	1
CAVAGRPSTEAFF	1
CAVSGLWGPTEAFF	1
CAVARAGRTGTDTQYF	1
CAARGGQATDTQYF	1
CAARDRGYEQYF	1
CAAGSSYNEQFF	1
CAAHQEGTSLGYTF	1
CAGASGSYEQYF	1
CAGSQHRDQPQHF	1
CAGYYNEQFF	1
CAGGPSRETQYF	1
CAGGGFRSNEKLFF	1
CAGGQSYNEQFF	1
CAGSGSYNEQFF	1
CAGTSGYEQYF	1
CAGTPGNGETQYF	1
CAISDPGSSYNEQFF	1
CAIQTGAFSNYGYTF	1
CAIATGAGETQYF	1
CAISGRDFGEQYF	1
CAISASPYNEQFF	1
CAICSDNSPLHF	1
CAILKGQTFTDTQYF	1
CAIPSGARLETQYF	1
CAIPRRGRTGTNYGYTF	1
CAIRSTDKDYGYTF	1
CAIRAGISYEQYF	1
CAIRRPDGYTF	1
CAIRRDRGANYGYTF	1
CAIQQGTDTQYF	1
CAIQPYGTSGYNEQFF	1
CAIVASTGELFF	1
CAIALAGANTGELFF	1
CAIGSGSNNEQFF	1
CAIGAGGPTDTQYF	1
CAIGDREDGTEAFF	1
CAIGFHF	1
CAIGVGDGSTFF	1
CAIMGGGTDTQYF	1
CAIMGLAGDEQFF	1
CAIIIAGEQYF	1
CAITMGDEQYF	1
CAITKAGGMYEQYF	1
CAITGDPGYGYTF	1
CAISSTPGGNEQFF	1
CAISSQGGETQYF	1
CAISWDRAYGYTF	1
CAISLKRDQPQHF	1
CAISPAGVAGGNPYNEQFF	1
CAISPRVTSGVEQYF	1
CAISPTGAPDTQYF	1
CAISPEGARYNEQFF	1
CAISRGLETEAFF	1
CAISQGLTYNEQFF	1
CAISVSGTSGRSYNEQFF	1
CAISVSGQETQYF	1
CAISVGGRNTEAFF	1
CAISVSGQVVVSPTEAFF	1
CAISVQGNYEQYF	1
CAISVGSSYNSPLHF	1
CAISADSNQPQHF	1
CAISAWRDGHNEQFF	1
CAISARGINTGELFF	1
CAISAGDTQYF	1
CAISAGQGSTEAFF	1
CAISAGHNQPQHF	1
CAISGSANTGELFF	1
CAISGYDLGYTF	1
CAISGPGQGIYEQYF	1
CAISGSGVEANSF	1
CAISGPGGAGEQYF	1
CAISGAGQETQYF	1
CAISGGGGITEAFF	1
CAISGGTPGAEAFF	1
CAISGGLAGTGELFF	1
CAISGDRGGTETQYF	1
CAISGIDGGTQYF	1
CAISGTAMYNEQFF	1
CAISGTGDSPLHF	1
CAISGQGVGSYNEQFF	1
CAISGGAGGYNEQFF	1
CAISGNGTGYYEQYF	1
CAISDSGISYEQYF	1
CAISDWGLAGGPREETQYF	1
CAISDPVREDYNEQFF	1
CAISDPTGKATEAFF	1
CAISDRDANTGELFF	1
CAISDQGLTYNEQFF	1
CAISDGARSPGEQYF	1
CAISDGTSPAGELFF	1
CAISDGQGNQPQHF	1
CAISDTRDPYNEQFF	1
CAISDSGGSYEQYF	1
CAISDRMGYTF	1
CAISDLTSGYEQYF	1
CAISDSATEAFF	1
CAISDPAGPRTYEQYF	1
CAISDPEGGSYGYTF	1
CAISDGGGNSPLHF	1
CAISDGGSYEQYF	1
CAISDERTQYNEQFF	1
CAISDELAGEDTQYF	1
CAISDRFIHGYTF	1
CAISDKDGRTAQYF	1
CAISEFGTAYTEAFF	1
CAISEFRQGDREQYF	1
CAISELQYSTDTQYF	1
CAISESQGNQPQHF	1
CAISESGAIAGHIYNEQFF	1
CAISESDSMNTEAFF	1
CAISESRGAIDTEAFF	1
CAISESQMNTEAFF	1
CAISESGSTSYEQYF	1
CAISESVAGYNADTQYF	1
CAISESVGRVEQFF	1
CAISESAGSGEQYF	1
CAISESAGTYEQYF	1
CAISESGIAGTYEQYF	1
CAISESDVPNGYF	1
CAISESTSGLAGNTIYF	1
CAISESRQGFNYGYTF	1
CAISESRGQGEEKLFF	1
CAISESKRAGNQPQHF	1
CAISESQGPQPQHF	1
CAISESVNNEQFF	1
CAISEPSVAGGPGEQFF	1
CAISEPLWGNTQYF	1
CAISEPTLAAQETQYF	1
CAISEPGLAGDSYEQYF	1
CAISERRQETQYF	1
CAISEAPGGFDEQYF	1
CAISEGGNTYEQYF	1
CAISEGSNQPQHF	1
CAISEGQYTDTQYF	1
CAISEGVSAGGPNTGELFF	1
CAISEGNTEAFF	1
CAISEGQVNQPQHF	1
CAISEDWTTRNTEAFF	1
CAISEDGALNTEAFF	1
CAISEEVTLGYNEQFF	1
CAISETTFMNEQFF	1
CAISETMRDQPQHF	1
CAISETRSSYEQYF	1
CAISESPGTSGRADTQYF	1
CAISERASGRTDTQYF	1
CAISERMGQSYEQYF	1
CAISERVAGIEQFF	1
CAISERGLADNEQFF	1
CAISENGKQFF	1
CAISEKDSNTGELFF	1
CAISESTSGLAKNIQYF	1
CAISEPGQVVEGYTF	1
CAISEQGTPYEQYF	1
CAISEGQGSYNEQFF	1
CAISEIQETQYF	1
CAISETEEHNEQFF	1
CAISERDRGATNEKLFF	1
CAISTLAGEADTQYF	1
CAISSPENADTQYF	1
CAISRQGTSGYEQYF	1
CAISKREGGWEQYF	1
CAISFGRELGYNEQFF	1
CAISLNTNPGGRLAGPPDTQYF	1
CAISPPGGNTEAFF	1
CAISPSGSSYEQYF	1
CAISPDITDTQYF	1
CAISPGQGGKGNQPQHF	1
CAISPAQETQYF	1
CAISRLADTNEQFF	1
CAISRGGGLTDEQFF	1
CAISAGTGVSSYGYTF	1
CAISGFRDRERHEQYF	1
CAISEGQGMNTEAFF	1
CAISETSTDTQYF	1
CAIRPGLRRPEAFF	1
CAIRVTPGQGDDGYTF	1
CAIRGQGTVSYEQYF	1
CAIRDYRGPLNEQFF	1
CAIRDHRLVGQFF	1
CAIRDGRSGNTIYF	1
CAIREQGWSYNEQFF	1
CAIRETHNRQETQYF	1
CAIRLGQANTEAFF	1
CAIRQGAAYEQYF	1
CAIRQGTTQETQYF	1
CAIRGTSGSNKSGYEQYF	1
CAIRETSSSSTDTQYF	1
CAIRKQGEGEKLFF	1
CAINRETNEKLFF	1
CAINRQITDTQYF	1
CAMGGSPYEQYF	1
CAIGGDVYYNEQFF	1
CAIDGGAYEQYF	1
CAISLSGINEQYF	1
CAIKGTGVTDTQYF	1
CATLRGTGELFF	1
CATPGGPYNEQFF	1
CATQDRVANYGYTF	1
CATGRQFYEQYF	1
CATGQGKIVREKLFF	1
CATDVGGQGARQPQHF	1
CATDRRQGPQPQHF	1
CATRGLDRAGRAEAFF	1
CATRENPNYGYTF	1
CATKTSNEQFF	1
CATKREQGSGEKLFF	1
CATSLRAGSYNSPLHF	1
CATSPGLNTEAFF	1
CATSQISGPTGELFF	1
CATSVGDTEAFF	1
CATSGGSGNTDTQYF	1
CATSDRPSYEQYF	1
CATSELGSTDTQYF	1
CATSEPISGRYEQYF	1
CATSRQGRFGELFF	1
CATSFSRAFHTEAFF	1
CATSYLLNTEAFF	1
CATWAGGEAFF	1
CATLRGASEQYF	1
CATPHEGDRAYEQYF	1
CATPRVLGDTIYF	1
CATRRGPSYEQYF	1
CATRASSTDTQYF	1
CATRTSGRASYNEQFF	1
CATRLAAAGELFF	1
CATRRDREGENNEKLFF	1
CATRGGNNQPQHF	1
CATHSGSYNEQFF	1
CATHKGQGIYEQYF	1
CATHRAWDTEAFF	1
CATQPGTNSGELFF	1
CATQAGTTNTGELFF	1
CATQGALTGELFF	1
CATVRLISNTEAFF	1
CATVDRASNTGELFF	1
CATATSRVSTDTQYF	1
CATASGRPAYEQYF	1
CATASRDSYNEQFF	1
CATAPQGGTEAFF	1
CATADYSNEQFF	1
CATAIARTYSGRAPKNIQYF	1
CATARDMIDYEQYF	1
CATAAQSGRDHETQYF	1
CATAVPYYEQYF	1
CATGRSTGELFF	1
CATGHGQGSADTQYF	1
CATGGLAGGRPSYNEQFF	1
CATGGRDRAQPQHF	1
CATGQGVYEQYF	1
CATGQDTDTQYF	1
CATGVANYNEQFF	1
CATGDGYNEKLFF	1
CATGIAGGQYEQYF	1
CATGTHRVYEQFF	1
CATGRGFETQYF	1
CATDRWEGGYNEQFF	1
CATDPGGERDNQPQHF	1
CATDARTSGTDTQYF	1
CATERELGDTQYF	1
CATMSRDSYEQYF	1
CATMGGLTLHQPQHF	1
CATMGLEGYTF	1
CATIASGQGTDTQYF	1
CATTGRPSSGGYTF	1
CATTERYQETQYF	1
CATTWTSGSRYNEQFF	1
CATTLLLAGGYEQYF	1
CATTGSVGYEQYF	1
CATTGTSFGEQFF	1
CATTGTGLAGLLAKNIQYF	1
CATTGQAYEQYF	1
CATTGQGALLYGYTF	1
CATTEGQDNQPQHF	1
CATSFPGENTEAFF	1
CATSYTGKFDEQYF	1
CATSPPGLDTGELFF	1
CATSPGTSGHYNEQFF	1
CATSPEGGINQPQHF	1
CATSHPGPENHNEQFF	1
CATSHGDSNQPQHF	1
CATSQGRERLDEQFF	1
CATSVAVGAREQFF	1
CATSVTAKETQYF	1
CATSVRGWGQPQHF	1
CATSVPGQGGQETQYF	1
CATSARDRGLNTEAFF	1
CATSASIGQGALGGETQYF	1
CATSAPGGSGELFF	1
CATSAPGTGEETQYF	1
CATSARGAQDNEQFF	1
CATSAAGEETQYF	1
CATSANSYEQYF	1
CATSANHGNEQFF	1
CATSGPATDRGGDQPQHF	1
CATSGPTAGDIGETQYF	1
CATSGGTGASYEQYF	1
CATSGERTQETQYF	1
CATSGQVSHEQYF	1
CATSGQDVDEQYF	1
CATSGAASGSSYNEQFF	1
CATSGASNQPQHF	1
CATSGGTGGYYNEQFF	1
CATSGGGDYGYTF	1
CATSGTQTDTQYF	1
CATSDFSKGSFDEQFF	1
CATSDFDRAHWAGKYAEAFF	1
CATSDFNDRELFF	1
CATSDFRGNTGELFF	1
CATSDLLFF	1
CATSDLSASGRGNEQFF	1
CATSDLSGPSSYNEQFF	1
CATSDLSQTTDTQYF	1
CATSDLLGQYF	1
CATSDLPLATGKVDGIRNQPQHF	1
CATSDLPGRMFF	1
CATSDLRLAPYNEQFF	1
CATSDLRSGRNTGELFF	1
CATSDLRGYSTDTQYF	1
CATSDLHGQFDEQFF	1
CATSDLQGGTGGVNTEAFF	1
CATSDLGLAGDEQFF	1
CATSDLREGQETQYF	1
CATSDLKSQETQYF	1
CATSDLVGNEQFF	1
CATSDLAGDRHEQFF	1
CATSDLAGGPSDTQYF	1
CATSDLGRAFF	1
CATSDLGQSSYNEQFF	1
CATSDLSGGRTDTQYF	1
CATSDSSTGEGSSNQPQHF	1
CATSDSLNEQFF	1
CATSDSRLTIYEQYF	1
CATSDSKQGRSNQPQHF	1
CATSDSFEQYF	1
CATSDSSRDRYNEQFF	1
CATSDSVAGNEDYGYTF	1
CATSDSGGPDWEQYF	1
CATSDSDLYQETQYF	1
CATSDSREDTDTQYF	1
CATSDSGHNEQFF	1
CATSDWYEVEKLFF	1
CATSDWGDQETQYF	1
CATSDYGQGWTGELFF	1
CATSDLNQPQHF	1
CATSDLSSGRYEQYF	1
CATSDLEIDTQYF	1
CATSDPRTGQETQYF	1
CATSDPTGQETQYF	1
CATSDPKTGDQPQHF	1
CATSDPSQGGVNEKLFF	1
CATSDPLETQYF	1
CATSDPPEQFF	1
CATSDPRLWEGDTQYF	1
CATSDPTGPGELFF	1
CATSDPTNRETQYF	1
CATSDPSREGGKNIQYF	1
CATSDPGSGAYEQYF	1
CATSDPGLAEDSYNEQFF	1
CATSDPGQRTFNEQFF	1
CATSDPGQGHEQYF	1
CATSDPRQGALEQYF	1
CATSDPGTSGVYNEQFF	1
CATSDRQTGLGQPQHF	1
CATSDARDSNEKLFF	1
CATSDAGGNSPLHF	1
CATSDATHTSGRINEQFF	1
CATSDAGQEGGGYTF	1
CATSDAVAGVNEQFF	1
CATSDAGSPSYEQYF	1
CATSDGLAGTNTGELFF	1
CATSDGPEDGYTF	1
CATSDGQGAEKLFF	1
CATSDIRGQDTDTQYF	1
CATSDMGINQPQHF	1
CATSDTTSTDTQYF	1
CATSDTTGKAFF	1
CATSDTSNQPQHF	1
CATSDSWTREETQYF	1
CATSDSGRSYIQNEQFF	1
CATSDSDGPYNEQFF	1
CATSDNVPTYEQYF	1
CATSDSRSNQPQHF	1
CATSDYRADSSYNEQFF	1
CATSDLAGTEAFF	1
CATSDLGDRRF	1
CATSDPWTGDGGYTF	1
CATSDPGRGGYNEQFF	1
CATSDPDSRSYNEQFF	1
CATSDPLRGGAAFF	1
CATSDPGLAGSPFFNEQFF	1
CATSDPDRRFNEQFF	1
CATSDPRQSNQPQHF	1
CATSDPGLGGGELFF	1
CATSDPEEGAVNQPQHF	1
CATSDPTTRTDTQYF	1
CATSDPTRNYGYTF	1
CATSDPTGGDYNEQFF	1
CATSDPRQAGNTIYF	1
CATSDPAGGRVNEQFF	1
CATSDRQGGNNEQFF	1
CATSDRGSSSTDTQYF	1
CATSDRTGADTQYF	1
CATSDRQAYYGYTF	1
CATSDRTSYEQYF	1
CATSDQGKDGYTF	1
CATSDQGGTGAREQYF	1
CATSDQTGDNQPQHF	1
CATSDAYYNEQFF	1
CATSDAAEGTGEQYF	1
CATSDAGTGTVEQYF	1
CATSDAGPIGSSGELFF	1
CATSDGVYNEQFF	1
CATSDSQNTEAFF	1
CATSEFGVGGYTF	1
CATSEYSGGRRSKFF	1
CATSEYPSGIQYF	1
CATSEYEGQVYGYTF	1
CATSEPGTGKIEQFF	1
CATSEASGVRQETQYF	1
CATSEGTGGPGDYGELFF	1
CATSEDYNEQFF	1
CATSEDRYQPQHF	1
CATSETPGDTQYF	1
CATSESGRNQPQHF	1
CATSELLDRGSDNEQFF	1
CATSESGLAGYNEQFF	1
CATSESTGRYEQYF	1
CATSEPDGEETQYF	1
CATSERIQETQYF	1
CATSEGGTYEQYF	1
CATSESGRTDTQYF	1
CATSERAANDYGYTF	1
CATSITGLATGELFF	1
CATSTSSYNEQFF	1
CATSKRDNEQFF	1
CATSKSRTGLGGYTF	1
CATSFQGAGQPQHF	1
CATSFLRGTDTQYF	1
CATSSKAGEKMNTEAFF	1
CATSSSRGTEGIYQYF	1
CATSSPWETQYF	1
CATSWGQEANTGELFF	1
CATSLQGNQPQHF	1
CATSLGRATDTQYF	1
CATSPPGLLEGEQFF	1
CATSPRPLTTNEKLFF	1
CATSPQRDSYEQYF	1
CATSPDGHEKLFF	1
CATSPADSVDEKLFF	1
CATSPQRDGSYEQYF	1
CATSPGFSTISYNEQFF	1
CATSRQVHEQFF	1
CATSRGLANTDTQYF	1
CATSRTRQAKSHEQYF	1
CATSHDRAKDTQYF	1
CATSVLRGTEAFF	1
CATSVGSTYNEQFF	1
CATSVRGSQYEQYF	1
CATSVDRTANYGYTF	1
CATSAKADPNTGELFF	1
CATSAQLGPDNEQFF	1
CATSAGGRTQPQHF	1
CATSGRGTEAFF	1
CATSGLTSAPAEQYF	1
CATSGPGLVYEQYF	1
CATSGWTHNEQFF	1
CATSGLAGVDNEQFF	1
CATSGRRTGLGYTF	1
CATSGRTRAYEQYF	1
CATSGGLAGNTGELFF	1
CATSGRDRGIGQPQHF	1
CATSDSWGNEQFF	1
CATSESGNQPQHF	1
CATSETSGSTYEQYF	1
CATSIPNQPQHF	1
CATSIALFTYEQYF	1
CATSISTGKGSETQYF	1
CATSIRHGETQYF	1
CATSMGSNTEAFF	1
CATSIASNDIQYF	1
CATSIDRLTDTQYF	1
CATSTPGLAGGPSSYNEQFF	1
CATSTQGSGTEAFF	1
CATSTGAPYGYTF	1
CATSTGLGSHYEQYF	1
CATSTGLNYEQYF	1
CATSTDRSTDTQYF	1
CATSTMTSTPTQYF	1
CATSTNEGHEQYF	1
CATSTGTSTDTQYF	1
CATSTRGMGYGYTF	1
CATSTNEKLFF	1
CATSTGLNTEAFF	1
CATSTGPQVRTGELFF	1
CATSTERENPYEQYF	1
CATSTTGKDGYTF	1
CATSSAGPFQETQYF	1
CATSSDGFGVPNSPLHF	1
CATSSEGTGRPQHF	1
CATSSSGTGVYGYTF	1
CATSSPTRPSYEQYF	1
CATSSRTGQNNEKLFF	1
CATSSRKALTDTQYF	1
CATSSQKAPSGNIQYF	1
CATSSGRGLSTEAFF	1
CATSSGIGTGGPYGYTF	1
CATSSGDRGRLIEKLFF	1
CATSSGPTSGRARNEQFF	1
CATSSGPIHNSPLHF	1
CATSSGRETQYF	1
CATSSGQGASNQPQHF	1
CATSSGDRRYGYTF	1
CATSSDLAGDTDTQYF	1
CATSSEGAMLDTEAFF	1
CATSSEFNNYGYTF	1
CATSSTSRGNQPQHF	1
CATSSSLYGYTF	1
CATSSSPGNTIYF	1
CATSRLLLGWNTEAFF	1
CATSRHNSPLHF	1
CATSRAGSSYNEQFF	1
CATSRGDGSGELFF	1
CATSRGRGQYEQYF	1
CATSRGDQPQHF	1
CATSRDQGRQNQPQHF	1
CATSRIPRQANTGELFF	1
CATSRTLGQGEKLFF	1
CATSRNPGAPNEQFF	1
CATSRFGTGGDGYTF	1
CATSRSRTGAPEAFF	1
CATSRSLAVFNEKLFF	1
CATSRSRGPGNNEQFF	1
CATSRYGAGGAPGELFF	1
CATSRPGQTIQETQYF	1
CATSRRWTDLQYEQYF	1
CATSRRGDTQYF	1
CATSRRTDYEQYF	1
CATSRHNRGYTEAFF	1
CATSRHPNWVYQPQHF	1
CATSRQGRTEAFF	1
CATSRQGSGVYEQYF	1
CATSRVYWGTEAFF	1
CATSRVPAGGTAHYEQYF	1
CATSRVGYEQYF	1
CATSRVTSGWLYEQYF	1
CATSRVPENTEAFF	1
CATSRVSSGGENIQYF	1
CATSRVASGREQYF	1
CATSRVGGGRAYEQYF	1
CATSRVGLLNYGYTF	1
CATSRVDRAGTDTQYF	1
CATSRVNNYEQYF	1
CATSRVAESPLHF	1
CATSRVGTSGELFF	1
CATSRVDRGTGELFF	1
CATSRAATGAKNIQYF	1
CATSRAMAGATGELFF	1
CATSRATLGGLNEKLFF	1
CATSRATRWAYNEQFF	1
CATSRAPGTGRPHYEQYF	1
CATSRAGVDGYTF	1
CATSRGSTSNSYEQYF	1
CATSRGPPGQGNQPQHF	1
CATSRGGVFYGYTF	1
CATSRGRGGIKETQYF	1
CATSRGGSSYNSPLHF	1
CATSRGELPGEQYF	1
CATSRGEGLPGNQPQHF	1
CATSRGEGSYNSPLHF	1
CATSRGTSGFTDTQYF	1
CATSRGNSDREQLFF	1
CATSRGLAGAYNEQFF	1
CATSRGPPQPYNEQFF	1
CATSRGQGGLADTQYF	1
CATSRGVTEAFF	1
CATSRGAGGSNEQFF	1
CATSRDLQGTEAFF	1
CATSRDSEVSGNTIYF	1
CATSRDSGTSGSLTQYF	1
CATSRDSQGSHEQYF	1
CATSRDWQTSGSRDTQYF	1
CATSRDYVASWNYGYTF	1
CATSRDYQGGGELFF	1
CATSRDLAGAWNEQFF	1
CATSRDLGRSEKLFF	1
CATSRDLGHNEKLFF	1
CATSRDLKEKLFF	1
CATSRDLGGGLGYTF	1
CATSRDPLAGGEEQFF	1
CATSRDPRDTGLEKLFF	1
CATSRDPAWPQETQYF	1
CATSRDPAGVNEQFF	1
CATSRDPGIAGNEKLFF	1
CATSRDRNYGYTF	1
CATSRDRSGGAYEQYF	1
CATSRDRYRDEVLFF	1
CATSRDRRDPQGHEQFF	1
CATSRDREGTANEKLFF	1
CATSRDRGSGTDTQYF	1
CATSRDRGGSSYNEQFF	1
CATSRDQWDYGYTF	1
CATSRDQGYNEQFF	1
CATSRDAGGPNTQYF	1
CATSRDGQGNIETQYF	1
CATSRDGRHLNTEAFF	1
CATSRDGPGLAAYEQYF	1
CATSRDGRTGKQPQHF	1
CATSRDGQGPNFAYGYTF	1
CATSRDGVGLAGVDTQYF	1
CATSRDGDEQFF	1
CATSRDGIGPQETQYF	1
CATSRDGGYTF	1
CATSRDEEETQYF	1
CATSRDIGAGSNQPQHF	1
CATSRDTSGTYTYEQYF	1
CATSRDSQPNTEAFF	1
CATSRDRDRGHNEQFF	1
CATSRDRTGEETQYF	1
CATSRDRSFGVRTDTQYF	1
CATSRDRFGRRNTEAFF	1
CATSRDKLGEAFF	1
CATSRDKRPEQYF	1
CATSRDWSSTGRSGNTIYF	1
CATSRDPPYEQYF	1
CATSRDAVSANNEQFF	1
CATSRDGAYEQYF	1
CATSRDGNFKETQYF	1
CATSRDRGTTGYTF	1
CATSRDRGKNTEAFF	1
CATSRDRDYQPQHF	1
CATSRDREASSYNEQFF	1
CATSRESGRADTQYF	1
CATSREPASGRAEWSDTQYF	1
CATSREQNWDEQFF	1
CATSREAGSSPKSYEQYF	1
CATSREGRVYEQYF	1
CATSREGTGGTETQYF	1
CATSRERINEQFF	1
CATSRERANYGYTF	1
CATSREAGVPNEQFF	1
CATSREGVSQPQHF	1
CATSREGVEQYF	1
CATSREISSGNTIYF	1
CATSRETLGNTIYF	1
CATSRTGNEKLFF	1
CATSRTITENYEQYF	1
CATSRSSVGISGNTIYF	1
CATSRRGNYGYTF	1
CATSRRSGGSYNEQFF	1
CATSNPTSGSADEQFF	1
CATSNEGGNEQYF	1
CATSKWGQGGQPQHF	1
CATRRDGNNQPQHF	1
CATRAAGYGYTF	1
CATRGTGTYEQYF	1
CATRGQGNQPQHF	1
CATRDRSPTGELFF	1
CATRRLAGEGREQFF	1
CATRMTGTDTQYF	1
CATRKDNEQFF	1
CATNDRGDRNEQFF	1
CATNKRLAVSTDTQYF	1
CATKGGHGDEQFF	1
CATKERGNTEKLFF	1
CATKRDINEKLFF	1
CATKLAGSYEQYF	1
CATYRWLAGIETQYF	1
CATARNTEAFF	1
CATGNSEAPEKLFF	1
CATGDHSYNSPLHF	1
CATGSGSSYNEQFF	1
CATDNFSTDTQYF	1
CATNEGGLEEKLFF	1
CATKDGSSYEQYF	1
CATCLAGGVGELFF	1
CATPLGRNTGELFF	1
CATHGGTSSYNEQFF	1
CATIQGRGWNEQFF	1
CATSGNSYNEQFF	1
CASSEGYNEQFF	1
CASSIGQARTFF	1
CASSSGSYNEQFF	1
CASSGTGNEKLFF	1
CASSEGYEQYF	1
CASSSGSVYNEQFF	1
CASWGGSGRKYEQYF	1
CASYDGSEDTEAFF	1
CASRLFSGNTIYF	1
CASRALGYNEQFF	1
CASRGARRNTIYF	1
CASRTSGNYEQYF	1
CASRSTDTQYF	1
CASRGGDGYTF	1
CASQVVGELFF	1
CASQGGQTQYF	1
CASQAGTLNEKLFF	1
CASQTDRASYNEQFF	1
CASQSTHQEYF	1
CASVAGGPVNEQFF	1
CASALAGELFF	1
CASALGTGGLSGNTIYF	1
CASANGLAEVQETQYF	1
CASGQGPYNEQFF	1
CASGGPTYEQYF	1
CASGQQNQPQHF	1
CASGAWRNSPLHF	1
CASISGSSGNTIYF	1
CASMEAYSNQPQHF	1
CASMRGNQPQHF	1
CASIGQNLPGETQYF	1
CASTLQGMNTEAFF	1
CASTPMDRPNQPQHF	1
CASTRGLLNSPLHF	1
CASTHDLTGELFF	1
CASTQEREREREQYF	1
CASTRRTANTEAFF	1
CASTRTGLAASYEQYF	1
CASTGLAVSYEQYF	1
CASTGRGIGQFF	1
CASTIMDTGELFF	1
CASSFDRGYRPQHF	1
CASSSQGANQPQHF	1
CASSLQGNEQFF	1
CASSLAGRGRTSAFF	1
CASSLGSGLNQPQHF	1
CASSLHRGQNEQYF	1
CASSLGDRRSLHEQFF	1
CASSLAGVTYNEQFF	1
CASSPDRGQPQHF	1
CASSPLLGTDANTGELFF	1
CASSPLGGDETQYF	1
CASSPDGNWEEKLFF	1
CASSPRRDRRSYEQYF	1
CASSPRGRTEAFF	1
CASSPLTGLGKKNIQYF	1
CASSPDREGYMNTEAFF	1
CASSRDQETQYF	1
CASSQSTGELFF	1
CASSVSGTGREKLFF	1
CASSVIFTDTQYF	1
CASSARGARNQPQHF	1
CASSAQLTGGYGYTF	1
CASSGWGLAGKGPYNEQFF	1
CASSGWEMNTEAFF	1
CASSGGQRNNEQFF	1
CASSDTPYEQYF	1
CASSDRTGNYEQYF	1
CASSEGDRGYEQFF	1
CASSIVIGDIYQPQHF	1
CASSIGRGDGYTF	1
CASSIGTVQYGYTF	1
CASSIGSTEAFF	1
CASSITGTRGYNEQFF	1
CASSISGRAIEQFF	1
CASSISGTGNQPQHF	1
CASSIWARGETEAFF	1
CASSIPREDRTNTEAFF	1
CASSIPGWGTEAFF	1
CASSIRGSGNTIYF	1
CASSIARNTIYF	1
CASSIGGNEQFF	1
CASSIDRDQPQHF	1
CASSMSGTRSNQPQHF	1
CASSMPGITNTGELFF	1
CASSMAEAGNQPQHF	1
CASSMAAGASDTQYF	1
CASSISGRGGDTQYF	1
CASSIPSGQGMSGYTF	1
CASSIRGRLSPEAFF	1
CASSIRDSQETQYF	1
CASSIVGDQPQHF	1
CASSIAPENFGTEAFF	1
CASSIAQNSYEQYF	1
CASSIAGTSYEQYF	1
CASSIGLGNTEAFF	1
CASSIGPRWTEAFF	1
CASSIDSRVDEQFF	1
CASSIDKVAKNIQYF	1
CASSIIRGGTEAFF	1
CASSITGALQESQHF	1
CASSITASGMYNEQFF	1
CASSTTGQGALINYGYTF	1
CASSTSSGTGPTGELFF	1
CASSTSNRGNQPQHF	1
CASSTGLTYEQYF	1
CASSSGLAGEQFF	1
CASSRLAGLEQYF	1
CASSRFGTSANYEQYF	1
CASSRRGSSYEQYF	1
CASSRGNQPQHF	1
CASSKPGGFNQPQHF	1
CASSKVQGGQTQHF	1
CASSKIAGRNYEQYF	1
CASSPLGQGNTEAFF	1
CASSPRGRQPQHF	1
CASSPSNWDRVGQPQHF	1
CASSRRGGANTEAFF	1
CASSRDASKGYTF	1
CASSQTRNTEAFF	1
CASSRQGYGNQPQHF	1
CASRPGTYGYTF	1
CASRSPGTANYGYTF	1
CASRRVETANYGYTF	1
CASRVGFGLDTQYF	1
CASREAGAANEQFF	1
CASRRTSLGEAFF	1
CASRKGGRETQYF	1
CASNFQGGATEAFF	1
CASNESGWREGLKTGELFF	1
CASNIEGLGADTQYF	1
CASKQQGWDTEAFF	1
CASKSGADWLQPQHF	1
CASKLSGSSYEQYF	1
CASKNSRGGEKLFF	1
CASFPGTTPEAFF	1
CASLSRESRSYNEQFF	1
CASLGQVGSDTQYF	1
CASLERGYNEQFF	1
CASLEAGGYNEQFF	1
CASSFLAGGIEQFF	1
CASSSGTGPDTQYF	1
CASSSWDGEAFF	1
CASSPSGSRADTQYF	1
CASSRMRGTTEKYF	1
CASSISPPSSYNEQFF	1
CASSMNTEAFF	1
CASSSGGYEQYF	1
CASSRQGSSYNEQFF	1
CASSKKGTSSYNSPLHF	1
CASSSGVQPQHF	1
CASSSGSQPYEQYF	1
CASSSGDSTDTQYF	1
CASSSGEGYEQYF	1
CASSLGQQETQYF	1
CASSPARGHEQYF	1
CASSPRTQNTEAFF	1
CASSPRGPSYEQYF	1
CASSPMTDTDTQYF	1
CASSRPSGTGLRAKNIQYF	1
CASSRQQETQYF	1
CASSRLAGGSADTQYF	1
CASSQRENGYEQFF	1
CASSVHYNQPQHF	1
CASSENGRTEAFF	1
CASSTGGDYEQYF	1
CASSFRGSSYNEQFF	1
CASSRGQGSAEAFF	1
CASSHSHSDSPYEQYF	1
CASSHREDTIYF	1
CASSQGQILTGELFF	1
CASSGVRDTQYF	1
CASSGQLNEKLFF	1
CASSDRGGGELFF	1
CASSDLRLNTEAFF	1
CASSERSIYYGYTF	1
CASSTVAGAYEQYF	1
CASSTNRDSYNEQFF	1
CASSFLGGNTEAFF	1
CASSSDGGSYEQYF	1
CASSSTGTNTEAFF	1
CASSSSTVLQETQYF	1
CASSWGLIPDTQYF	1
CASSYRGTEAFF	1
CASSLWGDREQYF	1
CASSLRGPSGEQYF	1
CASSLQDMNTEAFF	1
CASSLLNQPQHF	1
CASSLTADNEKLFF	1
CASSLNSNSGNTIYF	1
CASSLQGRYNSPLHF	1
CASSLQQGSETQYF	1
CASSLRETQYF	1
CASSPSGRQETQYF	1
CASSPPGTSGRALNEQFF	1
CASSPPGPAREKLFF	1
CASSPPGQGYTGELFF	1
CASSPREVRETQYF	1
CASSPIRDRGETQYF	1
CASSPRRDGNLNTEAFF	1
CASSPSRQGGNEKLFF	1
CASSPSGQGFSSYGYTF	1
CASSPPSRETQYF	1
CASSPPGTNNYGYTF	1
CASSPPNGRDNEQFF	1
CASSPALVAEETQYF	1
CASSPGWHNGYYGYTF	1
CASSPGLAGVLYEQFF	1
CASSPGQDEKLFF	1
CASSPMHSDYTEAFF	1
CASSPSPEEGYTF	1
CASSPKTRSYEQYF	1
CASSPSGVQPQHF	1
CASSPSQLNTEAFF	1
CASSPQRGAKGNTEAFF	1
CASSPQKSTEAFF	1
CASSPVQWNEKLFF	1
CASSPVAGGPAQFF	1
CASSPAETDTQYF	1
CASSPARKETQYF	1
CASSPGSGVDEKLFF	1
CASSPGNTEAFF	1
CASSPDGSMNTEAFF	1
CASSPDSNYGYTF	1
CASSPDRNTGELFF	1
CASSPEGRGGYTF	1
CASSPIGTPNTEAFF	1
CASSPTGTGSYEQYF	1
CASSPTLARSSYNEQFF	1
CASSPTGAYQPQHF	1
CASSPTSGNEKLFF	1
CASSPNYNSPLHF	1
CASSPSVGDTEAFF	1
CASSPSGGAGETQYF	1
CASSPSRGADTQYF	1
CASSPSRGRGTEAFF	1
CASSPWGGEGHEQYF	1
CASSPYQAGGSTDTQYF	1
CASSPYGGRATEAFF	1
CASSPYTDSSYGYTF	1
CASSPLPWGQGADTQYF	1
CASSPLLRTMGGRGRNEQFF	1
CASSPLARVNTDTQYF	1
CASSPLKGAEQYF	1
CASSPLLGGDYTF	1
CASSPPYRGYNEQFF	1
CASSPPPGGGFLYF	1
CASSPPSDRAKGKLFF	1
CASSPPWGRQTSSGNTIYF	1
CASSPPPSSYEQYF	1
CASSPPGGSIGWEQYF	1
CASSPPGGNTEAFF	1
CASSPPDRNLGYGYTF	1
CASSPPTGKYEQYF	1
CASSPPSSQETQYF	1
CASSPPYPDQETQYF	1
CASSPPLGVNSPLHF	1
CASSPPGIAYGYTF	1
CASSPRARGGASTTDTQYF	1
CASSPRGQDGYTF	1
CASSPRTGVMHTQYF	1
CASSPRSGSFDEQFF	1
CASSPQASGNLYEQYF	1
CASSPQGRGNQPQHF	1
CASSPQGFYGYTF	1
CASSPQGFGYGYTF	1
CASSPQESSEAFF	1
CASSPQNSYEQYF	1
CASSPQPAISGPEAFF	1
CASSPQKIDHEQYF	1
CASSPAGPEAFF	1
CASSPGPTASGNTIYF	1
CASSPGGVNSPLHF	1
CASSPGSSNQPQHF	1
CASSPGQANTEAFF	1
CASSPGGSPEQYF	1
CASSPGGQGVQETQYF	1
CASSPGTSGYEQYF	1
CASSPGTSDEAFF	1
CASSPGGGTEAFF	1
CASSPDRSVSRNTIYF	1
CASSPDPYNEQFF	1
CASSPDREITSPLHF	1
CASSPETTGYEAFF	1
CASSPIKRETQYF	1
CASSPMGTGGASNQPQHF	1
CASSPTSDTQYF	1
CASSPTRLGGTSNYGYTF	1
CASSPTQGPNYGYTF	1
CASSPTVGYQPQHF	1
CASSPTTSGSSYEQYF	1
CASSPTGVSNQPQHF	1
CASSPSPTGREKLFF	1
CASSPRLAGYNEQFF	1
CASSPRQGSYEQYF	1
CASSPNSGTDTQYF	1
CASSRNRVDTEAFF	1
CASSRDGTEAFF	1
CASSRDPPPLNTEAFF	1
CASSREPSGYNEQFF	1
CASSRTGTGYIDEQFF	1
CASSRGQGADTQYF	1
CASSRRTGEETQYF	1
CASSHPGGEQYF	1
CASSHGTGPGNQPQHF	1
CASSHRAETQYF	1
CASSHNTGELFF	1
CASSQGIGNQPQHF	1
CASSQGQGHTEAFF	1
CASSQDRSRMNTEAFF	1
CASSAYNANYGYTF	1
CASSARTSGSRGTDTQYF	1
CASSAGGGQPQHF	1
CASSGAGEITYGYTF	1
CASSGRSNTEAFF	1
CASSDPSGYQETQYF	1
CASSEQQETQYF	1
CASSEFSQQGRGQPQHF	1
CASSILQGRNTGELFF	1
CASSTSVPSSGNTIYF	1
CASSTLGQGPTDTQYF	1
CASSTIQGLNTEAFF	1
CASSTPGAYNEQFF	1
CASSTGQGQIYGYTF	1
CASSTAGAGNTEAFF	1
CASSTGSQGWRNTIYF	1
CASSTGYGYTF	1
CASSTTQNTEAFF	1
CASSNRGLRWNTEAFF	1
CASCLTSGSYNEQFF	1
CASCLEGGRTDTQYF	1
CASWGTGQETQYF	1
CASYHHGSDPAEQYF	1
CASYTSGRGRSDTQYF	1
CASYVGYGAGEKLFF	1
CASLYANTGELFF	1
CASLRGGAGDEQFF	1
CASLRRTNTEAFF	1
CASLGQGAYEQYF	1
CASLGAAKNIQYF	1
CASLGLTGELFF	1
CASLREGGSSYEQYF	1
CASLLLSYNEQFF	1
CASLENSGQKLFF	1
CASLNLGNNQPQHF	1
CASPSDTQYF	1
CASPACRASNQPQHF	1
CASPDRDREGYSNQPQHF	1
CASPQRGGPRRGEQFF	1
CASPAPARETQYF	1
CASPLTKRDGGTDTQYF	1
CASRSGTGYEKLFF	1
CASRPMGGTEAFF	1
CASRAVRGTGTYEQYF	1
CASRAGHGDNEQFF	1
CASRGQGASEQYF	1
CASRERPRIPYEQYF	1
CASRSGNTIYF	1
CASRLVGPYEQYF	1
CASRRAQGDSSGQYF	1
CASRRREGTGELFF	1
CASRAGGRGTGELFF	1
CASRGGAGEQYF	1
CASRGNNPIYGYTF	1
CASRYHSGPVGEQFF	1
CASRGGNEQFF	1
CASRGTFSYEQYF	1
CASRGNYGYTF	1
CASRGGKDEQYF	1
CASRDYYEQYF	1
CASRERESYETQYF	1
CASRIRDTPNYEQYF	1
CASRTSGTYEQYF	1
CASRTGNTEAFF	1
CASRSILAGFYNEQFF	1
CASRWGSRQYF	1
CASRPFGRGSNTEAFF	1
CASRPGGLEKLFF	1
CASRQGAFYEQYF	1
CASRQGRDGELFF	1
CASRQIGSTEAFF	1
CASRAPLGPINEQFF	1
CASRMNSGRINEQFF	1
CASRIIAGGLTDTQYF	1
CASHPLAGASTDTQYF	1
CASHPGTGGYTF	1
CASHGDADASPLHF	1
CASHGRNSGSADTQYF	1
CASHTSGSGTDTQYF	1
CASHGQNTDTQYF	1
CASHTGPYEGTDTQYF	1
CASHRGGGYNSPLHF	1
CASQSGRGGQPQHF	1
CASQRDYNSPLHF	1
CASQAVKGAGEKLFF	1
CASQGSETTEAFF	1
CASQGQGLFSDTQYF	1
CASQDRPYNEQFF	1
CASQTWTSRATDTQYF	1
CASQSGVGRSYEQYF	1
CASQLTGNNQPQHF	1
CASQPWGTSSYNEQFF	1
CASQVVRGNTGELFF	1
CASVYRDNTIYF	1
CASVDRVSNQPQHF	1
CASVTEGTQYF	1
CASALWEKNEQFF	1
CASAPVRRGREQFF	1
CASAGRTGPYEQYF	1
CASAKGEGTNTGELFF	1
CASASEQSGYTF	1
CASALGISGTSYNEQFF	1
CASAPQRANNEQFF	1
CASAPVVGTYEQYF	1
CASARTALGNIQYF	1
CASARLREPQHF	1
CASAAAGNYGYTF	1
CASAGAGNQPQHF	1
CASAGTSGRGTDTQYF	1
CASAGLAGGPNTDTQYF	1
CASAGGDGYTF	1
CASADTHQPQHF	1
CASAERLAGMTSTGELFF	1
CASAMADNEQFF	1
CASATARKNTEAFF	1
CASAYGEGSYEQYF	1
CASAQAGSQSPQHF	1
CASAGLAATDTQYF	1
CASAMIDEQFF	1
CASAISRGPEEKLFF	1
CASAWTVNTEAFF	1
CASAQVDLADYYEQYF	1
CASAGPGNQPQHF	1
CASATGTNTGELFF	1
CASARQNQETQYF	1
CASARTGTEDSPLHF	1
CASGFEGTPSYEQYF	1
CASGSTSITSYEQYF	1
CASGRPGNTIYF	1
CASGRGGEQFF	1
CASGRTESGNEQFF	1
CASGGREAFF	1
CASGTSGTGMGEQFF	1
CASGTGWGNTIYF	1
CASGSGSFEQFF	1
CASGSGSEQFF	1
CASGSGGPYEQYF	1
CASGLGNPTNEKLFF	1
CASGLAGVETQYF	1
CASGPGQGYNEQFF	1
CASGRTGNTEAFF	1
CASGRPTDSYNSPLHF	1
CASGRTGELFF	1
CASGRDRSTDTQYF	1
CASGARDRARDTQYF	1
CASGGLRQETQYF	1
CASGGNEQFF	1
CASGEGDGRYIQYF	1
CASGTDTQYF	1
CASGLKTGMDLNQPQHF	1
CASGSGTEKLFF	1
CASGPGLFTEAFF	1
CASGREGPTDTQYF	1
CASGVGQGALANEKLFF	1
CASGATWGARETQYF	1
CASGGGSGYNEQFF	1
CASGGIAMADTQYF	1
CASGGGPEQYF	1
CASGGDPGNTIYF	1
CASGGNYGYTF	1
CASGGQVLTSYNEQFF	1
CASGDTDTQYF	1
CASGDTRRETQYF	1
CASGDRGMDTQYF	1
CASGEVRTSDLNEQFF	1
CASGEYNEQFF	1
CASGTWHSGELFF	1
CASGTSPTEQYF	1
CASGTSGTHLPSEQYF	1
CASGTRSYNEQFF	1
CASGTSTNYGYTF	1
CASGTYPYEQYF	1
CASGTATNTEAFF	1
CASGTGAFNEQYF	1
CASGTRVATGQFF	1
CASGRDVYEQYF	1
CASGRINEQYF	1
CASGRSNQPQHF	1
CASGKGWSEQFF	1
CASGKESNTEAFF	1
CASGSPNQPQHF	1
CASGSDSFGELFF	1
CASGYGWNTDTQYF	1
CASGLAGGQGEQYF	1
CASGLGVGEQFF	1
CASGPDSYEQYF	1
CASGPGTPAYYEQYF	1
CASGRDAYSGNTIYF	1
CASGRQVNQPQHF	1
CASGQGAETEAFF	1
CASGAPWDGYTGELFF	1
CASGASGTTDTQYF	1
CASGATIQGGEQFF	1
CASGAAGNEQFF	1
CASGGSTDTQYF	1
CASGEQANQPQHF	1
CASGTHRPYGTQYF	1
CASGRGPSYEQYF	1
CASGNTGDTEAFF	1
CASDPTGLNTEAFF	1
CASDDMDTGELFF	1
CASDFPGQGANEQYF	1
CASEVLIEQFF	1
CASEVQGSPEQYF	1
CASENGPQRTDTQYF	1
CASEKGPGYEQYF	1
CASEPVRGGTEAFF	1
CASEPTEPQPQHF	1
CASIFSEKLFF	1
CASISSTDTQYF	1
CASILGLTAGNTQYF	1
CASIPSGMSCYEQYF	1
CASIAPGTYNEQFF	1
CASIGYIRDTQYF	1
CASIGGGSDEQFF	1
CASIDYNEQFF	1
CASIDLPNTGELFF	1
CASIILGSKATGELFF	1
CASISTDTQYF	1
CASIFSGNTGELFF	1
CASISGRAFGETQYF	1
CASIWQLAGEGDTQYF	1
CASILWDREGTQYF	1
CASILPGGLQADTQYF	1
CASILTGSTGELFF	1
CASIPRGLEETQYF	1
CASIPGGAYEQYF	1
CASIPGQGPYNEQFF	1
CASIQNPGTDTYEQYF	1
CASIGYLNTEAFF	1
CASIGRGGSEQFF	1
CASIDRGQGYEQYF	1
CASIDLSYNEQFF	1
CASIEGITGELFF	1
CASITDRGHGTQYF	1
CASITGGSYEQYF	1
CASITGRRKNYGYTF	1
CASISTADSNSYEQYF	1
CASINSGGGRALNTEAFF	1
CASIKRGGGEKLFF	1
CASMSGGSSSYEQYF	1
CASMWGNSGELFF	1
CASMWGSGYGYTF	1
CASMYTGLNTEAFF	1
CASMLPGTGELFF	1
CASMPDTSSYEQYF	1
CASMGGRYEQYF	1
CASMGVGRGSYNEQFF	1
CASMDGRTNEQFF	1
CASMEGSYEQYF	1
CASMTTQETQYF	1
CASMSPGTKNQPQHF	1
CASMRGAAQYF	1
CASMRSQTSNTGELFF	1
CASMKGYEQYF	1
CASIPVRTSGKTEQYF	1
CASIAEGDTEAFF	1
CASTLDRGLGEAFF	1
CASTSYEFDTQYF	1
CASTSGRSSDYTF	1
CASTYIGEQYF	1
CASTLVPGQGAGGNTIYF	1
CASTPSGVAGGREQFF	1
CASTPRDRGYEQYF	1
CASTPHSWVDYGYTF	1
CASTPAWGDTQYF	1
CASTRRAPYEQYF	1
CASTRREVGQPQHF	1
CASTRGGPYNEQFF	1
CASTRSGSDYNEQFF	1
CASTAEVTENNSPLHF	1
CASTGGATNEKLFF	1
CASTGLAGSYNEQFF	1
CASTDGYEQYF	1
CASTMGYGEQFF	1
CASTKKGQGFGYTF	1
CASTKRGVEPQHF	1
CASTFSGSYNEQFF	1
CASTFLTGGVEETQYF	1
CASTFGGGQWQPQHF	1
CASTLAGGPYNEQFF	1
CASTLAESSYNEQFF	1
CASTLTTGNTEAFF	1
CASTLRTRGHEQYF	1
CASTSRLGGWGQPQHF	1
CASTSETSSYNEQFF	1
CASTSRIRTSGTKDSYNEQFF	1
CASTSYRQGIRLNEQFF	1
CASTSIRQVSNYGYTF	1
CASTWGLAGTQYF	1
CASTWTDRFPRELFF	1
CASTWRIGNSPLHF	1
CASTYTGTGSDTQYF	1
CASTYTTFAKNIQYF	1
CASTYTGELFF	1
CASTYSHGTADQPQHF	1
CASTYPPWELAGSTDTQYF	1
CASTYQGPGNQPQHF	1
CASTYRGVNGYTF	1
CASTLLGQKDYGYTF	1
CASTLYGQGGSPLHF	1
CASTLGGSYEQYF	1
CASTLRQVNSPLHF	1
CASTLLGQGGSPLHF	1
CASTLSGTGELFF	1
CASTLRLGGRGSTEAFF	1
CASTLAGGRNQPQHF	1
CASTLAGAKYF	1
CASTLGVAGGPYEQYF	1
CASTLSSGGVSSYNEQFF	1
CASTLTGGNQPQHF	1
CASTLGGVYTGELFF	1
CASTLGWDSNQPQHF	1
CASTPLGQGNEKLFF	1
CASTPGGYTEAFF	1
CASTPGGGDTQYF	1
CASTPEASGPTGELFF	1
CASTPTQRYQETQYF	1
CASTPLLGQGANTGELFF	1
CASTPLGGYSEQYF	1
CASTPSAGESYNEQFF	1
CASTPWRGRGTGELFF	1
CASTPPRAGTGELFF	1
CASTPPATTGELFF	1
CASTPRGAGRAPYNEQFF	1
CASTPQQSSTDTQYF	1
CASTPVWNYGYTF	1
CASTPGINSPLHF	1
CASTPGPEHYTF	1
CASTPGRQRGFLNEQFF	1
CASTPELGNYGYTF	1
CASTPEQGIGYGYTF	1
CASTPMVRGLAEKLFF	1
CASTPPLTRYSYEQYF	1
CASTPRPGGSYEQYF	1
CASTPGLAHNEQFF	1
CASTPGPILGGEKLFF	1
CASTPRLAGAYEQYF	1
CASTPRLQETQYF	1
CASTRFRGLNSYNEQFF	1
CASTRSGSDFRETQYF	1
CASTRGASGTSYNEQFF	1
CASTRRWGVNTEAFF	1
CASTRGSGSSYNEQFF	1
CASTRGGNTGELFF	1
CASTRLAGIGELFF	1
CASTRRITEAFF	1
CASTRQGNTEAFF	1
CASTRGGSSYEQYF	1
CASTHIGGMNTEAFF	1
CASTHPGGASGYTF	1
CASTHAGLADIAKNIQYF	1
CASTHAGAGETQYF	1
CASTHTGTRETQYF	1
CASTQSRSENTEAFF	1
CASTQRTGGTNEKLFF	1
CASTQAGGENIQYF	1
CASTQGGQPQHF	1
CASTQNGETDTQYF	1
CASTVDRNTEAFF	1
CASTVQGRNTEAFF	1
CASTVWGDSKNIQYF	1
CASTVDRAWTEAFF	1
CASTVPLTGRNQPQHF	1
CASTVGDGYTF	1
CASTARTYTDTQYF	1
CASTAPGLAGGTTYEQYF	1
CASTAGLNYGYTF	1
CASTAVSTDTQYF	1
CASTGSAGAGELFF	1
CASTGDGFLGTDTQYF	1
CASTGDTVYEQYF	1
CASTGEREDVSTDTQYF	1
CASTGTSGHNEQFF	1
CASTGTAGQDTQYF	1
CASTGTGASYEQYF	1
CASTGTGISPLHF	1
CASTGLSGYYNEQFF	1
CASTGRDSKPMEQFF	1
CASTGQYSYEQYF	1
CASTGTGEQYF	1
CASTDPPTAGDTQYF	1
CASTDPLGNEQFF	1
CASTDGQGETDTQYF	1
CASTDRPGGEQFF	1
CASTDRGRSNQPQHF	1
CASTEGLNTGELFF	1
CASTEGAGDTGELFF	1
CASTENSQTYNEQFF	1
CASTEGGASYNEQFF	1
CASTERAGANGYTF	1
CASTERGTASGNTIYF	1
CASTEKGYSNQPQHF	1
CASTISAGGEAFF	1
CASTTSYTGELFF	1
CASTTPDSRVGTDTQYF	1
CASTTHLAVNEQFF	1
CASTTAGGFYSYEQYF	1
CASTTGASYGETQYF	1
CASTTTSGIPIRGETQYF	1
CASTTLEARNTEAFF	1
CASTRNTGELFF	1
CASTRQGASAGQPQHF	1
CASTNRDTYLYTEAFF	1
CASTKPLTGELFF	1
CASTKTGSTDTQYF	1
CASTKWGGVTDTQYF	1
CASTKPQPMNTEAFF	1
CASTKGAFNGYTF	1
CASTKGQGATQYF	1
CASTKGGWLPAQLAKNIQYF	1
CASTFLAGNSAQYF	1
CASTYSNQPQHF	1
CASTPGGGTYEQYF	1
CASTRGGLTDTQYF	1
CASTVTGGFGETQYF	1
CASTAGVTYEQYF	1
CASTAGRGHEQFF	1
CASTGPRDRVDNEQFF	1
CASTGREGNQPQHF	1
CASTTSGIAKNIQYF	1
CASTTSGIYEQYF	1
CASTTRGGNSPLHF	1
CASTSQGVYTEAFF	1
CASTLTVGGQPQHF	1
CASTLADSYNEQFF	1
CASTPLQGAGGYTF	1
CASTGSNSPLHF	1
CASTISGGSTAFF	1
CASTTGLAGVSEQYF	1
CASSFFGRDEQYF	1
CASSFFSEQYF	1
CASSFFVGWELKKDTQYF	1
CASSFFEGQPQHF	1
CASSFLWDSPTDTQYF	1
CASSFLREAYTDTQYF	1
CASSFLQNPNYGYTF	1
CASSFLGDTEAFF	1
CASSFLEREWDTQYF	1
CASSFLTGVQETQYF	1
CASSFSRNTGELFF	1
CASSFSNEQYF	1
CASSFSPLQGAPSTYEQYF	1
CASSFSVKTQYF	1
CASSFSVGTGDEQYF	1
CASSFSGTANYEQYF	1
CASSFSGTGVEAFF	1
CASSFSGNTIYF	1
CASSFSAARGYNEQFF	1
CASSFSGTIYEQYF	1
CASSFSSGSPLEQFF	1
CASSFWLAGAYEQYF	1
CASSFWPRRTYNSPLHF	1
CASSFWGNEQFF	1
CASSFWGFEKLFF	1
CASSFWDRYSYEQYF	1
CASSFWRGYTF	1
CASSFYGRTYEQYF	1
CASSFYGTASYEQYF	1
CASSFYSLNSPLHF	1
CASSFYRAGYEQYF	1
CASSFYRAERETQYF	1
CASSFYNEQFF	1
CASSFLGRGLSYTF	1
CASSFLAGGSKNIQYF	1
CASSFPLSGSFRYEQYF	1
CASSFRLVGGSPRTFNEQFF	1
CASSFRLAGGVDTQYF	1
CASSFRLTGELFF	1
CASSFRAGVETQYF	1
CASSFRDSQRNQPQHF	1
CASSFRQGSYNEQFF	1
CASSFHFGQGTYEQYF	1
CASSFHWGQGYNEQFF	1
CASSFQLNTEAFF	1
CASSFQQGTWYF	1
CASSFVSGNEQFF	1
CASSFVLSGGSYEQYF	1
CASSFVLRAKNIQYF	1
CASSFVAGVNYGYTF	1
CASSFVGQETQYF	1
CASSFVGTSGRKTQYF	1
CASSFVGTGSYNEQFF	1
CASSFVGVGQPQHF	1
CASSFVGNQPQHF	1
CASSFALAGGRYNEQFF	1
CASSFATGGEQYF	1
CASSFAGRVGGETQYF	1
CASSFAKNIQYF	1
CASSFATFQETQYF	1
CASSFAGLAGTETQYF	1
CASSFGLAVNTGELFF	1
CASSFGLSSYEQYF	1
CASSFGRTSGSRELFF	1
CASSFGGGFYRQPQHF	1
CASSFGGTGGLGGYTF	1
CASSFGSEAFF	1
CASSFGQGPYEQYF	1
CASSFGVPYEQYF	1
CASSFGGQNTEAFF	1
CASSFGDKSSGNTIYF	1
CASSFGTSSLF	1
CASSFGTGVTDSPLHF	1
CASSFGNTEAFF	1
CASSFGQDQPQHF	1
CASSFGRDQPQHF	1
CASSFDREGVYGYTF	1
CASSFDSLGGNQPQHF	1
CASSFDRSNTEAFF	1
CASSFEGDTEAFF	1
CASSFMTSGYYEQYF	1
CASSFMRTTAEQYF	1
CASSFTGSTDTQYF	1
CASSFTGTNYGYTF	1
CASSFTTGVEQFF	1
CASSFTRGRIPEQYF	1
CASSFTGQGDQPQHF	1
CASSFTGEANQPQHF	1
CASSFTGPDTQYF	1
CASSFSFAYEQYF	1
CASSFSYTGELFF	1
CASSFSREQFF	1
CASSFSHNEQFF	1
CASSFSGRIVGEQFF	1
CASSFSRAYSNQPQHF	1
CASSFSRNSPLHF	1
CASSFRADKRSQETQYF	1
CASSFRGQRRGGTDTQYF	1
CASSFRGNTEAFF	1
CASSFRTSGNEQFF	1
CASSFRGAYEQYF	1
CASSFNSGTYEQYF	1
CASSFNVGDRGYEQYF	1
CASSFNFRNTEAFF	1
CASSFNRQPNTEAFF	1
CASSFKLNTEAFF	1
CASSFFAGNYNEQFF	1
CASSFFPDTQYF	1
CASSFLPQGVYEQYF	1
CASSFLREGDTQYF	1
CASSFSIHPDSGNTIYF	1
CASSFSTGFQETQYF	1
CASSFSSGRLGDTQYF	1
CASSFSSGRGSYNEQFF	1
CASSFSGLSYEAFF	1
CASSFSGLSTDTQYF	1
CASSFSGPSSYEQYF	1
CASSFSGGSSPLHF	1
CASSFWQGILLGNEQFF	1
CASSFWVGEQFF	1
CASSFLDLNNEQFF	1
CASSFLGHSGELFF	1
CASSFLGQGRSNQPQHF	1
CASSFLGQTYEQYF	1
CASSFLRTGQETQYF	1
CASSFLDSGYTF	1
CASSFLAGGGDTQYF	1
CASSFPFMNTEAFF	1
CASSFPLGEAAYNEQFF	1
CASSFPRQGSREQYF	1
CASSFPGLNTEAFF	1
CASSFPGTSGSLSLFF	1
CASSFPGTGFYEQYF	1
CASSFPRTGREGYNEQFF	1
CASSFPGNEQYF	1
CASSFPEIGTDTQYF	1
CASSFPNRVSMNTEAFF	1
CASSFPALPYGYTF	1
CASSFPGGSYEQYF	1
CASSFPTISYNEQFF	1
CASSFRWTSGSSYNEQFF	1
CASSFRDRVFYTF	1
CASSFRTGGYPYGYTF	1
CASSFRNEQFF	1
CASSFHRGRSNTEAFF	1
CASSFQALNTEAFF	1
CASSFQGYGYTF	1
CASSFQGGDEQFF	1
CASSFQGRNQPQHF	1
CASSFQDRVLNEQFF	1
CASSFVGRLYEQYF	1
CASSFVPVSQPQHF	1
CASSFVAAQETQYF	1
CASSFATGGTDTQYF	1
CASSFAPSTGEAGELFF	1
CASSFARGVRQETQYF	1
CASSFAPQGGYTF	1
CASSFARGIYEQYF	1
CASSFAQGSSGNTIYF	1
CASSFAASSPLHF	1
CASSFAGAGQPQHF	1
CASSFAGNSYEQYF	1
CASSFGGANVLTF	1
CASSFGTNQPQHF	1
CASSFGYQETQYF	1
CASSFGLPTENIQYF	1
CASSFGLAVTYEQYF	1
CASSFGPESWTDTQYF	1
CASSFGQREAFF	1
CASSFGGYSYNEQFF	1
CASSFGRNQPQHF	1
CASSFGGRETEAFF	1
CASSFGGGEAFF	1
CASSFGGFSGTGELFF	1
CASSFGGRRTGELFF	1
CASSFGGASYEQYF	1
CASSFGDRGGNQPQHF	1
CASSFGTSGRAFEQYF	1
CASSFGRTGNYGYTF	1
CASSFGLAGVGNEQFF	1
CASSFGVATEAFF	1
CASSFDPGPSFF	1
CASSFDPGTDTQYF	1
CASSFDRATGELFF	1
CASSFDRGFYNEQFF	1
CASSFESRANTEAFF	1
CASSFETSFEAFF	1
CASSFETGSTDTQYF	1
CASSFIGSDTQYF	1
CASSFIHQETQYF	1
CASSFIQNTEAFF	1
CASSFIDGFSYEQYF	1
CASSFIRTSYEQYF	1
CASSFMGATYEQYF	1
CASSFMNTEAFF	1
CASSFTGGGETQYF	1
CASSFSLNTEAFF	1
CASSFSRDNQPQHF	1
CASSFSHRGGKTQYF	1
CASSFSPLGEQYF	1
CASSFSRVNEQYF	1
CASSFRVGHEQYF	1
CASSFRGSNEKLFF	1
CASSFRGSTYEQYF	1
CASSFRGAGEKLFF	1
CASSFKYIQYF	1
CASSFKDRVGLETQYF	1
CASSLFWGDQPQHF	1
CASSLLKLGETQYF	1
CASSLSGTSYEQYF	1
CASSLSGNSPLHF	1
CASSLSSVGQGNQPQHF	1
CASSLSASGSRNEQFF	1
CASSLSQGGYNEQFF	1
CASSLSAYYEQYF	1
CASSLSGVYGYTF	1
CASSLWGRPDTQYF	1
CASSLWGGEQYF	1
CASSLYISTGQYF	1
CASSLYGAYEQYF	1
CASSLYSEAFF	1
CASSLYRGRRDIQYF	1
CASSLLGQLNTGELFF	1
CASSLLAGAGDTQYF	1
CASSLPGGTQPYEQYF	1
CASSLPGRVNTEAFF	1
CASSLRDASTDTQYF	1
CASSLRLSSYNEQFF	1
CASSLRTFQYF	1
CASSLRSGGANEKLFF	1
CASSLQANGPKTQYF	1
CASSLQAHVQGKNIQYF	1
CASSLQGGQPQHF	1
CASSLVFKGNEQFF	1
CASSLVRVNEQFF	1
CASSLVRTDTQYF	1
CASSLVPNEQFF	1
CASSLVGTTYNEQFF	1
CASSLARGTGSYNEQFF	1
CASSLAGRISNQPQHF	1
CASSLATSSYGYTF	1
CASSLANTGELFF	1
CASSLAQDYEQYF	1
CASSLAGATEAFF	1
CASSLAGPNQPQHF	1
CASSLAGGLETQYF	1
CASSLGSLTPYYGYTF	1
CASSLGLGYGQGVADTQYF	1
CASSLGQPQHF	1
CASSLGAGDPPQHF	1
CASSLGNTEAFF	1
CASSLGSTQYF	1
CASSLGLGINSYNEQFF	1
CASSLGGSGLNEQFF	1
CASSLGGRAYEQYF	1
CASSLGGLTDTQYF	1
CASSLGGSTDTQYF	1
CASSLGGKNIQYF	1
CASSLGEQYF	1
CASSLGPGELFF	1
CASSLGVSYEQYF	1
CASSLGAGSTDTQYF	1
CASSLGGEETQYF	1
CASSLGGADTQYF	1
CASSLGGPYEQYF	1
CASSLGDSRRGYTF	1
CASSLGEYAYGYTF	1
CASSLGTSGTGELFF	1
CASSLGTAKETQYF	1
CASSLGTGFYEQYF	1
CASSLGLWSALFF	1
CASSLGLAGGRSEQYF	1
CASSLGLAETYEQYF	1
CASSLGQGTYEQYF	1
CASSLGRGNEQYF	1
CASSLDPGGETQYF	1
CASSLDRLPLHF	1
CASSLDRSYEQYF	1
CASSLDSRTDTQYF	1
CASSLDRGGSYEQYF	1
CASSLDRGGQPQHF	1
CASSLDRQTQYF	1
CASSLEGYNEQFF	1
CASSLEGDSYEQYF	1
CASSLESSYEQYF	1
CASSLEQGRTEAFF	1
CASSLITEETQYF	1
CASSLMKTGELFF	1
CASSLTSTVYNEQFF	1
CASSLTPGPRNSPLHF	1
CASSLTGRSYNEQFF	1
CASSLTVWPGYTF	1
CASSLTGVHSNQPQHF	1
CASSLTGGEEKLFF	1
CASSLTEHNSPLHF	1
CASSLSGRGTDTQYF	1
CASSLRDEQFF	1
CASSLRDYEQYF	1
CASSLRETDYNEQFF	1
CASSLRTGATEAFF	1
CASSLNNWGRGTNEKLFF	1
CASSLNQPQHF	1
CASSLNRNEKLFF	1
CASSLNRETQYF	1
CASSLFWGPYEQYF	1
CASSLFWRAGTGEVNTEAFF	1
CASSLFRQGRNYNSPLHF	1
CASSLFAPDRVSTDTQYF	1
CASSLFAGDYEQYF	1
CASSLFGGTDNSPLHF	1
CASSLFTSTDTQYF	1
CASSLFSGINTGELFF	1
CASSLFLAVNNEQFF	1
CASSLFPNSYNEQFF	1
CASSLFGSGREGQYF	1
CASSLFGGSYQETQYF	1
CASSLFGEGYEQYF	1
CASSLFGTNNHNEQFF	1
CASSLFDQGGKNIQYF	1
CASSLFTEQFF	1
CASSLLSSVIYQPQHF	1
CASSLLVGPYEQYF	1
CASSLLASGNTGELFF	1
CASSLLAGRDNEQFF	1
CASSLLGSSNTGELFF	1
CASSLLGARNTEAFF	1
CASSLLGTGRDEQYF	1
CASSLLGHFYEQYF	1
CASSLLNTEAFF	1
CASSLLFGGADEKLFF	1
CASSLLQGNSNQPQHF	1
CASSLLADSTDTQYF	1
CASSLLGSSNQPQHF	1
CASSLSSGVIYGYTF	1
CASSLSLTPYNEQFF	1
CASSLSPGREQYF	1
CASSLSGLFPLGVQYF	1
CASSLSGFNEKLFF	1
CASSLSGTGGYEQYF	1
CASSLSDRTYEQYF	1
CASSLSERSSYEQYF	1
CASSLSRTSGANTDTQYF	1
CASSLSFFGNTEAFF	1
CASSLSFTGELFF	1
CASSLSSAGVMGTQYF	1
CASSLSYRDNSPLHF	1
CASSLSLGTGLQLFF	1
CASSLSPSGGTYEQYF	1
CASSLSPLAGAYEQYF	1
CASSLSPPQGHYGYTF	1
CASSLSRLETQYF	1
CASSLSRTDTQYF	1
CASSLSRLASTDTQYF	1
CASSLSQGERGNEQFF	1
CASSLSASGSLRETQYF	1
CASSLSAGLETQYF	1
CASSLSGQGMGTQYF	1
CASSLSGDTQYF	1
CASSLSTITDTQYF	1
CASSLSTVSGILGYTF	1
CASSLSRFSGNTIYF	1
CASSLSFQGAGYGYTF	1
CASSLSFRGRGGYTF	1
CASSLSSGNTIYF	1
CASSLSPGTGLSYEQYF	1
CASSLSPGLAGIYEQYF	1
CASSLSRGAETQYF	1
CASSLSVGVTGELFF	1
CASSLSASGRAEQFF	1
CASSLSAGWNQPQHF	1
CASSLSGLGETQYF	1
CASSLSGFTGELFF	1
CASSLSGGLSYNSPLHF	1
CASSLSGDNQPQHF	1
CASSLSGNSYEQYF	1
CASSLSINSPLHF	1
CASSLSTGATGELFF	1
CASSLSSGNTIYF	1
CASSLSRSADTQYF	1
CASSLSRGQPQHF	1
CASSLSAGQTNQPQHF	1
CASSLSGGAGYTF	1
CASSLSGEGSGEQYF	1
CASSLSGTYNEQFF	1
CASSLSGNTQYF	1
CASSLWSGAPNTGELFF	1
CASSLWVGDSLHSYEQYF	1
CASSLWAWTGEVDGYTF	1
CASSLWAGGPLNEQFF	1
CASSLWGDQPQHF	1
CASSLWGDARQPQHF	1
CASSLWGSGKETQYF	1
CASSLWGASSKTDTQYF	1
CASSLWGKSNQPQHF	1
CASSLWDRVNTEAFF	1
CASSLWDRATEAFF	1
CASSLWDREAEQFF	1
CASSLWTAATHEQYF	1
CASSLWTGGKYNSPLHF	1
CASSLYSGPYEQYF	1
CASSLYPSGRQSEQFF	1
CASSLYASGSHEQYF	1
CASSLYGDTQYF	1
CASSLYPPGDTEAFF	1
CASSLYPSSYEQYF	1
CASSLYRSSYNEQFF	1
CASSLYHFGGKLAKNIQYF	1
CASSLYHQSNQPQHF	1
CASSLYGLAYEQYF	1
CASSLYGRTSTDTQYF	1
CASSLYGQVGQPQHF	1
CASSLYGVSPLHF	1
CASSLLFTEKLFF	1
CASSLLSGRNGELFF	1
CASSLLGTGMETQYF	1
CASSLLPQGNTEAFF	1
CASSLLWLAGGGGETQYF	1
CASSLLAPETQYF	1
CASSLLFGTQYF	1
CASSLLSTRNEQYF	1
CASSLLAGAYEQYF	1
CASSLPPLAEASYEQYF	1
CASSLPRTDILGGYYEQYF	1
CASSLPAGDSEQYF	1
CASSLPGTGYEQYF	1
CASSLPGSLNTQYF	1
CASSLPGITYEQYF	1
CASSLPGQMNQPQHF	1
CASSLPTGAAKNIQYF	1
CASSLPGFYEQYF	1
CASSLPGSRDYEQYF	1
CASSLRWGPYEQYF	1
CASSLRHSTDTQYF	1
CASSLRANYNEQFF	1
CASSLRTWRTNSPLHF	1
CASSLRWGLEIDEQFF	1
CASSLRGITEAFF	1
CASSLRGPNQPQHF	1
CASSLRGALSEQYF	1
CASSLRTRNQPQHF	1
CASSLRTERSQYF	1
CASSLRLALREQFF	1
CASSLRGRFGEQYF	1
CASSLHRDREETQYF	1
CASSLHVSGANVLTF	1
CASSLHGGGETQYF	1
CASSLHGPPDF	1
CASSLQGVVTQYF	1
CASSLQGTTDTQYF	1
CASSLQGQGFDTQYF	1
CASSLQETNYGYTF	1
CASSLQIGGGLGYTF	1
CASSLQRPNEQFF	1
CASSLQPGAQKLFF	1
CASSLQQNQPQHF	1
CASSLVRPDGDYGYTF	1
CASSLVRVYWSNIAGNEQFF	1
CASSLVPGVSGNTIYF	1
CASSLVRDRDQPQHF	1
CASSLVRLAGSTGELFF	1
CASSLVVPPRGELFF	1
CASSLVGPGRNEQFF	1
CASSLVMVPPPYSNQPQHF	1
CASSLVKEEKLFF	1
CASSLVWGSNQPQHF	1
CASSLVLPGGLESSYNEQFF	1
CASSLVVQTLTKNIQYF	1
CASSLVVNTEAFF	1
CASSLVASGTDTQYF	1
CASSLVLASRAF	1
CASSLVQGGNQPQHF	1
CASSLVGPNNNEQFF	1
CASSLVIGRGYTF	1
CASSLVTGGRPLDNGYTF	1
CASSLVNPLEQYF	1
CASSLAPGSDTQYF	1
CASSLAPDTEAFF	1
CASSLAGDRVGTEAFF	1
CASSLASNQPQHF	1
CASSLARGGDYEKLFF	1
CASSLANSPLHF	1
CASSLASAGTLYEQYF	1
CASSLARTEAFF	1
CASSLAVQGGVEAFF	1
CASSLAGTGGTEAFF	1
CASSLASRAEQFF	1
CASSLALRPYEQYF	1
CASSLALIYEQYF	1
CASSLALSERLPYEQYF	1
CASSLAPAGYLNEQFF	1
CASSLAVTGNGYTF	1
CASSLAGCSPQHF	1
CASSLAGRSNIQYF	1
CASSLAGRGANTEAFF	1
CASSLAGFGLSSYEQYF	1
CASSLAGAYEQYF	1
CASSLAGGEAFF	1
CASSLAGRARYEQYF	1
CASSLAGLAGNNEQFF	1
CASSLAGHYEQYF	1
CASSLAGGRTGELFF	1
CASSLAGGAYEQYF	1
CASSLADYGYTF	1
CASSLATRYYNEQFF	1
CASSLATGRNEKLFF	1
CASSLAKSYEQYF	1
CASSLALATDTQYF	1
CASSLGSYNEQFF	1
CASSLGSGILSTDTQYF	1
CASSLGGAGMNTEAFF	1
CASSLGGGRATENIQYF	1
CASSLGGTGYF	1
CASSLGLNYGYTF	1
CASSLGQPYEQYF	1
CASSLGGSTDTQYF	1
CASSLGLGTEAFF	1
CASSLGWGSYEQYF	1
CASSLGLAGGLNEQFF	1
CASSLGPPYEQYF	1
CASSLGRYNQPQHF	1
CASSLGQDSEQFF	1
CASSLGVSNTGELFF	1
CASSLGVGAEQYF	1
CASSLGVRMNTEAFF	1
CASSLGAGSEQYF	1
CASSLGALGFNEQFF	1
CASSLGARGLANEKLFF	1
CASSLGGFSYNEQFF	1
CASSLGGGAYEQYF	1
CASSLGGAGTEAFF	1
CASSLGGGNNNEQFF	1
CASSLGGIGQPQHF	1
CASSLGGNTDTQYF	1
CASSLGGLAPQGEQFF	1
CASSLGGPADGQPQHF	1
CASSLGGGNTEAFF	1
CASSLGGDQPQHF	1
CASSLGDGGGHNEQFF	1
CASSLGDGPLGEQYF	1
CASSLGDTGGYTF	1
CASSLGIRGETQYF	1
CASSLGTSREHEQYF	1
CASSLGTSGYNEQFF	1
CASSLGTSGQETQYF	1
CASSLGTALSYEQYF	1
CASSLGTTNNEQFF	1
CASSLGTGAYGYTF	1
CASSLGTGGRNEQYF	1
CASSLGRAGGYTF	1
CASSLGRGSYNEQFF	1
CASSLGNTEAFF	1
CASSLGLAVYNEQFF	1
CASSLGRRTEAFF	1
CASSLGQQETQYF	1
CASSLGAGQYF	1
CASSLGAGGRQETQYF	1
CASSLGGGGGTQYF	1
CASSLGGNSNQPQHF	1
CASSLGGGRRYEQYF	1
CASSLGGRGTEAFF	1
CASSLGEKLFF	1
CASSLDGANTEAFF	1
CASSLDEYTGELFF	1
CASSLDPGANSPLHF	1
CASSLDRGVRPYEQYF	1
CASSLDATNYNEQFF	1
CASSLDGVSYEQYF	1
CASSLDGYNQPQHF	1
CASSLDSYGYTF	1
CASSLDRGAYGYTF	1
CASSLEVAYGYIF	1
CASSLEVAGLHQPQHF	1
CASSLEAPMFVSDTQYF	1
CASSLEAGRATGNTIYF	1
CASSLETEYGYTF	1
CASSLELAGVGKQYF	1
CASSLEQRQGRGNQPQHF	1
CASSLEAGPKNSPLHF	1
CASSLEGANSPLHF	1
CASSLEGNSYNEQFF	1
CASSLERVPYYGYTF	1
CASSLIQGANEKLFF	1
CASSLIFPTGVVGGYTF	1
CASSLILTDTQYF	1
CASSLILASGELFF	1
CASSLIGDNYGYTF	1
CASSLIDGSSYEQYF	1
CASSLMQTQYF	1
CASSLMGVAEQFF	1
CASSLMGNYGYTF	1
CASSLMGLAGFVTDTQYF	1
CASSLMGNEQFF	1
CASSLMTAYQETQYF	1
CASSLMRLAGGSLAKNIQYF	1
CASSLTPWTADSNQPQHF	1
CASSLTVAGQGVDEQFF	1
CASSLTSGRNEQFF	1
CASSLTSGRRETQYF	1
CASSLTRGNEAFF	1
CASSLTSTSGRRFEQYF	1
CASSLTGPYNEQFF	1
CASSLTGARGNTIYF	1
CASSLTGGRSSYEQYF	1
CASSLTGGDTEAFF	1
CASSLSPVPGQGGSNQPQHF	1
CASSLSPGTNQPQHF	1
CASSLSGRPGPTDTQYF	1
CASSLSWGGSEAFF	1
CASSLSLAGTDTQYF	1
CASSLSQGATEAFF	1
CASSLSGDGYNEQFF	1
CASSLSGSYEQYF	1
CASSLRPGQAGKNTEAFF	1
CASSLRREGPQHF	1
CASSLRGSPLHF	1
CASSLRGVRYSNQPQHF	1
CASSLRGKETQYF	1
CASSLRDTRSAEAFF	1
CASSLRIEAFF	1
CASSLRAGKTGELFF	1
CASSLNDPWDEQYF	1
CASSLNGYNEQFF	1
CASSLNRDNEQFF	1
CASSLKRDEQFF	1
CASSLKRPGQGPYEQYF	1
CASSLKGAGTWNTEAFF	1
CASSLKGGRAWNEQFF	1
CASSSFGTGDSYEQYF	1
CASSSLTKEYEQYF	1
CASSSLAGVGETQYF	1
CASSSSGTSGMLRSYEQYF	1
CASSSSGTNSYEQYF	1
CASSSSRTGGNTEAFF	1
CASSSSTSFYNEQFF	1
CASSSYRERGLNEQFF	1
CASSSLLGTGQGPLHF	1
CASSSLNTEAFF	1
CASSSLPGTGHQETQYF	1
CASSSLAGGTDTQYF	1
CASSSLAESNTQYF	1
CASSSLTDEQFF	1
CASSSPGTGLNYGYTF	1
CASSSPTGVEKLFF	1
CASSSPRTSPEELFF	1
CASSSRTSVYNEQFF	1
CASSSRQGLSNEQFF	1
CASSSRKTGGMYF	1
CASSSQGASYEQYF	1
CASSSQLDFTDTQYF	1
CASSSQAGEQFF	1
CASSSARSGHWSF	1
CASSSGRAGFDAEAFF	1
CASSSGTRGGNQPQHF	1
CASSSGFGETQYF	1
CASSSDRVNQPQHF	1
CASSSDRGRGYTF	1
CASSSTTDTQYF	1
CASSSTVYNEQFF	1
CASSSTGGNSPLHF	1
CASSSSGRAETQYF	1
CASSSRGGEQYF	1
CASSSRTATYEQYF	1
CASSSRGYTYEQYF	1
CASSSFWQPQHF	1
CASSSLLAGVVHEQFF	1
CASSSLGSDGELFF	1
CASSSSGPIGAFF	1
CASSSSGTSKNEQFF	1
CASSSSGQGLWEQYF	1
CASSSYRSGMSGEQYF	1
CASSSYTEAFF	1
CASSSLASSGSFEQFF	1
CASSSLRRSYNEQFF	1
CASSSLGGLADFYEQYF	1
CASSSLRGGFYNEQFF	1
CASSSPTPQGYVVETQYF	1
CASSSPPNTIYF	1
CASSSPPAGVNIQYF	1
CASSSPGGIASPQETQYF	1
CASSSPGEDYAEAFF	1
CASSSPDEGEQETQYF	1
CASSSPGTGLYEQYF	1
CASSSPGQPQHF	1
CASSSPGAQQYF	1
CASSSPGLAGPGELFF	1
CASSSPGQGVREQYF	1
CASSSPRDRERDTQYF	1
CASSSPGLAGVGTQYF	1
CASSSPGNREPQHF	1
CASSSRWNGPAETQYF	1
CASSSRREQYF	1
CASSSRLGSSYNEQFF	1
CASSSRDRGAFF	1
CASSSRLAGGDEQFF	1
CASSSRLEVYHEQYF	1
CASSSRQGRLNQPQHF	1
CASSSHRPGGLYSNQPQHF	1
CASSSQGGKETQYF	1
CASSSVRGYQNIQYF	1
CASSSVQGASTDTQYF	1
CASSSVAGGGRKTQYF	1
CASSSVAGDQETQYF	1
CASSSAGVGLGQPQHF	1
CASSSAVTGEQYF	1
CASSSAGLDYEQYF	1
CASSSAGTNQPQHF	1
CASSSGTHSNQPQHF	1
CASSSGTGGHSPLHF	1
CASSSGTGYWAPLHF	1
CASSSGTGVLLHGYTF	1
CASSSGTGAREQYF	1
CASSSGTGGSSYEQYF	1
CASSSGTTNYGYTF	1
CASSSGLAGPVTDTQYF	1
CASSSGLAEVDTQYF	1
CASSSGTFYEQYF	1
CASSSDGYTF	1
CASSSELARYEQYF	1
CASSSILAGGEQFF	1
CASSSTWGTDNQSQHF	1
CASSSTYEQYF	1
CASSSTPGTVGNEQFF	1
CASSSTGQRGLAFF	1
CASSSSPGQGGRNTEAFF	1
CASSSRTYNEQFF	1
CASSSRGQGGNQPQHF	1
CASSSFYEQYF	1
CASSSFTDTQYF	1
CASSSWTSGRAPNNEQFF	1
CASSSYSSGAQETQYF	1
CASSSYPRTASGNTIYF	1
CASSSYGQETQYF	1
CASSSPPGRGSTDTQYF	1
CASSSPRWTGNYYEQYF	1
CASSSPYGTFTDRFTQYF	1
CASSSRRFGGEQYF	1
CASSSREGGDTQYF	1
CASSSHRGVREQYF	1
CASSSVGNEQFF	1
CASSSVAGDEQFF	1
CASSSAGGLGETQYF	1
CASSSAGFGNTIYF	1
CASSSGYYGYTF	1
CASSSGGRETQYF	1
CASSSGDTETQYF	1
CASSSGESSYNEQFF	1
CASSSGTSVSTDTQYF	1
CASSSGLHNSPLHF	1
CASSSGLAEQYF	1
CASSSGQTYEQYF	1
CASSSGGATEAFF	1
CASSSDSPYTQYF	1
CASSSIRGNEQFF	1
CASSSTGLFYGYTF	1
CASSSSRRTGVVVDTQYF	1
CASSSSGSQTQYF	1
CASSSRLDQETQYF	1
CASSSFRVTEAFF	1
CASSSSGTSGRSADTQYF	1
CASSSYTYNEKLFF	1
CASSSLGGQVTEAFF	1
CASSSLAFSTDTQYF	1
CASSSPPYEQYF	1
CASSSPRTEKPQHF	1
CASSSPMGGAVTEAFF	1
CASSSPRDTTGELFF	1
CASSSQVGTEAFF	1
CASSSQGSDTQYF	1
CASSSQGWEQYF	1
CASSSQGLNTEAFF	1
CASSSQGVTEAFF	1
CASSSANTEAFF	1
CASSSGGTQYF	1
CASSSGAAYEQYF	1
CASSSGGYEQYF	1
CASSSGGAFETQYF	1
CASSSGGTVYEQYF	1
CASSSGGNTEAFF	1
CASSSGTGVHEQYF	1
CASSSGLAAIYEQYF	1
CASSSGREYEQYF	1
CASSSGRGQYF	1
CASSSISGKTYEQYF	1
CASSSIGANTEAFF	1
CASSSTLPVQFF	1
CASSSTGTGDYEQYF	1
CASSSTTSAYEQYF	1
CASSSTPGGELRERHTYEQYF	1
CASSSTGYNQPQHF	1
CASSSTGGAGNTIYF	1
CASSSRYGYTF	1
CASSSNPGHSYEQYF	1
CASSSKTGSDGNTIYF	1
CASSWLQENSPLHF	1
CASSWSGGRQPQHF	1
CASSWSSGTGELFF	1
CASSWSGYSYEQYF	1
CASSWSGGYETQYF	1
CASSWYEQYF	1
CASSWLAGGDTDTQYF	1
CASSWVPVFRLTLYEQYF	1
CASSWVPGISGYTF	1
CASSWVGETQYF	1
CASSWARNSPLHF	1
CASSWGSSGYEQYF	1
CASSWGRGRANYGYTF	1
CASSWGRNQPQHF	1
CASSWGVGTEAFF	1
CASSWGGGDGYTF	1
CASSWGGDRGANYGYTF	1
CASSWGDQPQHF	1
CASSWGIKKPQHF	1
CASSWGTGNLSLHF	1
CASSWGLAGALSYNEQFF	1
CASSWDYNEQFF	1
CASSWDPRTEAFF	1
CASSWDRTGKKLFF	1
CASSWDSNQPQHF	1
CASSWETGVSNQPQHF	1
CASSWIYEDTQYF	1
CASSWTQGGLGTEAFF	1
CASSWTADEQFF	1
CASSWTSSSLYTGELFF	1
CASSWTSGRPTGELFF	1
CASSWTGPPEKLFF	1
CASSWTGPDTQYF	1
CASSWTGVADTQYF	1
CASSWNRGEETQYF	1
CASSYLAGGYGYTF	1
CASSYSLDLRRSYGYTF	1
CASSYSAYSNQPQHF	1
CASSYSGLNNEQFF	1
CASSYSGLVLYNEQFF	1
CASSYSNLGKLFF	1
CASSYYGEDNEQFF	1
CASSYLQVNQPQHF	1
CASSYPGLNTEAFF	1
CASSYPGTSLYNEQFF	1
CASSYPSSGLSTDTQYF	1
CASSYRYSGRSETQYF	1
CASSYRQGAVNEKLFF	1
CASSYVSGNRYEQYF	1
CASSYGRNTGELFF	1
CASSYGYGYTF	1
CASSYGLTGTSGSYNEQFF	1
CASSYGQYNEKLFF	1
CASSYGGSAYEQYF	1
CASSYGGEQFF	1
CASSYDEQFF	1
CASSYDIGHQPQHF	1
CASSYDRGNEQYF	1
CASSYEGTNSYEQYF	1
CASSYIQGNQPQHF	1
CASSYSGRQTEAFF	1
CASSYSGGAQYF	1
CASSYSGVSYNEQFF	1
CASSYRPRGNEKLFF	1
CASSYFLGQQSYEQYF	1
CASSYFAQGSLTVNYGYTF	1
CASSYFGREAFF	1
CASSYFGGNTEAFF	1
CASSYFGQGAGGSPLHF	1
CASSYFSGTEAFF	1
CASSYLSGTADYEQYF	1
CASSYLPLAGLQEQFF	1
CASSYLGGSPEQYF	1
CASSYLGNTGELFF	1
CASSYLLASNEQFF	1
CASSYSFHYEQYF	1
CASSYSSTRREGSPYNEQFF	1
CASSYSSGGEVEGYTF	1
CASSYSPVNEQFF	1
CASSYSRGYEQYF	1
CASSYSHRANYGYTF	1
CASSYSGGRRGEQFF	1
CASSYSGQYQETQYF	1
CASSYSTSGVSYEQYF	1
CASSYSTGQGSNQPQHF	1
CASSYSTGTAGELFF	1
CASSYSRDRGYDEQYF	1
CASSYSRRGSTGELFF	1
CASSYSFSSGRKTQYF	1
CASSYSFRPDYGYTF	1
CASSYSPSGRGYNEQFF	1
CASSYSPSGTGAVEQYF	1
CASSYSPTSGRKDTQYF	1
CASSYSRTSATGELFF	1
CASSYSQGYEQFF	1
CASSYSQGREQYF	1
CASSYSVRGTEAFF	1
CASSYSASGSPFF	1
CASSYSGANYGYTF	1
CASSYSGTVYGYTF	1
CASSYSGTNYNEQFF	1
CASSYSDGLANTGELFF	1
CASSYSDSYNEQFF	1
CASSYSDYNEQFF	1
CASSYSDRVRNQPQHF	1
CASSYSFRRAVETQYF	1
CASSYSLGQGNQPQHF	1
CASSYSSGNTEAFF	1
CASSYSSSGSDEQFF	1
CASSYSSFASNTEAFF	1
CASSYSLRGFSPLHF	1
CASSYSLGTDTQYF	1
CASSYSRGLAGVLDEQFF	1
CASSYSRGLVIEQFF	1
CASSYSRLAGENEQFF	1
CASSYSQGGGTEAFF	1
CASSYSASGLTLAKNIQYF	1
CASSYSASMNTEAFF	1
CASSYSGRNNYGYTF	1
CASSYSGSSNTEAFF	1
CASSYSGRSYNNEQFF	1
CASSYSGGGELFF	1
CASSYSGQVYSPLHF	1
CASSYSGGGEPQHF	1
CASSYSEGDTQYF	1
CASSYSIGQGDDQPQHF	1
CASSYSISTGASDEQYF	1
CASSYSIGGANTEAFF	1
CASSYSMGTGVYNEQFF	1
CASSYSIGSDEQFF	1
CASSYSIRASNQPQHF	1
CASSYSTSGISYEQYF	1
CASSYSTSTGELFF	1
CASSYSTSGVANYGYTF	1
CASSYSTGRVNQPQHF	1
CASSYSTGLEETQYF	1
CASSYSSSGRTGELFF	1
CASSYSSGSNQPQHF	1
CASSYSRSGAEAFF	1
CASSYSRSSSSPLHF	1
CASSYSRRVHGYTF	1
CASSYSRTYEQYF	1
CASSYSNGGRTGELFF	1
CASSYSNDAQYF	1
CASSYSWVHEQYF	1
CASSYSRGSGATNEKLFF	1
CASSYSGGNQPQHF	1
CASSYSDRVGEKLFF	1
CASSYSRRGASSYNSPLHF	1
CASSYWDMSFLVYNEQFF	1
CASSYYPDHSYEQYF	1
CASSYYPPGTGGYTEAFF	1
CASSYYRQRYYEQYF	1
CASSYYTPGQGPPQTQGIQYF	1
CASSYLQWNQPQHF	1
CASSYLGENGELFF	1
CASSYLWEAFF	1
CASSYLPGRANQPQHF	1
CASSYLQSTDTQYF	1
CASSYLQTGGTGELFF	1
CASSYLSVPSGNTIYF	1
CASSYLLDYEQYF	1
CASSYLNTEAFF	1
CASSYLQGVNQPQHF	1
CASSYLAGVYNEQFF	1
CASSYLAGGGNEQFF	1
CASSYLAGDSYEQYF	1
CASSYLGGDTEAFF	1
CASSYPWGVILNTEAFF	1
CASSYPGRGNQPQHF	1
CASSYPGSNEKLFF	1
CASSYPDRGIMNTEAFF	1
CASSYPYETGLGNSPLHF	1
CASSYPTDTQYF	1
CASSYRSIRQGTFRSPGLANQETQYF	1
CASSYRPREGYNEQFF	1
CASSYRGVGAEAFF	1
CASSYRGQTTEKLFF	1
CASSYRTGRNYEQYF	1
CASSYRREVETQYF	1
CASSYRALAGVTDTQYF	1
CASSYRISPYEQYF	1
CASSYHRDTSYEQYF	1
CASSYHDREAGELFF	1
CASSYQGYGYTF	1
CASSYQGQGADTQYF	1
CASSYQLAGDSEQFF	1
CASSYVGQTTGELFF	1
CASSYVQGGTDTQYF	1
CASSYARTGHYGYTF	1
CASSYAREDYGYTF	1
CASSYAMAGLTEAFF	1
CASSYAVPSYEQYF	1
CASSYAGGSNQPQHF	1
CASSYATGPTGELFF	1
CASSYGWSDTEAFF	1
CASSYGISGNTIYF	1
CASSYGGTGGNEQFF	1
CASSYGGQETQYF	1
CASSYGTGGRQFF	1
CASSYGLGTQYF	1
CASSYGSNEQFF	1
CASSYGRGRAEAFF	1
CASSYGHLRNNNEQFF	1
CASSYGAGLQPQHF	1
CASSYGAYNEQFF	1
CASSYGAAFSYEQYF	1
CASSYGAGGPNTGELFF	1
CASSYGGAGSYEQYF	1
CASSYGGSVLFTGELFF	1
CASSYGGSGNTEAFF	1
CASSYGGLANTGELFF	1
CASSYGGGQFF	1
CASSYGDTWEPQHF	1
CASSYGTSASYEQYF	1
CASSYGTSGTYEQYF	1
CASSYGTSEIGELFF	1
CASSYGTGIRGVDQPQHF	1
CASSYGRSLVDIQYF	1
CASSYGKTYEQYF	1
CASSYGLEGAIGNTIYF	1
CASSYGLAGYEQYF	1
CASSYGTKETQYF	1
CASSYDKFTSGWNEQFF	1
CASSYDLSSYEQYF	1
CASSYDEPLSYNEQFF	1
CASSYDRARQFF	1
CASSYDNMNTEAFF	1
CASSYEVAEETQYF	1
CASSYEGWNNQPQHF	1
CASSYEDRWNYEQYF	1
CASSYEIGLAGTQETQYF	1
CASSYEQGGSYEQYF	1
CASSYEAPGTGTGNTIYF	1
CASSYEAGGSYNEQFF	1
CASSYMTGPDEQYF	1
CASSYTLAGGPSGFF	1
CASSYTGTLPPPESTF	1
CASSYTGSSYEQYF	1
CASSYTNADNEQFF	1
CASSYTFRSPLHF	1
CASSYTALAGEGDTQYF	1
CASSYTAPDEKLFF	1
CASSYTLTGQGYYGYTF	1
CASSYTLAGERQFF	1
CASSYTGLQETQYF	1
CASSYSSGGSSNEQYF	1
CASSYSGVSNQPQHF	1
CASSYRGGSLNEQFF	1
CASSYRGHGEF	1
CASSYRTSGDSYEQYF	1
CASSYRTVRATDTQYF	1
CASSYRRDQPQHF	1
CASSYRLVDTGELFF	1
CASSYNHNYGYTF	1
CASSYNPSSGNTIYF	1
CASSYNDRVNQPQHF	1
CASSYNRNTEAFF	1
CASSYKLAAISYEQYF	1
CASSLSWGRETQYF	1
CASSLSGTGGQETQYF	1
CASSLRQGRTGSEQFF	1
CASSLQFSGNTIYF	1
CASSLGIHEQYF	1
CASSLTAGTAYEQYF	1
CASSLNEKLFF	1
CASSLNSGKDIQYF	1
CASSLFGGEYNSPLHF	1
CASSLSSATGELFF	1
CASSLSGLLYEQYF	1
CASSLSGLAGEQYF	1
CASSLSETQYF	1
CASSLLRGNEQFF	1
CASSLLAGYNEQFF	1
CASSLRRTHYEQYF	1
CASSLRLAGYNEQFF	1
CASSLRQADQPQHF	1
CASSLQQETQYF	1
CASSLQGADTQYF	1
CASSLVPGQGGNEQYF	1
CASSLAGLALNNEQFF	1
CASSLGARGNEQFF	1
CASSLGTGASEQYF	1
CASSLGLAGEGEQYF	1
CASSLGRQGDQPQHF	1
CASSLDGQPQHF	1
CASSLDSYEQYF	1
CASSLTKNRGQNTEAFF	1
CASSLTGQGFHEQYF	1
CASSLTGTSYEQYF	1
CASSLTDTQYF	1
CASSLRTNTGPDTQYF	1
CASSLYGPANTGELFF	1
CASSLLGGRTYEQYF	1
CASSLRQGGTEAFF	1
CASSLQTGELFF	1
CASSLGTGGTEAFF	1
CASSLGLAGGPRTGELFF	1
CASSLGQYNEQFF	1
CASSLTSGSYFF	1
CASSLTESLAKNIQYF	1
CASSLSGSSVNEQFF	1
CASSLRGRNNSPLHF	1
CASSLRRGTNEKLFF	1
CASSLRRTGNTGELFF	1
CASSLVPPAKNIQYF	1
CASSLGGYEQYF	1
CASSLGQINQPQHF	1
CASSLDSLEQYF	1
CASSLTGTPNEQFF	1
CASSLTGGNEQYF	1
CASSLNGGYTEAFF	1
CASSPLGQGPTEAFF	1
CASSPSKNYNSPLHF	1
CASSPSQGAPLHF	1
CASSPWTGMNTEAFF	1
CASSPLGGASQETQYF	1
CASSPLIQDSYEQYF	1
CASSPLGQGLNEQFF	1
CASSPPGRENTEAFF	1
CASSPPDSGGSYNEQFF	1
CASSPRTGAGYEQYF	1
CASSPRVLTYEQYF	1
CASSPRTSGSPHNEQFF	1
CASSPRTRPFYEQYF	1
CASSPRTVSKNIQYF	1
CASSPQGAVTEAFF	1
CASSPQDSSNYGYTF	1
CASSPQTAGGYGYTF	1
CASSPQRLQETQYF	1
CASSPGLGGSPLHF	1
CASSPGTSGSSYNEQFF	1
CASSPGLAVYNEQFF	1
CASSPEQSGYAEAFF	1
CASSPTSGPPGNEQFF	1
CASSPTGGNKPRGRDTQYF	1
CASSPTGERNQPQHF	1
CASSPSGRSAGFQQYF	1
CASSPRGAGGAHYGYTF	1
CASSPRLALQETQYF	1
CASSPNRVSNQPQHF	1
CASSPKQGNTIYF	1
CASSPSSGGTEAFF	1
CASSPSLWGTSNQPQHF	1
CASSPSHYATNEKLFF	1
CASSPSTSLFEQFF	1
CASSPSTSGERRGYKNIQYF	1
CASSPWDQRGYTF	1
CASSPWTGANEKLFF	1
CASSPYSNQPQHF	1
CASSPLTGTSEYNEQFF	1
CASSPLAGVGHEQFF	1
CASSPLGLETDTQYF	1
CASSPPPGQWLVYEQYF	1
CASSPPLAGTVTGELFF	1
CASSPPYQRDSTGELFF	1
CASSPPGTSGRGTGELFF	1
CASSPPDPLVGQFF	1
CASSPPGPASSDTQYF	1
CASSPPTASATDTQYF	1
CASSPPGGSLETQYF	1
CASSPRLLGTGELFF	1
CASSPRPNQPQHF	1
CASSPRRGSNNEQFF	1
CASSPRGLESYEQFF	1
CASSPRRPEGYEQYF	1
CASSPRQAISPLHF	1
CASSPRGDGSPLHF	1
CASSPRGGSGNTIYF	1
CASSPRGLYNEQFF	1
CASSPRDRGKAFF	1
CASSPRTGGAPDTEAFF	1
CASSPRTGRTKNIQYF	1
CASSPRQGSSYEQYF	1
CASSPHQRGWEQFF	1
CASSPHAGGPYNEQFF	1
CASSPQGGISNYGYTF	1
CASSPQGQAKNIQYF	1
CASSPQGSTEAFF	1
CASSPQGRIVHNEQFF	1
CASSPQLYSPLHF	1
CASSPQSGPDEQYF	1
CASSPQQVRGTEAFF	1
CASSPVARGFTDTQYF	1
CASSPVGEGTYEQYF	1
CASSPAVAGGANEQFF	1
CASSPAGEDNEKLFF	1
CASSPGFTEAFF	1
CASSPGSTVPEQYF	1
CASSPGPANEKLFF	1
CASSPGPLSYEQYF	1
CASSPGDHTEAFF	1
CASSPGDQETQYF	1
CASSPGTRKQFF	1
CASSPGTSGSREQYF	1
CASSPGTSGRTGELFF	1
CASSPGTSGRLQYF	1
CASSPGTSDYEQYF	1
CASSPGTLNEQYF	1
CASSPGTGDQPQHF	1
CASSPGTGIEQYF	1
CASSPGTGRGSYEQYF	1
CASSPGLAKADTQYF	1
CASSPGPSYEQYF	1
CASSPGQGLRPQHF	1
CASSPGQGNGYTF	1
CASSPDRSWGETQYF	1
CASSPIRQVREPSPLHF	1
CASSPIAGVDYNEQFF	1
CASSPTPVGQGGGSKNIQYF	1
CASSPTGGGQPQHF	1
CASSPTRATEAFF	1
CASSPTVTDTQYF	1
CASSPTGGGNQPQHF	1
CASSPTEGAYEQYF	1
CASSPSGRGSNQPQHF	1
CASSPSLRTYEQYF	1
CASSPREAGGLETQYF	1
CASSPNHGTAPNQPQHF	1
CASSPKAGTSGSYEQYF	1
CASSPSLALSSYNEQFF	1
CASSPSSTPRAYEQYF	1
CASSPWDFPGDTQYF	1
CASSPWDFGANVLTF	1
CASSPWTGQWAEQYF	1
CASSPLGRGPDTQYF	1
CASSPRGMPSYEQYF	1
CASSPRTSSTDTQYF	1
CASSPRTSGSIGELFF	1
CASSPRNNEQFF	1
CASSPQGVEQYF	1
CASSPAQADTQYF	1
CASSPATDTDTQYF	1
CASSPGTSGRWVQFF	1
CASSPGTSGKNEQFF	1
CASSPGLAGVRGRGEQFF	1
CASSPGQHEAFF	1
CASSPGQGSDTQYF	1
CASSPGQGPRDTQYF	1
CASSPGQGAGQPQHF	1
CASSPGGPNTGELFF	1
CASSPDSNQPQHF	1
CASSPDRASTEAFF	1
CASSPDRDYGYTF	1
CASSPIAGVSYEQYF	1
CASSPMTGDYNPLHF	1
CASSPTLAGGPDEQFF	1
CASSPTGTAYEQYF	1
CASSPTVTDTQYF	1
CASSPTVSNQPQHF	1
CASSPTAGNIQYF	1
CASSPTGWDEQFF	1
CASSPTGLHTDTQYF	1
CASSPTGVIYEQYF	1
CASSPRGAGEQYF	1
CASSPRTGNQPQHF	1
CASSPSGSSYEQYF	1
CASSPPRVRANEQYF	1
CASSPPTGTQYF	1
CASSPRDGPYEQYF	1
CASSPRDRGLFQPQHF	1
CASSPRATDTQYF	1
CASSPQGSSYEQYF	1
CASSPQGATYNEQFF	1
CASSPATGLDEQYF	1
CASSPGPSETYNEQFF	1
CASSPGGEHIYGYTF	1
CASSPGAGGYTF	1
CASSPGGRAEKLFF	1
CASSPGGMETQYF	1
CASSPGDQPQHF	1
CASSPGTSGKKTQYF	1
CASSPGLESYNEQFF	1
CASSPGLAGSLDTQYF	1
CASSPGPSYEQYF	1
CASSPDRAGDSPLHF	1
CASSPILGQGMSEKLFF	1
CASSPIGRGTGDEQFF	1
CASSPMIGTGVGYTF	1
CASSPSPRPNSPLHF	1
CASSPNGQGARETQYF	1
CASSRRGPTDTQYF	1
CASSRRDTEAFF	1
CASSRRQGSNQPQHF	1
CASSRGGSYQPQHF	1
CASSRGISSYEQYF	1
CASSRTGGAGNTIYF	1
CASSRTVVNEQFF	1
CASSRLGGLGTQYF	1
CASSRSYNEQFF	1
CASSRPPGQGYEQFF	1
CASSRPPSGRVSGELFF	1
CASSRPHSMNTEAFF	1
CASSRPAGNKNIQYF	1
CASSRQGAGGNSNQPQHF	1
CASSRRPGQGDETQYF	1
CASSRKGGTEAFF	1
CASSRLTGGLTDTQYF	1
CASSRPGLARKRTDTQYF	1
CASSRAPSEQYF	1
CASSRATGGNEQFF	1
CASSRGQGNEKLFF	1
CASSRDSNTEAFF	1
CASSRDRGDVETQYF	1
CASSRTASYEQYF	1
CASSRTSRKQYF	1
CASSRTEQFF	1
CASSRTGLTFF	1
CASSRTGGLAFF	1
CASSRTGIDTQYF	1
CASSRFFGGFTDTQYF	1
CASSRLAGNSYEQYF	1
CASSRLAEQFF	1
CASSRLATNEKLFF	1
CASSRQGTGELFF	1
CASSRQGSYTEAFF	1
CASSRQRSYNEQFF	1
CASSRAPGTQYF	1
CASSRAFATSYMGKTQYF	1
CASSRGQPQHF	1
CASSRDRGSGNTIYF	1
CASSRTLQFF	1
CASSRTTGGRETQYF	1
CASSHFSEREAHPFF	1
CASSHPTGGINYGYTF	1
CASSHQGRSTEAFF	1
CASSHASDRAITEAFF	1
CASSHIGTANNEQFF	1
CASSHSGRSYEQYF	1
CASSHPGNEQFF	1
CASSHPRVNHVFGQFF	1
CASSHPGITGELFF	1
CASSHRLAGAYEQYF	1
CASSHAGTSGYNEQFF	1
CASSHGQGQVYEQYF	1
CASSHGRASGREKNIQYF	1
CASSHGQTYEQYF	1
CASSHEVAEQYF	1
CASSHRGPEAFF	1
CASSQRGEDEQYF	1
CASSQVGQPQHF	1
CASSQGSPYEQYF	1
CASSQGVGQPQHF	1
CASSQGTGSGNTIYF	1
CASSQGLAAYEQYF	1
CASSQGLAGGRPYEQYF	1
CASSQGQDRTDTQYF	1
CASSQDSLDYEQYF	1
CASSQIQETQYF	1
CASSQTGGREQYF	1
CASSQTGGNEKLFF	1
CASSQSPDFLGTEAFF	1
CASSQSGLSTDTQYF	1
CASSQRTGTDTQYF	1
CASSQLDGLANYGYTF	1
CASSQPGGPVQYF	1
CASSQRQSNQPQHF	1
CASSQQGPRQPQHF	1
CASSQQGTDTQYF	1
CASSQVDEQFF	1
CASSQAYNEQFF	1
CASSQGGASWGETQYF	1
CASSQGTEQFF	1
CASSQGQGYEQYF	1
CASSQGQGPREQYF	1
CASSQEATSTDTQYF	1
CASSQTGTGGNEQFF	1
CASSQTVGNTEAFF	1
CASSQTWDDTQYF	1
CASSQSWGPTDTQYF	1
CASSQSGRAGELFF	1
CASSQNLGTDTQYF	1
CASSQKYGEQYF	1
CASSVSAEGTQYF	1
CASSVRTSQETQYF	1
CASSVGTKTYEQYF	1
CASSVDRPNSPLHF	1
CASSVDRAWGYTF	1
CASSVETDVHEQYF	1
CASSVTGSQPQHF	1
CASSVTGRASNQPQHF	1
CASSVSGGRSSLFF	1
CASSVYEQYF	1
CASSVPGGRSYNEQFF	1
CASSVQNSPLHF	1
CASSVQVNTEAFF	1
CASSVQAINTEAFF	1
CASSVVNTGELFF	1
CASSVGLLLAKNIQYF	1
CASSVGTGLGNTIYF	1
CASSVDRGLGYTF	1
CASSVTNEKLFF	1
CASSVSGQTSGQETQYF	1
CASSVGFNQPQHF	1
CASSVGQGAPGQETQYF	1
CASSVDRAVTEAFF	1
CASSVEGAGNQPQHF	1
CASSVTGVYQPQHF	1
CASSVLAGGQETQYF	1
CASSVQPQETQYF	1
CASSVQGAGDEQYF	1
CASSVVGGRAYEQFF	1
CASSVAGTGKFYEQYF	1
CASSVGGRGNSPLHF	1
CASSAPGRPIYEQYF	1
CASSAPQGMGYEQYF	1
CASSARENNEQFF	1
CASSARQGQGQPQHF	1
CASSAGGQYNEQFF	1
CASSATSGGSYEQYF	1
CASSASGSPDTQYF	1
CASSASGRALREQFF	1
CASSALPGLNQPQHF	1
CASSAWTGVTGELFF	1
CASSAYEAKQGGENYGYTF	1
CASSAYYNSPLHF	1
CASSAYLGHRATYEQYF	1
CASSALSLGETQYF	1
CASSALISYNEQFF	1
CASSALAGGPGNEQFF	1
CASSAPFSGGLFNEQFF	1
CASSAPGLAIYEQYF	1
CASSARPDRALAKNIQYF	1
CASSAHGTEAFF	1
CASSAQQGEKQYF	1
CASSAVRGRVDEKLFF	1
CASSAASGTGGETQYF	1
CASSAAGAGNTEAFF	1
CASSAAGGGYTF	1
CASSAGGGSNQPQHF	1
CASSAGTGGPYF	1
CASSAGQGETGELFF	1
CASSADGTGELFF	1
CASSATGGYGYTF	1
CASSANGLEQFF	1
CASSAPGQGNNEQFF	1
CASSAGPQETQYF	1
CASSAGLSTQYF	1
CASSAGQDLSTQYF	1
CASSAIRGLVRTQYF	1
CASSATGTGGGKLFF	1
CASSATSSYNEQFF	1
CASSATGQGNYGYTF	1
CASSATGDYGYTF	1
CASSAQGGTEAFF	1
CASSAGVYYGYTF	1
CASSAGDYYGYTF	1
CASSADGTYEQYF	1
CASSADRVHEQYF	1
CASSARGWGNQPQHF	1
CASSANSNQPQHF	1
CASSGPGSTEAFF	1
CASSGPGEQYF	1
CASSGPRGVNEQFF	1
CASSGRTRGDTQYF	1
CASSGVSVSDEQFF	1
CASSGGGSHEQYF	1
CASSGGTLAKNIQYF	1
CASSGRNNQPQHF	1
CASSGLAGTGELFF	1
CASSGLGGLSSPLHF	1
CASSGPLSEQYF	1
CASSGPGGNQPQHF	1
CASSGRTATLYEQYF	1
CASSGGEQFF	1
CASSGGSGSYEQYF	1
CASSGGSSYEQYF	1
CASSGIEYQETQYF	1
CASSGTAGRPQHF	1
CASSGFSNQPQHF	1
CASSGYRDQPQHF	1
CASSGLYNEQFF	1
CASSGPLYRGPGHGYTF	1
CASSGPHETGSYEQYF	1
CASSGRGAYNEQFF	1
CASSGRESNQPQHF	1
CASSGATGAPEQYF	1
CASSGAVAVHTDTQYF	1
CASSGGLKETQYF	1
CASSGGSNQPQHF	1
CASSGGQYSNQPQHF	1
CASSGGQGRNTEAFF	1
CASSGGSFYGYTF	1
CASSGGRVRKAFF	1
CASSGDSNTGELFF	1
CASSGDGAGVTDTQYF	1
CASSGDRRSNQPQHF	1
CASSGTSGMNEQYF	1
CASSGTSGSETQYF	1
CASSGTDSNQPQHF	1
CASSGTEFGETQYF	1
CASSGTGFYGYTF	1
CASSGTGDGYTF	1
CASSGSTDTQYF	1
CASSGLGGQETQYF	1
CASSGYQFGQGGEKLFF	1
CASSGLAEQETQYF	1
CASSGRDGDYEQYF	1
CASSGRRTRYNEQFF	1
CASSGQGVTGELFF	1
CASSGGANNEQFF	1
CASSDFRYSNQPQHF	1
CASSDLTDATGEQFF	1
CASSDSVNTEAFF	1
CASSDWAGVGEQYF	1
CASSDWDTNQPQHF	1
CASSDYEQYF	1
CASSDLGGSYNEQFF	1
CASSDLGHFLTGELFF	1
CASSDPARQEAFF	1
CASSDPLRENTEAFF	1
CASSDHGGAYEQYF	1
CASSDQGQGNEKLFF	1
CASSDGGGTEAFF	1
CASSDGLAGGLGTYEQYF	1
CASSDDSNQPQHF	1
CASSDDLPGDQPQHF	1
CASSDEPGLQNQPQHF	1
CASSDIREGRYEQYF	1
CASSDMAGSGETQYF	1
CASSDTSGNSYEQYF	1
CASSDSGSWNEQFF	1
CASSDSGRVSYNEQFF	1
CASSDRTSGPLRLLRGQYF	1
CASSDRTSNQPQHF	1
CASSDLPGQGHGYTF	1
CASSDSSGPPGMQFF	1
CASSDSGNTDTQYF	1
CASSDSFPHRAMAPHSNQPQHF	1
CASSDSADRVDGYTF	1
CASSDSAGGPTDTQYF	1
CASSDSDNTDTQYF	1
CASSDSQGADTQYF	1
CASSDSGGDSTDTQYF	1
CASSDWASGEVDEQFF	1
CASSDYPTGYTGELFF	1
CASSDLQPQHF	1
CASSDLGGRTDTQYF	1
CASSDLTSGSGNEQFF	1
CASSDLSGSNQPQHF	1
CASSDPVLAGGLGTQYF	1
CASSDPVANEQFF	1
CASSDRDRSNEKLFF	1
CASSDRLAKNIQYF	1
CASSDQGDYSPLHF	1
CASSDQVGYEQYF	1
CASSDVGTSEYNEQFF	1
CASSDVVGGRYNSPLHF	1
CASSDASSAREQYF	1
CASSDADNSGNTIYF	1
CASSDGSGSADTQYF	1
CASSDGPGNYGYTF	1
CASSDGQARGGNTIYF	1
CASSDGGPADTQYF	1
CASSDGLAAYEQYF	1
CASSDGEGETQYF	1
CASSDGSGSGPDTQYF	1
CASSDDRGPNTEAFF	1
CASSDEQETQYF	1
CASSDMGTEPQHF	1
CASSDTGGGHNEQFF	1
CASSDSWEQYF	1
CASSDRGPEAFF	1
CASSDRGRTNEQFF	1
CASSELTSRADTQYF	1
CASSESGLAGAPEQFF	1
CASSEYRSYGYTF	1
CASSELNLSGREWLEFF	1
CASSERLADASYEQYF	1
CASSEREGSYEQYF	1
CASSEQREGLTDTQYF	1
CASSEVLAGGEQFF	1
CASSEASSQETQYF	1
CASSEAVEGDQPQHF	1
CASSEAGTGGGANVLTF	1
CASSEGRAGLLSYEQYF	1
CASSEGIRHAEVYSNQPQHF	1
CASSEGSRSSSYNEQFF	1
CASSEGRAYEQYF	1
CASSEGLNTEAFF	1
CASSEGAPGWTEAFF	1
CASSEGHGGTGELFF	1
CASSEGGKKLFF	1
CASSEEQGHTGELFF	1
CASSEEGRDQPQHF	1
CASSEELGPSSYNEQFF	1
CASSEERSNQPQHF	1
CASSEMADTQYF	1
CASSETYRVAEAFF	1
CASSETLNGQGHTDTQYF	1
CASSETGTSGNNEQFF	1
CASSETTSGSFLLF	1
CASSETTDTQYF	1
CASSETASYEQYF	1
CASSETGGLTEAFF	1
CASSERSRSNEKLFF	1
CASSERTSGYNEQFF	1
CASSERKFDNGYTF	1
CASSENLASQPQHF	1
CASSENGGGETQYF	1
CASSEKGSTYNEQFF	1
CASSEKGFYNSPLHF	1
CASSEKMNTEAFF	1
CASSEFQGNYGYTF	1
CASSELAYGYTF	1
CASSELGRGTNEQFF	1
CASSELGTPRAEAFF	1
CASSELKGEKLFF	1
CASSELGGRDTEAFF	1
CASSELGELNTEAFF	1
CASSELGIYGYTF	1
CASSESLEENTGELFF	1
CASSESGGTEAFF	1
CASSESRQGFYGYTF	1
CASSESWTGTYEQYF	1
CASSESGGGQNEKLFF	1
CASSECLEMPSYEQYF	1
CASSEWGGVNTEAFF	1
CASSEWGETQPYEQYF	1
CASSEWDPVAKNIQYF	1
CASSEYSGTGELFF	1
CASSEYIGLAGTGELFF	1
CASSEYTGEPYNEQFF	1
CASSEYKGGPANEKLFF	1
CASSEYPATGSNEKLFF	1
CASSEYGGALHF	1
CASSEYGRVDIANEQFF	1
CASSELRGGRGLNEQFF	1
CASSELAGGSEQYF	1
CASSEPDGDNQPQHF	1
CASSERPVAAASFSNQPQHF	1
CASSERSRGWATEAFF	1
CASSERDRGLYNEQFF	1
CASSERTNYNEQFF	1
CASSERRTAMNGYTF	1
CASSEREGVNEQFF	1
CASSEHHSGANVLTF	1
CASSEQYNEQFF	1
CASSEQGTSNTEAFF	1
CASSEQGASYEQYF	1
CASSEQITAHQPQHF	1
CASSEVRPAMINEKLFF	1
CASSEVSVGQRASGNTIYF	1
CASSEVQGARGYTF	1
CASSEVGAPNEQFF	1
CASSEVGNEQFF	1
CASSEVGTGDGYTF	1
CASSEVDRVSQPQHF	1
CASSEVTVGVQFF	1
CASSEVTSTGELFF	1
CASSEVGVGQYF	1
CASSEAPQVEQFF	1
CASSEAAQGGYTF	1
CASSEAGRGVYQPQHF	1
CASSEAKEGPGTDTQYF	1
CASSEALAGVDTQYF	1
CASSEAPGTGGYEQYF	1
CASSEARGGDSPYEQYF	1
CASSEASLGNTIYF	1
CASSEAWGEETQYF	1
CASSEALLAENTGELFF	1
CASSEALRSGSGDNEQFF	1
CASSEALGGVTTEAFF	1
CASSEARIGGRAEAFF	1
CASSEARAGVRYEQFF	1
CASSEARRNLYEQYF	1
CASSEAARGSDSPLHF	1
CASSEADPEKLFF	1
CASSEAIRSSYNEQFF	1
CASSEATRGIEFSYNEQFF	1
CASSEARLDEQYF	1
CASSEAGFYSNQPQHF	1
CASSEAGPSSDTQYF	1
CASSEGPNQPQHF	1
CASSEGAGALTEAFF	1
CASSEGGENTEAFF	1
CASSEGEANEQFF	1
CASSEGSGPQHF	1
CASSEGSAISHQPQHF	1
CASSEGENSPLHF	1
CASSEGIVYNEQFF	1
CASSEGLAGNSGELFF	1
CASSEGLAEINEQFF	1
CASSEGQGFNQPQHF	1
CASSEGGNTGELFF	1
CASSEEFTWETQYF	1
CASSEEPGGNTIYF	1
CASSEEQGNTYEQYF	1
CASSEISGGVETQYF	1
CASSEIPGLAGGSYNEQFF	1
CASSEIMGQGGGYTF	1
CASSEMSPDSYTF	1
CASSEIWDNEQFF	1
CASSETLSGGLYNEQFF	1
CASSETEAFF	1
CASSETSGGNEQFF	1
CASSETPQGLNYGYTF	1
CASSETWRRGTDTQYF	1
CASSETGLAGADTQYF	1
CASSETRVNQPQHF	1
CASSETGSSPLHF	1
CASSESEVGYEKLFF	1
CASSERAQISHEQYF	1
CASSERAGEAFF	1
CASSERAEGPQHF	1
CASSERGGLNTEAFF	1
CASSERGQPQHF	1
CASSENREAFF	1
CASSENSNQPQHF	1
CASSENRAYEQYF	1
CASSEKIGRAYNEQFF	1
CASSEKRNMNTEAFF	1
CASSEKVGEAFF	1
CASSEKAESDTQYF	1
CASSIPRETYEQYF	1
CASSISTDTQYF	1
CASSILAGPWNEQFF	1
CASSIHGTRNTEAFF	1
CASSIAQGLTGELFF	1
CASSIGPTYF	1
CASSIGATNQPQHF	1
CASSIDRVGDTEAFF	1
CASSMASGSNEQFF	1
CASSMAASGTGTDTQYF	1
CASSMGLTNMNTEAFF	1
CASSMETGFGELFF	1
CASSMTLRGGETQYF	1
CASSMNWNTEAFF	1
CASSIRRGRVTEAFF	1
CASSIAVLSINEQFF	1
CASSITGQGYEQYF	1
CASSITGGGEAFF	1
CASSITGNTNEKLFF	1
CASSIRTEQFF	1
CASSTSKITDTQYF	1
CASSTSGSEDEQYF	1
CASSTPRGAGSYNSPLHF	1
CASSTQGNEKLFF	1
CASSTGQAHQETQYF	1
CASSTIPGQTNEQFF	1
CASSTIRQGADYGYTF	1
CASSTSGAYNEQFF	1
CASSTSFRVGSDTEAFF	1
CASSTSTGDNQPQHF	1
CASSTWTGQREQYF	1
CASSTYGSPATMKQFF	1
CASSTLFSVDQPQHF	1
CASSTLAVGSYEQYF	1
CASSTPDGRVDTQYF	1
CASSTPGQGGIQPQHF	1
CASSTPTGPNQPQHF	1
CASSTAGAVYEQYF	1
CASSTGTQARGRETQYF	1
CASSTDSGHEKLFF	1
CASSTTSSNEQFF	1
CASSTTGTYPYNEQFF	1
CASSTRGIRVQETQYF	1
CASSTRTGPKQPQHF	1
CASSTSPGQGSPGYEQYF	1
CASSTLVGARGYTF	1
CASSTHRDPSDTQYF	1
CASSTQTGAGTEAFF	1
CASSTDRETYEQYF	1
CASSTTQGLAFF	1
CASSTNEGGGIQYF	1
CASSTLNEQYF	1
CASSTPRLATNEQFF	1
CASSTREGPYEQYF	1
CASSTAGGLTYEQYF	1
CASSTMQRVIAKNIQYF	1
CASSTTYLRDRVYEQYF	1
CASSSWTSGRVHEQYF	1
CASSSLTLQGVREKLFF	1
CASSSPLTDTQYF	1
CASSSSGGDYNEQFF	1
CASSSLGNEQFF	1
CASSSSTGVNQPQHF	1
CASSSRDPDFPTEAFF	1
CASSSREGRRTGELFF	1
CASSSGFEAANTEAFF	1
CASSSGPRQYF	1
CASSSGAFLRRGGNEQFF	1
CASSSGRARETQYF	1
CASSSSGNQPQHF	1
CASSRRTGAGELFF	1
CASSRVAGASEQYF	1
CASSRAGPLDEQFF	1
CASSRGPTSGRAQFF	1
CASSRGQLNEKLFF	1
CASSRGQGIHEQYF	1
CASSRDRGNNQPQHF	1
CASSRDKGSEQYF	1
CASSRMAGERSPLHF	1
CASSRTEGTRNTIYF	1
CASSRTGVAPQHF	1
CASSRTGRHEQYF	1
CASSRTGKIYEQYF	1
CASSRKLRDGLLSGNTIYF	1
CASSRLARSYEQYF	1
CASSRPRTKTGEPKKSNEKLFF	1
CASSRQLISGNTIYF	1
CASSRQGALTEAFF	1
CASSRGHADTQYF	1
CASSREETQYF	1
CASSRRGVDNQPQHF	1
CASSNWTGSYNEQFF	1
CASSNPGTGASQPQHF	1
CASSNERAGRNSNQPQHF	1
CASSNTWTGNPYEQYF	1
CASSNRGLGNQPQHF	1
CASSNRDLKNIQYF	1
CASSNADTQYF	1
CASSNTDTQYF	1
CASSNRGPSNYGYTF	1
CASSKLQAIDTIEQFF	1
CASSKGLAGADGSYNEQFF	1
CASSKGQNYGYTF	1
CASSKTSERYNEQFF	1
CASSKSSRTGELFF	1
CASSKLQGEKGYEQYF	1
CASSKSQGDTEAFF	1
CASSKYTDTQYF	1
CASSKLNNEQFF	1
CASSKQGTEAFF	1
CASSKVPLTSSGISYEQYF	1
CASSKTSGTYNEQFF	1
CASSKTGEADTQYF	1
CASSFFGGPEETQYF	1
CASSFFRLAGETETQYF	1
CASSFLGNQETQYF	1
CASSFLKGVNTEAFF	1
CASSFSLAGGRTYEQYF	1
CASSFSRDYEQYF	1
CASSFSDGFNQPQHF	1
CASSFSRERTDTQYF	1
CASSFSGEKLFF	1
CASSFSTGEVSPLHF	1
CASSFSGGPYEQYF	1
CASSFSSEQFF	1
CASSFSGDGYTF	1
CASSFSGTLRRNEQYF	1
CASSFSGNTEAFF	1
CASSFYPRTSPLHF	1
CASSFYHVAGAKNIQYF	1
CASSFYTTATNEKLFF	1
CASSFYGQGSEKLFF	1
CASSFYEDYGYTF	1
CASSFYSDHNEQFF	1
CASSFLGPNSPLHF	1
CASSFLAGITDTQYF	1
CASSFLAGAERWAYNEQFF	1
CASSFLADRTDTQYF	1
CASSFPHGGRAKGEQYF	1
CASSFPGGTNSYEQYF	1
CASSFPEPPYEQYF	1
CASSFPTISEAFF	1
CASSFRSGVVTQYF	1
CASSFQGRTIGFSYGYTF	1
CASSFVGEAGELFF	1
CASSFASGSRETQYF	1
CASSFANGYEQYF	1
CASSFAANTGELFF	1
CASSFAGTSSDEQFF	1
CASSFARNTEAFF	1
CASSFAWNEKLFF	1
CASSFAGRPYEQYF	1
CASSFAGRTDTQYF	1
CASSFGITYEQYF	1
CASSFGSGNTIYF	1
CASSFGLAGHTDTQYF	1
CASSFGVAGRYEQYF	1
CASSFGASTDTQYF	1
CASSFGAGNQPQHF	1
CASSFGVRDGYTF	1
CASSFGGITEAFF	1
CASSFGGTGSTDTQYF	1
CASSFGTANYGYTF	1
CASSFGTGVTGELFF	1
CASSFGTGANEQYF	1
CASSFGFTQPQHF	1
CASSFGSYTDTQYF	1
CASSFGLAAYNEQFF	1
CASSFGLAGNTGELFF	1
CASSFGLAGAGANVLTF	1
CASSFGRQGGTYEQYF	1
CASSFGATLNTEAFF	1
CASSFGGAGGSSYNEQFF	1
CASSFGGGSVAFF	1
CASSFGGMGETQYF	1
CASSFDRGGKNTEAFF	1
CASSFDGLAVSYEQYF	1
CASSFDRVRTEAFF	1
CASSFDRASGNTIYF	1
CASSFMWTQYF	1
CASSFMGLNTEAFF	1
CASSFTSGSFHEQFF	1
CASSFTSGSWNEQFF	1
CASSFTGSRVGAGNTIYF	1
CASSFTPTGHTDTQYF	1
CASSFTAPGNEQFF	1
CASSFTGDYGYTF	1
CASSFTTGSYEQYF	1
CASSFSQGKETQYF	1
CASSFSVQERYNEQFF	1
CASSFSSSSQETQYF	1
CASSFSGSSTGELFF	1
CASSFRGDGYGYTF	1
CASSFRQGGYGYTF	1
CASSFRSTDTQYF	1
CASSFNRYEQYF	1
CASSFNSVPQETQYF	1
CASSFNYGYTF	1
CASSFKPGELFF	1
CASSFKNTGELFF	1
CASSFLAGVGQETQYF	1
CASSFLGDNRGTYTQYF	1
CASSFLTSGTDTDTQYF	1
CASSFLTGYNTEAFF	1
CASSFLAGDNEQFF	1
CASSFLGNSRPMNTEAFF	1
CASSFLEGNTEAFF	1
CASSFSSGYYNEQFF	1
CASSFSWGNYEQYF	1
CASSFSGYTEAFF	1
CASSFWLAGGKTDTQYF	1
CASSFYGLAGGSHEQYF	1
CASSFYETQYF	1
CASSFLLAGAKNIQYF	1
CASSFLARENIQYF	1
CASSFLAGLDQPQHF	1
CASSFLGQGFNEQFF	1
CASSFLDEKLFF	1
CASSFLETQYF	1
CASSFPPDTQYF	1
CASSFPGTGETQYF	1
CASSFPGLRIGELFF	1
CASSFPGLADNEQFF	1
CASSFPGQGVVYEQYF	1
CASSFPTGVETQYF	1
CASSFPVGTEAFF	1
CASSFPGTGDEQYF	1
CASSFRSHEQFF	1
CASSFRPTGSNTGELFF	1
CASSFRAGDTDTQYF	1
CASSFRARDTQYF	1
CASSFRDTPSTDTQYF	1
CASSFRDSPTGELFF	1
CASSFRTSHNEQFF	1
CASSFRQGGLFF	1
CASSFQGMNTEAFF	1
CASSFQGFGEAFF	1
CASSFQGQEDHTQYF	1
CASSFQLNTEAFF	1
CASSFVQGGYTF	1
CASSFARQDTFF	1
CASSFAGGELFF	1
CASSFAGSGTDTQYF	1
CASSFAGGTGELFF	1
CASSFAGGPSEQFF	1
CASSFAGGPYEQYF	1
CASSFGYNEQFF	1
CASSFGGAGGYEQYF	1
CASSFGTSDYGYTF	1
CASSFGRGGIEQFF	1
CASSFGREGEKLFF	1
CASSFGRNYGYTF	1
CASSFGGPNTEAFF	1
CASSFGDPYGYTF	1
CASSFGTSYNEQFF	1
CASSFGTSGTYNEQFF	1
CASSFGTSGRGTDTQYF	1
CASSFGTGPQPQHF	1
CASSFGTGPYEQYF	1
CASSFGTGSSYEQYF	1
CASSFGTGGQETQYF	1
CASSFGTDSYEQYF	1
CASSFGLAGGPGHNEQFF	1
CASSFGQGGNEQFF	1
CASSFGQGTLNTIYF	1
CASSFGAGALYNEQFF	1
CASSFGAGADTQYF	1
CASSFGGEQYF	1
CASSFGKTTGTNYGYTF	1
CASSFDRGAGYGYTF	1
CASSFDYNEQFF	1
CASSFDLFSETQYF	1
CASSFDGIEQYF	1
CASSFDTEAFF	1
CASSFDRANEQFF	1
CASSFDRGQGNTEAFF	1
CASSFESANEKLFF	1
CASSFERASYEQYF	1
CASSFERGGQPQHF	1
CASSFISVGRGGHEKLFF	1
CASSFMGSDNEQFF	1
CASSFIFPALYQNIQYF	1
CASSFISSERGTQYF	1
CASSFIGSGYGYTF	1
CASSFTPGLEEPYEQYF	1
CASSFTSGSYEQYF	1
CASSFTGYNSPLHF	1
CASSFSPGNTIYF	1
CASSFSTGADTQYF	1
CASSFRGLETQYF	1
CASSFRGSPDTQYF	1
CASSFRQGDGYTF	1
CASSFNLDQPQHF	1
CASSFNEQFF	1
CASSFNLGARAQETQYF	1
CASSFNGAPGYTF	1
CASSFKGTEAFF	1
CASSLFGGGRDPTNEKLFF	1
CASSLFADSGLAYNEQFF	1
CASSLFGFGYGYTF	1
CASSLLTSVNEQFF	1
CASSLSGLYGYTF	1
CASSLSPGRGNEQFF	1
CASSLSRTGGGEQFF	1
CASSLSQMTSSEQFF	1
CASSLSGSSSYEQYF	1
CASSLSGTANQPQHF	1
CASSLSRGRMDTQYF	1
CASSLSLSGSYEQYF	1
CASSLSQGLYNEQFF	1
CASSLSTRLLEQFF	1
CASSLSGTSYEQYF	1
CASSLWGWNTEAFF	1
CASSLWTSGYTF	1
CASSLYRNEQFF	1
CASSLYETAYYEQYF	1
CASSLYQNRATEAFF	1
CASSLLGANTEAFF	1
CASSLLGPSYEQYF	1
CASSLLLAGGDNESEQFF	1
CASSLLQGARNGELFF	1
CASSLLNEQFF	1
CASSLLSWGPRDQETQYF	1
CASSLLAGGELFF	1
CASSLPPGLRTGELFF	1
CASSLPGGTDTQYF	1
CASSLPNSDTQYF	1
CASSLRSGRRYGYTF	1
CASSLRPAGELFF	1
CASSLRGPGELFF	1
CASSLRELGETQYF	1
CASSLHSRYEQYF	1
CASSLQGSYYEQYF	1
CASSLVLGSYEQYF	1
CASSLVGAPPEAFF	1
CASSLVLRIGELFF	1
CASSLVPRGSQETQYF	1
CASSLVGDSNQPQHF	1
CASSLVGATNEKLFF	1
CASSLVTGFPYNEQFF	1
CASSLVQFLGNRGNEQFF	1
CASSLVAGGLKETQYF	1
CASSLVGQGTDTQYF	1
CASSLASYEQYF	1
CASSLASGQPQHF	1
CASSLAWYEQYF	1
CASSLAEAFLSYNEQFF	1
CASSLATGRPETQYF	1
CASSLAFARNYGYTF	1
CASSLASYEQYF	1
CASSLAWTGWLDGYTF	1
CASSLAPGDYGYTF	1
CASSLAGGSNQPQHF	1
CASSLAGGGSYEQYF	1
CASSLAGGISYEQYF	1
CASSLAGEGNQPQHF	1
CASSLAGTSYEQYF	1
CASSLAGTGGGNQPQHF	1
CASSLARGQGYNEQFF	1
CASSLAFTTHETQYF	1
CASSLAPGRTGGVSPLHF	1
CASSLAQGHGYTF	1
CASSLAVGGRGTEAFF	1
CASSLAGTGELFF	1
CASSLAGSTYNEQFF	1
CASSLAGGENEQFF	1
CASSLAGGGYEQYF	1
CASSLASAGELFF	1
CASSLALAGGFSGYTDTQYF	1
CASSLAVAGVETQYF	1
CASSLAGGTREQYF	1
CASSLAGVTEAFF	1
CASSLAGLAGVSSYNEQFF	1
CASSLAGPTYEQYF	1
CASSLGFSVGEKLFF	1
CASSLGPRPSSYNEQFF	1
CASSLGPGNEQYF	1
CASSLGRDTEAFF	1
CASSLGGTTPLEQYF	1
CASSLGGGWNYGYTF	1
CASSLGGGITEAFF	1
CASSLGTGTNTEAFF	1
CASSLGSNTGELFF	1
CASSLGYRGRGNEQFF	1
CASSLGLSQFTDTQYF	1
CASSLGLPIQPQHF	1
CASSLGPQGDEGYGYTF	1
CASSLGQGRQFF	1
CASSLGAGVGFGELFF	1
CASSLGDRGRSDEQYF	1
CASSLGMKTQYF	1
CASSLGRSSGNTIYF	1
CASSLGSYEQYF	1
CASSLGSGYNEQFF	1
CASSLGLAGDYEQYF	1
CASSLGQVKNIQYF	1
CASSLGQVNTEAFF	1
CASSLGVLTGELFF	1
CASSLGGANYGYTF	1
CASSLGGESYNEQFF	1
CASSLGGNTEAFF	1
CASSLGGQHNWEQYF	1
CASSLGGEKLFF	1
CASSLGDSADGYTF	1
CASSLGDPEQFF	1
CASSLGDTEQYF	1
CASSLGTPVDYGYTF	1
CASSLGTGVYNEQFF	1
CASSLGTASGPWGETQYF	1
CASSLGTGLADTQYF	1
CASSLGTGIQPQHF	1
CASSLGNIQYF	1
CASSLGLHNEQFF	1
CASSLGLNYEQYF	1
CASSLGLHLYEQYF	1
CASSLGLAGRRSSYNEQFF	1
CASSLGLAGPDTQYF	1
CASSLGLTYEQYF	1
CASSLGRIYEQYF	1
CASSLGRTSIQYF	1
CASSLGHLGVYEQYF	1
CASSLGHLPLGNTEAFF	1
CASSLGHGVYEQYF	1
CASSLGQRYETNEKLFF	1
CASSLGQAYNEQFF	1
CASSLGQGETQYF	1
CASSLGQGGGAGYTF	1
CASSLGQNYGYTF	1
CASSLGQNYEQYF	1
CASSLGQGNEQFF	1
CASSLGAVDQPQHF	1
CASSLGAGDTEAFF	1
CASSLGGGGYNEQFF	1
CASSLGGLNTGELFF	1
CASSLGDTNTEAFF	1
CASSLGNTQYF	1
CASSLDGGETQYF	1
CASSLDGNQPQHF	1
CASSLDWGDTQYF	1
CASSLDATSGKHSYNEQFF	1
CASSLDAGDQPQHF	1
CASSLDGPTSDTQYF	1
CASSLDGNTGELFF	1
CASSLDGGQGKRAFF	1
CASSLDGRGYNEQFF	1
CASSLDDHNEQFF	1
CASSLDRVNEKLFF	1
CASSLDRADYGYTF	1
CASSLDRGSYNEQFF	1
CASSLDRARNEQYF	1
CASSLEFPSYEQYF	1
CASSLEVGARTSSSNIQYF	1
CASSLEVYYNEQFF	1
CASSLEVSTDTQYF	1
CASSLEGGRNEQYF	1
CASSLEGALYNEQFF	1
CASSLEGGGGEQYF	1
CASSLEGNEQFF	1
CASSLEGLAGSTDTQYF	1
CASSLEGQGSYEQYF	1
CASSLETGRIEQFF	1
CASSLENSYNSPLHF	1
CASSLEQAGPNTGELFF	1
CASSLEGSGGEKLFF	1
CASSLEGREQFF	1
CASSLEGTGGETQYF	1
CASSLISGSSYEQYF	1
CASSLIFGRELSEQYF	1
CASSLIQGVTGELFF	1
CASSLITDTQYF	1
CASSLMLKARGATQYF	1
CASSLMPGATYGYTF	1
CASSLMPGAGNTIYF	1
CASSLMQGSSSGNTIYF	1
CASSLIIAGRETQYF	1
CASSLTGASNTGELFF	1
CASSLTSGPKTQYF	1
CASSLTSGQDEQFF	1
CASSLTFEQFF	1
CASSLTPASNQPQHF	1
CASSLTQGPFAETF	1
CASSLTGQYDQPQHF	1
CASSLTPSYEQYF	1
CASSLTAQSNQPQHF	1
CASSLTGGTDTQYF	1
CASSLTGLGSPLHF	1
CASSLTGAVTEAFF	1
CASSLTGGGGNQPQHF	1
CASSLTGDYGYTF	1
CASSLTGDLREQYF	1
CASSLSRGGGLGPQHF	1
CASSLSSGSGYNEQFF	1
CASSLSTGELFF	1
CASSLRSAYEQYF	1
CASSLRWTSAPITDTQYF	1
CASSLRLAGLNEQFF	1
CASSLRGLAQETQYF	1
CASSLRDYPSRFF	1
CASSLRETLVNTEAFF	1
CASSLRSSYNSPLHF	1
CASSLRLAGVTGELFF	1
CASSLRVLNTEAFF	1
CASSLRGEQFF	1
CASSLRGSYNEQFF	1
CASSLRIGHNYGYTF	1
CASSLNIYNEQFF	1
CASSLNYNQPQHF	1
CASSLNQDNTEAFF	1
CASSLNRVSPLHF	1
CASSLKGIGETQYF	1
CASSLKDEQFF	1
CASSLKERIHEQFF	1
CASSLKPNTEAFF	1
CASSLKGNTEAFF	1
CASSLFSGSTDTQYF	1
CASSLFWGQALGQFF	1
CASSLFLPNPSLEQYF	1
CASSLFRRQETQYF	1
CASSLFQLLSYNEQFF	1
CASSLFGQIQFF	1
CASSLFGTVGNTIYF	1
CASSLFTLSSNNSPLHF	1
CASSLFSVAPQYF	1
CASSLFSGSAGELFF	1
CASSLFRTESYNEQFF	1
CASSLFGGAYLEAFF	1
CASSLFGQSYEQYF	1
CASSLFIAGDNEQFF	1
CASSLFTRGETQYF	1
CASSLFRAGNTIYF	1
CASSLLLNPPTDTQYF	1
CASSLLRLNNSPLHF	1
CASSLLVSGTIDEQYF	1
CASSLLVGAADTQYF	1
CASSLLGQSNSPLHF	1
CASSLLGGSSPLHF	1
CASSLLENSPLHF	1
CASSLLMAGAANQPQHF	1
CASSLLQGGGWFESPLHF	1
CASSLLGGSYEQYF	1
CASSLSFLAGSGDTQYF	1
CASSLSWGRGTDTQYF	1
CASSLSASGRVNEQFF	1
CASSLSAGVLDEQYF	1
CASSLSGQSVFF	1
CASSLSGTGPYEQYF	1
CASSLSGRAPYEQYF	1
CASSLSFYTGELFF	1
CASSLSFRGGGAQEYF	1
CASSLSPSGAAEQFF	1
CASSLSPSYEQYF	1
CASSLSVDQPQHF	1
CASSLSAGGISPLHF	1
CASSLSGPSYEQYF	1
CASSLSGETNYGYTF	1
CASSLSGTGEGSYGYTF	1
CASSLSGTERATEAFF	1
CASSLSRVANYGYTF	1
CASSLSSQGNQPQHF	1
CASSLSVSNTEAFF	1
CASSLSGYNEQFF	1
CASSLSGGGSYEQYF	1
CASSLSGDYGYTF	1
CASSLSGSNGYTF	1
CASSLSPQGRVNTEAFF	1
CASSLSAAVGVEQYF	1
CASSLSNRQNYEQYF	1
CASSLWASELNRYTF	1
CASSLWGSGPNEQFF	1
CASSLWGRANEQFF	1
CASSLWDYYEQFF	1
CASSLWTGELFF	1
CASSLWSAEQYF	1
CASSLWSVPYEQYF	1
CASSLWRGMGDTQYF	1
CASSLYSGVGYEQYF	1
CASSLYDSTEAFF	1
CASSLYDLGSNQPQHF	1
CASSLYENTGELFF	1
CASSLYSSGNNTGELFF	1
CASSLYQGLMNEQFF	1
CASSLYAGSSYEQYF	1
CASSLYREFGYGYTF	1
CASSLLSGNTIYF	1
CASSLLSAELNTGELFF	1
CASSLLAAGELFF	1
CASSLLAGVSTDTQYF	1
CASSLLAGSSPLHF	1
CASSLLPQNTGELFF	1
CASSLLRQGTYEQYF	1
CASSLLQGANTEAFF	1
CASSLLAGAGGIQYEQYF	1
CASSLLGSGMETQYF	1
CASSLLDREAFF	1
CASSLLQDRGSYEQYF	1
CASSLLVGNTGELFF	1
CASSLLGGYGYTF	1
CASSLLGEKLFF	1
CASSLLNQPQHF	1
CASSLLQGNTEAFF	1
CASSLLAVPGNEQFF	1
CASSLLAASYEQYF	1
CASSLLAGQETQYF	1
CASSLLAGGTDTQYF	1
CASSLLAGGPRDTQYF	1
CASSLLAGEVSAGELFF	1
CASSLLANTDTQYF	1
CASSLLGGDTGELFF	1
CASSLLGANQPQHF	1
CASSLLTTGGEQYF	1
CASSLPGTGLNNYGYTF	1
CASSLPGQEKRSNEQFF	1
CASSLPNGQSMNTEAFF	1
CASSLPPGYGYTF	1
CASSLPRAEETQYF	1
CASSLPVRGSYYDSSYNEQFF	1
CASSLPSRVKNYGYTF	1
CASSLPGTEAPEAFF	1
CASSLPGQGRGYTF	1
CASSLPDRGAEKLFF	1
CASSLPRTEYEQYF	1
CASSLPQGRDGSYEQYF	1
CASSLPGGFSPLHF	1
CASSLRWTPEGSYNEQFF	1
CASSLRPDRSIQPQHF	1
CASSLRGAGTSGSWSTDTQYF	1
CASSLRGTVFSEQYF	1
CASSLRGLGGAGTGELFF	1
CASSLRPAVFSGNTIYF	1
CASSLRQAAYEQYF	1
CASSLRAGPNEQFF	1
CASSLRDTETQYF	1
CASSLRDYPTGELFF	1
CASSLRDRPYEQYF	1
CASSLRERSTEAFF	1
CASSLREIGELFF	1
CASSLRPTGSYNEQFF	1
CASSLRGGAGGYTF	1
CASSLHRPPAYEQYF	1
CASSLHSQDGYTF	1
CASSLQFTDTQYF	1
CASSLQLSGRLNEKLFF	1
CASSLQYRSTQETQYF	1
CASSLQVRTEAFF	1
CASSLQGLSNEKLFF	1
CASSLQGGGYNEQFF	1
CASSLQGYEQYF	1
CASSLQGLHNSPLHF	1
CASSLQGVRDTEAFF	1
CASSLQGGKNTEAFF	1
CASSLQGQGPYEQYF	1
CASSLQGGNQPQHF	1
CASSLQIYEQYF	1
CASSLQMGQSYGYTF	1
CASSLQRHQPQHF	1
CASSLQRGDYGYTF	1
CASSLVLTSGYNEQFF	1
CASSLVSGGRYEQYF	1
CASSLVLTSGSLSTDTQYF	1
CASSLVLGSGNTIYF	1
CASSLVLAGGPWDTQYF	1
CASSLVPLSYEQYF	1
CASSLVPQGRGETQYF	1
CASSLVPTNTGELFF	1
CASSLVQGIGGIQYF	1
CASSLVAYEQFF	1
CASSLVAGGEPSYNEQFF	1
CASSLVGGSTDTQYF	1
CASSLVGYEQYF	1
CASSLVGGTNSPLHF	1
CASSLVGGTTFYEQYF	1
CASSLVGENTEAFF	1
CASSLVGQGAGEQYF	1
CASSLVGAGGPTDTQYF	1
CASSLVGGLNEKLFF	1
CASSLVSQGAEETQYF	1
CASSLVSGRARDYEQYF	1
CASSLVKYEQYF	1
CASSLVFKKRGAGDTQYF	1
CASSLVYTRGSSYEQYF	1
CASSLVPGDYEQYF	1
CASSLVRPGLATSPYNEQFF	1
CASSLVRQGVNTEAFF	1
CASSLVVDREAFF	1
CASSLVAPLENVNNEQFF	1
CASSLVASSYEQYF	1
CASSLVGGRYSYNEQFF	1
CASSLVGEGSYNEQFF	1
CASSLVGTGEGVYDEKLFF	1
CASSLVGSGMGINIQYF	1
CASSLVEGYNEKLFF	1
CASSLVTNLNTGELFF	1
CASSLVSFSNQPQHF	1
CASSLVSQGQPQHF	1
CASSLVFAGAQNIQYF	1
CASSLVSAGELFF	1
CASSLVSSFQGVEQFF	1
CASSLVSAGSSTDTQYF	1
CASSLVPGQNTEAFF	1
CASSLVVQETQYF	1
CASSLVAWNSYNEQFF	1
CASSLVAGPNNEQFF	1
CASSLVAGNTEAFF	1
CASSLVGSSYNEQFF	1
CASSLVGGSSYEQYF	1
CASSLVGGRSAEQFF	1
CASSLVGEQYF	1
CASSLVGLAERDEQFF	1
CASSLVGVRTDTQYF	1
CASSLVGTGGQPQHF	1
CASSLVGQPEAFF	1
CASSLVGQGISGNTIYF	1
CASSLVGQGALTEAFF	1
CASSLVGQGSVSEQYF	1
CASSLVGQGRLETQYF	1
CASSLVGGGAAYEQYF	1
CASSLVGGDVEKLFF	1
CASSLVEGLKTEAFF	1
CASSLVSGMLYEQYF	1
CASSLVLRSGLAPDTQYF	1
CASSLVSGPTYEQYF	1
CASSLVSGAETQYF	1
CASSLVQGASYNEQFF	1
CASSLVAGVTDTQYF	1
CASSLVASREQYF	1
CASSLVGFETQYF	1
CASSLVGSGRSNEQFF	1
CASSLVGRSSYNEQFF	1
CASSLVGQPEAFF	1
CASSLVGGTEAFF	1
CASSLVGGTSGSFHEQYF	1
CASSLVGSYNEQFF	1
CASSLVGLVQETQYF	1
CASSLVGQVSYEQYF	1
CASSLVEREDHEQYF	1
CASSLVMTRAYEQYF	1
CASSLVRVSPLHF	1
CASSLVRANTGELFF	1
CASSLALIEGNDEKLFF	1
CASSLAYSGSVADTQYF	1
CASSLALTSGPYNEQFF	1
CASSLARAIAGELFF	1
CASSLARDRENIQYF	1
CASSLARPSGRLAVTDTQYF	1
CASSLAHVVNTEAFF	1
CASSLAHRGSETQYF	1
CASSLAVLANTGELFF	1
CASSLAVGNTGELFF	1
CASSLAVGWNYGYTF	1
CASSLAAQSTGELFF	1
CASSLAAVWAGAKNTGELFF	1
CASSLAAGVGDTQYF	1
CASSLAGTFNEKLFF	1
CASSLAGSHGYTF	1
CASSLAGRAIDEQFF	1
CASSLATTDTQYF	1
CASSLASLGEQFF	1
CASSLASTDTQYF	1
CASSLARGRAQNF	1
CASSLAFYEQYF	1
CASSLASGPPGF	1
CASSLAYRQAEQYF	1
CASSLALRRDTYTDTQYF	1
CASSLALGQPYEQYF	1
CASSLALIGRAGKKLFF	1
CASSLALPDTQYF	1
CASSLALGLAGERDTQYF	1
CASSLALNTEAFF	1
CASSLAPPGLGNTIYF	1
CASSLAPSGRLSDTQYF	1
CASSLAPGVGNTGELFF	1
CASSLAPGAYEQYF	1
CASSLAPGTDTQYF	1
CASSLARTAYGYTF	1
CASSLAAGTGYEQYF	1
CASSLAADTQYF	1
CASSLAGSTDTQYF	1
CASSLAGGNSPLHF	1
CASSLAGTGMADEQYF	1
CASSLAGRGGGELFF	1
CASSLAETVGHEQYF	1
CASSLAMGYESDEQFF	1
CASSLATGLAPPNEQFF	1
CASSLATALAGNTIYF	1
CASSLARGQETQYF	1
CASSLARGEGYTF	1
CASSLALAGELFF	1
CASSLASLPGLEDEQFF	1
CASSLASYTGELFF	1
CASSLAWAEPLHF	1
CASSLAWAGENNEQFF	1
CASSLAYGGLNNEQFF	1
CASSLALGQRQETQYF	1
CASSLALPSGSSYEQYF	1
CASSLALTDTQYF	1
CASSLALSGMYGYTF	1
CASSLALQEKQYF	1
CASSLAPLGAYTEAFF	1
CASSLAPVVGSSYGYTF	1
CASSLAPREPSYEQYF	1
CASSLAPGQNYGYTF	1
CASSLAPMNTEAFF	1
CASSLARLNRINYGYTF	1
CASSLARGWFNQPQHF	1
CASSLARLAGVTSSLNEQFF	1
CASSLARGDNSPLHF	1
CASSLARGKRKELFF	1
CASSLAHGRDRVWRNTEAFF	1
CASSLAHEGPNTGELFF	1
CASSLAQGGRDGYTF	1
CASSLAQTSGRTYNEQFF	1
CASSLAQTGGFLAEAFF	1
CASSLAQATNTGELFF	1
CASSLAVRGRVTDTQYF	1
CASSLAVRLNGNYGYTF	1
CASSLAVPGLADYEQYF	1
CASSLAVVYEQYF	1
CASSLAAPTYEQYF	1
CASSLAAVDEQYF	1
CASSLAAGREGETQYF	1
CASSLAAGAGANYGYTF	1
CASSLAGLYNEQFF	1
CASSLAGGVNEKLFF	1
CASSLAGNQETQYF	1
CASSLAGSNTGELFF	1
CASSLAGPYYEQYF	1
CASSLAGIRGDYEQYF	1
CASSLAGTGGSMGQETQYF	1
CASSLAGLAGWGNEQFF	1
CASSLAGLAGGRYQPYNEQFF	1
CASSLAGRPNEQFF	1
CASSLAGQAYEQYF	1
CASSLAGQGAGQPQHF	1
CASSLAGQGIRETQYF	1
CASSLAGVGDEQFF	1
CASSLAGVRADTQYF	1
CASSLAGGLVEQFF	1
CASSLAGGPEQYF	1
CASSLAGTGTGELFF	1
CASSLAGSTDTQYF	1
CASSLADDREVYEQYF	1
CASSLADTEAFF	1
CASSLADRANYGYTF	1
CASSLAEAGDLFNEQFF	1
CASSLAEGNQPQHF	1
CASSLAMQGSFGNQPQHF	1
CASSLATAYNEQFF	1
CASSLATDEQYF	1
CASSLATGTGSYEQYF	1
CASSLARLAGGTLKNEQFF	1
CASSLARQGWGSPLHF	1
CASSLAWDGYGYTF	1
CASSLALNTEAFF	1
CASSLAPGLAPPDEQFF	1
CASSLAVTKEQFF	1
CASSLAGDSPGNTIYF	1
CASSLAGPGSADTQYF	1
CASSLAGPDRDEQFF	1
CASSLAGVGGTQYF	1
CASSLAGGGETQYF	1
CASSLAGMGEPQHF	1
CASSLAGSSYNSPLHF	1
CASSLAGGSYEQYF	1
CASSLASGRGYEQYF	1
CASSLARGAGYTF	1
CASSLANGPGPWPQHF	1
CASSLGLNTEAFF	1
CASSLGLAMGYEQYF	1
CASSLGSGTGVNEQFF	1
CASSLGSGATEAFF	1
CASSLGSSPLHF	1
CASSLGLSGGTYEQYF	1
CASSLGLRQETQYF	1
CASSLGLAGGKGQFF	1
CASSLGPLGEQYF	1
CASSLGPPGSGNTIYF	1
CASSLGPGGTAQPQHF	1
CASSLGPRNEQFF	1
CASSLGRGTEAFF	1
CASSLGQRDTDTQYF	1
CASSLGQGSEAFF	1
CASSLGVGPYGYTF	1
CASSLGAPSSYNEQFF	1
CASSLGAGAVADTQYF	1
CASSLGGTGGYEQYF	1
CASSLGEWGLQPQHF	1
CASSLGIRALAKNIQYF	1
CASSLGTSGRAYNEQFF	1
CASSLGTGGSRGYEQYF	1
CASSLGTGHSYEQYF	1
CASSLGLRTANTGELFF	1
CASSLGLTGNTIYF	1
CASSLGSGTGGQPQHF	1
CASSLGSGLNNQPQHF	1
CASSLGLLAGGLPETQYF	1
CASSLGLAGVAIQYF	1
CASSLGPNTEAFF	1
CASSLGQVYSYEQYF	1
CASSLGAFNTNEQYF	1
CASSLGALEQYF	1
CASSLGGSSYNEQFF	1
CASSLGGPSYNEQFF	1
CASSLGGGDEKLFF	1
CASSLGGTPDGELFF	1
CASSLGGTGHNEQFF	1
CASSLGGRGGSEQFF	1
CASSLGGLAVSYEQYF	1
CASSLGDSGKETQYF	1
CASSLGTQGDQPQHF	1
CASSLGTGIQPQHF	1
CASSLGSLDNEKLFF	1
CASSLGFGPEQYF	1
CASSLGFTEAFF	1
CASSLGLDTGELFF	1
CASSLGSNRLRDEQYF	1
CASSLGSNQPQHF	1
CASSLGSGQDGNTIYF	1
CASSLGSTGGQPQHF	1
CASSLGSVNTEAFF	1
CASSLGSGTSYEQYF	1
CASSLGWRGTRSSYNEQFF	1
CASSLGLPNYEQYF	1
CASSLGLAGAGELFF	1
CASSLGLAGADTQYF	1
CASSLGLAGGQDTQYF	1
CASSLGPRSYEQYF	1
CASSLGPDSNQPQHF	1
CASSLGRGGSYNEQFF	1
CASSLGRAGGAQYF	1
CASSLGRGLADSYEQYF	1
CASSLGQRPELEQYF	1
CASSLGQGAKEQYF	1
CASSLGQGTGYTF	1
CASSLGVAVYEQYF	1
CASSLGVASSYNEQFF	1
CASSLGVANNEQFF	1
CASSLGAGDEAFF	1
CASSLGAGASYEQYF	1
CASSLGANEQFF	1
CASSLGAGTNTEAFF	1
CASSLGGLQETQYF	1
CASSLGGPNYGYTF	1
CASSLGGSSEKLFF	1
CASSLGGTFSEQYF	1
CASSLGGRQGPEKLFF	1
CASSLGGASTDTQYF	1
CASSLGGGASQPQHF	1
CASSLGGGADSGNTIYF	1
CASSLGGGTRTDTQYF	1
CASSLGGLAGISEQFF	1
CASSLGDEQFF	1
CASSLGEGWDTDTQYF	1
CASSLGETGNTEAFF	1
CASSLGETGYTF	1
CASSLGIVGTGQEKLFF	1
CASSLGMGRETQYF	1
CASSLGMIASTDTQYF	1
CASSLGTVSYNEQFF	1
CASSLGTSGSYEQYF	1
CASSLGTSGRKGTGELFF	1
CASSLGTYEQYF	1
CASSLGTPNYEQYF	1
CASSLGTGELFF	1
CASSLGTTNSPLHF	1
CASSLGTGYGYTF	1
CASSLGTGSGNTIYF	1
CASSLGTGGLEPQHF	1
CASSLGTGGFGEKLFF	1
CASSLGSTGHGPLNEQYF	1
CASSLGRTGRSYGYTF	1
CASSLGRSGRGSPLHF	1
CASSLGRTGQTQVRPQHF	1
CASSLGNGAYEQYF	1
CASSLGNLEAFF	1
CASSLGSGGQPQHF	1
CASSLGWDRKYF	1
CASSLGLRSEQFF	1
CASSLGLAGASYEQYF	1
CASSLGLAGAYEQYF	1
CASSLGLASAYEQYF	1
CASSLGPSNEQFF	1
CASSLGRGTDTQYF	1
CASSLGRNSNQPQHF	1
CASSLGHSGNTIYF	1
CASSLGQAVNYGYTF	1
CASSLGQGLDQETQYF	1
CASSLGQGLTNEKLFF	1
CASSLGQGRSYGYTF	1
CASSLGQGGDTQYF	1
CASSLGQILYGYTF	1
CASSLGVVLGATDTQYF	1
CASSLGVAPTGELFF	1
CASSLGVAGGETQYF	1
CASSLGVMNTEAFF	1
CASSLGVNTEAFF	1
CASSLGAGPSHGTQYF	1
CASSLGGGRAGNEQFF	1
CASSLGGSAKNIQYF	1
CASSLGGPIRYQAHSPLHF	1
CASSLGGVNQPQHF	1
CASSLGGAQETQYF	1
CASSLGGGVAEQFF	1
CASSLGGTGFTGELFF	1
CASSLGSGSSYNEQFF	1
CASSLDFGTAEQFF	1
CASSLDLVTEAFF	1
CASSLDLGYNQPQHF	1
CASSLDLTGGEAFF	1
CASSLDSGVPYEQYF	1
CASSLDSASGTGEQYF	1
CASSLDSAGLAKNIQYF	1
CASSLDYSRPEQYF	1
CASSLDLLAGGRAQYF	1
CASSLDLGPEAAFF	1
CASSLDPSNVGGTEAFF	1
CASSLDPYNEKLFF	1
CASSLDPEKLFF	1
CASSLDRTSGRSNEQFF	1
CASSLDRVRANTGELFF	1
CASSLDRANTQYF	1
CASSLDAGAREKLFF	1
CASSLDGPGGNEKLFF	1
CASSLDGGWGSYEQYF	1
CASSLDGAYSNQPQHF	1
CASSLDEGGTYNEQFF	1
CASSLDEEGEQFF	1
CASSLDEKLFF	1
CASSLDRRVTDTQYF	1
CASSLDRAGTVNNEQFF	1
CASSLDFLTSGYEQYF	1
CASSLDLVAGGETQYF	1
CASSLDLGQPNTEAFF	1
CASSLDPGLCQPQHF	1
CASSLDRSAQPQHF	1
CASSLDRGLFSDEKLFF	1
CASSLDHYNEQFF	1
CASSLDQGGGAEAFF	1
CASSLDASGNPGGYEQYF	1
CASSLDARTGVYEQYF	1
CASSLDAGRLDEQYF	1
CASSLDGGNYGYTF	1
CASSLDGRAYEQYF	1
CASSLDGGQSYEQYF	1
CASSLDGGGTDTQYF	1
CASSLDGRAKDTQYF	1
CASSLDTRETQYF	1
CASSLDSLIQYF	1
CASSLDRLAYEQYF	1
CASSLDRVGGYTF	1
CASSLDRTSYEQYF	1
CASSLDRAAPSYEQYF	1
CASSLDKGLAGGPYEQYF	1
CASSLEFGTGELFF	1
CASSLELNEQFF	1
CASSLESGTPQHF	1
CASSLEPGNTIYF	1
CASSLEPRLRTDTQYF	1
CASSLEPGYTGELFF	1
CASSLERNQPQHF	1
CASSLERLTYEQYF	1
CASSLERVGEQYF	1
CASSLERASAHEQYF	1
CASSLEQYTEAFF	1
CASSLEVQTDTQYF	1
CASSLEVDRASYEQYF	1
CASSLEASGASSYEQYF	1
CASSLEAGGTQYF	1
CASSLEAGYGYTF	1
CASSLEAPQETQYF	1
CASSLEGHQPQHF	1
CASSLEGYTEAFF	1
CASSLEGRLAGNEQFF	1
CASSLEGALGTDTQYF	1
CASSLEGTRSTEQYF	1
CASSLEGTGGYEQYF	1
CASSLEGHNNSPLHF	1
CASSLEEWNYGYTF	1
CASSLEERAAQYF	1
CASSLEEHISPTF	1
CASSLEMNTEAFF	1
CASSLEFDGYTF	1
CASSLESLGRNEQFF	1
CASSLESGSDQYF	1
CASSLELAGGTNTGELFF	1
CASSLERWGYEQYF	1
CASSLEREGNEQFF	1
CASSLEQGSTEAFF	1
CASSLEQGGYEQYF	1
CASSLEALYNEQFF	1
CASSLEGQGAYTQYF	1
CASSLEGGAQPQHF	1
CASSLEGDNSPLHF	1
CASSLEGTRETQYF	1
CASSLETGHSNQPQHF	1
CASSLESPMSTDTQYF	1
CASSLERAPGGEQFF	1
CASSLILAGESNEQFF	1
CASSLIRDSQYF	1
CASSLIRLKREKTYEQYF	1
CASSLIGRTGRDERLFF	1
CASSLISTNYGYTF	1
CASSLIRGLYGYTF	1
CASSLINEQFF	1
CASSLINEQYF	1
CASSLMPGTNTEAFF	1
CASSLMVDQPQHF	1
CASSLMAKETQYF	1
CASSLMGTEAFF	1
CASSLMGPTDTQYF	1
CASSLMGGNSSPLHF	1
CASSLMGTVGYNEQFF	1
CASSLMIDGTGELFF	1
CASSLIRRTNEQFF	1
CASSLIAGGGNEQFF	1
CASSLIGPSNEAFF	1
CASSLIGVNQPQHF	1
CASSLIGTSGRADTQYF	1
CASSLIGGDSEQFF	1
CASSLIDETQYF	1
CASSLIIGEKLFF	1
CASSLINTGELFF	1
CASSLTSGVVNEQFF	1
CASSLTRGTYEQYF	1
CASSLTGGSGTDTQYF	1
CASSLTDTGELFF	1
CASSLTTEAFF	1
CASSLTSGSIEQYF	1
CASSLTSGSVYNEQFF	1
CASSLTSGSGYTQYF	1
CASSLTPRESGNTIYF	1
CASSLTPGREQYF	1
CASSLTRTGDGSEAFF	1
CASSLTVWNTEAFF	1
CASSLTGGMEAFF	1
CASSLTGDSNQPQHF	1
CASSLTGTAYGYTF	1
CASSLTGTANTEAFF	1
CASSLTGQGGTGELFF	1
CASSLTTGVGEQFF	1
CASSLTFGGTYEQYF	1
CASSLTSLPNQPQHF	1
CASSLTLAGGTYEQYF	1
CASSLTPSSTDTQYF	1
CASSLTAVAKNIQYF	1
CASSLTAGTNEKLFF	1
CASSLTGSAGGPYYEQYF	1
CASSLTGQPQHF	1
CASSLTGLSGEQFF	1
CASSLTDGSSRPYNEQFF	1
CASSLTDGNEQFF	1
CASSLTINTEAFF	1
CASSLTTGDPGNQPQHF	1
CASSLTSGFEQYF	1
CASSLTSGGPQHF	1
CASSLTSGSPAYEQYF	1
CASSLTNRPMDIQYF	1
CASSLTSIAGGPNEQYF	1
CASSLTVNYGYTF	1
CASSLTGGQPQHF	1
CASSLTGGAPYEQYF	1
CASSLTGGRNYEQYF	1
CASSLTGGNTEAFF	1
CASSLTGGQVNTEAFF	1
CASSLTGEGDTIYF	1
CASSLTTGLNNEQFF	1
CASSLSYGAQRLYEQYF	1
CASSLSLNTDTQYF	1
CASSLSPGEQFF	1
CASSLSVETSAYNEQFF	1
CASSLSGSDTEAFF	1
CASSLSGGDTQYF	1
CASSLSIWGSRETQYF	1
CASSLSIDYNEQFF	1
CASSLSRQETQYF	1
CASSLSGASYEQYF	1
CASSLSGRRETQYF	1
CASSLSGSSYNEQFF	1
CASSLSSGYTF	1
CASSLRFEQFF	1
CASSLRFRATYNEQFF	1
CASSLRLAGSSYNEQFF	1
CASSLRSSEQYF	1
CASSLRLGDQPQHF	1
CASSLRLAGSYNEQFF	1
CASSLRPSGNEQFF	1
CASSLRRVGTPEHF	1
CASSLRRNTEAFF	1
CASSLRADTEAFF	1
CASSLRADLDEKLFF	1
CASSLRAETDTQYF	1
CASSLRGLAGGHRDTDTQYF	1
CASSLRGLAGDEQFF	1
CASSLRDRGLVNTEAFF	1
CASSLREGSTGELFF	1
CASSLRIVTGGSPLHF	1
CASSLRTGPGELFF	1
CASSLRSGAGIYEQYF	1
CASSLRSGWVMSSYNEQFF	1
CASSLRLTYEQYF	1
CASSLRLAGAGSYNEQFF	1
CASSLRLAGGNNEQFF	1
CASSLRPVTNTGELFF	1
CASSLRPGGWNTEAFF	1
CASSLRASSNEQFF	1
CASSLRGGLAGRTDTQYF	1
CASSLRSNQPQHF	1
CASSLRRGAGALNTEAFF	1
CASSLNFKGDRPNTEAFF	1
CASSLNPRGETQYF	1
CASSLNPAGGVETQYF	1
CASSLNGRTVHGYTF	1
CASSLNGRTYQAYNEQFF	1
CASSLNGGTDTQYF	1
CASSLNTAETQYF	1
CASSLNRFPGQYF	1
CASSLNPSYEQYF	1
CASSLNPEQYF	1
CASSLNVGAGRYEQYF	1
CASSLNGQGGNTEAFF	1
CASSLNGVQETQYF	1
CASSLNSFSYEQYF	1
CASSLNRPGSYEQYF	1
CASSLNRPGELFF	1
CASSLNRVGQPQHF	1
CASSLNRGGYSNQPQHF	1
CASSLKSLEQYF	1
CASSLKPGQDRVGSPLHF	1
CASSLKPTEAFF	1
CASSLKRTDTQYF	1
CASSLKRVTDTQYF	1
CASSLKQSNGRANTGELFF	1
CASSLKVFYDNQPQHF	1
CASSLKVSGANVLTF	1
CASSLKVSSYNEQFF	1
CASSLKAGTYSNQPQHF	1
CASSLKKGLNTEAFF	1
CASSLKLGMNTEAFF	1
CASSLKVAGNGNTIYF	1
CASSLKAGGPYEQYF	1
CASSLKAGEVVNEQFF	1
CASSLKGGRMRGTEAFF	1
CASSSLSYGYTF	1
CASSSLRGNEQFF	1
CASSSLTSHGQYF	1
CASSSSGPQTYEQYF	1
CASSSSGTGNQPQHF	1
CASSSSMNTEAFF	1
CASSSSRGNYGYTF	1
CASSSYGPDQPQHF	1
CASSSYGGTGTDTQYF	1
CASSSYRGGGNQPQHF	1
CASSSLLQGNYEQYF	1
CASSSLAGGPDPGELFF	1
CASSSPDRDNQPQHF	1
CASSSPGTVEAFF	1
CASSSPLAGGPHNEQYF	1
CASSSPGQGADTGELFF	1
CASSSRGGDYGYTF	1
CASSSQTSGIYEQYF	1
CASSSVAENEQFF	1
CASSSGMGEQFF	1
CASSSGRAPNNEQFF	1
CASSSGQGVAYEQYF	1
CASSSDTGRQGQPQHF	1
CASSSDPATEAFF	1
CASSSDRASDTQYF	1
CASSSEVYGTRGYTF	1
CASSSIAGGTPEQYF	1
CASSSTSGSLGELFF	1
CASSSTAKQGLEAFF	1
CASSSTTGGSTEAFF	1
CASSSTQDSTDTQYF	1
CASSSTGSDGYTF	1
CASSSTIAGLYEQYF	1
CASSSSYEQFF	1
CASSSSGSTDTQYF	1
CASSSSGRGTFNNEQFF	1
CASSSSGPYNEQFF	1
CASSSFGGHETQYF	1
CASSSFVLDSSTDTQYF	1
CASSSSSLTQYF	1
CASSSSSGYQETQYF	1
CASSSSGGTGELFF	1
CASSSSGSAGNTIYF	1
CASSSSGGHGYTF	1
CASSSSGTSPNTGELFF	1
CASSSSGTNYEQFF	1
CASSSSGPSGEQFF	1
CASSSSDRGGYTF	1
CASSSSDREGQPQHF	1
CASSSSNNEQFF	1
CASSSSPDRRQYF	1
CASSSSVGAGEYNEQFF	1
CASSSSGEVSYTF	1
CASSSWGREQPQHF	1
CASSSYGWKGIRNEQFF	1
CASSSYSGREDTQYF	1
CASSSYSNQETQYF	1
CASSSLGPCCTEAFF	1
CASSSLRDRAYEQYF	1
CASSSLGHAGIDTQYF	1
CASSSLKNYEAKNIQYF	1
CASSSLGVTEKLFF	1
CASSSLGGTNEKLFF	1
CASSSLNPGTRETQYF	1
CASSSLLSEQYF	1
CASSSLGPTGELFF	1
CASSSPRDRVDYEQYF	1
CASSSPQGGETQYF	1
CASSSPWREVTNEQFF	1
CASSSPLANTEAFF	1
CASSSPPSTRGQETQYF	1
CASSSPPVNETQYF	1
CASSSPQASLLNYEQYF	1
CASSSPGTGVYGYTF	1
CASSSPSGMSSTDTQYF	1
CASSSPWGNNNEQFF	1
CASSSPASVHYEQYF	1
CASSSPGQGGAYGELFF	1
CASSSPGASTDTQYF	1
CASSSPDSEGDYEQYF	1
CASSSPGVRTGELFF	1
CASSSPGGIAGELFF	1
CASSSRRDLTADTQYF	1
CASSSRGSSNQPQHF	1
CASSSRGRVVDTQYF	1
CASSSRYEQYF	1
CASSSRVESQPQHF	1
CASSSRGGTEAFF	1
CASSSRGNLNQPQHF	1
CASSSRDWPGEQFF	1
CASSSRTQETQYF	1
CASSSRTGGDGYTF	1
CASSSRTGVETQYF	1
CASSSRTGGSGNTIYF	1
CASSSRLAGSYNEQFF	1
CASSSRLAGYTDTQYF	1
CASSSRQGAWGYTF	1
CASSSRTGGFFSPLHF	1
CASSSHAAGNTIYF	1
CASSSHTGTTYNEQFF	1
CASSSQAFYEQYF	1
CASSSQAGSLSTGYTF	1
CASSSQTYEQYF	1
CASSSQTGSNYGYTF	1
CASSSQTGVGYTF	1
CASSSQTGRTEAFF	1
CASSSQWVPSYNEQFF	1
CASSSQAGAVYNEQFF	1
CASSSVHIDTEAFF	1
CASSSVYDRGGNIQYF	1
CASSSVPRGRETQYF	1
CASSSVAAGLADYEQYF	1
CASSSAWNTEAFF	1
CASSSAGGGSGELFF	1
CASSSAENSYEQYF	1
CASSSAVGPLHF	1
CASSSAVYNEQFF	1
CASSSAGTSYNEQFF	1
CASSSGHSYEQYF	1
CASSSGGGTNTGELFF	1
CASSSGGGPPYEQYF	1
CASSSGPLKVEQYF	1
CASSSGVYNEQFF	1
CASSSGDKRSNQPQHF	1
CASSSGTTNTDTQYF	1
CASSSGTSGTDTQYF	1
CASSSGTSGSNTGELFF	1
CASSSGTASDSNQPQHF	1
CASSSGTGPNQPQHF	1
CASSSGTGGYGYTF	1
CASSSGKMREGTDTQYF	1
CASSSGLNQPQHF	1
CASSSGLAGLEQYF	1
CASSSGPQPQHF	1
CASSSGQGTEAFF	1
CASSSGQSTDTQYF	1
CASSSGKQANTGELFF	1
CASSSDMSSYNEQFF	1
CASSSEAGANQPQHF	1
CASSSEGTYEQYF	1
CASSSERYEQYF	1
CASSSTRAGLAGERQYF	1
CASSSTGGVYNEQFF	1
CASSSTGQRGETQYF	1
CASSSTLLGTEAFF	1
CASSSTAGRGSEQYF	1
CASSSTTWNIQYF	1
CASSSTQPHGTGDSYEQYF	1
CASSSTGPYTDTQYF	1
CASSSTGVDTQYF	1
CASSSTGGQTEAFF	1
CASSSSGGGPYEQYF	1
CASSSSGFLYNEQFF	1
CASSSSGRSEQFF	1
CASSSSGSVYNEQFF	1
CASSSRGRETQYF	1
CASSSRGPGELFF	1
CASSSRDRFSGANVLTF	1
CASSSRTSVYEQYF	1
CASSSRLAGYQETQYF	1
CASSSRLAGGTYEQYF	1
CASSSRETQYF	1
CASSSNREDYEQYF	1
CASSSNYGYTF	1
CASSSNTALGANSPLHF	1
CASSSNTGELFF	1
CASSSNTGTVNQPQHF	1
CASSSKFTDTQYF	1
CASSSWAAATGELFF	1
CASSSYLGKQFF	1
CASSSLAGWYEQYF	1
CASSSLAIGNIQYF	1
CASSSPLAGGRNEQFF	1
CASSSPRGGTKNIQYF	1
CASSSPGLIQDTQYF	1
CASSSPGQAPNEQFF	1
CASSSPSGTEIDGYTF	1
CASSSREIFAETQYF	1
CASSSRVGDTEAFF	1
CASSSRGEQYF	1
CASSSQGGGSSYNEQFF	1
CASSSVGRNYGYTF	1
CASSSVAGHEQFF	1
CASSSVGNSNQPQHF	1
CASSSVENTGELFF	1
CASSSAGRTPAGELFF	1
CASSSGLHGYTF	1
CASSSGAGNSPLHF	1
CASSSGGEQFF	1
CASSSGTGGLAQHF	1
CASSSGLAGAQEQFF	1
CASSSGLAGREQYF	1
CASSSGLAGNEQFF	1
CASSSGPESSYEQYF	1
CASSSGPATNEKLFF	1
CASSSGQFGYEQYF	1
CASSSGQGREKLFF	1
CASSSGQGEKLFF	1
CASSSGVYTGELFF	1
CASSSGAGHTGELFF	1
CASSSGGGNEQFF	1
CASSSDLGPNTEAFF	1
CASSSDRVRSFSTDTQYF	1
CASSSDGTVREKLFF	1
CASSSDGRETQYF	1
CASSSDRGNTEAFF	1
CASSSDRGDYEQYF	1
CASSSDRGDTQYF	1
CASSSDRNSYEQYF	1
CASSSEAGGLAVSYEQYF	1
CASSSEGRAVNTEAFF	1
CASSSETSHNEQFF	1
CASSSERVGGEQYF	1
CASSSEGRQGNFYTEAFF	1
CASSSIGLEGADTQYF	1
CASSSTLDNQPQHF	1
CASSSTGNEQFF	1
CASSSTSGYEQYF	1
CASSSTSGNYEQYF	1
CASSSTSGVSYEQYF	1
CASSSTLGLSYEQYF	1
CASSSTRTRGRNEQFF	1
CASSSTGTRGEQYF	1
CASSSTGTGRETQYF	1
CASSSTVIYEQYF	1
CASSSTGRSRGTEAFF	1
CASSSTHTSANNEQFF	1
CASSSTGGYEKLFF	1
CASSSTGGTSPLHF	1
CASSSTGDEDTEAFF	1
CASSSTIFYEQYF	1
CASSSTIQGVEAFF	1
CASSSTKGSLTDTQYF	1
CASSSSSYNEQFF	1
CASSSSGWGTGELFF	1
CASSSRGESTGELFF	1
CASSSRRASYNEQFF	1
CASSSRLNDNEQFF	1
CASSSRGGGNEQFF	1
CASSSRDTQYF	1
CASSSNSYPGSYEQYF	1
CASSSYSGQNYGYTF	1
CASSSLGSNKERDTQYF	1
CASSSLRGPTYEQYF	1
CASSSPVFGQETQYF	1
CASSSPGGGEKLFF	1
CASSSPGLAPTQYF	1
CASSSPGQGALRDGYTF	1
CASSSPGQGNFEAFF	1
CASSSPTGQETQYF	1
CASSSRLRLRVSPLHF	1
CASSSRRTSGNLYTQYF	1
CASSSQGAGELFF	1
CASSSQGAWDEKLFF	1
CASSSQGGNEKLFF	1
CASSSQGGGYNSPLHF	1
CASSSQGGHRDTQYF	1
CASSSVAGAGELFF	1
CASSSGLGVGYTF	1
CASSSGVNTEAFF	1
CASSSGAGLTYEQYF	1
CASSSGGEQYF	1
CASSSGTSSYNEQFF	1
CASSSGTNTGELFF	1
CASSSDRVRNQPQHF	1
CASSSEAHRSTEAFF	1
CASSSMGGTEAFF	1
CASSSIRGKNIQYF	1
CASSSTSGRMNTGELFF	1
CASSSTMGGTEAFF	1
CASSSTRRANEQFF	1
CASSSTGNTEAFF	1
CASSSTGFVAFF	1
CASSSTGGEDYGYTF	1
CASSSTGDEQYF	1
CASSSRRGSYNEQFF	1
CASSSNGVQETQYF	1
CASSSNGRKLFF	1
CASSSKLQVYGEKLFF	1
CASSWPDTKDGYTF	1
CASSWRSTQYF	1
CASSWQGARTEAFF	1
CASSWQGAQETQYF	1
CASSWAGGNGYTF	1
CASSWGPQPGQGENEQFF	1
CASSWGTGIRETQYF	1
CASSWGRVGNTIYF	1
CASSWGLDQPQHF	1
CASSWGAASRREQFF	1
CASSWGGTDTQYF	1
CASSWGNSPNYGYTF	1
CASSWGSGGYEQYF	1
CASSWGLGETQYF	1
CASSWGQGDEKLFF	1
CASSWGQGNEKLFF	1
CASSWDTSYEQYF	1
CASSWETGGNEQYF	1
CASSWELEGAESDEQYF	1
CASSWEEREVSEQYF	1
CASSWENEKLFF	1
CASSWMTGLGYTF	1
CASSWTSGSRTDTQYF	1
CASSWTGTLSSYEQYF	1
CASSWTYGYTF	1
CASSWTANEKLFF	1
CASSWTGFRNQPQHF	1
CASSWTGGFGTEAFF	1
CASSWTTGGSGNTIYF	1
CASSWSASSYNEQFF	1
CASSWRLDTQYF	1
CASSYFSAGASYNEQFF	1
CASSYSGFPNTGELFF	1
CASSYLGEQFF	1
CASSYPGLARMNTEAFF	1
CASSYQGDTQYF	1
CASSYVTSGSTDTQYF	1
CASSYVTEAFF	1
CASSYGGGNQPQHF	1
CASSYGSGQVGYTF	1
CASSYGGANGKQYF	1
CASSYGTSVSYEQYF	1
CASSYERGAYEQYF	1
CASSYMPYSYNEQFF	1
CASSYTGTSDTQYF	1
CASSYSGRQDSLPGNTIYF	1
CASSYRLAGVTGELFF	1
CASSYRGSAYEQYF	1
CASSYRLADYEQYF	1
CASSYNEQFF	1
CASSYSGTSAYRPF	1
CASSYYPGQGSPLHF	1
CASSYLSGSYEQYF	1
CASSYLNEQFF	1
CASSYLGQVYEQYF	1
CASSYPTGAFYEQYF	1
CASSYRLALLLIF	1
CASSYRGTQYF	1
CASSYHGNTEAFF	1
CASSYHPGTLDYGYTF	1
CASSYVDSYNEQFF	1
CASSYALGVAFF	1
CASSYAGDSNQPQHF	1
CASSYGGQDGYTF	1
CASSYGTSGRVETQYF	1
CASSYGTGGDEQFF	1
CASSYGTGSTEAFF	1
CASSYGLAGSLNEQFF	1
CASSYGLAGVGSTGELFF	1
CASSYGPNTEAFF	1
CASSYGQTNEKLFF	1
CASSYGQRNTEAFF	1
CASSYGSGSGNTIYF	1
CASSYDSGTYNEQFF	1
CASSYTLSNTEAFF	1
CASSYTGSSGGYTF	1
CASSYTEPVGPPYEQYF	1
CASSYTGREPQHF	1
CASSYSGRGADTQYF	1
CASSYRGDWNTGELFF	1
CASSYRGRSTEAFF	1
CASSLFGEGTLEQYF	1
CASSLSGANTGELFF	1
CASSLWTGETQYF	1
CASSLLHGNNRDYRNQPQHF	1
CASSLLTSGDTEAFF	1
CASSLLSRETQYF	1
CASSLPGGGPGELFF	1
CASSLRGGSSGSYEQYF	1
CASSLAGLGTQETQYF	1
CASSLGGPGRRHEKLFF	1
CASSLGTVNTGELFF	1
CASSLGQGKVGGYTF	1
CASSLDRHEQYF	1
CASSLIWEQFF	1
CASSLIASEQFF	1
CASSLTSGRFNEQFF	1
CASSLTGTDYEQYF	1
CASSLTTGSTEAFF	1
CASSLSRLETQYF	1
CASSLSGQAGYNEQFF	1
CASSLSGGNQPQHF	1
CASSLSGSSYEQYF	1
CASSLRQWVGNEKLFF	1
CASSLRGQGATF	1
CASSLRTSGQETQYF	1
CASSLRVNRHEKLFF	1
CASSLRTYGYTF	1
CASSLFPGGAGGYTF	1
CASSLLTGKHTEAFF	1
CASSLSLDSGRVGDEQFF	1
CASSLSFSTDTQYF	1
CASSLYIRLAGVGEQYF	1
CASSLYRGRTEQYF	1
CASSLLGYSGNTIYF	1
CASSLLLTSVDTGELFF	1
CASSLLAGGYNEQFF	1
CASSLLGTSGNNEQFF	1
CASSLPLLVEAFF	1
CASSLPANAGTDTQYF	1
CASSLPGNTIYF	1
CASSLRPGTGTGHSPLHF	1
CASSLRQREGRDNEQFF	1
CASSLRDRGREAFF	1
CASSLRLAGGPGEQYF	1
CASSLHSRGDTQYF	1
CASSLHAGELFF	1
CASSLQRREVEQFF	1
CASSLQGLRAEAFF	1
CASSLVPGLAGDDNEQFF	1
CASSLVRLAGVGEQFF	1
CASSLVAGAGNEQFF	1
CASSLGSRIQYF	1
CASSLGTSGEAGELFF	1
CASSLGTGPSNQPQHF	1
CASSLGTGETYEQYF	1
CASSLGLHTDTQYF	1
CASSLGLVGGLYEQYF	1
CASSLGLAGYEQYF	1
CASSLGLAGVGETQYF	1
CASSLGQGFYNEQFF	1
CASSLGQGGETQYF	1
CASSLGQRNTEAFF	1
CASSLGGSPYNEQFF	1
CASSLGKITGGNYGYTF	1
CASSLEVISGNTIYF	1
CASSLEGGYGYTF	1
CASSLEGRVVLETQYF	1
CASSLEPSGANVLTF	1
CASSLEDPYGYTF	1
CASSLMTGGWEKLFF	1
CASSLIIYEQYF	1
CASSLTGLNNNEQFF	1
CASSLTGVDEQFF	1
CASSLTGGSTDTQYF	1
CASSLRAGAGYEQYF	1
CASSLKVQGTGLVPLSYEQYF	1
CASSLKTGGQNIQYF	1
CASSLKSLGIYNEQFF	1
CASSLFLGAGSYEQYF	1
CASSLYGPGGEDEQYF	1
CASSLRDGPSEVGANVLTF	1
CASSLRETQYF	1
CASSLRGTGAPSTNEKLFF	1
CASSLQGFGGELFF	1
CASSLVGYEQFF	1
CASSLAQPISYNEQFF	1
CASSLGSSTEAFF	1
CASSLGYGSSYEQYF	1
CASSLGQSYNEQFF	1
CASSLGGLGYEQYF	1
CASSLGDVTGELFF	1
CASSLGTSSNYEQYF	1
CASSLGLLTGELFF	1
CASSLGLAGQETQYF	1
CASSLGLAGGPGTDTQYF	1
CASSLGRATNEKLFF	1
CASSLGQGWQPQHF	1
CASSLDGYNSPLHF	1
CASSLDMTYGYTF	1
CASSLDRSSGNTIYF	1
CASSLDRGNSPLHF	1
CASSLDRDQPQHF	1
CASSLEGRNTEAFF	1
CASSLMPGELFF	1
CASSLIAGEGQETQYF	1
CASSLTVNTGELFF	1
CASSLTGGTEAFF	1
CASSLTSGRVNNEQFF	1
CASSLTGRGTQYF	1
CASSLTGTDTQYF	1
CASSLTGYDTEAFF	1
CASSLTGGADNEQFF	1
CASSLTGGEGEKLFF	1
CASSLTGGNEQFF	1
CASSLTGIDEKLFF	1
CASSLTDTQYF	1
CASSLSRMEASF	1
CASSLRETQYF	1
CASSLNTGQRAFF	1
CASSLNRVPGNTIYF	1
CASSLFTATSGMYEQYF	1
CASSLLDTTNTGELFF	1
CASSLSYRGAYEQYF	1
CASSLSGYEQYF	1
CASSLSGGSDYNEQFF	1
CASSLYSGAGEQYF	1
CASSLLQGTGELFF	1
CASSLLAGSNTGELFF	1
CASSLPTTTDTQYF	1
CASSLPLAGTGELFF	1
CASSLPGTLNTEAFF	1
CASSLPKGTNTGELFF	1
CASSLPDNEKLFF	1
CASSLRNEQFF	1
CASSLHRGGSPLHF	1
CASSLQGVETQYF	1
CASSLQGSSYEQYF	1
CASSLVGWGLSGNTIYF	1
CASSLAGWGNEQFF	1
CASSLASTNYEQYF	1
CASSLAERYEQYF	1
CASSLAGAEGNEQFF	1
CASSLAGGPSSAYNEQFF	1
CASSLGLAGDPNEQFF	1
CASSLGRSGSYNEQFF	1
CASSLGGQTEAFF	1
CASSLGGTSSGELFF	1
CASSLGTSGKRHAFF	1
CASSLGTPEQFF	1
CASSLGTGLYNSPLHF	1
CASSLGSGFGNEQFF	1
CASSLGLARLRTDTQYF	1
CASSLGPRGTEAFF	1
CASSLGPTGYNEQFF	1
CASSLDPGGATNEKLFF	1
CASSLDTNTEAFF	1
CASSLDSNEQFF	1
CASSLIVGGEGREQYF	1
CASSLTSGSYNEQFF	1
CASSLTLPPGSEQFF	1
CASSLTPVLGGTDTQYF	1
CASSLTGNGQPQHF	1
CASSLSGSVYEQYF	1
CASSLSGRALDEQFF	1
CASSLRTGGTEAFF	1
CASSLNQGSEKLFF	1
CASSLNGDNEQFF	1
CASSLNREKLFF	1
CASSLKQGGPSGRAVNYNEQFF	1
CASSLKRFYNEQFF	1
CASSPSGGRDGYGYTF	1
CASSPSGTYNEQFF	1
CASSPSLGFMETQYF	1
CASSPSGPRYEQYF	1
CASSPWTGGEGYTF	1
CASSPYRGNEQFF	1
CASSPYRGGYEQYF	1
CASSPLYGDTQYF	1
CASSPLREGLTGELFF	1
CASSPLAGWENIQYF	1
CASSPLGTGNQPQHF	1
CASSPPLYRDYEQYF	1
CASSPPPGTSGGPSHTEQYF	1
CASSPPGGDEFDTQYF	1
CASSPPTSGYNEQFF	1
CASSPPNMDTQYF	1
CASSPPPSSGNTIYF	1
CASSPPGVPYEQYF	1
CASSPPGGKLFF	1
CASSPRLRNEQYF	1
CASSPRGGLNSPLHF	1
CASSPRPLADNEQFF	1
CASSPRGGIQETQYF	1
CASSPRGDPIYEQYF	1
CASSPRGRSTYQETQYF	1
CASSPRDAGTGELFF	1
CASSPRDRGSYNEQFF	1
CASSPRDRGPFETQYF	1
CASSPRLAGVQETQYF	1
CASSPRRTANNEQFF	1
CASSPRAGDTGELFF	1
CASSPQTGRGTEAFF	1
CASSPQRTGGRAEAFF	1
CASSPQQRADTQYF	1
CASSPQQVNTEAFF	1
CASSPAGVGRQETQYF	1
CASSPGEFNYGYTF	1
CASSPGTPLHF	1
CASSPGLAGALNTGELFF	1
CASSPGRRRDKLDNSPLHF	1
CASSPGAAQETQYF	1
CASSPGAIGNEQFF	1
CASSPGDSNIDGYTF	1
CASSPGTSGSPDTQYF	1
CASSPGTSGPQETQYF	1
CASSPGTSETDTQYF	1
CASSPGLAGFQETQYF	1
CASSPGLAGITGELFF	1
CASSPGPYEQYF	1
CASSPGGERFNEQFF	1
CASSPDGVSPLHF	1
CASSPDRGHTEAFF	1
CASSPEALPGETQYF	1
CASSPMTSLNEQFF	1
CASSPTPDSSYEQYF	1
CASSPTSVRSYNEQFF	1
CASSPTSDPYEQYF	1
CASSPTVGQKPGNTIYF	1
CASSPTGMGAAEKLFF	1
CASSPTLAGELNIQYF	1
CASSPTDRGDNQPQHF	1
CASSPTGHQETQYF	1
CASSPSQYYNSPLHF	1
CASSPSVQPQHF	1
CASSPSPPQGEAYEQYF	1
CASSPSPGATGELFF	1
CASSPSGRAKDTQYF	1
CASSPSGRVDTGELFF	1
CASSPSGNYEQYF	1
CASSPRVGETQYF	1
CASSPRAQGGYGYTF	1
CASSPNTGTGGSLLQFF	1
CASSPNQYNEQFF	1
CASSPKRAGVTDTQYF	1
CASSPFLGRQVKTQYF	1
CASSPFADRGGDTQYF	1
CASSPLGLAGDYSYNEQFF	1
CASSPLTSVQETQYF	1
CASSPLTSGGGNEQFF	1
CASSPLTGIYEQYF	1
CASSPSRGLAGYSYEQYF	1
CASSPSAGTEAFF	1
CASSPSPGQSYNEQFF	1
CASSPSHFGANTEAFF	1
CASSPSHTGGTEAFF	1
CASSPSASPLALFYEQYF	1
CASSPSSGDGNSPLHF	1
CASSPSQGPNTEAFF	1
CASSPSGVEQYF	1
CASSPSGTGAHYEQYF	1
CASSPSDSSPWVYEQYF	1
CASSPSQGFSYEQYF	1
CASSPSGGGNIQYF	1
CASSPWWRTYNEQFF	1
CASSPWRGRNTEAFF	1
CASSPWRLADNLDEQFF	1
CASSPWASPNEQFF	1
CASSPWGVDTEAFF	1
CASSPYWEALGNNEQFF	1
CASSPYLLADSYNEQFF	1
CASSPYLDSPLHF	1
CASSPLFGSYEQYF	1
CASSPLSRQTNYGYTF	1
CASSPLDTYEQYF	1
CASSPLMGQGHYEQYF	1
CASSPLRWRQVIDYEQYF	1
CASSPLLNTEAFF	1
CASSPLPGQSTDTQYF	1
CASSPLAFRGLGGNTIYF	1
CASSPLAATEAFF	1
CASSPLGQHSGYTF	1
CASSPLPNTEAFF	1
CASSPLTGLAKNIQYF	1
CASSPLATGELFF	1
CASSPLRTGGNEQFF	1
CASSPPFASSYEQYF	1
CASSPPNYGYTF	1
CASSPPFVISRGLNEQFF	1
CASSPPFSSSYNEQFF	1
CASSPPLSGSGIGELFF	1
CASSPPVGGPGYTF	1
CASSPPGDYGYTF	1
CASSPPGANSPLHF	1
CASSPPGTYNEQFF	1
CASSPPGTPNGELFF	1
CASSPPREVSEQYF	1
CASSPPASGGSYEQFF	1
CASSPPGNEQFF	1
CASSPPGISTDTQYF	1
CASSPPDRRNEKLFF	1
CASSPPSGLTGGGYTF	1
CASSPPGVFGEKLFF	1
CASSPPSRQRQHSYEQYF	1
CASSPRSSVGGYGYTF	1
CASSPRLAGLEQYF	1
CASSPRRGASEQFF	1
CASSPRGGQNTGELFF	1
CASSPRPTSGNPFEQFF	1
CASSPRQGGNTEAFF	1
CASSPRGFYNEQFF	1
CASSPRGTGVYEQYF	1
CASSPRWASGAKQETQYF	1
CASSPRPSGRAISYEQYF	1
CASSPRRMSTEAFF	1
CASSPRVREGGGEQFF	1
CASSPRAVQTGELFF	1
CASSPRARWGVKETQYF	1
CASSPRATGMNTEAFF	1
CASSPRGVAGEHEQYF	1
CASSPRGGASKGTDTQYF	1
CASSPRDTYEQYF	1
CASSPRIGGRAFIHTQYF	1
CASSPRTSGSIMQFF	1
CASSPRTEDTQYF	1
CASSPRTGLAKNIQYF	1
CASSPRTGGIEQYF	1
CASSPRTGRNSPLHF	1
CASSPRTGSRTDTQYF	1
CASSPRTDRSTEAFF	1
CASSPRWTSGRVTYEQYF	1
CASSPRLGSEQFF	1
CASSPRQGYTGELFF	1
CASSPRVVRETQYF	1
CASSPRTDYSNQPQHF	1
CASSPHFGQMNTEAFF	1
CASSPHGGTSFTEAFF	1
CASSPHRDRGRSGELFF	1
CASSPQSGPYTDTQYF	1
CASSPQRQGNEKLFF	1
CASSPQGGSSPLHF	1
CASSPQTSGSFYEQYF	1
CASSPQTDNEQFF	1
CASSPQTGGHEQYF	1
CASSPQKGNEQFF	1
CASSPQAGLVYEQYF	1
CASSPQAGVKYGEQYF	1
CASSPQAGGYNEQFF	1
CASSPQGVPNQPQHF	1
CASSPQGGTGGYEQYF	1
CASSPQGSGNTIYF	1
CASSPQDFQETQYF	1
CASSPQDSRGDIQYF	1
CASSPQRGRWDEQFF	1
CASSPAFRPIGYTF	1
CASSPAGLAVLSYEQYF	1
CASSPAMGFVGSMDTQYF	1
CASSPAGGGRTEAFF	1
CASSPAKNLVEQFF	1
CASSPAQYEQYF	1
CASSPGQGVYYGYTF	1
CASSPGRGYGYTF	1
CASSPGRNTEAFF	1
CASSPGPSGTEAFF	1
CASSPGVGGGETQYF	1
CASSPGLAEHNEQFF	1
CASSPGPVPNSPLHF	1
CASSPGVDEQFF	1
CASSPGAYGYTF	1
CASSPGTLNTEAFF	1
CASSPGTSVYNEQFF	1
CASSPGTSGSYQETQYF	1
CASSPGTSGKETQYF	1
CASSPGTSGALYNEQFF	1
CASSPGTRAYEQYF	1
CASSPGTLNTEAFF	1
CASSPGTPYNEQFF	1
CASSPGTVFNSPLHF	1
CASSPGTGALVAATGELFF	1
CASSPGTGAADSPLHF	1
CASSPGTGGYGYTF	1
CASSPGTGKMNTEAFF	1
CASSPGSFYGYTF	1
CASSPGRRTDTQYF	1
CASSPGLGEAFF	1
CASSPGLAQAPQETQYF	1
CASSPGLAGGPDEQYF	1
CASSPGLAGGNEQFF	1
CASSPGLGGDTQYF	1
CASSPGQYTDTQYF	1
CASSPGQGWEKLFF	1
CASSPGQGEQPQHF	1
CASSPGQGDEAFF	1
CASSPGQGEYNEQFF	1
CASSPGVSNNEQFF	1
CASSPDFGDASEQYF	1
CASSPDQTEAFF	1
CASSPDIGQKNTEAFF	1
CASSPDTSEETQYF	1
CASSPDSRQGHYEQYF	1
CASSPDPYWYSYEQYF	1
CASSPDRGQPQHF	1
CASSPDQGGNTIYF	1
CASSPDGSYNEQFF	1
CASSPDRQQVYEQYF	1
CASSPDRVTDTQYF	1
CASSPDRVRSPLHF	1
CASSPDRGSRAETQYF	1
CASSPDRGWETQYF	1
CASSPDRGRSNQPQHF	1
CASSPEWGAPQETQYF	1
CASSPEASGIGWADTQYF	1
CASSPEGTGPYGYTF	1
CASSPEFGRAETQYF	1
CASSPELAGNTGELFF	1
CASSPEAGEGNEQFF	1
CASSPEGRDYEQYF	1
CASSPIGAENEQFF	1
CASSPIAGSSYEQYF	1
CASSPTSGKYNEQFF	1
CASSPTGTSGSYEQYF	1
CASSPTDRNTGELFF	1
CASSPTEREDEQFF	1
CASSPTTGDEQYF	1
CASSPTPSYEQYF	1
CASSPTADYEQYF	1
CASSPTGAGAYYEQYF	1
CASSPTGQGSYEQYF	1
CASSPTTGSETQYF	1
CASSPTGDGYEQYF	1
CASSPRVRNTGELFF	1
CASSPRGPDSPLHF	1
CASSPRGMSYEQYF	1
CASSPRGTSGKRDTQYF	1
CASSPRGSSTTNEKLFF	1
CASSPRDREAFF	1
CASSPRDGSYEQYF	1
CASSPRTVADTQYF	1
CASSPRTGFEERTQYF	1
CASSPRTGGLGYTF	1
CASSPRLVGNEQFF	1
CASSPNSIGYTLLGYTF	1
CASSPNLLYGYTF	1
CASSPNQGAGYGYTF	1
CASSPNSPGAGSEAFF	1
CASSPNWDGTKNIQYF	1
CASSPNLGELFF	1
CASSPNGPGANVLTF	1
CASSPKWDGTDTQYF	1
CASSPKPSGYYEQYF	1
CASSPKAGSEKLFF	1
CASSPKTSGRASVYEQYF	1
CASSPKTGGYNEQFF	1
CASSPKRESSYNEQFF	1
CASSPFMGAGTGELFF	1
CASSPFRGRAATGELFF	1
CASSPFGGEQFF	1
CASSPLSTVGELFF	1
CASSPLAGGPTDTQYF	1
CASSPLDSFSGAFF	1
CASSPLRGWGSYNEQFF	1
CASSPSYGRAYEQYF	1
CASSPSVRIADTQYF	1
CASSPSGNTEAFF	1
CASSPWEGVPTLNEQFF	1
CASSPWTRDEQYF	1
CASSPYRRQQNTEAFF	1
CASSPLFRSTDTQYF	1
CASSPLLGTSGGEQYF	1
CASSPLPTGPGANVLTF	1
CASSPPGRKLFF	1
CASSPPRRRGPYNEQFF	1
CASSPRGSSYNEQFF	1
CASSPRVNTEAFF	1
CASSPRAGAYEQYF	1
CASSPRDLRFLAKNIQYF	1
CASSPRDRLSYEQYF	1
CASSPRTGIGSPLHF	1
CASSPRPGLHSTSSTDTQYF	1
CASSPQQSPNTEAFF	1
CASSPQEVVGWNTEAFF	1
CASSPVEDRDHYGYTF	1
CASSPVPGQRAYEQYF	1
CASSPADTGTGELFF	1
CASSPARGEAFF	1
CASSPATGPHEQYF	1
CASSPAGEDTQYF	1
CASSPAVGYRESHGYTF	1
CASSPGPAGETNTGELFF	1
CASSPGLSYEQYF	1
CASSPGWPGEKLFF	1
CASSPGQGRGENIQYF	1
CASSPGVANTGELFF	1
CASSPGAHAPQETQYF	1
CASSPGGASKYREQFF	1
CASSPGGLAANTGELFF	1
CASSPGDSEQYF	1
CASSPGDSKYEQYF	1
CASSPGTAKHQPQHF	1
CASSPGTGVNTEAFF	1
CASSPGTENQPQHF	1
CASSPGKGQETQYF	1
CASSPGWYEQYF	1
CASSPGLNEQFF	1
CASSPGLNNEQFF	1
CASSPGLSSYNEQFF	1
CASSPGLAVYEQYF	1
CASSPGLAAYNEQFF	1
CASSPGLAGPGELFF	1
CASSPGLAGVDTQYF	1
CASSPGLADTGELFF	1
CASSPGPEETQYF	1
CASSPGPLSYPQETQYF	1
CASSPGPQATYEQYF	1
CASSPGRYSNQPQHF	1
CASSPGHPGGYTF	1
CASSPGQGSSYEQYF	1
CASSPGQGSYEQYF	1
CASSPGQGTTYEQYF	1
CASSPGVGKSSYNSPLHF	1
CASSPGGTAHQPQHF	1
CASSPGINRDRLYEQYF	1
CASSPDMWTEAFF	1
CASSPDLTSVHEQYF	1
CASSPDPGRLLSSEQYF	1
CASSPDGYEQYF	1
CASSPDTYNEQFF	1
CASSPDSLRNQPQHF	1
CASSPDSIGAFF	1
CASSPDRGREKLFF	1
CASSPIVGGPNTEAFF	1
CASSPMGQVYEQYF	1
CASSPTIATGTHLGTQYF	1
CASSPTSAPSYNEQFF	1
CASSPTSGISYEQYF	1
CASSPTPIDEQFF	1
CASSPTPSGANTGELFF	1
CASSPTGTQETQYF	1
CASSPTWGSTTEAFF	1
CASSPTGYNEQFF	1
CASSPTTSPETQYF	1
CASSPTVLGSPLHF	1
CASSPTGPDTQYF	1
CASSPTGGQMFSTGELFF	1
CASSPTGDFGQPQHF	1
CASSPTDQPQHF	1
CASSPTDVSTEAFF	1
CASSPTMTGQGPQHF	1
CASSPSGSLTYEQYF	1
CASSPRLNEKLFF	1
CASSPRAVPYEQYF	1
CASSPRGPGELFF	1
CASSPRLLNYGYTF	1
CASSPNRDYPPFTDTQYF	1
CASSPNRDRKNIQYF	1
CASSPNGGEGTEAFF	1
CASSPNEGYEQYF	1
CASSPNRAEAFF	1
CASSPKGSYEQYF	1
CASSPKGRVFSYNEQFF	1
CASSPKGPHNEQFF	1
CASSPSSGMKSYEQYF	1
CASSPSAGMNTEAFF	1
CASSPSSGVSYNEQFF	1
CASSPWLAPSTDTQYF	1
CASSPWQGEQFF	1
CASSPWQGGDPSYNEQFF	1
CASSPWGSGLAGAADTQYF	1
CASSPWTSGRNEQFF	1
CASSPYPLGNEKLFF	1
CASSPYGGGGLAQYF	1
CASSPYTSAYEQYF	1
CASSPLSTGTQYF	1
CASSPLDGTDSYEQYF	1
CASSPLAGTGELFF	1
CASSPPGQAYNSPLHF	1
CASSPPKGLATDTQYF	1
CASSPPPSDTQYF	1
CASSPPRGNYEQYF	1
CASSPPGGNTEAFF	1
CASSPPELSYEQYF	1
CASSPPATDARNTEAFF	1
CASSPRLEAGEDTQYF	1
CASSPRGAWQYF	1
CASSPRDRAYGYTF	1
CASSPRTGWNTDTQYF	1
CASSPRTGTGELFF	1
CASSPRHLNYGYTF	1
CASSPRIRDGYGYTF	1
CASSPHPGQGTGELFF	1
CASSPQGNQPQHF	1
CASSPQLSGLHNEQFF	1
CASSPQGEAGKKGTEAFF	1
CASSPVTQGPEQYF	1
CASSPVAYNEQFF	1
CASSPAYSNQPQHF	1
CASSPARLSSYNEQFF	1
CASSPAGDMQPQHF	1
CASSPGPQRGTEAFF	1
CASSPGLYAMQFF	1
CASSPGAGDNEQFF	1
CASSPGFGNEQFF	1
CASSPGVWGDNYEQYF	1
CASSPGGASNQPQHF	1
CASSPGGNTGELFF	1
CASSPGTANTGELFF	1
CASSPGTGRNTEAFF	1
CASSPGRAATGELFF	1
CASSPGRGGILNTGELFF	1
CASSPGQLLSYEQYF	1
CASSPGQGSTEAFF	1
CASSPGVGTNEKLFF	1
CASSPGRRDRWSGYTF	1
CASSPDRVGVTEAFF	1
CASSPDRNEQFF	1
CASSPEQLSSYNEQFF	1
CASSPEVGTSVYEQYF	1
CASSPEGPSSYEQYF	1
CASSPEDSTDTQYF	1
CASSPELRRTGVNTEAFF	1
CASSPERLPDSTSTYEQYF	1
CASSPEITDTQYF	1
CASSPIGRNEAFF	1
CASSPIGGGGNEQFF	1
CASSPMGTYEQYF	1
CASSPMGLMAEKLFF	1
CASSPIARSTDTQYF	1
CASSPTGNEQFF	1
CASSPTSTDTQYF	1
CASSPTGWDRGSGQPQHF	1
CASSPTGDPPNQPQHF	1
CASSPTNSGTGGYTF	1
CASSPTLSTGGEKLFF	1
CASSPSRTGGNIQYF	1
CASSPSLGEHEQYF	1
CASSPSTDTQYF	1
CASSPRAGAGGYTF	1
CASSPRGNRSNYGYTF	1
CASSPRTSELYEQYF	1
CASSPRQGAFNEQFF	1
CASSPRAGGTGELFF	1
CASSPRKPGQAPREAFF	1
CASSPNSGWGEQYF	1
CASSPNRGGWDEQYF	1
CASSPKSTEIQFF	1
CASSPKLNTEAFF	1
CASSPKPHQMTGFYGYTF	1
CASSPKASGYLSYNEQFF	1
CASSRFDSLQETQYF	1
CASSRWPANTGELFF	1
CASSRPMGGRTNLNYGYTF	1
CASSRPYNEQFF	1
CASSRPGEQPQHF	1
CASSRVLADYEQYF	1
CASSRGLAGLLYNEQFF	1
CASSRGAGAYQETQYF	1
CASSREGFETQYF	1
CASSRMGRENTIYF	1
CASSRMGLDGEQYF	1
CASSRTRLSYEQYF	1
CASSRSIAGGSDTQYF	1
CASSRSGRAGDTQYF	1
CASSRSGRTHLYNEQFF	1
CASSRSPGQGPYNSPLHF	1
CASSRSGGSSYEQYF	1
CASSRSGQNEKLFF	1
CASSRSGATGGEQYF	1
CASSRWDGGGPPQHF	1
CASSRLTEAFF	1
CASSRPGVDPYTQYF	1
CASSRPGTADNSPLHF	1
CASSRPRGAPTGSNEQFF	1
CASSRPGQGASETQYF	1
CASSRRAYQETQYF	1
CASSRRDRFYNEQFF	1
CASSRRQGANTEAFF	1
CASSRQGGYNEKLFF	1
CASSRGLGRGTYEQYF	1
CASSRGPYNEQFF	1
CASSRGTLDDEQFF	1
CASSRGLAGFTDTQYF	1
CASSRGQQNTGELFF	1
CASSRDWDRPYEQYF	1
CASSRRVIYEQYF	1
CASSRRENTEAFF	1
CASSRKRRGSSTDTQYF	1
CASSRLSAGSSYEQYF	1
CASSRSASSYNEQFF	1
CASSRWGTNTEAFF	1
CASSRWNTGELFF	1
CASSRVSPLHF	1
CASSRVDTEAFF	1
CASSRASVRNEQFF	1
CASSRAISGDQPQHF	1
CASSRGPRNSPLHF	1
CASSRGLAEYNEQFF	1
CASSRGGYQNTEAFF	1
CASSRGDRVNTEAFF	1
CASSRGIQETQYF	1
CASSRGTGGTGELFF	1
CASSRGRGRFTGELFF	1
CASSRGLAAYEQYF	1
CASSRGQGSDTQYF	1
CASSRGRLREKLFF	1
CASSRDTTNTEAFF	1
CASSRDSYDEQFF	1
CASSRDRRISETQYF	1
CASSRDAGNQPQHF	1
CASSRDGRIDTQYF	1
CASSRDTYQPQHF	1
CASSRDSGPTEAFF	1
CASSRDRQRSYNEQFF	1
CASSRDRGLFDNEQFF	1
CASSRDRGIGELFF	1
CASSRDRGRWNTEAFF	1
CASSRDRDQPQHF	1
CASSRDRNYGYTF	1
CASSRDNKNIQYF	1
CASSREGGREQYF	1
CASSRILESETQYF	1
CASSRTGAWEQYF	1
CASSRTAGDSYEQYF	1
CASSRTADPNYEQYF	1
CASSRTGSYEQYF	1
CASSRTLADTGELFF	1
CASSRTAVSGNTIYF	1
CASSRTGSGNTIYF	1
CASSRTGAGNTIYF	1
CASSRTGAEAFF	1
CASSRTGGGQPQHF	1
CASSRTGGSTDTQYF	1
CASSRTGTETQYF	1
CASSRTGRSTDTQYF	1
CASSRTGLPDTQYF	1
CASSRSNEKLFF	1
CASSRSAGTGNTEAFF	1
CASSRNSGTYNEQFF	1
CASSRFGGALTGELFF	1
CASSRFSSQAGNTDTQYF	1
CASSRSYEQYF	1
CASSRSGTSGLGETQYF	1
CASSRSETETYGYTF	1
CASSRSGSYEQYF	1
CASSRYPSRGNYGYTF	1
CASSRYRDREQYF	1
CASSRLTGIEQYF	1
CASSRLAVSSYNEQFF	1
CASSRLAGVPPGEQYF	1
CASSRLAGAHNEQFF	1
CASSRLARAYEQYF	1
CASSRPGLYNSPLHF	1
CASSRPGAYEQYF	1
CASSRRTRYQPQHF	1
CASSRRRTGSGNTIYF	1
CASSRHQGLWGNTEAFF	1
CASSRHLYEQYF	1
CASSRHGTGRQPQHF	1
CASSRQVSNQPQHF	1
CASSRQAGSTEAFF	1
CASSRQAYNSPLHF	1
CASSRQAAETQYF	1
CASSRQGIAGELFF	1
CASSRQGTGELFF	1
CASSRQGPQETQYF	1
CASSRQGNTEAFF	1
CASSRQGGPYNEQFF	1
CASSRQTGVQPQHF	1
CASSRVLSGAVVYEQYF	1
CASSRVVELNTEAFF	1
CASSRAGTGFQETQYF	1
CASSRAAGVLYEQYF	1
CASSRAGGPYEQYF	1
CASSRGLAGGIGELFF	1
CASSRGGAYNYGYTF	1
CASSRGGSGELFF	1
CASSRGTSGITGELFF	1
CASSRGTSGSFTDTQYF	1
CASSRGQTYEQYF	1
CASSRGSGPPYNEQFF	1
CASSRDGGAAAFF	1
CASSRDVETQYF	1
CASSRDRVAQPQHF	1
CASSRTSGSDNEQFF	1
CASSRTSGRGYEQYF	1
CASSRTSGREDEQFF	1
CASSRTLPGLAGDYEQYF	1
CASSRTYTDTQYF	1
CASSRTGGNQPQHF	1
CASSRTEGQPQHF	1
CASSRRAYEQYF	1
CASSRRGSLGETQYF	1
CASSRRDRVEGYTF	1
CASSRRTSGYNEQFF	1
CASSRRFGDSNQPQHF	1
CASSRNQDRLNNEQFF	1
CASSRNVRGPAYEQYF	1
CASSHFQGAVKNIQYF	1
CASSHSDRPRNRGYTF	1
CASSHSGGDTEAFF	1
CASSHWYDRGETQYF	1
CASSHWTGGAGAEAFF	1
CASSHYWTLAGGVNEQFF	1
CASSHLPGTQPYEQYF	1
CASSHPGQGRNIQYF	1
CASSHPGQGNYGYTF	1
CASSHREPRYEQYF	1
CASSHRQGRDEAFF	1
CASSHHPVYEQYF	1
CASSHQDRHEAFF	1
CASSHALLQETQYF	1
CASSHGGYNEQFF	1
CASSHGPGPAYGYTF	1
CASSHGTGSGNTIYF	1
CASSHGQGVHEQFF	1
CASSHSGYNEQFF	1
CASSHSGPYEQYF	1
CASSHSGRGSYEQYF	1
CASSHRAGGKGNEQFF	1
CASSHLQPAGSYEQYF	1
CASSHSYEQYF	1
CASSHYTRQVGEQYF	1
CASSHLTGWQDTQYF	1
CASSHLGSGALTEAFF	1
CASSHLKAEDEQFF	1
CASSHLWDSKNIQYF	1
CASSHPYLRREQFF	1
CASSHPAGTGVYEQYF	1
CASSHPMKGAANNEKLFF	1
CASSHPQTDYNEQFF	1
CASSHPTGGTDTQYF	1
CASSHPNTEAFF	1
CASSHPDRENYGYTF	1
CASSHRDYKIDEQFF	1
CASSHRMTQETQYF	1
CASSHRGGELFF	1
CASSHRISKQLLRAEAFF	1
CASSHQDRGPEAFF	1
CASSHQLGDTQYF	1
CASSHGRHNEQFF	1
CASSHGVYEQYF	1
CASSHGTSGSTDTQYF	1
CASSHGTAYGYTF	1
CASSHGTGLIHEQYF	1
CASSHGTDNQPQHF	1
CASSHGTNYEQYF	1
CASSHGQPPSQYF	1
CASSHDRAGTGELFF	1
CASSHTDGFNEKLFF	1
CASSHTTGSNEQFF	1
CASSHSPMNTEAFF	1
CASSHRLAGGSTDTQYF	1
CASSHNQQGSYEQYF	1
CASSHKRGEQFF	1
CASSHKAGVGYEQYF	1
CASSQFKGLGYEQYF	1
CASSQSLAGRETQYF	1
CASSQSGTTMNTEAFF	1
CASSQYSSGKDEQFF	1
CASSQYRGTNEKLFF	1
CASSQYRGNYGYTF	1
CASSQLVDTQYF	1
CASSQLGMGKGYTF	1
CASSQLTDTQYF	1
CASSQPLGWETQYF	1
CASSQPGTSQDEQYF	1
CASSQPGGTSRNEQFF	1
CASSQRGGNSPLHF	1
CASSQRPVEAFF	1
CASSQRDRSAMTGELFF	1
CASSQRQPPLSEQYF	1
CASSQRQGETQYF	1
CASSQQGELDYEQYF	1
CASSQVPDRDTEAFF	1
CASSQVQGYNEQFF	1
CASSQVGGADTQYF	1
CASSQARPSGASTDTQYF	1
CASSQAGTGGSNYGYTF	1
CASSQAGLISYEQYF	1
CASSQGNAYEQYF	1
CASSQGGRAVYEQYF	1
CASSQGFEETQYF	1
CASSQGYNEQFF	1
CASSQGLAGAGEQFF	1
CASSQGASDTQYF	1
CASSQGGLEAFF	1
CASSQGGVSSGNYNEQFF	1
CASSQGGGNSPLHF	1
CASSQGTNKIETQYF	1
CASSQGTANTGELFF	1
CASSQGLAGDRYEQYF	1
CASSQGQGFRSPLHF	1
CASSQGQGRVEQYF	1
CASSQGQGNQPQHF	1
CASSQGGTGSSYEQYF	1
CASSQDTSAGGGELFF	1
CASSQDSGIEQFF	1
CASSQDGAVAEAFF	1
CASSQDRGGYEQYF	1
CASSQEGFGYSPLHF	1
CASSQEGRANQPQHF	1
CASSQEDDTLDF	1
CASSQEDRLNYGYTF	1
CASSQEGGTYGEQFF	1
CASSQMGSNQPQHF	1
CASSQTSGRALQETQYF	1
CASSQTWTGTNTGELFF	1
CASSQTLITDTQYF	1
CASSQTSIHGYTF	1
CASSQTRTGGAIEQYF	1
CASSQTLGNTEAFF	1
CASSQTATNTGELFF	1
CASSQTGLETQYF	1
CASSQTTGFYEKLFF	1
CASSQSTGELFF	1
CASSQRPGLANNEQFF	1
CASSQRDGVEAFF	1
CASSQNSGPPTEQFF	1
CASSQNRDSYNEQFF	1
CASSQKVSHNEQFF	1
CASSQKRTDTEAFF	1
CASSQKRTGGDYGYTF	1
CASSQKQDTRTDTQYF	1
CASSQFSGGLVEQFF	1
CASSQFSGSGEQYF	1
CASSQFIAGSTDTQYF	1
CASSQLDGDYNEQFF	1
CASSQLLATDSYEQYF	1
CASSQLERGLQPQHF	1
CASSQSLEYEQFF	1
CASSQSLTATNEKLFF	1
CASSQSFWEGSYEQYF	1
CASSQSGRSNQPQHF	1
CASSQSRLAGAYHQYNEQFF	1
CASSQSLATNEQFF	1
CASSQSQDLNTEAFF	1
CASSQWFLEPPFF	1
CASSQWLQGENTIYF	1
CASSQWRTVRSSYEQYF	1
CASSQWQGQETQYF	1
CASSQWEAGETQYF	1
CASSQYAGGSTDTQYF	1
CASSQYQGDWNTEAFF	1
CASSQYGVDEQFF	1
CASSQLFPGQNYEQYF	1
CASSQLGPGPGYGYTF	1
CASSQLQGGQPQHF	1
CASSQLQPASYEQYF	1
CASSQLWTGDETQYF	1
CASSQLAKNIQYF	1
CASSQLAGETQYF	1
CASSQLAGADTQYF	1
CASSQLAGGQPQHF	1
CASSQLAGAYNEQFF	1
CASSQPLADNEQFF	1
CASSQPNSNQPQHF	1
CASSQPGTSVYNEQFF	1
CASSQPGGNEQFF	1
CASSQPDRGDEQFF	1
CASSQRRTSGASDTQYF	1
CASSQRAEQNTGELFF	1
CASSQRGPADYGYTF	1
CASSQRGSRQPQHF	1
CASSQRDYRVNEQFF	1
CASSQRPGLADYYEQYF	1
CASSQRGGTEAFF	1
CASSQHTGETLHF	1
CASSQHNRERGYTF	1
CASSQQLQETQYF	1
CASSQQQRLNEQFF	1
CASSQQGSYEQYF	1
CASSQQMGLRNEQFF	1
CASSQQRAGGPANEQFF	1
CASSQVWGREGRDEDTQYF	1
CASSQVRGGRNYGYTF	1
CASSQVHGLNQPQHF	1
CASSQVASGNEQFF	1
CASSQVASGSKTGELFF	1
CASSQVGAGLTEAFF	1
CASSQVGNNEQFF	1
CASSQVGGNIQYF	1
CASSQVGEYQETQYF	1
CASSQVEFHEQYF	1
CASSQVEVWTSGRPLSYNEQFF	1
CASSQVTASYEQYF	1
CASSQVWRETYNEQFF	1
CASSQVLGGANTGELFF	1
CASSQVLASYNEQFF	1
CASSQVPNEQFF	1
CASSQVPVPRTGELFF	1
CASSQVHEQYF	1
CASSQVADTMDTEAFF	1
CASSQVGSNQPQHF	1
CASSQVGRNTEAFF	1
CASSQVGELFF	1
CASSQVGSEQYF	1
CASSQVDRGDSSLHF	1
CASSQVTGVWETQYF	1
CASSQVLDRGSYGYTF	1
CASSQVGEQYF	1
CASSQVDRGQPQHF	1
CASSQVAGTSIEQFF	1
CASSQVGSPDNEQFF	1
CASSQVGAEEQFF	1
CASSQVGGNEKLFF	1
CASSQVGDSLNTEAFF	1
CASSQVGLAGEVTYNEQFF	1
CASSQVDRASTDTQYF	1
CASSQASAGGYTF	1
CASSQAWGGNEKLFF	1
CASSQALAAVNEQFF	1
CASSQAASETDTQYF	1
CASSQAGDPNIQYF	1
CASSQASAPLSTDTQYF	1
CASSQAWLAGVREQFF	1
CASSQAHLRQYF	1
CASSQAAGQGVYEQYF	1
CASSQAGTSGTYEQYF	1
CASSQADPSGRDKQYF	1
CASSQATSSYNSPLHF	1
CASSQATRSTDTQYF	1
CASSQAKRINLNEQFF	1
CASSQASNSPLHF	1
CASSQAVGRSYEQYF	1
CASSQAGDSYEQYF	1
CASSQAGQPISRSSYGYTF	1
CASSQARSSYNEQFF	1
CASSQAGVGETQYF	1
CASSQAGGEDTEAFF	1
CASSQAGEVGYEQYF	1
CASSQADSKSKNIQYF	1
CASSQATGTGYTF	1
CASSQARLWDTRGLDEQFF	1
CASSQGSGGPADTQYF	1
CASSQGLSREQFF	1
CASSQGRGTEAFF	1
CASSQGRETQYF	1
CASSQGQGGIYFEQFF	1
CASSQGVGPNYGYTF	1
CASSQGGNRAAFF	1
CASSQGDSPYEQYF	1
CASSQGLGPYEQYF	1
CASSQGSAGGDYEQYF	1
CASSQGPQARWQFF	1
CASSQGRTGDTEAFF	1
CASSQGFSGNTIYF	1
CASSQGSGFYTGELFF	1
CASSQGWTPNQPQHF	1
CASSQGLAGYNEQFF	1
CASSQGLAGGPVEQYF	1
CASSQGLEETQYF	1
CASSQGPRGNEKLFF	1
CASSQGPDNEQFF	1
CASSQGRGRTHNEQFF	1
CASSQGRDRDQPQHF	1
CASSQGVDGETQYF	1
CASSQGVSYEQYF	1
CASSQGALAGGHEQYF	1
CASSQGGLIYGYTF	1
CASSQGGPNTEAFF	1
CASSQGGSAGSTGELFF	1
CASSQGGDGDSPLHF	1
CASSQGGTPSPLHF	1
CASSQGGVETEAFF	1
CASSQGDSFSYEQYF	1
CASSQGEQDSYEQYF	1
CASSQGEGTPSNEQFF	1
CASSQGIAGAGELFF	1
CASSQGTPYNEQFF	1
CASSQGTAKNIQYF	1
CASSQGTSGRRGDTQYF	1
CASSQGTPTNTGELFF	1
CASSQGTGPYEQYF	1
CASSQGFNGTSLGQPQHF	1
CASSQGLENQPQHF	1
CASSQGRHYGYTF	1
CASSQGQAARETQYF	1
CASSQGQGNRYTF	1
CASSQGQGLTDTQYF	1
CASSQGQGNYGYTF	1
CASSQGQWALPEQYF	1
CASSQGAGGPEQYF	1
CASSQGGSSLGVYEQYF	1
CASSQGGRDEQFF	1
CASSQGGAGRNTEAFF	1
CASSQGMIALNTEAFF	1
CASSQGTGGFYGYTF	1
CASSQGKGRGSYEQYF	1
CASSQDFPLHGYTF	1
CASSQDFRGTSGRRPNEQFF	1
CASSQDFSAYEQYF	1
CASSQDFEGPGGEQYF	1
CASSQDFRGYEQYF	1
CASSQDLNTEAFF	1
CASSQDSPDRFGYSPYEQYF	1
CASSQDSAGVDTEAFF	1
CASSQDSNTGELFF	1
CASSQDSWEQFF	1
CASSQDWFWRSSNQPQHF	1
CASSQDWLGSRDTQYF	1
CASSQDWAGTSTDTQYF	1
CASSQDWGSSTSFSSYEQYF	1
CASSQDYGTSYEQYF	1
CASSQDLWGAQETQYF	1
CASSQDLPGTPENTIYF	1
CASSQDLVLAGGYEQFF	1
CASSQDLAGVQYF	1
CASSQDLGTSKIREQYF	1
CASSQDLEVETQYF	1
CASSQDLGSGRYGYTF	1
CASSQDLQKMPLAKNIQYF	1
CASSQDLAPNEQYF	1
CASSQDLASASYEQYF	1
CASSQDLGSPSTEAFF	1
CASSQDLSLPSSYEQYF	1
CASSQDLNRHSGRTVYEQYF	1
CASSQDPPGGLANTEAFF	1
CASSQDPSTNEQFF	1
CASSQDPLRVYGYTF	1
CASSQDPPPLLAKNIQYF	1
CASSQDPPGGSSGKNIQYF	1
CASSQDPASGSQETQYF	1
CASSQDPGSEGYTF	1
CASSQDRLAKNIQYF	1
CASSQDRGRTYEQYF	1
CASSQDRGGQTFYEQYF	1
CASSQDRRYQTRAFF	1
CASSQDRREGRTPRGNQPQHF	1
CASSQDRVQYF	1
CASSQDRVAKETQYF	1
CASSQDRAGVGNEQFF	1
CASSQDRGEEQYF	1
CASSQDRWQAYRGPGSYNEQFF	1
CASSQDHRRRLAKNIQYF	1
CASSQDHGYKQQFF	1
CASSQDHRVDGYTF	1
CASSQDHNPPSFQPQHF	1
CASSQDQETQYF	1
CASSQDQSGIYEQYF	1
CASSQDQRRGQETQYF	1
CASSQDVPAVSQETQYF	1
CASSQDVRQANQPQHF	1
CASSQDVGGGGFQPQHF	1
CASSQDVLAGVGGDEQFF	1
CASSQDVLLAGGPGTQYF	1
CASSQDVGQVYNEQFF	1
CASSQDAGLAGLTGELFF	1
CASSQDAGTDAYEQYF	1
CASSQDAARQGGRETQYF	1
CASSQDAGASGNTIYF	1
CASSQDAQGSTEAFF	1
CASSQDAQGETEAFF	1
CASSQDAGVRNTEAFF	1
CASSQDGGRAKETQYF	1
CASSQDGSAGRRDEQFF	1
CASSQDGPLAGGDYNEQFF	1
CASSQDGRGRSGNTIYF	1
CASSQDGDSPRDTQYF	1
CASSQDGETQYF	1
CASSQDGTSGTGEQFF	1
CASSQDGTPFNEQFF	1
CASSQDDVLAGTKQYF	1
CASSQDTFAGNNQPQHF	1
CASSQDRREYVYEQYF	1
CASSQDRVYGAAFF	1
CASSQDRGQGPDTQYF	1
CASSQDRIQPQHF	1
CASSQDRSSYNEQFF	1
CASSQDRSGGENTEAFF	1
CASSQDKGRGTEAFF	1
CASSQDSRGLVNIQYF	1
CASSQDPSQGRGNQPQHF	1
CASSQDPRANTGELFF	1
CASSQDPAGRAYNEQFF	1
CASSQDRGRYEQYF	1
CASSQDQAGGPGEQFF	1
CASSQDVGDGGNTIYF	1
CASSQDASRNTGELFF	1
CASSQDALGGGTDTQYF	1
CASSQDADAEQFF	1
CASSQDGYNEQFF	1
CASSQDGTGRGYTF	1
CASSQDSRAGNTEAFF	1
CASSQDRFYEQYF	1
CASSQDRYQETQYF	1
CASSQDRVQPQHF	1
CASSQDRVLPSDEQFF	1
CASSQDRAKNIQYF	1
CASSQEFKGSYEQYF	1
CASSQESGTSNQPQHF	1
CASSQESSGAPDEQYF	1
CASSQEWRGTHEQFF	1
CASSQEYPGTGVLGTQYF	1
CASSQEYPGSSYEQYF	1
CASSQEPGKWNGYTF	1
CASSQERETVAYEQYF	1
CASSQERTTDTQYF	1
CASSQEAQGTNYGYTF	1
CASSQEASTYYEQYF	1
CASSQEGTGTGVGQPQHF	1
CASSQEGSGPYNEQFF	1
CASSQEGRGTDTQYF	1
CASSQEGGSGGNIQYF	1
CASSQEGRTVGPQNNEQFF	1
CASSQEGLAGYTGELFF	1
CASSQEGQDNSPLHF	1
CASSQEGGYEQYF	1
CASSQEDEKLFF	1
CASSQETRVYSPLHF	1
CASSQETGENDEAFF	1
CASSQETGNTEAFF	1
CASSQERLAYEQYF	1
CASSQEKGRASGYTF	1
CASSQEFTAKMNTEAFF	1
CASSQESAGYTF	1
CASSQESSGKQFF	1
CASSQESTGAYEQYF	1
CASSQELKNTEAFF	1
CASSQELQGWGYTF	1
CASSQELAGGYLSYEQYF	1
CASSQELTKGTYGYTF	1
CASSQEPLLAGGTQYF	1
CASSQERGSGGNEQFF	1
CASSQEQGISYEQYF	1
CASSQEQDTNTGELFF	1
CASSQEVLGDVGYEQYF	1
CASSQEVWAGGNEKLFF	1
CASSQEVFGQGAYNSPLHF	1
CASSQEVGGGRNQPQHF	1
CASSQEVTSGGFSTDTQYF	1
CASSQEAGVSYNEQFF	1
CASSQEGLETQYF	1
CASSQEGSSRKTQYF	1
CASSQEGREGQPQHF	1
CASSQEGELFF	1
CASSQEGTATYEQYF	1
CASSQEDISYEQYF	1
CASSQEELRLAGRLYEQYF	1
CASSQESLGGQETQYF	1
CASSQESGSPSGAPRELFF	1
CASSQERGTHYNEQFF	1
CASSQIPAGAKNIQYF	1
CASSQIGRRTDTQYF	1
CASSQMGPMNTEAFF	1
CASSQIAGPSYEQYF	1
CASSQTLAGLTQYF	1
CASSQTSYEQYF	1
CASSQTGTSDYEQYF	1
CASSQTGTGSYEQYF	1
CASSQTMVDTQYF	1
CASSQTKGSSTDTQYF	1
CASSQTGLDTQYF	1
CASSQSLGNNEQFF	1
CASSQSPSYNEQFF	1
CASSQSPDGVTEQYF	1
CASSQSQGPYEQYF	1
CASSQSGRALMSQYF	1
CASSQSSSADTQYF	1
CASSQRWASGRIGEQFF	1
CASSQRGWQDRVLETQYF	1
CASSQRGTPNEQYF	1
CASSQRTGRELFF	1
CASSQRYLRTGSYEQYF	1
CASSQRPTLVGQPQHF	1
CASSQRKARRANNEQFF	1
CASSQNRLGGYTF	1
CASSQKGEDYEQYF	1
CASSQKGLAGAYNEQFF	1
CASSQKGQGKETQYF	1
CASSQKTGNQPQHF	1
CASSQKAGGRTDTQYF	1
CASSQKGGDNEKLFF	1
CASSQKNTGELFF	1
CASSVSSKEEQFF	1
CASSVSSGSTDTQYF	1
CASSVQGGGEAFF	1
CASSVQGLQHEDYGYTF	1
CASSVAGGPSYEQYF	1
CASSVGGSIQETQYF	1
CASSVGLAGHYEQYF	1
CASSVDGSSTDTQYF	1
CASSVSGAPPEQYF	1
CASSVSGSYYEQYF	1
CASSVSGKDTQYF	1
CASSVRVGNQPQHF	1
CASSVSYRGENQPQHF	1
CASSVWRINEQFF	1
CASSVWTVPGTEAFF	1
CASSVLGLGTEAFF	1
CASSVLKVGYTF	1
CASSVPGTALNEQFF	1
CASSVPSGSYEQYF	1
CASSVPGGTQYF	1
CASSVRSYFFAGGPTGELFF	1
CASSVRDSNNEQFF	1
CASSVRQGSEAFF	1
CASSVRQGGYEQYF	1
CASSVQGGRRGNTIYF	1
CASSVASGEQYF	1
CASSVGGTQETQYF	1
CASSVGEGLEGDEQFF	1
CASSVGIGQANTEAFF	1
CASSVGTGYGYTF	1
CASSVGTGGGEKLFF	1
CASSVGTEDQETQYF	1
CASSVGLAGVGDTQYF	1
CASSVGLAGETQYF	1
CASSVGETSGDEQYF	1
CASSVELAGGGDTQYF	1
CASSVEDGQETQYF	1
CASSVRASGHNEQFF	1
CASSVGVGGYAKNIQYF	1
CASSVGTTQYF	1
CASSVGTTEAFF	1
CASSVGSSTDTQYF	1
CASSVGLNTGELFF	1
CASSVGVGTGELFF	1
CASSVGNGQGGETQYF	1
CASSVEAAGTGVDGYTF	1
CASSVTSWAASGNTIYF	1
CASSVTRGEQFF	1
CASSVTREYTEAFF	1
CASSVSRVFYEQYF	1
CASSVRGTPYEQYF	1
CASSVRRTDTQYF	1
CASSVFSRTGETGELFF	1
CASSVFAGNNYNEQFF	1
CASSVLGTPSEKLFF	1
CASSVSGTSGTPGNEQFF	1
CASSVSGTSGSMRNEQFF	1
CASSVYGQETQYF	1
CASSVYGRTDEQYF	1
CASSVLELFTDTQYF	1
CASSVPGLADYEQYF	1
CASSVHSGINNEQFF	1
CASSVQGNQPQHF	1
CASSVVWGDRGYEQYF	1
CASSVVPRVGGNTEAFF	1
CASSVVAGSYNEQFF	1
CASSVVGDSNQPQHF	1
CASSVVPGEAYEQYF	1
CASSVVGDEQFF	1
CASSVVGSGTGELFF	1
CASSVVEDSVNTEAFF	1
CASSVVSSGISGELFF	1
CASSVVSGGRAFF	1
CASSVVVSAEQFF	1
CASSVVGWTDTQYF	1
CASSVVGSSYEQYF	1
CASSVVRGAEAFF	1
CASSVASSGTDTQYF	1
CASSVARTGDYGYTF	1
CASSVATSGSLSYNEQFF	1
CASSVASAQTYNEQFF	1
CASSVASGPYNEQFF	1
CASSVAPGGYGYTF	1
CASSVAQGRQETQYF	1
CASSVAGRFEQFF	1
CASSVAGTSGRDFTGELFF	1
CASSVAGTGKETQYF	1
CASSVALGAYEQYF	1
CASSVAGVSGNTIYF	1
CASSVAGLPRDEQFF	1
CASSVAGDENTDTQYF	1
CASSVALAGRGEQFF	1
CASSVASGNTEAFF	1
CASSVGLGEPNNEQFF	1
CASSVGLAHSYEQYF	1
CASSVGPGVSYEQYF	1
CASSVGRTDTQYF	1
CASSVGRGGPYNEQFF	1
CASSVGGNEQFF	1
CASSVGDNEQFF	1
CASSVGTGANEKLFF	1
CASSVGSGIIYEQYF	1
CASSVGLRRYQETQYF	1
CASSVGLAGLYNEQFF	1
CASSVGPPDTQYF	1
CASSVGASSYEQYF	1
CASSVGAGGPYEQYF	1
CASSVGAGANTGELFF	1
CASSVGAGAGGYTF	1
CASSVGGDETDTQYF	1
CASSVGSGTDTQYF	1
CASSVGRGTNEQFF	1
CASSVGFDNSPLHF	1
CASSVGSGYNEQFF	1
CASSVGYGVAGNTIYF	1
CASSVGLGPAFF	1
CASSVGPAGADTQYF	1
CASSVGVVAGNEKLFF	1
CASSVGASGPFLNEQFF	1
CASSVGGGSGNNEQFF	1
CASSVGGARSNEQFF	1
CASSVGGGNTEAFF	1
CASSVGGRPYNEQFF	1
CASSVGGLAPTSIFF	1
CASSVGGQGAYGYTF	1
CASSVGGQTTNEQFF	1
CASSVGDTSYEQYF	1
CASSVGDRGPRSYNEQFF	1
CASSVGLTGFEAFF	1
CASSVGLINSPLHF	1
CASSVGLAVSYNEQFF	1
CASSVGLAGGSDTQYF	1
CASSVGLAEREGTQYF	1
CASSVGQGWYGYTF	1
CASSVGAGVAGELFF	1
CASSVGAGSHNEQFF	1
CASSVGAMYYEQYF	1
CASSVGGGSGEYEQYF	1
CASSVGGFSYNEQFF	1
CASSVGGYGEQFF	1
CASSVGGALQETQYF	1
CASSVGGANTGELFF	1
CASSVGGDEQFF	1
CASSVGGRTYGYTF	1
CASSVGDRWAGGGKNIQYF	1
CASSVGTGVAYNEQFF	1
CASSVGRDSYEQYF	1
CASSVGNEQFF	1
CASSVDRGGYTDTQYF	1
CASSVDGGSGTDTQYF	1
CASSVDGGGTEAFF	1
CASSVDEETQYF	1
CASSVDLLETGELFF	1
CASSVDGREAGYTF	1
CASSVDGSSYNEQFF	1
CASSVDGRAGNEQFF	1
CASSVDREATNTEAFF	1
CASSVEVGKNTGELFF	1
CASSVEGQGNNEQFF	1
CASSVEGDSSYEQYF	1
CASSVEGQNNSPLHF	1
CASSVEDTGELFF	1
CASSVESGANGYTF	1
CASSVEPGTSYEQYF	1
CASSVERDRENPDTQYF	1
CASSVEQYNEQFF	1
CASSVEVRADTQYF	1
CASSVEVTGAYEQYF	1
CASSVEGGGSRDIQYF	1
CASSVEGGSLTGELFF	1
CASSVIPGELFF	1
CASSVITSGSAGELFF	1
CASSVMDTEAFF	1
CASSVTSGIGSRAFF	1
CASSVTRATDRLGNEQFF	1
CASSVSLSGGHNEQFF	1
CASSVSGASYEQYF	1
CASSVRPGYYNEQFF	1
CASSVRVSAGGADTQYF	1
CASSASGGSYSPLHF	1
CASSAPGLRTGELFF	1
CASSAPGTGKGEQYF	1
CASSARGLGNQPQHF	1
CASSAVVAGPYEQYF	1
CASSAGPAEDTQYF	1
CASSASGRAGNEQFF	1
CASSASNQPQHF	1
CASSASGTANTEAFF	1
CASSALNYGYTF	1
CASSAPLGPNYGYTF	1
CASSAPPISYNEQFF	1
CASSAPGGTQETQYF	1
CASSAPRETQYF	1
CASSARGGSDAQHF	1
CASSARAADEQFF	1
CASSARAGTPNTEAFF	1
CASSARGVYYEQYF	1
CASSARDINIQYF	1
CASSARTGHYEQYF	1
CASSARTGPTYGYTF	1
CASSARLGYNEQFF	1
CASSARLAGRYEQYF	1
CASSARLAGGPNEQFF	1
CASSAQISSGEQYF	1
CASSAQTVQETQYF	1
CASSAVLAGPGNEQFF	1
CASSAVAGFAKNIQYF	1
CASSAAPGTSYEQYF	1
CASSAARINNEKLFF	1
CASSAAQNSNQPQHF	1
CASSAGSPEAFF	1
CASSAGAGDHEELFF	1
CASSAGTSGRVSEQYF	1
CASSAGTGFTGELFF	1
CASSAGTGGRFYGYTF	1
CASSAGQSSYEQYF	1
CASSADPHRGRYDEKLFF	1
CASSADSGREETQYF	1
CASSADSYQETQYF	1
CASSADQHEQYF	1
CASSADSGPSYEQYF	1
CASSADRGEFSYEQYF	1
CASSAISGSYYEQFF	1
CASSATGGRIADTQYF	1
CASSATSGSGNEQFF	1
CASSATRSSYNEQFF	1
CASSASGYFNEQFF	1
CASSASNRGPKGSYEQYF	1
CASSARWGHPYNEQFF	1
CASSANYNEQFF	1
CASSAWDTDQETQYF	1
CASSAPLGGEAFF	1
CASSAPGLVTDTQYF	1
CASSARQGGIADTQYF	1
CASSAGGNSEEQYF	1
CASSAGAGGSGQPQHF	1
CASSAGGSYEQYF	1
CASSAGGHSQETQYF	1
CASSAGTSAYYEQYF	1
CASSAGLAVYNEQFF	1
CASSAGPSTDTQYF	1
CASSAGRAQETQYF	1
CASSAGQLGTEAFF	1
CASSATSGSYNEQFF	1
CASSARTSRQETQYF	1
CASSAKVDEQFF	1
CASSALAGVEDTQYF	1
CASSASGGSYNEQFF	1
CASSAYRTSGTYQETQYF	1
CASSAYGGGRSGNTIYF	1
CASSALLEETQYF	1
CASSARRLAGLQETQYF	1
CASSARDGRSYEQYF	1
CASSAQGGRNSPLHF	1
CASSAQGNEQFF	1
CASSAQENTEAFF	1
CASSAGATGNIQYF	1
CASSAGANYGYTF	1
CASSAGGSSYNEQFF	1
CASSAGIRMGGYTF	1
CASSAGTSLGTGELFF	1
CASSAGGQETQYF	1
CASSADSLSGIQYF	1
CASSAILGQGKTQYF	1
CASSATYSYEQYF	1
CASSATGVKWPQHF	1
CASSATGANYGYTF	1
CASSARTGVVTEAFF	1
CASSGSGQGDTGELFF	1
CASSGGTDTQYF	1
CASSGGGSGQNTYGYTF	1
CASSGDSFQFF	1
CASSGTGGGVGNTIYF	1
CASSGSGNSYEQYF	1
CASSGRQGSGPQHF	1
CASSGLSGDYGYTF	1
CASSGSLNEQFF	1
CASSGWTGSPEAFF	1
CASSGYLAGVVNEQFF	1
CASSGLTWAMDEQYF	1
CASSGPADPYEQYF	1
CASSGPGDPPDTQYF	1
CASSGQTGFTEAFF	1
CASSGAGQSDF	1
CASSGGGDPYNEQFF	1
CASSGGGTNEKLFF	1
CASSGGTARVETQYF	1
CASSGDRGAFGELFF	1
CASSGFGQETQYF	1
CASSGSYNEQFF	1
CASSGSRQVVDTQYF	1
CASSGYGTANEKLFF	1
CASSGLAGWEQYF	1
CASSGRNYGYTF	1
CASSGVAAFGANVLTF	1
CASSGGLNQPQHF	1
CASSGGAFNEQFF	1
CASSGGDPVYEQYF	1
CASSGGSTDTQYF	1
CASSGGLAGGGTGELFF	1
CASSGGPTTDTQYF	1
CASSGGQLSSYNEQFF	1
CASSGGQGGTEAFF	1
CASSGGTYNEQFF	1
CASSGDFNEQFF	1
CASSGDPNTEAFF	1
CASSGDSYEQYF	1
CASSGDRGAYEQYF	1
CASSGIGTSVYNEQFF	1
CASSGISTDTQYF	1
CASSGTANPYEQYF	1
CASSGTAYGYTF	1
CASSGTGNTGELFF	1
CASSGSSYEQYF	1
CASSGRAIGETQYF	1
CASSGRSGIETQYF	1
CASSGRLADTQYF	1
CASSGKSTDTQYF	1
CASSGSPGLYEQYF	1
CASSGSRELFF	1
CASSGYSNTGELFF	1
CASSGLVPPLHF	1
CASSGLPFQETQYF	1
CASSGLAGGTGELFF	1
CASSGLAETRGNEQFF	1
CASSGPLTDTQYF	1
CASSGPGLAGVQYF	1
CASSGPSSGSSGELFF	1
CASSGRGYRDRGREQYF	1
CASSGQWNTEAFF	1
CASSGQPNQPQHF	1
CASSGQGQVEQFF	1
CASSGQGALNTIYF	1
CASSGGGWNQPQHF	1
CASSGGGLADYEQYF	1
CASSGGGTNEKLFF	1
CASSGGDGGIDTEAFF	1
CASSGGTVNEQFF	1
CASSGTNRDRQYF	1
CASSGTPRGINYGYTF	1
CASSGTGAARTEAFF	1
CASSGNGVRESYEQYF	1
CASSDPQGFHTEAFF	1
CASSDQGTAYGYTF	1
CASSDQDREEGYTF	1
CASSDARYTQNNEQFF	1
CASSDGVGTEAFF	1
CASSDGIPGNTIYF	1
CASSDEAFF	1
CASSDTSGGYEQYF	1
CASSDSGRGGELFF	1
CASSDRVDEQFF	1
CASSDPTKITDTQYF	1
CASSDQGTGLNEKLFF	1
CASSDQRTGSLTEAFF	1
CASSDVGQGGSDGYTF	1
CASSDVGREQYF	1
CASSDGDQRQFF	1
CASSDGLAGESEQFF	1
CASSDGQGVEAQHF	1
CASSDDTNNEQFF	1
CASSDDSGRKTGELFF	1
CASSDTDSAHEQFF	1
CASSDRPGEKLFF	1
CASSDRGNSPLHF	1
CASSDRGTYTEAFF	1
CASSDKYEQYF	1
CASSEPLSNSPLHF	1
CASSEPGQLLEYYGYTF	1
CASSERENYNEQFF	1
CASSEVGGAYNEQFF	1
CASSEVTSGRDEQFF	1
CASSEATGQLNSGANVLTF	1
CASSEGDEQFF	1
CASSEGSGNTIYF	1
CASSEGSGAPYEQYF	1
CASSEGQWPQHF	1
CASSEGNEQYF	1
CASSEDSHYGPQHF	1
CASSETRDTQYF	1
CASSETHLGLYEQYF	1
CASSETVNTEAFF	1
CASSERAGYGYTF	1
CASSERTSGSYEQYF	1
CASSESTGGGAGELFF	1
CASSESVFFQPQHF	1
CASSESGYEQYF	1
CASSEWTSGRFSYNEQFF	1
CASSEHSGLEQETQYF	1
CASSEQGGYGYTF	1
CASSEQGRADTQYF	1
CASSEGPNYGYTF	1
CASSEEYGALFF	1
CASSETSAGRSQYF	1
CASSETDLHSGMDTQYF	1
CASSESSSYNEQFF	1
CASSENPGQPQHF	1
CASSENRDETQYF	1
CASSEKGYSGTGELFF	1
CASSISSQPQHF	1
CASSIYPSWREQFF	1
CASSIPTVFPLFNSYNSPLHF	1
CASSIRATRTIYNEQFF	1
CASSIETGTENGYTF	1
CASSIISGLREQFF	1
CASSITAKNIQYF	1
CASSITGTNQPQHF	1
CASSISSVRDGYTF	1
CASSISVGEQFF	1
CASSISGTPYNEQFF	1
CASSISGRQETQYF	1
CASSIKGLAGVETQYF	1
CASSIPRQGPYEQYF	1
CASSIPGGEQYF	1
CASSIRDRKETQYF	1
CASSIQTEQTSYGYTF	1
CASSIVAGNEQFF	1
CASSIGTGQETQYF	1
CASSIGTGLHNEQFF	1
CASSIGRSDEQFF	1
CASSIEGSTYNEQFF	1
CASSITTSGRQFF	1
CASSMFREELFF	1
CASSMLAGGGTDTQYF	1
CASSMVYQETQYF	1
CASSMGFGAHEQYF	1
CASSMGLAGFAEQFF	1
CASSMTSGPYEQYF	1
CASSMTGTGFSNEQFF	1
CASSMRFAGSDEQFF	1
CASSMNRGETQYF	1
CASSIPGQGAYEQYF	1
CASSIPTVGSLHF	1
CASSIRTSGSGEQYF	1
CASSIQGNTEAFF	1
CASSIQQVANTEAFF	1
CASSIAPLAGDPGELFF	1
CASSITSGSFTGELFF	1
CASSTLRGRAIKDTQYF	1
CASSTPGLKGEKLFF	1
CASSTPGTGIRGYTF	1
CASSTRTDQPQHF	1
CASSTRLAGSEQFF	1
CASSTGLGGSAFNYEQYF	1
CASSTGTSGPSSKGHEQFF	1
CASSTDGTAPSHQPQHF	1
CASSTTQRSDEQFF	1
CASSTSASYEQYF	1
CASSTSGSGFF	1
CASSTSGRAYNEQFF	1
CASSTSGNYNEQFF	1
CASSTSTPGLADYEQYF	1
CASSTSDLWYTEAFF	1
CASSTSQGLSGYTF	1
CASSTYRRGNEKLFF	1
CASSTLPRHYGYTF	1
CASSTLGRFGNEQFF	1
CASSTLGGGGYTF	1
CASSTPQGALPETQYF	1
CASSTPKGGGRFADTQYF	1
CASSTPGLVEKLFF	1
CASSTPGTGGYGYTF	1
CASSTPIRGKLSNEQFF	1
CASSTRPKQETQYF	1
CASSTRREGPETQYF	1
CASSTRDHYEQYF	1
CASSTRDRGNGYTF	1
CASSTRDRRNSPLHF	1
CASSTRTRSPLHF	1
CASSTRTVFLGGDTQYF	1
CASSTRTGRNTEAFF	1
CASSTRQGGRTEAFF	1
CASSTRQGTDTQYF	1
CASSTHLLAGGYNEQFF	1
CASSTHDNQPQHF	1
CASSTQAGATDTQYF	1
CASSTAGTFNEQFF	1
CASSTAGTGVWEQFF	1
CASSTAGGTVAQYF	1
CASSTGYYNEQFF	1
CASSTGQGAIRAEAFF	1
CASSTGQGRTDTQYF	1
CASSTEGGSSYNEQFF	1
CASSTTPSSYNEQFF	1
CASSTSGDANTGELFF	1
CASSTRRGNEQFF	1
CASSTLGNEQFF	1
CASSTRPLGRQYF	1
CASSTATGTRTYEQYF	1
CASSTGGRAPDTQYF	1
CASSTGTSGLGAKNIQYF	1
CASSTGLITDTQYF	1
CASSTGLGGLEQYF	1
CASSTGHGETQYF	1
CASSTDSGPHEQFF	1
CASSTTSGAPYEQYF	1
CASSTTSGRRYEQYF	1
CASSTNFRTGELFF	1
CASSTSEQETQYF	1
CASSTWDREFTGELFF	1
CASSTLLSGTRGTNEKLFF	1
CASSTLAPYNEQFF	1
CASSTLAGVTGELFF	1
CASSTPPLLAGGYNEQFF	1
CASSTPSQSWETQYF	1
CASSTASDSSSESSYNEQFF	1
CASSTAKNIQYF	1
CASSTGYGDIQYF	1
CASSTGEADTEAFF	1
CASSTDRGRDTEAFF	1
CASSTDRGTDTQYF	1
CASSTSGRGTGELFF	1
CASSTRPGLEAFF	1
CASSTKNRQFF	1
CASSSLGQGAPSEQYF	1
CASSSSTGAGYTF	1
CASSSLKIEQYF	1
CASSSGTAGDGYTF	1
CASSSDLKNTEAFF	1
CASSSLYGENTIYF	1
CASSSLKKGQGIAYEQYF	1
CASSSRTGPVEKLFF	1
CASSSKLPDTQYF	1
CASSRSWNTEAFF	1
CASSRWNSTDTQYF	1
CASSRVLNQPQHF	1
CASSRGAGEEQYF	1
CASSRGLAPTSTDTQYF	1
CASSRGQVNYGYTF	1
CASSRDFTDTQYF	1
CASSRDRSPYEQYF	1
CASSRTPGNTIYF	1
CASSRTGELFF	1
CASSRTSTDTQYF	1
CASSRTNGETQYF	1
CASSRTGGYEQYF	1
CASSRTGINEKLFF	1
CASSRTDEDGELFF	1
CASSRSRAPLGETQYF	1
CASSRLADNYEQYF	1
CASSRLNTGELFF	1
CASSRQGPDSPLHF	1
CASSRQGDQPQHF	1
CASSRDRATEAFF	1
CASSNWYNKGHEQYF	1
CASSNLWSGTSGFQGFF	1
CASSNSGNTIYF	1
CASSNYRDPGQPQHF	1
CASSNLRYTGELFF	1
CASSNRDLRGNQYF	1
CASSNTGLAGSYEQYF	1
CASSNRDRWSNQPQHF	1
CASSNRQALAKNIQYF	1
CASSNRTSMQFF	1
CASSKSTGEAFF	1
CASSKLGQGLDEQYF	1
CASSKQGGAKNIQYF	1
CASSKALTNEKLFF	1
CASSKGLAGVRTGELFF	1
CASSKGGTDSTGYGYTF	1
CASSKEAGVFNEQFF	1
CASSKIPGTNTGELFF	1
CASSKILAGLTYNEQFF	1
CASSKTSGRVAGELFF	1
CASSKTSRNTGELFF	1
CASSKTANYGYTF	1
CASSKNRIGMNTEAFF	1
CASSKSDASGRGEQYF	1
CASSKCLDRGDYEQYF	1
CASSKWAREAIPGELFF	1
CASSKQGNEQFF	1
CASSKVLSSYNEQFF	1
CASSKVPGPKITSTDTQYF	1
CASSKVGRESTDTQYF	1
CASSKVQETQYF	1
CASSKVGPPNTEAFF	1
CASSKAGAGDPNEQYF	1
CASSKGWVPRLGIQETQYF	1
CASSKGPENVCEQYF	1
CASSKGGTGEKLFF	1
CASSKGSGSNNSPLHF	1
CASSKGLGPDYANTGELFF	1
CASSKGPGLAGGSSSYNEQFF	1
CASSKGTSGRGEQYF	1
CASSKGTGRTYNSPLHF	1
CASSKGKRGHAEAFF	1
CASSKGPTSMMGYTF	1
CASSKEGAGAYEQYF	1
CASSKETGYQPQHF	1
CASSKERGQFHEQFF	1
CASSKERGGSYEQYF	1
CASSKIAGGGGTDTQYF	1
CASSKTSTDTQYF	1
CASSKTGTESYEQYF	1
CASSKRSSGNTIYF	1
CASSKRRGGNQPQHF	1
CASSKRTEANQPQHF	1
CASSKKGRTGISTGELFF	1
CASRFSGRAYEQYF	1
CASRFGQGLYGYTF	1
CASRLQTNSPLHF	1
CASRLTQGNTEAFF	1
CASRLDREGNQPQHF	1
CASRSSRLADSYNEQFF	1
CASRSGTGGQKLFF	1
CASRSEVGGRTDTQYF	1
CASRSMGAADNSPLHF	1
CASRSNRGHPYEQYF	1
CASRSGEQDQPQHF	1
CASRSDSLSGNTIYF	1
CASRSTGEYEQYF	1
CASRWTSGSPDTQYF	1
CASRYDRTGYTF	1
CASRLQRNTGELFF	1
CASRLQGNQPQHF	1
CASRLTGGNTEAFF	1
CASRLLAGGTGELFF	1
CASRLGGDTQYF	1
CASRLSYEQYF	1
CASRLALLSTDTQYF	1
CASRLAGYNEQFF	1
CASRLAGSETQYF	1
CASRLAGGGDTQYF	1
CASRLDLVGYEQYF	1
CASRLRPYSNTGELFF	1
CASRPRQASNQPQHF	1
CASRPPGDSGNTIYF	1
CASRPQAVNTEAFF	1
CASRPGTYSHYGYTF	1
CASRPTSGRGGVNEQFF	1
CASRPGGETQYF	1
CASRPSGRPTTDTQYF	1
CASRPPDRDYNEQFF	1
CASRPQGILTGELFF	1
CASRPASNEKLFF	1
CASRPTSGSSYNEQFF	1
CASRPTGGPNEKLFF	1
CASRRRTSGRAICTDTQYF	1
CASRRADQPQHF	1
CASRRTGGGNPQHF	1
CASRRAGTSYNEQFF	1
CASRRGGPPSSYEQYF	1
CASRRGLQETQYF	1
CASRRDRRGEQYF	1
CASRRDRGNEQYF	1
CASRREGYSYEQYF	1
CASRRTGGRTEAFF	1
CASRRLAEYTGELFF	1
CASRRGSYNEQYF	1
CASRRGGVTDTQYF	1
CASRHLGGPEAFF	1
CASRHRDSYEQYF	1
CASRHNLQGFSYEQYF	1
CASRQLNIQYF	1
CASRQLAGLPSEQYF	1
CASRQGGQETQYF	1
CASRQITSSYNEQFF	1
CASRVLGTAYEKLFF	1
CASRVGSGQGGNTEAFF	1
CASRVASGNTIYF	1
CASRVTSGVSYNEQFF	1
CASRVPGIGENIQYF	1
CASRVAGTHEQFF	1
CASRAPGLSSYEQYF	1
CASRAFGISSYEQYF	1
CASRALRQGNTEAFF	1
CASRARGWGNQPQHF	1
CASRAGTAQYTQYF	1
CASRATGRREKLFF	1
CASRARGGDSYNEQFF	1
CASRAQVSSYNEQFF	1
CASRATGAGGNQPQHF	1
CASRGGGTGTPLHF	1
CASRGGRVGYETQYF	1
CASRGGRPNQPQHF	1
CASRGAGELFF	1
CASRGGVSYNEQFF	1
CASRGGLAGGSYNEQFF	1
CASRGTQSYEQYF	1
CASRGTGSYNSPLHF	1
CASRGSGGELFF	1
CASRGLAGNYEQYF	1
CASRGLAGETGELFF	1
CASRGRKDEKLFF	1
CASRGQGANTGELFF	1
CASRGQGAAVYGYTF	1
CASRGAGVPSEQYF	1
CASRGAQGASEQYF	1
CASRGRDSGNTIYF	1
CASRDFSYEQYF	1
CASRDRETYEQYF	1
CASRDGLAGHEQYF	1
CASRDWSSYNEQFF	1
CASRDLTVARYEQYF	1
CASRDTYEQYF	1
CASRDSYNQPQHF	1
CASRDRWEDTEAFF	1
CASRDRATGNTIYF	1
CASRDRSSSGNTIYF	1
CASREGQALTEAFF	1
CASRETSGRDYNEQFF	1
CASRETSTNIQYF	1
CASRESSGRGHNEQFF	1
CASREPGQGYGYTF	1
CASRERDTETQYF	1
CASREQGAYEQYF	1
CASREQGGWTEAFF	1
CASREAGAGTDTQYF	1
CASREDTQYF	1
CASRILAEETQYF	1
CASRISGRKKTQYF	1
CASRIPTTAKNGYTF	1
CASRITGMNTEAFF	1
CASRMGQGTNQPQHF	1
CASRIQGAGEKLFF	1
CASRIQGTEQFF	1
CASRIDYLTDTQYF	1
CASRITGYSNQPQHF	1
CASRTSGSWELFF	1
CASRTSGSGTGELFF	1
CASRTLTGGGNIQYF	1
CASRTGATGTEAFF	1
CASRTGTSGPHGNTGELFF	1
CASRTGQDYEQYF	1
CASRTGNYGYTF	1
CASRTEGGGSPLHF	1
CASRTTSTLYNEQFF	1
CASRTFRQGKNSPLHF	1
CASRTLSTDTQYF	1
CASRTGSYEQYF	1
CASRTGSGELFF	1
CASRTGDYGYTF	1
CASRTTSGFYNEQFF	1
CASRTTSGRVNEQFF	1
CASRSGRFYGYTF	1
CASRSIGDSTDTQYF	1
CASRSPSGRTITDTQYF	1
CASRRTGDEQYF	1
CASRRRLAGVGFYEQYF	1
CASRRSGIPNEKLFF	1
CASRRPGQGDLYEQYF	1
CASRRDTQYF	1
CASRRTRDRGFLTDTQYF	1
CASRNARGSANEQYF	1
CASRNNSPLHF	1
CASRNLAYGQGYTNTEAFF	1
CASRNLAGGSGGEQFF	1
CASRNRGEQFF	1
CASRNAGTENTEAFF	1
CASRKQGGLIVDEQYF	1
CASRKVVGSYNEQFF	1
CASRKGGPQYF	1
CASRKGNQPQHF	1
CASRKTGGNTGELFF	1
CASRKNTEAFF	1
CASRKQGVYGYTF	1
CASRKAGTQNTEAFF	1
CASRFRGSGYNEQFF	1
CASRFGTSGSLEQYF	1
CASRFGWNEKLFF	1
CASRFDRLMYGYTF	1
CASRLRGSTDTQYF	1
CASRLGTGGTDTQYF	1
CASRLDMNTEAFF	1
CASRLFFRADQPQHF	1
CASRLDDARSYNEQFF	1
CASRSGPVSYTEAFF	1
CASRSSGRSGELFF	1
CASRSGTSGARGEQYF	1
CASRSSSGNTIYF	1
CASRSTVTYSNQPQHF	1
CASRSTATGELFF	1
CASRSRDSKETQYF	1
CASRSQVNTEAFF	1
CASRSSTGYGEAFF	1
CASRSSGTNTGELFF	1
CASRWTSGSGDEQFF	1
CASRLHLAGYNEQFF	1
CASRLGDQPQHF	1
CASRLGNTEAFF	1
CASRLGQNNQPQHF	1
CASRLDRVDNQPQHF	1
CASRLTVSSYNSPLHF	1
CASRLSGSSTDTQYF	1
CASRLSGRVFYEQFF	1
CASRLFPRDTEAFF	1
CASRLAGGRNEQFF	1
CASRLDRAWDEQFF	1
CASRLTGSTDTQYF	1
CASRLTGSYEQYF	1
CASRPLALIGNEQFF	1
CASRPPGATYYGYTF	1
CASRPAWGFSGRLGNNEQFF	1
CASRPGRALNQPQHF	1
CASRPTSEGYYGYTF	1
CASRPTVPGHFYEQYF	1
CASRPTRGSSQETQYF	1
CASRPTLTNYGYTF	1
CASRPTGGITEAFF	1
CASRPTDRILETQYF	1
CASRPSLSGSYEQYF	1
CASRPWITRGNTIYF	1
CASRPRLAGGAYSREQFF	1
CASRPAGVRIITGELFF	1
CASRPGSSGTEAFF	1
CASRPGAGADTQYF	1
CASRPGTTGELFF	1
CASRPGTGGEQYF	1
CASRPGTGILANTGELFF	1
CASRPGTGTILGNQPQHF	1
CASRPGRPGGPQHF	1
CASRPGQPNTEAFF	1
CASRPDRAEQYF	1
CASRPDRGSNQPQHF	1
CASRPIGSNQPQHF	1
CASRPSSYNEQFF	1
CASRPSAGGNDEQFF	1
CASRPGTSGRDEQFF	1
CASRPDGNTEAFF	1
CASRPDSSNTEAFF	1
CASRPDRASGNTIYF	1
CASRPISTYNEQFF	1
CASRPSGALWNEQFF	1
CASRPRLAGVSSYEQYF	1
CASRPKVENTIYF	1
CASRPQETYYGYTF	1
CASRRGVNNEQFF	1
CASRRAGANTGELFF	1
CASRRGGLSTDTQYF	1
CASRREGNTDTQYF	1
CASRRTGRSGNTIYF	1
CASRRTSYNSPLHF	1
CASRRLAGGPYEQFF	1
CASRRGEPYEQYF	1
CASRRDGFYGYTF	1
CASRHQGPNTEAFF	1
CASRQGAGTDTQYF	1
CASRQGGNYGYTF	1
CASRQGLAGVGHEQYF	1
CASRQLAAETQYF	1
CASRQGSAEQYF	1
CASRQGVLAEAFF	1
CASRQITNSPLHF	1
CASRQTMNEQFF	1
CASRVQGFGDTEAFF	1
CASRVYEQYF	1
CASRVANSPLHF	1
CASRVQGGRVSNEKLFF	1
CASRAGTLIQETQYF	1
CASRADRAVRGNQPQHF	1
CASRATGTTNSPLHF	1
CASRAGAASYEQYF	1
CASRADYSWADTQYF	1
CASRGGGSQETQYF	1
CASRGDIDPRHEQFF	1
CASRGDRGKLYQETQYF	1
CASRGTSGRNTGELFF	1
CASRGTDSNQPQHF	1
CASRGRGYTGELFF	1
CASRGWGTNTGELFF	1
CASRGLAGFLYEQYF	1
CASRGLAGGRSDTQYF	1
CASRGPGTRNTEAFF	1
CASRGRLDQETQYF	1
CASRGAVIGEQFF	1
CASRGAGGDNEQFF	1
CASRDSPFSGNTIYF	1
CASRDWGVEAFF	1
CASRDLFGTAEAYTDTQYF	1
CASRDDRGRLFVAKNIQYF	1
CASRDTGTLRGYTF	1
CASRDLTDFSYEQYF	1
CASRDTDSYEQYF	1
CASRDTGTGANVLTF	1
CASRDRSYEQYF	1
CASRDRRFYNEQFF	1
CASRERGQGNEKLFF	1
CASREAGEAFF	1
CASREEYSNQPQHF	1
CASREIDNEQFF	1
CASRERGLGSYNSPLHF	1
CASRISDPGELFF	1
CASRIPQGWEAFF	1
CASRMTGDEKLFF	1
CASRIGQNNSPLHF	1
CASRITGGPYEQYF	1
CASRISGGMGYNEQFF	1
CASRTSIYEQYF	1
CASRTSVAFYEQYF	1
CASRTGTAVADTQYF	1
CASRTEGGHAEAFF	1
CASRTQGGSGELFF	1
CASRTGQGPYGYTF	1
CASRTEGSNQPQHF	1
CASRTTPLSGTDTQYF	1
CASRTRVQETQYF	1
CASRTPRSTGELFF	1
CASRTRQSNQPQHF	1
CASRTHGDYGYTF	1
CASRTGAPNTGELFF	1
CASRTGGAFGYTF	1
CASRTGDLNTEAFF	1
CASRTGEGNQPQHF	1
CASRTTQGLKSQRTEAFF	1
CASRTTGMNTEAFF	1
CASRSGVDTQYF	1
CASRRAGVTGELFF	1
CASRRGGNTGELFF	1
CASRRTGYQPQHF	1
CASRRTGYNQPQHF	1
CASRRPPLEFIQYF	1
CASRRQGWETQYF	1
CASRRDRGGGNQPQHF	1
CASRNGAITDQPQHF	1
CASRNTDTQYF	1
CASRKLAFTGYNEQFF	1
CASRKGGGAGASGEQFF	1
CASRKDRGSNQPQHF	1
CASRKKQSSYNEQFF	1
CASNFATDTQYF	1
CASNSGTSGMFGTDTQYF	1
CASNLPRTEQYF	1
CASNLAVNTGELFF	1
CASNLGQKETQYF	1
CASNPRGGYTEAFF	1
CASNPQGYNTEAFF	1
CASNPAGANVLTF	1
CASNPIIQATNEQFF	1
CASNPQGRGNEQYF	1
CASNRAGGSSYEQYF	1
CASNHQDRGYEQYF	1
CASNHRGRSQPQHF	1
CASNQGTRFYGYTF	1
CASNAAGGSYEQYF	1
CASNGLAHQGTQYF	1
CASNMDTNTGELFF	1
CASNNRTGGSPLHF	1
CASNSWGIAKNIQYF	1
CASNSLGATGELFF	1
CASNSHNSPLHF	1
CASNSEGRNGYTF	1
CASNLQGQGRTDTQYF	1
CASNPIGTGGMNTEAFF	1
CASNPPGQIYNEQFF	1
CASNPGWPSYNEQFF	1
CASNPGRRYQETQYF	1
CASNPGQHNSPLHF	1
CASNPMNWRPLSYNEQFF	1
CASNPTRGYNEQFF	1
CASNPTGTAYEQYF	1
CASNRAGYETQYF	1
CASNRLGQGVTGELFF	1
CASNRQNTEAFF	1
CASNRVSYNEQFF	1
CASNRGSSYNEQFF	1
CASNRDRVGPQHF	1
CASNRISLPPYEQYF	1
CASNRLAGGYNEQFF	1
CASNHAGWSGNEQFF	1
CASNQGANTGELFF	1
CASNQGLAGPDYEQYF	1
CASNVLPASYNEQFF	1
CASNVGHTLGETQYF	1
CASNADRSEAFF	1
CASNGGGNFYEQYF	1
CASNGGSSYEQYF	1
CASNDRGLAFF	1
CASNEGRYEQYF	1
CASNEKENSPLHF	1
CASNEAFF	1
CASNTLRDRVVGGYTF	1
CASNTGGRSPLHF	1
CASNTGDGTYNEQFF	1
CASNRIRATGAGYTF	1
CASKLAGQGNQPQHF	1
CASKWKSGELFF	1
CASKLEGGPFNEQFF	1
CASKLAVGTDTQYF	1
CASKPDNNEQFF	1
CASKVGGSGNTIYF	1
CASKVRKNTGELFF	1
CASKVEGRLHNEQFF	1
CASKVGTMNTEAFF	1
CASKAGGTYEQYF	1
CASKGPSANEQFF	1
CASKGITQYF	1
CASKGRGRTDTQYF	1
CASKGTSGVYEQYF	1
CASKGLVRTQYF	1
CASKEGADYGYTF	1
CASKIDRASYEQYF	1
CASKTRVYEQYF	1
CASKRGGSSYNEQFF	1
CASKRTSGIDEQFF	1
CASKKGLGNQPQHF	1
CASKSLINTEAFF	1
CASKWGTVSYEQYF	1
CASKYRGVNTEAFF	1
CASKLGLAETYEQYF	1
CASKLNTEAFF	1
CASKLAGVDGELFF	1
CASKPSGSTDTQYF	1
CASKPGTSGRQGQFF	1
CASKPTAAYEQYF	1
CASKHLAGGPGAEQTQYF	1
CASKQWASTDTQYF	1
CASKGLAGPSSYNEQFF	1
CASKGTNTGELFF	1
CASKGGRAANEKLFF	1
CASKEGPEAFF	1
CASKIMNTEAFF	1
CASKMAESGVYQPQHF	1
CASKTSGHTGELFF	1
CASKTDRVLETQYF	1
CASKTDTQYF	1
CASKRMGTGELFF	1
CASKRLAGEKETQYF	1
CASKNPTGGLGEAFF	1
CASKNRKNYGYTF	1
CASKNKGGTLSGSTYF	1
CARWDSYSYEQYF	1
CARARTAGQPQHF	1
CARGQESNEQFF	1
CARIPDSGQVNTGELFF	1
CARRRDRMTYEQYF	1
CARKLTEAGGCDYNEQFF	1
CARKGEVHSSYEQYF	1
CARQERDKASGRAYNEQFF	1
CAREMGTEAFF	1
CARSLERAGENQPQHF	1
CARSPGLAYNEQFF	1
CANYPGRRNQPQHF	1
CANGGYNEQFF	1
CANLTGKASPLHF	1
CANQQGLNQPQHF	1
CANSGAFGEKLFF	1
CAIEGDSYEQYF	1
CAILRRAEDTQYF	1
CATPGQGYEQYF	1
CASRLSLRIVIDTQYF	1
CASREGGGPYNEQFF	1
CASGASGNTDTQYF	1
CASGGFETQYF	1
CGSGGYNQPQHF	1
CGVSRVAYEQYF	1
CISVSEPPIILVELFYNEQFF	1
CAVTRSSYNSPLHF	1
CAAGGGRAGADTQYF	1
CATSAGPSSYEQYF	1
CATSNTGELFF	1
CATPGQGNEKLFF	1
CATGTGGSADTQYF	1
CATTGLRNEQFF	1
CATRTGSSGNTIYF	1
CATNPWGSSNYGYTF	1
CATKAGNTGELFF	1
CATKGGFEVSGELFF	1
CASSQGQTYNEQFF	1
CASYLSSYNEQFF	1
CASEQGNTGELFF	1
CASSLGPGDLSYEQYF	1
CASSGLAGRRETQYF	1
CASSSGTLYEQYF	1
CASSPLGANYGYTF	1
CASSRGIYQPQHF	1
CASSAGFYEQYF	1
CASWAREDEQYF	1
CASYPAGVGSYNEQFF	1
CASLSGGSYNEQFF	1
CASLTSGSTDTQYF	1
CASLRVPSETQYF	1
CASLSTYNEQFF	1
CASLGGGEAFF	1
CASPKDRSNYGYTF	1
CASPIGNPNYLPNQPQHF	1
CASRGGQSYNEQFF	1
CASRPVGGQETQYF	1
CASRREGGPNEKLFF	1
CASRGATSGWGADEQFF	1
CASRGTGDLDAWSPYNSPLHF	1
CASRDRGYNEQFF	1
CASRAWTGSTASGYTF	1
CASRGTGEGNEQFF	1
CASRTGSTEAFF	1
CASHPAGLASTDTQYF	1
CASQRDTNTGELFF	1
CASVPGSADYNEQFF	1
CASALRDGGGELFF	1
CASARDSQGYEQFF	1
CASASGRVSYEQYF	1
CASARGTNTGELFF	1
CASARGSNNEQFF	1
CASAHLAGGPNEQFF	1
CASAQSYEQFF	1
CASANWDNEQFF	1
CASGILLTDTQYF	1
CASGNGNNQPQHF	1
CASGADSPYNEQFF	1
CASGGLGNPNEQFF	1
CASGDRGNTEAFF	1
CASGTDRTNYGYTF	1
CASGTGRGTYEQYF	1
CASGWPENEQFF	1
CASGYDRGTTEAFF	1
CASGPSGQNYGYTF	1
CASGDRSYNEQFF	1
CASGTASYEQYF	1
CASGRHSTEPGVLTF	1
CASGSMQGGFTEAFF	1
CASGLTRYEQFF	1
CASGQAPSYEQYF	1
CASGDRESAGELFF	1
CASGEPGTSGVNEQFF	1
CASGTILPPPMNTEAFF	1
CASGTGSYNEQFF	1
CASIPGGASGTGELFF	1
CASIYSIRAGDLGTGELFF	1
CASIGSSSSYNEQFF	1
CASMGTGGSTDTQYF	1
CASILQAANEQFF	1
CASTSLAGSYNEQFF	1
CASTWVRGGEQFF	1
CASTPIAGGFGEQFF	1
CASTPGGGTGLYEQYF	1
CASTPTASTDTQYF	1
CASTRTGANTEAFF	1
CASTREGLAGVAGEQFF	1
CASTHSLNTEAFF	1
CASTVGGTANEKLFF	1
CASTAGRASYEQYF	1
CASTAAVDFRTDTQYF	1
CASTGTDNQPQHF	1
CASTDLDRVAYGYTF	1
CASTMGLVTDEQFF	1
CASTKAGVGYEQYF	1
CASTRGTLRSSYEQYF	1
CASTTGSVWNTEAFF	1
CASSLQRGAYEQYF	1
CASSLEFEETQYF	1
CASSSKDGTPYDGYTF	1
CASSSPGQGLRYGYTF	1
CASSSEPNTEAFF	1
CASSWGLSYEQYF	1
CASSWTGTSTDTQYF	1
CASSWKIGANVLTF	1
CASSYSYEQYF	1
CASSYAGTGVTEAFF	1
CASSYGTSGTDTQYF	1
CASSYTGQQETQYF	1
CASSLPGTNEQYF	1
CASSLGDSGNTIYF	1
CASSLGDSNEKLFF	1
CASSLGTLGDTQYF	1
CASSLTDTQYF	1
CASSLPGTEKLFF	1
CASSLDGNYEQYF	1
CASSLTSGSYNEQFF	1
CASSLAGDYNEQFF	1
CASSLEGVQPQHF	1
CASSLETGNEQFF	1
CASSPQTGGWSETQYF	1
CASSPGQGRFTEAFF	1
CASSPDRVGELFF	1
CASSPPYGTRGYNEQFF	1
CASSPQTGCSYEQYF	1
CASSPDRRTTNEKLFF	1
CASSPRGTGANEQFF	1
CASSRLPDRGPGGYTF	1
CASSRDSMNTEAFF	1
CASSRIQGNTEAFF	1
CASSHPDPSGNTIYF	1
CASSQSSGSADTQYF	1
CASSQAEGSEKRGELFF	1
CASSQLRDLAGGPIYTDTQYF	1
CASSQSGGEGNQPQHF	1
CASSQSGAGSDEQYF	1
CASSQRRKGRLEDEKLFF	1
CASSQDQGFNEQFF	1
CASSQDQIWSPLHF	1
CASSQIASRTDTQYF	1
CASSVQGSNNEQFF	1
CASSVVGAGYNEQFF	1
CASSAPPEGLNEQFF	1
CASSAGTGWTGELFF	1
CASSAGQGAFEQYF	1
CASSGLEDTQYF	1
CASSGADTDTQYF	1
CASSGGRVGANYGYTF	1
CASSGGLNTGELFF	1
CASSGETGELFF	1
CASSGTSGRSSYNEQFF	1
CASSDSSGRTDTQYF	1
CASSDRQGEDTEAFF	1
CASSDVGQGPGELFF	1
CASSDGDIPSSYNEQFF	1
CASSDSGYEQYF	1
CASSDEAGGDTQYF	1
CASSDRLAYEQYF	1
CASSEFRGLNTEAFF	1
CASSELLVETQYF	1
CASSESGASGLFF	1
CASSESGGGTEAFF	1
CASSESGTGLTQYF	1
CASSESGNIQYF	1
CASSESTSGTDTQYF	1
CASSESRTGSEQYF	1
CASSEYPTSSSYNEQFF	1
CASSELAYYNEQFF	1
CASSELAGGGNEQFF	1
CASSEPTPTAYEQYF	1
CASSEATGAQETQYF	1
CASSEEVAGTVSSYEQYF	1
CASSETSGEQFF	1
CASSESPGLAGVKDTQYF	1
CASSERGLSSYNEQFF	1
CASSETLSPSTDTQYF	1
CASSETGYEQYF	1
CASSTSGRAPYEQYF	1
CASSTPQASSYEQYF	1
CASSTGVDQPQHF	1
CASSSGSVGNEQFF	1
CASSRWLENTGELFF	1
CASSNKTGYDGYTF	1
CASSKPGGEQPQHF	1
CASSKRDSTYEQYF	1
CASSFSGDGYTF	1
CASSFSLTGTEAFF	1
CASSFWANSPLHF	1
CASSFWDRGGNEQFF	1
CASSFRGLAGGAEVNEQFF	1
CASSFQGYDTEAFF	1
CASSFQGPEKLFF	1
CASSFQLAGADTQYF	1
CASSFVVSGFTDTQYF	1
CASSFAQREPYNEQFF	1
CASSFAGGDYGYTF	1
CASSFAGMTEAFF	1
CASSFGQRAGELFF	1
CASSFGVGGGMVAFF	1
CASSFGRSSYNEQFF	1
CASSFGDTQYF	1
CASSFDRDGEKLFF	1
CASSFEGVGNEQFF	1
CASSFIGQGRGLAGSYEQYF	1
CASSFTSYNEQFF	1
CASSFTRDFSTDTQYF	1
CASSFSSLDEQYF	1
CASSFRVGDQPQHF	1
CASSFRLAGAYNEQFF	1
CASSFLAGGSYNEQFF	1
CASSFSGTGSWGYTF	1
CASSFYGGEETQYF	1
CASSFLAGGPSHEQYF	1
CASSFLTTASTDTQYF	1
CASSFPKTDTQYF	1
CASSFPGQGPQGQFF	1
CASSFRASTTYEQYF	1
CASSFRDGDNSPLHF	1
CASSFRDSQNEQYF	1
CASSFRENYEQYF	1
CASSFRSREGLSYNEQFF	1
CASSFRLATHEQYF	1
CASSFRLANNEQFF	1
CASSFQLAGASNEQFF	1
CASSFQGRTEAFF	1
CASSFAEGEKLFF	1
CASSFGGRGTEAFF	1
CASSFGGRANTGELFF	1
CASSFGGNEKLFF	1
CASSFGMNTEAFF	1
CASSFGTSTDTQYF	1
CASSFGTGEVYEQYF	1
CASSFGDTQYF	1
CASSFDYTGELFF	1
CASSFDLRNYGYTF	1
CASSFTGTLTGELFF	1
CASSFTGTGARGYTF	1
CASSFTGVQTEAFF	1
CASSFRGGAGELFF	1
CASSFRTGGHFSTDTQYF	1
CASSFRPGGNEQFF	1
CASSFNTGETGELFF	1
CASSFKTLFLSYEQYF	1
CASSLFAGRSYEQYF	1
CASSLFGSSYEQYF	1
CASSLFSTSRGYTF	1
CASSLFALASGDTQYF	1
CASSLFGQGTTEAFF	1
CASSLLVGTGRNEQFF	1
CASSLLAGGREQYF	1
CASSLLGRENGELFF	1
CASSLLGGYNEQFF	1
CASSLLGLAESSYNEQFF	1
CASSLLDTGELFF	1
CASSLLEGPDTQYF	1
CASSLLTLPIDRLSTDTQYF	1
CASSLLTTNEKLFF	1
CASSLLSGRSDTQYF	1
CASSLLAGGSYEQYF	1
CASSLSGYGYTF	1
CASSLSTSGPSYNEQFF	1
CASSLSSGHNEQFF	1
CASSLSSVYRDEQFF	1
CASSLSASTLYNEQFF	1
CASSLSAGRNTIYF	1
CASSLSGTSGSTGELFF	1
CASSLSQPSTDTQYF	1
CASSLSGEQYF	1
CASSLSGVGAEAFF	1
CASSLSENYGYTF	1
CASSLSTGPGELFF	1
CASSLSSGRLGEQFF	1
CASSLSPANTEAFF	1
CASSLSRRNEKLFF	1
CASSLSRGGIDTQYF	1
CASSLSNSYNSPLHF	1
CASSLWPDYPSGSGNTIYF	1
CASSLWGIQPQHF	1
CASSLWGDQPQHF	1
CASSLWTSGIYNEQFF	1
CASSLWTGRPYEQYF	1
CASSLYAVQGAGYTEAFF	1
CASSLYYTGELFF	1
CASSLYGSIHEQYF	1
CASSLYDSYNEQFF	1
CASSLYRAVDTQYF	1
CASSLLAGTNTEAFF	1
CASSLLGGSTGELFF	1
CASSLLLRSSYNEQFF	1
CASSLLQGYEQYF	1
CASSLLGGPSATNEKLFF	1
CASSLLGRPEAFF	1
CASSLLRRRGGQPQHF	1
CASSLPGGDYEQYF	1
CASSLPLTGPLNTEAFF	1
CASSLPPSGRAYEQYF	1
CASSLPALANTGELFF	1
CASSLRPGTSGTSTDTQYF	1
CASSLRVNTEAFF	1
CASSLRQNNEQFF	1
CASSLRASKYNEQFF	1
CASSLRGLGTEAFF	1
CASSLRGQDMNTEAFF	1
CASSLRTGGEAFF	1
CASSLRTGGDAEAFF	1
CASSLRQGDEKLFF	1
CASSLRGTGGEKLFF	1
CASSLRRPVEGYEQYF	1
CASSLQPGLAGGEQYF	1
CASSLQQGPVGAFF	1
CASSLQGSNYGYTF	1
CASSLVPGFDTEAFF	1
CASSLVPAPNEQYF	1
CASSLVRSSYNEQFF	1
CASSLVVPDTTGELFF	1
CASSLVVGQDNEQFF	1
CASSLVGRGPGEQYF	1
CASSLVGSPTTGELFF	1
CASSLVDSRNSPLHF	1
CASSLVSGLGENIQYF	1
CASSLVPAKNIQYF	1
CASSLVPGMGGEQFF	1
CASSLVAESYEQYF	1
CASSLVGRDTGELFF	1
CASSLVSFDSYGYTF	1
CASSLVRGPNNEQFF	1
CASSLVVTTMNTEAFF	1
CASSLVASGSDEQFF	1
CASSLVAGAYNEQFF	1
CASSLVGLGSYNEQFF	1
CASSLVGDRGTDTQYF	1
CASSLVGQGSYEQYF	1
CASSLVDRYNEQFF	1
CASSLVTGSYEQYF	1
CASSLVSGNTEAFF	1
CASSLVSEGHEQYF	1
CASSLVPGVGNEQFF	1
CASSLVQGRTEAFF	1
CASSLVVSGAGELFF	1
CASSLVAGGTEAFF	1
CASSLVAGGTYEQYF	1
CASSLVAGGNNEQFF	1
CASSLVGSASPLHF	1
CASSLVGPHLNEQFF	1
CASSLVGETYEQYF	1
CASSLVGNRDYGYTF	1
CASSLVIGQSGGTQYF	1
CASSLAWTGRERLGYTF	1
CASSLAQGNEKLFF	1
CASSLASGGTDTQYF	1
CASSLASGSSYNEQFF	1
CASSLARTPGNTIYF	1
CASSLALASYNEQFF	1
CASSLALAGGPPLTDTQYF	1
CASSLASNTGELFF	1
CASSLASGLLGVEQYF	1
CASSLALAGSYNEQFF	1
CASSLAPMDEVRAFF	1
CASSLAPAWTDRTRREAFF	1
CASSLAPETYEQYF	1
CASSLAPAGDNSPLHF	1
CASSLAPGSGRWYEQYF	1
CASSLARTSGYGEQFF	1
CASSLAVLADYNEQFF	1
CASSLAVNPPSYEQYF	1
CASSLAGQIRSPLHF	1
CASSLAGGTSARIEQFF	1
CASSLAGSGSQNEQFF	1
CASSLAGRDEKLFF	1
CASSLAGREDTEAFF	1
CASSLAGREYTGELFF	1
CASSLAGVGYTF	1
CASSLAGVAGVINEQFF	1
CASSLAGGSYEQYF	1
CASSLAGGLRESEQYF	1
CASSLAGENYGYTF	1
CASSLAGTSSYEQYF	1
CASSLAGTGGAVVLYNEQFF	1
CASSLAGNSYEQYF	1
CASSLAGGTANNEQFF	1
CASSLAERGRALMNTEAFF	1
CASSLASGSGETQYF	1
CASSLARPNEQFF	1
CASSLANFRADTQYF	1
CASSLANSGSYEQYF	1
CASSLAGEAYGYTF	1
CASSLAGLDRNEQFF	1
CASSLAGLAGTDTQYF	1
CASSLAGGPGEQFF	1
CASSLADPADTQYF	1
CASSLANPENTEAFF	1
CASSLAPSGGSEQYF	1
CASSLAPPTGGTEAFF	1
CASSLAREAGNLEQYF	1
CASSLAVVGNTEAFF	1
CASSLAAGVDTQYF	1
CASSLAGGRWDTEAFF	1
CASSLGLGSSYNEQFF	1
CASSLGSGATNEKLFF	1
CASSLGLISSYNEQFF	1
CASSLGRGSYNEQFF	1
CASSLGRGGNRDLNYGYTF	1
CASSLGGGFSYNEQFF	1
CASSLGGRPYFSYNEQFF	1
CASSLGGLRDTQYF	1
CASSLGTGGLNTEAFF	1
CASSLGPGGDYEQYF	1
CASSLGPIAGGSYNEQFF	1
CASSLGQGIGDEQFF	1
CASSLGGGEKLFF	1
CASSLGLAGVNEQFF	1
CASSLGLAGGPSYEQYF	1
CASSLGLAGGPEEQFF	1
CASSLGLDEETQYF	1
CASSLGPLGEDEQFF	1
CASSLGVASGNIQYF	1
CASSLGVFTDTQYF	1
CASSLGASGMGEQFF	1
CASSLGGRNQPQHF	1
CASSLGDQNEQFF	1
CASSLGDGSTGELFF	1
CASSLGDSSYEQYF	1
CASSLGDRSYEQYF	1
CASSLGMNTEAFF	1
CASSLGTSTDTQYF	1
CASSLGTVDLGGYTF	1
CASSLGTVNTEAFF	1
CASSLGTGRRNNEQFF	1
CASSLGNNLKVNTEAFF	1
CASSLGLYVPGELFF	1
CASSLGLVGYNEQFF	1
CASSLGLASTDTQYF	1
CASSLGLAGSYNEQFF	1
CASSLGLAGVVGELFF	1
CASSLGLGNYEQYF	1
CASSLGPRGTTYEQYF	1
CASSLGHVATNEKLFF	1
CASSLGQGEDEQYF	1
CASSLGQGRVEAFF	1
CASSLGQGRFDEQYF	1
CASSLGQGPYEQYF	1
CASSLGQDSNQPQHF	1
CASSLGQNYGYTF	1
CASSLGVTGAGTDTQYF	1
CASSLGAPYYNEQFF	1
CASSLGAVQTGELFF	1
CASSLGGGSNQPQHF	1
CASSLGGEGAEAFF	1
CASSLGGENYGYTF	1
CASSLGGATNEKLFF	1
CASSLGSGVNTGELFF	1
CASSLGSNQPQHF	1
CASSLDFRQVPNTEAFF	1
CASSLDSTTGNTIYF	1
CASSLDWGLGNTIYF	1
CASSLDWTGYQETQYF	1
CASSLDYGGTSYYEQYF	1
CASSLDLRKNYGYTF	1
CASSLDPSRTDTQYF	1
CASSLDPSGGFYEQYF	1
CASSLDPGGVCFF	1
CASSLDRSGGLFYEQYF	1
CASSLDQHRRYF	1
CASSLDASTYEQYF	1
CASSLDGGNTEAFF	1
CASSLDGDEKLFF	1
CASSLDGNTEAFF	1
CASSLDGPAPYEQYF	1
CASSLDGTGRGGYTF	1
CASSLDGNPNEKLFF	1
CASSLDEVNTEAFF	1
CASSLDMLGPGTAEQFF	1
CASSLDMGNSPLHF	1
CASSLDTGGNQPQHF	1
CASSLDSYEQYF	1
CASSLDPNYGYTF	1
CASSLDRQGGYTIYF	1
CASSLDRDRAWEQYF	1
CASSLDQPGELFF	1
CASSLDAWGTNEKLFF	1
CASSLDADRGREKLFF	1
CASSLDAATDTQYF	1
CASSLDGTDTQYF	1
CASSLDGGGQPQHF	1
CASSLDGTQNNEQFF	1
CASSLDGSSYNEQFF	1
CASSLDGKPNSPLHF	1
CASSLDGINSPLHF	1
CASSLDGSSYEQYF	1
CASSLDDPATGELFF	1
CASSLDIPRDTQYF	1
CASSLDSYEQYF	1
CASSLDSHTGELFF	1
CASSLDSGSGTDTQYF	1
CASSLDRPGFYEQYF	1
CASSLDRVWVNTEAFF	1
CASSLDRALHNEQFF	1
CASSLDRGHYEQYF	1
CASSLDRMNTEAFF	1
CASSLDRRYEQYF	1
CASSLDRGNTEAFF	1
CASSLDNYGYTF	1
CASSLEFPGGQNSPLHF	1
CASSLEFPYEQYF	1
CASSLELTGGSYNEQFF	1
CASSLEPNGPQHF	1
CASSLERDGPYTDTQYF	1
CASSLEAGVLNTEAFF	1
CASSLEAATYEQYF	1
CASSLEAGQPQHF	1
CASSLEAGVGFF	1
CASSLEAGQYTEAFF	1
CASSLEGDTEAFF	1
CASSLEGLMNTEAFF	1
CASSLEGSDQPQHF	1
CASSLEGVREVYEQYF	1
CASSLEGGAQPQHF	1
CASSLEGGDYEQYF	1
CASSLEGGTQYF	1
CASSLEGGLNYGYTF	1
CASSLEGGAFPYEQYF	1
CASSLEGDYNEQFF	1
CASSLEGLELYF	1
CASSLEGQQVSPLHF	1
CASSLETSYGELFF	1
CASSLETSGINEQFF	1
CASSLESLAGVGEQFF	1
CASSLEKWGTGNAEAFF	1
CASSLEFISTEAFF	1
CASSLESGTSGTYF	1
CASSLELSSGAKNIQYF	1
CASSLERGDNEQFF	1
CASSLEQPNTGELFF	1
CASSLEQGANEQYF	1
CASSLEQGTVYF	1
CASSLEAGGPYEQYF	1
CASSLEGANQPQHF	1
CASSLEGSNQPQHF	1
CASSLEGGGYEQYF	1
CASSLEGGGGEKLFF	1
CASSLEGESNQPQHF	1
CASSLEGTAGAEAFF	1
CASSLEGSNYGYTF	1
CASSLETGGYGYTF	1
CASSLIGPNYEQYF	1
CASSLIGGFGTDTQYF	1
CASSLIDEGYTDTQYF	1
CASSLIPSGTDYNSPLHF	1
CASSLIVTPGGHGGYEQYF	1
CASSLIRGSTEAFF	1
CASSLMLDTEAFF	1
CASSLMAGGRTDTQYF	1
CASSLIPGQAADEQFF	1
CASSLTPQGADTDTQYF	1
CASSLTGTSGDTQYF	1
CASSLTSSYEQYF	1
CASSLTSGSDTQYF	1
CASSLTLGNEQFF	1
CASSLTVDNEKLFF	1
CASSLTEPTYEQYF	1
CASSLTSGAYNEQFF	1
CASSLTSLYEQYF	1
CASSLTRVTYNEQFF	1
CASSLTGSLNTEAFF	1
CASSLTGYLPEAFF	1
CASSLTGGDEQYF	1
CASSLTGMNTEAFF	1
CASSLTGKDGNTIYF	1
CASSLTEPHEQFF	1
CASSLSPQETQYF	1
CASSLSQGFYNEQFF	1
CASSLSIGTGYGKGQYF	1
CASSLSSGFYEQYF	1
CASSLSSYEQYF	1
CASSLSGSSYEQYF	1
CASSLSTDTQYF	1
CASSLRGINSPLHF	1
CASSLRGRDYEQYF	1
CASSLRSGSEETQYF	1
CASSLRSGTLTEAFF	1
CASSLNGNRETQYF	1
CASSLNLNGRREAFF	1
CASSLNPDQAANYGYTF	1
CASSLNAGGNGELFF	1
CASSLNAGYYEQYF	1
CASSLNRGEETQYF	1
CASSLNNEQFF	1
CASSLKRTGALYNEQFF	1
CASSLKVTGVTDTQYF	1
CASSLKRSRAPLGNEQFF	1
CASSLLGVPNTGELFF	1
CASSLSAVSTDTQYF	1
CASSLWATLLSGANVLTF	1
CASSLLAKTDTQYF	1
CASSLPASGITADTQYF	1
CASSLPTSGRADTQYF	1
CASSLRPPEKLFF	1
CASSLRVRDEQYF	1
CASSLRGYGYEQYF	1
CASSLQGGTNEKLFF	1
CASSLQGNEQFF	1
CASSLQGGANYGYTF	1
CASSLQGTEAFF	1
CASSLQSRAEQYF	1
CASSLQAGEYNEQFF	1
CASSLVPGPNTGELFF	1
CASSLVPEDTQYF	1
CASSLAGPNTGELFF	1
CASSLAGLAGAYNEQFF	1
CASSLAGGYNEQFF	1
CASSLAGGPLDTQYF	1
CASSLAGDYEQYF	1
CASSLGFRQDTYEQYF	1
CASSLGGPEETQYF	1
CASSLGTGNEQYF	1
CASSLGPPNTEAFF	1
CASSLGGTDTQYF	1
CASSLGDSYTDTQYF	1
CASSLDGQGSQPQHF	1
CASSLEGGPFNEQFF	1
CASSLELAGVGTDTQYF	1
CASSLIGDTQYF	1
CASSLTSGEQFF	1
CASSLTSGANTGELFF	1
CASSLTSGSSYNEQFF	1
CASSLTLEANEQFF	1
CASSLTGGASTDTQYF	1
CASSLTGGYEQYF	1
CASSLRTHTNEKLFF	1
CASSLRSLRNEQFF	1
CASSLRSGPESYNEQFF	1
CASSLKYSGTARSYGYTF	1
CASSSYEDRGTYEQYF	1
CASSSPYRGPPEAFF	1
CASSSRGLGEKLFF	1
CASSSGGGRGFPYEQYF	1
CASSSGTGSYNEQFF	1
CASSSISSYNEQFF	1
CASSSTGAGPTYEQYF	1
CASSSFLTGEIENTEAFF	1
CASSSFGGSYYNEQFF	1
CASSSLAGGTGELFF	1
CASSSSTGGSYNEQFF	1
CASSSWPKSEDTQYF	1
CASSSYALESGSGYTF	1
CASSSYRGFEQYF	1
CASSSLDGGVGDTEAFF	1
CASSSLSGSTDTQYF	1
CASSSRPAGAAGTGELFF	1
CASSSRQDTEAFF	1
CASSSRAGTVDSPLHF	1
CASSSVVGNQPQHF	1
CASSSGPRGTYEQYF	1
CASSSGPGFDQPQHF	1
CASSSGIGQGEETQYF	1
CASSSGTPFTGELFF	1
CASSSGTGGDQPQHF	1
CASSSGTGEAGYTF	1
CASSSGTGNYNEQFF	1
CASSSGTENSPLHF	1
CASSSGRSYEQYF	1
CASSSGQAASTDTQYF	1
CASSSGGTGVAAGELFF	1
CASSSESTGADTQYF	1
CASSSITSGPAYEQYF	1
CASSSISAGARYGYTF	1
CASSSTGQGEGYTF	1
CASSSTPWDTSYNEQFF	1
CASSSSGDGYNSPLHF	1
CASSSSGDYNEQFF	1
CASSSKGGSNTGELFF	1
CASSSLAGGPHEQFF	1
CASSSSGAYNEQFF	1
CASSSRDRGTETQYF	1
CASSSRTGKTEAFF	1
CASSSVTGSTGELFF	1
CASSSVAGGRGELFF	1
CASSSARHRGDYEQYF	1
CASSSAASGEKLFF	1
CASSSGLEGNQPQHF	1
CASSSGRIDYEQYF	1
CASSSGDRADTIYF	1
CASSSGTSGLVDTQYF	1
CASSSGLAAYNEQFF	1
CASSSGPHSNQPQHF	1
CASSSGRTAISYEQYF	1
CASSSDGLRYGYTF	1
CASSSDSSADTQYF	1
CASSSELDSPLHF	1
CASSSTKSLWNEQFF	1
CASSSTRGLAGGETQYF	1
CASSSTANNEQFF	1
CASSSRQGINTGELFF	1
CASSSNAGTGFYEQYF	1
CASSSWKGKEPNQPQHF	1
CASSSLAQSTDTQYF	1
CASSSRTGRPNSPLHF	1
CASSSQGWVAFF	1
CASSSQMNTEAFF	1
CASSSQTGIPYEQYF	1
CASSSGAGGLDEQYF	1
CASSSRATYNEQFF	1
CASSSNPGWQETQYF	1
CASSWVGHKLFF	1
CASSWGQGYTGELFF	1
CASSWGKYTDTQYF	1
CASSWGHNEKLFF	1
CASSWDTTALRSGYTF	1
CASSWDGAGTEAFF	1
CASSWDGDNQPQHF	1
CASSWDSSYNSPLHF	1
CASSWDRERNTGELFF	1
CASSWEVDTEAFF	1
CASSWTTSYEQYF	1
CASSWTSTVEKLFF	1
CASSWTVSTEAFF	1
CASSWTGGSSYEQYF	1
CASSWRDTGELFF	1
CASSWRTENYGYTF	1
CASSYVAVDEQFF	1
CASSYATRTDTQYF	1
CASSYTGGATNYGYTF	1
CASSYSGSDYEQYF	1
CASSYPGLAGGRPSSYNEQFF	1
CASSYRDGNEKLFF	1
CASSYREEQYF	1
CASSYQGYPTEAFF	1
CASSYGGGDEQFF	1
CASSYDRVGNTIYF	1
CASSYIPDSLLRNEQFF	1
CASSYKREGSYEQYF	1
CASSLLADRTDTQYF	1
CASSLRAGVNTEAFF	1
CASSLQPDLSYNEQFF	1
CASSLQREYEQYF	1
CASSLQLAGAYNEQFF	1
CASSLGRSSYNEQFF	1
CASSLSPAQETQYF	1
CASSLRTRRNEKLFF	1
CASSLWTSDYEQYF	1
CASSLLAAGTNNEQFF	1
CASSLLSTSYEQYF	1
CASSLRYAGNQPQHF	1
CASSLRDGPYEQYF	1
CASSLRDRNEKLFF	1
CASSLRTEIYEGSPLHF	1
CASSLRQGNSPLHF	1
CASSLQEGTGELFF	1
CASSLVLGAGETQYF	1
CASSLVGESTDTQYF	1
CASSLAPGTGINEQFF	1
CASSLGTSGSFRETQYF	1
CASSLDPGRPYNEQFF	1
CASSLDRGFYNEQFF	1
CASSLTSGPYNEQFF	1
CASSLTVGDTQYF	1
CASSLNSGRAYEQYF	1
CASSLKLEYTQYF	1
CASSLREGSYNEQFF	1
CASSLARGATEAFF	1
CASSLARGQSKFF	1
CASSLASTGTRTEAFF	1
CASSLGGQGNGPFF	1
CASSLGGGSYNSPLHF	1
CASSLGLLNHGQETQYF	1
CASSLGQSSYGYTF	1
CASSLDSGFYEQYF	1
CASSLDGYEQYF	1
CASSLEGGYEQYF	1
CASSLTSATGHEQFF	1
CASSLTGDFYEQYF	1
CASSLRRTGLAGSEQFF	1
CASSLNTGELFF	1
CASSLLGTSTYEQYF	1
CASSLLASELYEQYF	1
CASSLLATRSYNEQFF	1
CASSLPGLAVNEQFF	1
CASSLRDPNYEQYF	1
CASSLRTGSSNQPQHF	1
CASSLHSGGADTEAFF	1
CASSLQGLNTGELFF	1
CASSLGRVSGSLNEKLFF	1
CASSLGYEQYF	1
CASSLDIFDELYEQYF	1
CASSLDPGLADAGELFF	1
CASSLELAGTGTDTQYF	1
CASSLTGELFF	1
CASSLTGAGGWNEQFF	1
CASSLTGTAEAFF	1
CASSLRGYEQYF	1
CASSPLGRDSNQPQHF	1
CASSPLKSGELFF	1
CASSPSLGQGYDEQYF	1
CASSPYPGSYNEQFF	1
CASSPLFGGNYGYTF	1
CASSPLGQDQETQYF	1
CASSPRGTSQETQYF	1
CASSPQGGGISHEQFF	1
CASSPGTVPTEAFF	1
CASSPGLAGPYEQYF	1
CASSPGQGGNQPQHF	1
CASSPGQGKTYGYTF	1
CASSPDRGDQPQHF	1
CASSPDKYSGNTIYF	1
CASSPIGTKPHNEQFF	1
CASSPTYSSYEQYF	1
CASSPSGSTPGELFF	1
CASSPRQGRPDNEQFF	1
CASSPNPPGLNTEAFF	1
CASSPNRGSSYEQYF	1
CASSPFFTGTGTYEQYF	1
CASSPFPPGTLNQPQHF	1
CASSPLGHNEQFF	1
CASSPSHSGTGAMNTEAFF	1
CASSPWTGPNEQFF	1
CASSPYPGRAEETQYF	1
CASSPYTENTEAFF	1
CASSPLRTGTGNTIYF	1
CASSPLTSGSTTDTQYF	1
CASSPLPGASNQPQHF	1
CASSPLVGLAKNIQYF	1
CASSPLAGSSYEQYF	1
CASSPPGSLGYEQFF	1
CASSPPRVSNQPQHF	1
CASSPRGDTDTQYF	1
CASSPRPGGEEQYF	1
CASSPRRGGIYEQYF	1
CASSPRASGSYEQYF	1
CASSPRARTTGNTIYF	1
CASSPRDYYEQYF	1
CASSPRDSGEKLFF	1
CASSPRDSNQPQHF	1
CASSPRDRVTDTQYF	1
CASSPRDRENTGELFF	1
CASSPRDRSYNEQFF	1
CASSPRTVVNSPLHF	1
CASSPRTGDNEQFF	1
CASSPRQANTEAFF	1
CASSPRVWDNEQFF	1
CASSPHGARGNTEAFF	1
CASSPHGQGSNQPQHF	1
CASSPQTVAYEQYF	1
CASSPQTPGSTEAFF	1
CASSPVGGVNQPQHF	1
CASSPALGLAVKNIQYF	1
CASSPARAGETQYF	1
CASSPAAGYQEQPQHF	1
CASSPAGQGGYGYTF	1
CASSPAASTDTQYF	1
CASSPGSMNTEAFF	1
CASSPGLAGLRDTQYF	1
CASSPGVDEKLFF	1
CASSPGGGGTEAFF	1
CASSPGTRGRETQYF	1
CASSPGTLWANEQFF	1
CASSPGTGVYEQYF	1
CASSPGTGAYNEQFF	1
CASSPGSGLGTDTQYF	1
CASSPGLSSYEQYF	1
CASSPGLAGPDTQYF	1
CASSPGLAELYEQYF	1
CASSPGRDTQYF	1
CASSPGHGGNTEAFF	1
CASSPGQGNIIGYTF	1
CASSPGQSTDTQYF	1
CASSPGVAVSSYNEQFF	1
CASSPGTGNTEAFF	1
CASSPDNNEQFF	1
CASSPDYEQYF	1
CASSPEGNTEAFF	1
CASSPEPGINTEAFF	1
CASSPEGGSPLHF	1
CASSPIGDNQPQHF	1
CASSPTNTGIRYEQYF	1
CASSPSSASGANVLTF	1
CASSPSPVDWGQETQYF	1
CASSPSGINNEQFF	1
CASSPRVAGVANIQYF	1
CASSPRTGNYGYTF	1
CASSPRGTGNTIYF	1
CASSPFRFTDRGRKSTEAFF	1
CASSPSGYRNEKLFF	1
CASSPLPPGQRSYEQYF	1
CASSPLTSGTDTQYF	1
CASSPRDSSSYGYTF	1
CASSPRTGGGYTF	1
CASSPRTDLAKNIQYF	1
CASSPVTGMNTEAFF	1
CASSPVGTPTNTGELFF	1
CASSPAPLGSPLHF	1
CASSPAGTSGPDTQYF	1
CASSPGGTETYEQYF	1
CASSPGRGYTF	1
CASSPGRVGSYNSPLHF	1
CASSPGDRVGTGELFF	1
CASSPGDGRGEKLFF	1
CASSPGTGGGEQYF	1
CASSPGTSGLWEQYF	1
CASSPGTRGNTIYF	1
CASSPGLRSGNTIYF	1
CASSPGLAANNEQFF	1
CASSPGLAGRNSLTDTQYF	1
CASSPGLADSYNEQFF	1
CASSPGLDDTGELFF	1
CASSPGPSYEQYF	1
CASSPGPTNTEAFF	1
CASSPGQGGKLFF	1
CASSPGQGLIEQYF	1
CASSPGQGLEETQYF	1
CASSPGQGPYNSPLHF	1
CASSPGQGARTEAFF	1
CASSPDLSYEQYF	1
CASSPDALDTQYF	1
CASSPEGHGSRNIQYF	1
CASSPIGAGGETYEQYF	1
CASSPIPGTGYNEQFF	1
CASSPIRGVVVSGANVLTF	1
CASSPTSGVTDTQYF	1
CASSPTGTSGLYNEQFF	1
CASSPTGTGGYEQYF	1
CASSPTLGLAGSYNEQFF	1
CASSPTAGTYEQYF	1
CASSPTGVDNSPLHF	1
CASSPTGGSDTQYF	1
CASSPTGGNEKLFF	1
CASSPSPVQYGYTF	1
CASSPRDRAMGNIQYF	1
CASSPRQAYNEQFF	1
CASSPKGTISYEQYF	1
CASSPSAGGVADTQYF	1
CASSPWGPDTQYF	1
CASSPYGTSANTGELFF	1
CASSPYSGYNEQFF	1
CASSPLGQGTEAFF	1
CASSPLGTAFEQFF	1
CASSPLGSYNEQFF	1
CASSPLHRLAEEQFF	1
CASSPLAEGSYEQYF	1
CASSPPNTAHQYF	1
CASSPRLGGANEKLFF	1
CASSPRTGYNEQFF	1
CASSPRTGHLRNQPQHF	1
CASSPRPGGSPLHF	1
CASSPVGGGEAFF	1
CASSPASGRSYEQYF	1
CASSPGSTDTQYF	1
CASSPGVTYEQYF	1
CASSPGTTTSYEQYF	1
CASSPGTGLYGYTF	1
CASSPGLSSYNEQFF	1
CASSPGQGVQPQHF	1
CASSPDRTPSYEQYF	1
CASSPITSGSYEQYF	1
CASSPTSARLGEQYF	1
CASSPTTSERGLFF	1
CASSPTRTGTGETQYF	1
CASSPSPEIEAFF	1
CASSPSTRGLYEQYF	1
CASSPRTGGNYGYTF	1
CASSRRDSPGAFF	1
CASSRQSSYNEQFF	1
CASSRGVGQANYGYTF	1
CASSREQQGVGNTIYF	1
CASSRSPAGDYEQYF	1
CASSRSGRATDTQYF	1
CASSRLPGGRQPQHF	1
CASSRSGLAGGELFF	1
CASSRSGQALYNEQFF	1
CASSRSGPLGDQPQHF	1
CASSRLVGGGTDTQYF	1
CASSRLGREETQYF	1
CASSRPRDRAKGEQFF	1
CASSRRLAGGQRGGELFF	1
CASSRQGQGQETQYF	1
CASSRAGTGENEQYF	1
CASSRGTPGTYEQYF	1
CASSRGQGYEQYF	1
CASSRDRANYGYTF	1
CASSRIGPSPGDYGYTF	1
CASSRFGQGADTQYF	1
CASSRSWRANYNEQFF	1
CASSRAPTGPKGGYTF	1
CASSRAGAANTGELFF	1
CASSRATGGSYNEQFF	1
CASSRATGATNYGYTF	1
CASSRGVEDTQYF	1
CASSRGDRAEAFF	1
CASSRGLAGVVQETQYF	1
CASSRGHHNEQFF	1
CASSRGQVNTEAFF	1
CASSRGQGTGSSYEQYF	1
CASSRGGNEKLFF	1
CASSRGKGPFF	1
CASSRDQWRSTDTQYF	1
CASSRDAGKELVYEQYF	1
CASSRDGTSSTEAFF	1
CASSRDGRNTEAFF	1
CASSRDRASGELFF	1
CASSRDRAFYNSPLHF	1
CASSRDRNQPQHF	1
CASSRDNHYGYTF	1
CASSRIPGPRGWNTEAFF	1
CASSRTSGSSYEQYF	1
CASSRTLTPSSTDTQYF	1
CASSRTVSTDTQYF	1
CASSRTTGGPGELFF	1
CASSRTAYSTDTQYF	1
CASSRTGRSEETQYF	1
CASSRSSGTGLTDTQYF	1
CASSRRPAGEPQYEQFF	1
CASSRSRDRGPGELFF	1
CASSRLAGTTDTQYF	1
CASSRQSNTEAFF	1
CASSRARDRGLLNTEAFF	1
CASSRAAGSYEQYF	1
CASSRGMGTGSYEQYF	1
CASSRDSTNTGELFF	1
CASSREGARNEQFF	1
CASSREDREGEKLFF	1
CASSREEGGTNTGELFF	1
CASSRERQGGTGELFF	1
CASSRTSGRWAEQFF	1
CASSRTPGQGDEQYF	1
CASSRRLFGGVFYNEQFF	1
CASSHSPTGGGLYEQYF	1
CASSHSSTDTQYF	1
CASSHLTGKTEAFF	1
CASSHPLAGGDTGELFF	1
CASSHPGQGSNTEAFF	1
CASSHVSQSSYEQYF	1
CASSHAQNSPLHF	1
CASSHGGGGYEQYF	1
CASSHTGRDEQFF	1
CASSHKGWGMDSPLHF	1
CASSHSPATNTGELFF	1
CASSHSRLAGELFF	1
CASSHYNEQFF	1
CASSHLSTSGEAFF	1
CASSHLAGSSYEQYF	1
CASSHLTSGRARTGELFF	1
CASSHPTGYNTEAFF	1
CASSHRTGNTGELFF	1
CASSHRLAGSYEQYF	1
CASSHRGSRVGEKLFF	1
CASSHAQSYEQYF	1
CASSHAGFGGSYEQYF	1
CASSHGTGDSNQPQHF	1
CASSHGTGNTGELFF	1
CASSHGQSVRSPLHF	1
CASSHDRGHTQYF	1
CASSQLPGLANEQFF	1
CASSQLSLVGSSYNSPLHF	1
CASSQPGTGGLQYF	1
CASSQPTGALTDTQYF	1
CASSQPTSGRNYNEQFF	1
CASSQHPGLANEQYF	1
CASSQQPGLASGNTIYF	1
CASSQVWSGGSTDTQYF	1
CASSQVLGGYEQYF	1
CASSQVLLAVSYNEQFF	1
CASSQARTGGADTQYF	1
CASSQADGADISGYTF	1
CASSQAERAHTDTQYF	1
CASSQATDYYSPLHF	1
CASSQGASGTTDTQYF	1
CASSQGAANTGELFF	1
CASSQGGPWVVQFF	1
CASSQGETSYNEQFF	1
CASSQGINGGQGYF	1
CASSQGTSPEYSYNEQFF	1
CASSQGTSGIAGELFF	1
CASSQGTSGSIYNEQFF	1
CASSQGTLGLFF	1
CASSQGLAGGIGEQYF	1
CASSQGLAGGLAKNIQYF	1
CASSQGLASDTQYF	1
CASSQGPTGELFF	1
CASSQGQGAPYEQYF	1
CASSQGVDQPQHF	1
CASSQDPGQGPNEQFF	1
CASSQDRGYGYTF	1
CASSQELAGGQSEGQETQYF	1
CASSQEEGQVFHEQYF	1
CASSQIPIREPYEQYF	1
CASSQTSNEQYF	1
CASSQTRGANTGELFF	1
CASSQTVDGNQPQHF	1
CASSQTGYNEQFF	1
CASSQSGTEYNEQFF	1
CASSQRGRTEAFF	1
CASSQRTSGTSTDTQYF	1
CASSQRRAGDEQFF	1
CASSQRLDTPNYNEQFF	1
CASSQRQDFYEQYF	1
CASSQRGWGGYEQYF	1
CASSQRENQPQHF	1
CASSQKLFGTALGEQYF	1
CASSQFSPGASNQPQHF	1
CASSQFQQGSYEQYF	1
CASSQFTGTGGETQYF	1
CASSQFSRDTEAFF	1
CASSQLGDNTGELFF	1
CASSQLTGGGQPQHF	1
CASSQLSGGYNEQFF	1
CASSQSSAGSSYNEQFF	1
CASSQSGQGDSRPEAFF	1
CASSQWKPPPGDTQYF	1
CASSQYYRGVQETQYF	1
CASSQYSGRAPNEQFF	1
CASSQLLAASYNEQFF	1
CASSQLDNSPLHF	1
CASSQLAGDTGELFF	1
CASSQLGRETQYF	1
CASSQLGPRTGYTF	1
CASSQLPGGGPTEAFF	1
CASSQLADGYNEQFF	1
CASSQLGPNQPQHF	1
CASSQLGGGPEQFF	1
CASSQPYRGANYGYTF	1
CASSQPGTSVYEQYF	1
CASSQPTRSYNEQFF	1
CASSQPPGQSSFLNTGELFF	1
CASSQPGYAGEQYF	1
CASSQPGLKSSYNEQFF	1
CASSQPGLAGGNTGELFF	1
CASSQPMGQPQHF	1
CASSQPDAGVWDEQFF	1
CASSQRAVVLAGNEQFF	1
CASSQRPTYEQYF	1
CASSQRGLAETYEQYF	1
CASSQRFPRLVGETQYF	1
CASSQRHPTLNEQFF	1
CASSQRTPSNEKLFF	1
CASSQRTGGSEAFF	1
CASSQRPYNEQFF	1
CASSQRQGSGNTIYF	1
CASSQRQGTYEQYF	1
CASSQRKSASGSPYNEQFF	1
CASSQHNPSTDTQYF	1
CASSQHVGGTSVAYEQYF	1
CASSQQQGSSYEQYF	1
CASSQQGGYEQYF	1
CASSQQGAGHNEQFF	1
CASSQQGFYEQYF	1
CASSQQLLAGDNEQFF	1
CASSQQRGGQGQPQHF	1
CASSQVLGQETQYF	1
CASSQVLGQLEQYF	1
CASSQVLSGTQYF	1
CASSQVSEVASYNEQFF	1
CASSQVSGTGELFF	1
CASSQVWGPGNEQFF	1
CASSQVRRANEQFF	1
CASSQVRFHYGYTF	1
CASSQVASYGNPEQFF	1
CASSQVGVSTEAFF	1
CASSQVFGRGDTQYF	1
CASSQVSTMVGEQYF	1
CASSQVWTSNQPQHF	1
CASSQVLRDTEAFL	1
CASSQVLAGDNEQFF	1
CASSQVPGPQPRYEQYF	1
CASSQVQYNEQFF	1
CASSQVAYTTYEQYF	1
CASSQVAGSSNSPLHF	1
CASSQVGPPWTEAFF	1
CASSQVGRRHTDTQYF	1
CASSQVDGGEETQYF	1
CASSQVEGVGYTEAFF	1
CASSQVPRRTGNYGYTF	1
CASSQVRADTGELFF	1
CASSQVRGDSNIQYF	1
CASSQVVNTEAFF	1
CASSQVVAPYNEQFF	1
CASSQVAPGPQRGYTF	1
CASSQVASGRGNEQFF	1
CASSQVADTQYF	1
CASSQVGFQPQHF	1
CASSQVGEKLFF	1
CASSQVGKGPYEQYF	1
CASSQVGYEQYF	1
CASSQVGTSEKLFF	1
CASSQVSQGGLGNTEAFF	1
CASSQVWDRENTQYF	1
CASSQVLAGSYEQYF	1
CASSQVRLAVYNEQFF	1
CASSQVRGGWETQYF	1
CASSQVRGRAFF	1
CASSQVQGASTDTQYF	1
CASSQVQGEDTEAFF	1
CASSQVQGLGYEQYF	1
CASSQVAVKQFF	1
CASSQVAFIEAFF	1
CASSQVGSSNEKLFF	1
CASSQVGGDTEAFF	1
CASSQALAGTYEQYF	1
CASSQARGGNTEAFF	1
CASSQAVLGGELFF	1
CASSQADYPTEAFF	1
CASSQAMNTEAFF	1
CASSQAPRTSGSSTKADTQYF	1
CASSQAPLTTPGGVSYEQYF	1
CASSQAPRNTEAFF	1
CASSQAPAAKSNDKQFF	1
CASSQAVLDLGPYGYTF	1
CASSQAVADPTYEQYF	1
CASSQAGTPNYEQYF	1
CASSQATLGQGAETQYF	1
CASSQATEGNIQYF	1
CASSQALAGTEAFF	1
CASSQALGDTLNTEAFF	1
CASSQAGPSTDTQYF	1
CASSQAGGQLNTGELFF	1
CASSQAGDLFYEQYF	1
CASSQAIIRSNTEAFF	1
CASSQATGGAEKLFF	1
CASSQARNIGEQFF	1
CASSQAPPLGNEQFF	1
CASSQAVADTQYF	1
CASSQGFRMNTEAFF	1
CASSQGSGLPDEQYF	1
CASSQGLLYGEQFF	1
CASSQGLDRGRGSEAFF	1
CASSQGLRGQYEQYF	1
CASSQGLAGAVEQYF	1
CASSQGPGINEKLFF	1
CASSQGQNQPQHF	1
CASSQGVPGTGGEQYF	1
CASSQGGVVGTYNEQFF	1
CASSQGDRDYGYTF	1
CASSQGELGRDKNIQYF	1
CASSQGEADAYEQYF	1
CASSQGLVGGYEQYF	1
CASSQGLISNQPQHF	1
CASSQGPLETQYF	1
CASSQGPTGLPYEQYF	1
CASSQGRGAYRTDTQYF	1
CASSQGVSEFETQYF	1
CASSQGTEAFF	1
CASSQGTLFTGELFF	1
CASSQGRDGYTF	1
CASSQGWGTSAEKLFF	1
CASSQGLAGVNEQFF	1
CASSQGPRRDYEQYF	1
CASSQGPGGRAREAFF	1
CASSQGPSGVNNEQFF	1
CASSQGPDWGYEQYF	1
CASSQGPAGAEQYF	1
CASSQGRIGVGNTIYF	1
CASSQGQGTDTQYF	1
CASSQGVGGPYEQYF	1
CASSQGVTREETQYF	1
CASSQGVGEEKLFF	1
CASSQGASKNIQYF	1
CASSQGAKAAYEQYF	1
CASSQGAGGTYNEQFF	1
CASSQGAGVDTEAFF	1
CASSQGAGRTYEQYF	1
CASSQGAGDSNQPQHF	1
CASSQGGPLVGETQYF	1
CASSQGGTFYNEQFF	1
CASSQGDRGSNQPQHF	1
CASSQGEDSYEQYF	1
CASSQGESGRNYEQYF	1
CASSQGTSSYEQYF	1
CASSQGTSGTYEQYF	1
CASSQGTSGRAMWQFF	1
CASSQGTPGGSSPLHF	1
CASSQGTPRGKNIQYF	1
CASSQGTFSYNEQFF	1
CASSQGTRNEQFF	1
CASSQGTGGAYNEQFF	1
CASSQGRGRSYNEQFF	1
CASSQGRVDSTDTQYF	1
CASSQGKGMSNQPQHF	1
CASSQGFPGNYGYTF	1
CASSQGFGDGEDTQYF	1
CASSQGLGVAFF	1
CASSQGLAGGPEQFF	1
CASSQGLGETQYF	1
CASSQGQRSEKLFF	1
CASSQGVQFTEAFF	1
CASSQGGLREWTYEQYF	1
CASSQGGGRTGNTIYF	1
CASSQGGQGGYEQYF	1
CASSQGTGNSPLHF	1
CASSQGNAQFF	1
CASSQGKTGSNEQFF	1
CASSQGKGKNTEAFF	1
CASSQDFLGQGRSYEQYF	1
CASSQDFAQGVLNEQFF	1
CASSQDFGSLPADTQYF	1
CASSQDFRYTQYF	1
CASSQDLLIRQPQHF	1
CASSQDLRGNQPQHF	1
CASSQDLELRLFF	1
CASSQDLKENEQFF	1
CASSQDSTTYEQYF	1
CASSQDSTPYTQYF	1
CASSQDSPGGTDEQYF	1
CASSQDSRGNSPLHF	1
CASSQDSVPGSYEQYF	1
CASSQDSGTGGIDEQYF	1
CASSQDSGFPYEQYF	1
CASSQDSGTYEQYF	1
CASSQDSDNQPQHF	1
CASSQDSDNEQFF	1
CASSQDSETSAVEQFF	1
CASSQDSLAGTYEQYF	1
CASSQDWSGGHDAYEQYF	1
CASSQDWADEQYF	1
CASSQDWGGAEETQYF	1
CASSQDWGDGNTIYF	1
CASSQDWTSGFNIQYF	1
CASSQDWTALNTEAFF	1
CASSQDYTGSTDTQYF	1
CASSQDYGMRREKLFF	1
CASSQDYRTGSYEQYF	1
CASSQDLELGGAYNEQFF	1
CASSQDLGSGNQPQHF	1
CASSQDLGGGQGYTF	1
CASSQDLASGNGYEQFF	1
CASSQDLAGNEQFF	1
CASSQDLIGSRQYF	1
CASSQDLTVRWAGYTF	1
CASSQDLSGTGGNYEQYF	1
CASSQDLSGLGYEQYF	1
CASSQDLRVAGYTF	1
CASSQDLGGPQHF	1
CASSQDLSQPQHF	1
CASSQDLRTSGMVTQYF	1
CASSQDPLTSDLIGQETQYF	1
CASSQDPPGTSTRNTEAFF	1
CASSQDPTGLNYGYTF	1
CASSQDPRAALDIDEQFF	1
CASSQDPGYEQYF	1
CASSQDPGGGEGRSGELFF	1
CASSQDPGGEQYF	1
CASSQDPTRYNEQFF	1
CASSQDPGAGYEQYF	1
CASSQDPDPGGSQNEQFF	1
CASSQDPDRNTEAFF	1
CASSQDPIETEAFF	1
CASSQDRWTGDIYEQYF	1
CASSQDRTTNEKLFF	1
CASSQDRFRSTEAFF	1
CASSQDRLYDTQYF	1
CASSQDRAAGEDTQYF	1
CASSQDRGRANEQFF	1
CASSQDRTGGVTEAFF	1
CASSQDRSTVGNTIYF	1
CASSQDRSSGRVWGTDTQYF	1
CASSQDRLTGSLYEQYF	1
CASSQDHDSYGYTF	1
CASSQDQSLRPQYF	1
CASSQDVPPSNEKLFF	1
CASSQDVENYGYTF	1
CASSQDAARVKSAGELFF	1
CASSQDGNEQFF	1
CASSQDGLAGAGDTQYF	1
CASSQDGVHGYTF	1
CASSQDGGAYSTDTQYF	1
CASSQDGTGNGQPQHF	1
CASSQDGRGNTEAFF	1
CASSQDGGKTEAFF	1
CASSQDDSRLAVYNEQFF	1
CASSQDDPRQLAYNEQFF	1
CASSQDDGTSVALNEQFF	1
CASSQDEYRVTEQFF	1
CASSQDETGALGYTF	1
CASSQDIRGPQFF	1
CASSQDIGQGIYNSPLHF	1
CASSQDIGGVYGYTF	1
CASSQDTRGGSYEQYF	1
CASSQDTASGSYEQYF	1
CASSQDTSPEQFF	1
CASSQDSAHTGELFF	1
CASSQDRLAGGTMSTGELFF	1
CASSQDRAEKWYF	1
CASSQDRATLAVNYGYTF	1
CASSQDRERGKNIQYF	1
CASSQDRGGPSGTEAFF	1
CASSQDRTLGKETQYF	1
CASSQDRNSPYEQYF	1
CASSQDFARGGDGNQPQHF	1
CASSQDFYNEQFF	1
CASSQDLRQPQHF	1
CASSQDWSRLNTDTQYF	1
CASSQDWGQPQHF	1
CASSQDYFGTGEQFF	1
CASSQDPRGSYNEQFF	1
CASSQDPRPSYEQYF	1
CASSQDPSGSTDTQYF	1
CASSQDPDSYNQPQHF	1
CASSQDPGGGQKQFF	1
CASSQDRRATDTQYF	1
CASSQDRDRELNTEAFF	1
CASSQDREYQETQYF	1
CASSQDRTGIPTTNEKLFF	1
CASSQDHGPTDTQYF	1
CASSQDQVWYNEQFF	1
CASSQDASLEGVSGF	1
CASSQDGFYYEQYF	1
CASSQDGRRNTIYF	1
CASSQDSPPYEQYF	1
CASSQDRAYNEQFF	1
CASSQDRTNTGELFF	1
CASSQDNMNTEAFF	1
CASSQESGTGGYGYTF	1
CASSQEWPLYEQYF	1
CASSQERAASYEQYF	1
CASSQEQGVGSLKHF	1
CASSQEQRASEQYF	1
CASSQEVFTGGLKAKNIQYF	1
CASSQEVLWSRGYTF	1
CASSQEVANTGELFF	1
CASSQEVSRPEQYF	1
CASSQEVDSYMNTEAFF	1
CASSQEAAREGLWFF	1
CASSQEAGPSSYEQYF	1
CASSQEAEFYEQYF	1
CASSQEAINEQFF	1
CASSQEGGEGETQYF	1
CASSQEGPGGRTEAFF	1
CASSQEGVAEAFF	1
CASSQEGVGEQFF	1
CASSQEGGKSSGNTIYF	1
CASSQEGDSYQPQHF	1
CASSQEGTSGSWGSYNEQFF	1
CASSQEGNQPQHF	1
CASSQEGRTGTKQETQYF	1
CASSQEDRANQPQHF	1
CASSQETTTDTQYF	1
CASSQETTNTEAFF	1
CASSQERVVGTGGIWSNQPQHF	1
CASSQERVAGASYNEQFF	1
CASSQERRFNTGELFF	1
CASSQEFGGQETQYF	1
CASSQEFQGARYEQYF	1
CASSQEWQGNIQYF	1
CASSQEWVGALNQPQHF	1
CASSQEWTGLAFF	1
CASSQEYVSGGPRETQYF	1
CASSQEYEFRGTEAFF	1
CASSQELAGGSSYEQYF	1
CASSQEPWAGSSYNEQFF	1
CASSQEVSGSYEQYF	1
CASSQEAGMYEQYF	1
CASSQEGLSGRVTDTQYF	1
CASSQEGSGIYEQYF	1
CASSQEGLEQFF	1
CASSQEGAGSTDTQYF	1
CASSQEEVDEQFF	1
CASSQEIAAGYTF	1
CASSQEIAGESYEQYF	1
CASSQEIGLVVGELFF	1
CASSQETGYGSDTQYF	1
CASSQETGWDEQFF	1
CASSQERGLWTAGEQYF	1
CASSQERGRQVYGYTF	1
CASSQERMRSVYGYTF	1
CASSQIQGADGYTF	1
CASSQIGVLFF	1
CASSQTLSWGAGQPQHF	1
CASSQTSGLPYNEQFF	1
CASSQTGSNNNEQFF	1
CASSQTDRVNEAFF	1
CASSQTRLAGALWSTESEQFF	1
CASSQTRLNTEAFF	1
CASSQTASRGADYGYTF	1
CASSQTTGYSYEQYF	1
CASSQTALQETQYF	1
CASSQTGGNTEAFF	1
CASSQTTGAETQYF	1
CASSQRGTKNIQYF	1
CASSQRTSGRGETQYF	1
CASSQRQKTGELFF	1
CASSQREDRGAFF	1
CASSQRMYSTEAFF	1
CASSQKKKSSYNEQFF	1
CASSQKGRSSSYNEQFF	1
CASSQKTWGTEAFF	1
CASSVVAGGNEQYF	1
CASSVRYGPTYEQYF	1
CASSVGDYGYTF	1
CASSVIAGGRTDTQYF	1
CASSVNPGQGPYEQYF	1
CASSVGLADYNEQFF	1
CASSVGQNEKLFF	1
CASSVDSPNQPQHF	1
CASSVLGGELFF	1
CASSVSQGYGYTF	1
CASSVLAGSSYEQYF	1
CASSVAGGYTGELFF	1
CASSVGTGYEAFF	1
CASSVGTGGDGYTF	1
CASSVGHRDGKYEQYF	1
CASSASQGVPQPNTEAFF	1
CASSAVGGAGNTIYF	1
CASSADRGQSTDTQYF	1
CASSASGLAGARTDTQYF	1
CASSAWGGRSPLHF	1
CASSARDGNYGYTF	1
CASSAASRGLNEQFF	1
CASSAGERGGTDTQYF	1
CASSAGQGKNYGYTF	1
CASSARTASTEAFF	1
CASSAGQGAYEQYF	1
CASSAGVAGELFF	1
CASSAGDVKNIQYF	1
CASSASSGNTIYF	1
CASSASGLRYNEQFF	1
CASSGAEPEAFF	1
CASSGAGSGELFF	1
CASSGGSLGIQYF	1
CASSGSTANTEAFF	1
CASSGQGGSTEAFF	1
CASSGVGNEQYF	1
CASSGGSGSTDTQYF	1
CASSGGRTGNTIYF	1
CASSGGGGFLSVYTF	1
CASSGILDWPYEQYF	1
CASSGRTGTEYNEQFF	1
CASSGRLGGNTEAFF	1
CASSGAGIISSYEQYF	1
CASSGGPFNNEQFF	1
CASSGGLTGKLSGGLYNEQFF	1
CASSGGTTFSYNEQFF	1
CASSGGLAGESSYEQYF	1
CASSGDYEQYF	1
CASSGTSASSYEQYF	1
CASSGTSGGTYNEQFF	1
CASSGTSGRALSNEQFF	1
CASSGTSPNYGYTF	1
CASSGRQGGDSPLHF	1
CASSGNTGELFF	1
CASSGVADASYEQYF	1
CASSGGTGGYNSPLHF	1
CASSGIHKTSVTSGEQFF	1
CASSGTSSYNEQFF	1
CASSGNNEQYF	1
CASSDYPSGSYNEQFF	1
CASSDTGISYEQYF	1
CASSDRPDRGYGYTF	1
CASSDQGHMGEQYF	1
CASSDQQGTGELFF	1
CASSDQGDTQYF	1
CASSDGSSTDTQYF	1
CASSDGFMNTEAFF	1
CASSDGTVSNQPQHF	1
CASSEVGRSNQPQHF	1
CASSEGDYGTYEQYF	1
CASSEDGNIQYF	1
CASSETGSTSNTGELFF	1
CASSEPNGPNTGELFF	1
CASSEARVWQGRRNEQFF	1
CASSEGTSTSYNEQFF	1
CASSETSGYPYEQYF	1
CASSETWTSDTDTQYF	1
CASSIQLDTYEQYF	1
CASSISGTVTGELFF	1
CASSIVVTDTQYF	1
CASSIGTSGTWGTDTQYF	1
CASSIGAGPHTDTQYF	1
CASSIGTPGSDEQFF	1
CASSITDTQYF	1
CASSMGLAGNNEQFF	1
CASSMEGSTEAFF	1
CASSMTPTNEKLFF	1
CASSIGQGAGEKLFF	1
CASSINRGRGEKLFF	1
CASSTTGIDEQFF	1
CASSTLTSGSSGELFF	1
CASSTRAGGGYEQYF	1
CASSTQGKGSGEQYF	1
CASSTGRGGRTGELFF	1
CASSTGTGGYNEQFF	1
CASSTGTGNYGYTF	1
CASSTGLAGNPYEQYF	1
CASSTGRETEKLFF	1
CASSTGQGAYEQFF	1
CASSTDRANSPLHF	1
CASSTTTGELFF	1
CASSTRGDTQYF	1
CASSTRPNLNTEAFF	1
CASSTRQNSPLHF	1
CASSTAGTPTGELFF	1
CASSTAGGAAGEQYF	1
CASSTGVPKNIQYF	1
CASSTDSNYGYTF	1
CASSTDRVGFEQYF	1
CASSTTSGGSYEQYF	1
CASSTNPGQGIYEQYF	1
CASSTGTATEAFF	1
CASSTTGMNEQYF	1
CASSSSLAASYNEQFF	1
CASSSTGTSDTGELFF	1
CASSSPSGAYNEQFF	1
CASSSRPGQGFGYTF	1
CASSSGQGPYNEQFF	1
CASSRGQAYNEQFF	1
CASSRGEGQGFAPYEQYF	1
CASSREGAANSPLHF	1
CASSRTVNTEAFF	1
CASSRLLRARDEQFF	1
CASSRLAGDGTDTQYF	1
CASSRGQGGTEAFF	1
CASSRGTGDSNQPQHF	1
CASSNLFGGNNSPLHF	1
CASSNPGSRGNTIYF	1
CASSNLLTGFYGYTF	1
CASSNLAGTGGRSSYNEQFF	1
CASSNGLAFNEQFF	1
CASSNGQSRDGYTF	1
CASSNRAAGGLETQYF	1
CASSKGLAGISRGYEQYF	1
CASSKDRVAYNEQFF	1
CASSKQGQSSYNEQFF	1
CASSKASTGYNEQFF	1
CASSKIAGSTDTQYF	1
CASRSDRGPYEQYF	1
CASRWTASYNEQFF	1
CASRLTGATNEKLFF	1
CASRVPSSTDTQYF	1
CASRVSGINYGYTF	1
CASRVWGAQDGYTF	1
CASRVATSGHNEQFF	1
CASRVGLSYRAGRGNNEQFF	1
CASRGFEGSSYNEQFF	1
CASRGQAGMNTEAFF	1
CASRGQETQYF	1
CASRGDSNQPQHF	1
CASRGDSSYNEQFF	1
CASRGTDTQYF	1
CASRGNSGTDTQYF	1
CASRDLGANTEAFF	1
CASRDPGLAALAYEQYF	1
CASRDRYRLAGYNEQFF	1
CASRDAQGPDTQYF	1
CASRETEHAYEQYF	1
CASREASGGRGGEQFF	1
CASRTSTDYNEQFF	1
CASRTGGAGGLDEQFF	1
CASRTGEDTGELFF	1
CASRRWGEVMHQPQHF	1
CASRFASGSYNEQFF	1
CASRWTVYNQPQHF	1
CASRYDMANTYEQYF	1
CASRLAGGDEQFF	1
CASRLDYNTGELFF	1
CASRPLTGGLDEQFF	1
CASRPGTGNEKLFF	1
CASRQGSTNEKLFF	1
CASRQGATNEKLFF	1
CASRVPYEQYF	1
CASRASSGTGDPFF	1
CASRAGQGALRSYNEQFF	1
CASRAGLLNTEAFF	1
CASRGVGSGHYEQYF	1
CASRGLAGVGEQYF	1
CASRGPTRDGYTF	1
CASREGAANTGELFF	1
CASREGSTDTQYF	1
CASRIRQGSQTEAFF	1
CASRIKGDAYEQYF	1
CASRTEINPRTGELFF	1
CASRRGSGVYEQYF	1
CASRRDLNTEAFF	1
CASNLATGRANTEAFF	1
CASNDRGNTGELFF	1
CASNTRDAIGETQYF	1
CASNSGTPYQETQYF	1
CASNLHEQYF	1
CASNPALGPTREQYF	1
CASNPSGANNEQFF	1
CASNPRGSVNTGELFF	1
CASNPGLRTNEQFF	1
CASNTDHTISNTEAFF	1
CASNTGLSNTGELFF	1
CASNRFSRPNAVNTEAFF	1
CASKLLAAQEGTQYF	1
CASKPPYEQYF	1
CASKREPFWNEQFF	1
CASKGADRDNSPLHF	1
CASKDYEQYF	1
CASKRDGQVGELFF	1
CASKSSRTDTQYF	1
CASKRASGVGDEQFF	1
CANTGTGPYEQYF	1
CGASVSGYEQYF	1
CTVREGYEQYF	1
CSFPVAYNEQFF	1
CSLTSGSFDAEQFF	1
CSSGGGNQPQHF	1
CSSRDPAGNTIYF	1
CSWQGNLGYTF	1
CSPFSETEAFF	1
CSPQGWRDRARPQHF	1
CSPWAQNTGELFF	1
CSPTTPSVPEQYF	1
CSPISFGAGRHNEQFF	1
CSQATRAHLGYTF	1
CSVYHGADTQYF	1
CSVPRGSTEAFF	1
CSVQGGNEQFF	1
CSVVGTSGGDEQFF	1
CSVGERDYNEQFF	1
CSVTGQTNYGYTF	1
CSVRGGTDTQYF	1
CSVSGGESQPQHF	1
CSVPPRGNTEAFF	1
CSVQGLDDYGYTF	1
CSVGGRPNEKLFF	1
CSVGQGATNEKLFF	1
CSVRDRIGFNEQFF	1
CSVARQSSNEKLFF	1
CSVRGPTNYGYTF	1
CSVFRGGGNTEAFF	1
CSAFSGSSADTQYF	1
CSAFRTSGQETQYF	1
CSAFNVRGATEAFF	1
CSAFLAGAPYNEQFF	1
CSAFPGQTYEQYF	1
CSAFRTGGETQYF	1
CSALGDSSNQPQHF	1
CSALGKETQYF	1
CSALQGVGTDTQYF	1
CSALDRSNSYNSPLHF	1
CSALINYEQYF	1
CSALTGRASYEQYF	1
CSASSVNYGYTF	1
CSASQTGGIRTFF	1
CSASSTTREETQYF	1
CSASSGTGVNNQPQHF	1
CSASLGQGDGYTF	1
CSASPRGQPGETQYF	1
CSASRDLDTEAFF	1
CSASGTSGSKISYNEQFF	1
CSASDRDWETQYF	1
CSASRGQEGYNEQFF	1
CSASRTVTDTQYF	1
CSASRGANEKLFF	1
CSASDRVGGYTF	1
CSASEFNYGYTF	1
CSASTSGAGGEQYF	1
CSASRGLETQYF	1
CSASRGYSYNEQFF	1
CSASSGSGEQYF	1
CSAWGGPPQETQYF	1
CSAWDRRGTEAFF	1
CSAWTGGYVTDTQYF	1
CSAYQGNNQPQHF	1
CSAYRLARSYNEQFF	1
CSAYSGSTDTQYF	1
CSAYAHRGGEYNSPLHF	1
CSAYERTDTQYF	1
CSALPATSGTVAETQYF	1
CSALTSVRTDTQYF	1
CSALSGRTSNEQFF	1
CSALRRPADSYEQYF	1
CSALPAGRLNNEQFF	1
CSALPKQQYF	1
CSALRAPLADTQYF	1
CSALVPRNLNTEAFF	1
CSALDPGQGNQPQHF	1
CSALKSLLGDTGELFF	1
CSALRPGQGLYEQYF	1
CSALPGLDFYNEQFF	1
CSALAGGYEQYF	1
CSAPVGQGAEIFYEQYF	1
CSAPRGSWATDTQYF	1
CSAPPTPYSNQPQHF	1
CSAPRDRGNYGYTF	1
CSAPVGAGGQDEQFF	1
CSAPVDRARPGELFF	1
CSAPARGRTDTQYF	1
CSAPGTITDTQYF	1
CSAPGTSGRGSYEQYF	1
CSAPGTGKLEAFF	1
CSAPDTSGPVYEQYF	1
CSAPSRGGTNEKLFF	1
CSAPLAGGEQYF	1
CSAPEGGPKQTQYF	1
CSAPIKDGGPYGQFF	1
CSAPTGTGVYGYTF	1
CSAPTLTKNIQYF	1
CSAPPGDNQPQHF	1
CSAPPGGGRLQTQYF	1
CSAPTSGLTGKNIQYF	1
CSAPRGSSYNEQFF	1
CSARRWGNYGYTF	1
CSARGTGDYNEQFF	1
CSARDAGQGNSEQYF	1
CSARERQGRDSPLHF	1
CSARTPDTQYF	1
CSARRGSYEQYF	1
CSARRDYEQYF	1
CSARWTSGYEQYF	1
CSARADPSETQYF	1
CSARGTGPYEQYF	1
CSARGLADYNEQFF	1
CSARDGRTNEKLFF	1
CSARDRTQHEQYF	1
CSARTSVYQETQYF	1
CSARTPPNTGELFF	1
CSARTGDVTQYF	1
CSARSGSKNEQYF	1
CSARQGADRYGYTF	1
CSARQDTNEKLFF	1
CSAHRRDRVNRNTEAFF	1
CSAHQGGINQPQHF	1
CSAQYLLAGVYEQYF	1
CSAQPPFTSEGLLDGGYTF	1
CSAQQPPGLEQFF	1
CSAQQRENIQYF	1
CSAQEGGRGAGELFF	1
CSAQSRQTSGKNIQYF	1
CSAQTVGDEKLFF	1
CSAQTGPYDSPLHF	1
CSAVGFQETQYF	1
CSAVWDPRTNYGYTF	1
CSAVRGNSNQPQHF	1
CSAVEGALYNEQFF	1
CSAVRGQYYGYTF	1
CSAARLSTDTQYF	1
CSAAKDRVEETQYF	1
CSAARLAGAYEQYF	1
CSAAVNRSPIGPQHF	1
CSAAGVTSYEQYF	1
CSAARVQETQYF	1
CSAARQTEDSPLHF	1
CSAANRVGSPLHF	1
CSAAKTGIYEQYF	1
CSAAPYDEQYF	1
CSAATSGRHYNEQFF	1
CSAGRRRRDTEAFF	1
CSAGRQGPYNEQFF	1
CSAGREWYGYTF	1
CSAGAGTSGRTNRYEQYF	1
CSAGGLRASGSYEQYF	1
CSAGDREYSNQPQHF	1
CSAGMPAGGGQPQHF	1
CSAGTSGSTDTQYF	1
CSAGTSGRVFDTQYF	1
CSAGLAGPSREQYF	1
CSAGPGRAQHF	1
CSAGQGAGTEAFF	1
CSAGQGSQDGEKLFF	1
CSAGGSRVVVIGNYGYTF	1
CSAGGGQGGQPQHF	1
CSAGGRGSQGANRKQYF	1
CSAGDILNTEAFF	1
CSADGGHWVNTEAFF	1
CSADKGFVNSPLHF	1
CSADGLAGYNEQFF	1
CSADDPSGYEQYF	1
CSADEWTGGRDEQYF	1
CSAEARGNEKLFF	1
CSAEGLAGVREQFF	1
CSAEGGVSSYEQYF	1
CSAEDRGRMGKAFF	1
CSAETSGEQETQYF	1
CSAERGSTDTQYF	1
CSAEARSGSAYEQYF	1
CSAEISGRAGYEQYF	1
CSAIRAGAYEQYF	1
CSAIVHEQYF	1
CSAIGREATQYF	1
CSAIDRRSNTDTQYF	1
CSAIETGPTF	1
CSAITSGADTQYF	1
CSAISGGLQSYNEQFF	1
CSAIYRGGETQYF	1
CSAIPGQGADGYTF	1
CSAIPDRVVNYGYTF	1
CSAIRPDRDEKLFF	1
CSAIRGRGNTIYF	1
CSAIRSRQYF	1
CSAIGQYTEAFF	1
CSAIEGAVSDGYTF	1
CSAMDRGRLNSNQPQHF	1
CSAMEPPREAFF	1
CSAMISGGDQPQHF	1
CSAMTQGFGGEQYF	1
CSAMTGELYEKLFF	1
CSAMRGATQPQHF	1
CSAIPRGAYEQYF	1
CSAIVTGNTIYF	1
CSAIARGVNDYEQYF	1
CSAIAGGRFTDTQYF	1
CSAIGQGVFYEQYF	1
CSATYNEQFF	1
CSATPGQGAPRGQPQHF	1
CSATPDRGLRNEQFF	1
CSATRRSPNEKLFF	1
CSATVGLTHNEQFF	1
CSATDRPGFDQPQHF	1
CSATTGDSGNTIYF	1
CSATSGSSYNEQFF	1
CSATSTLAGEQYF	1
CSATNPGQGKQPQHF	1
CSATFLGDKNYEQYF	1
CSATPPGQDNSPLHF	1
CSATRPGPNQPQHF	1
CSATRDRGQIEQFF	1
CSATRQAFNEKLFF	1
CSATRASWYQETQYF	1
CSATVYRGTHNEQFF	1
CSATAPGGSSYEQYF	1
CSATAHSNQPQHF	1
CSATGTRFYEQYF	1
CSATGTSYNEQFF	1
CSATGTAAYEQYF	1
CSATGTGDEKLFF	1
CSATGTGMWEKLFF	1
CSATGQGGLSDTQYF	1
CSATMNSNQPQHF	1
CSATSPGTGGTDTQYF	1
CSATKGQAVGAFF	1
CSATDSINEQFF	1
CSATEMTGAPYEQYF	1
CSATKRTLEAFF	1
CSATRESHEQYF	1
CSATRGNTIYF	1
CSATGGSLTEAFF	1
CSATGGPYGDTQYF	1
CSATDSATNEKLFF	1
CSATTPGLQETQYF	1
CSATTSGRTGELFF	1
CSATTERGRGGAFF	1
CSATRGAGGNSPLHF	1
CSASFPFGLAGNEQFF	1
CSASFGATAFF	1
CSASFRNNSPLHF	1
CSASFRGRWEKLFF	1
CSASLGQGLIDQPQHF	1
CSASLDEDYEQYF	1
CSASSSDEQFF	1
CSASSSGSGAKNIQYF	1
CSASSAASGPNEQFF	1
CSASSGSEQETQYF	1
CSASSEADSYNEQFF	1
CSASSSGKNEQYF	1
CSASWRLSYEQYF	1
CSASWDVGELFF	1
CSASYQNSNQPQHF	1
CSASLGANQPQHF	1
CSASPSGWYYNEQFF	1
CSASPRSSTDTQYF	1
CSASPISLTVTLAFF	1
CSASRGTYNEQFF	1
CSASQAGGHDTEAFF	1
CSASVLQDSPYQPQHF	1
CSASVQRRGSYEQYF	1
CSASVQVNQPQHF	1
CSASAGGWNNSPLHF	1
CSASARNYYNEQFF	1
CSASAGPVNTEAFF	1
CSASGAKGSLSYEQYF	1
CSASGAGRAPQYF	1
CSASGQEPFMNTEAFF	1
CSASDLYEQYF	1
CSASDAPTTGELFF	1
CSASDGSYEQYF	1
CSASEGRGYTF	1
CSASEIGQSTYEQYF	1
CSASETGGIEKLFF	1
CSASERGQEGTEAFF	1
CSASMTPGTEAFF	1
CSASTRPRGGETQYF	1
CSASTWARVGAFF	1
CSASTWENAGELFF	1
CSASTGQQSLYEQYF	1
CSASSRALGTDTQYF	1
CSASRSGAGAPNTEAFF	1
CSASRGQEASSPLHF	1
CSASRQGSYTEAFF	1
CSASRGQNEKLFF	1
CSASNPATGSNQPQHF	1
CSASKGYGKNIQYF	1
CSASKGTSQPQHF	1
CSASKDFEKNEQFF	1
CSASKLAVYNEQFF	1
CSASKGGREVHEQFF	1
CSASFLGAVSSPLHF	1
CSASLWIAEAFF	1
CSASLGETQYF	1
CSASYRGRFSPLHF	1
CSASYSPGNIQYF	1
CSASLGANNEQFF	1
CSASPSRDNNYGYTF	1
CSASPAGKNEAFF	1
CSASPGTVSNSPLHF	1
CSASPGTGAFRNTEAFF	1
CSASPREASPLHF	1
CSASPETEHSPLHF	1
CSASRGRGNQPQHF	1
CSASRDAVNTEAFF	1
CSASRQSLLISYNEQFF	1
CSASQTTQYF	1
CSASVSTDTQYF	1
CSASVRRPYEQYF	1
CSASARTGKETQYF	1
CSASAVLVEPQHF	1
CSASGPKSNYGYTF	1
CSASGQGRALHF	1
CSASGGQPYNSPLHF	1
CSASGTSEQFF	1
CSASGRGETQYF	1
CSASGLAGNSDTQYF	1
CSASDLLAENYNEQFF	1
CSASDPSKEGTEAFF	1
CSASDNSGNTIYF	1
CSASEAGTDYYEQYF	1
CSASIQGGGQPQHF	1
CSASIEGAYTEAFF	1
CSASRVSSGNTIYF	1
CSASRQRNTEAFF	1
CSASNPGQTNEKLFF	1
CSASKTANNEQFF	1
CSARLGQTAFF	1
CSARLREPYEQYF	1
CSARSTRGNSPLHF	1
CSARWPTTQETQYF	1
CSARWPGDNQPQHF	1
CSARWGNQPQHF	1
CSARWRGDQPQHF	1
CSARLDTLSYEQYF	1
CSARPLSGGTYEQYF	1
CSARPVQGWSTDTQYF	1
CSARPVRLYEQYF	1
CSARPGQRHNSPLHF	1
CSARPTTSAEQYF	1
CSARRGRYEQYF	1
CSARRHSDLAGYSSSYEQYF	1
CSARRAGVSYEQYF	1
CSARRDRYNEQFF	1
CSARQSPDEQFF	1
CSARQPNQPQHF	1
CSARQGPGLNTEAFF	1
CSARVRLAKSYNEQFF	1
CSARVYSYNEQFF	1
CSARAESGNTIYF	1
CSARAGGQANNEKLFF	1
CSARASGSLGNEQFF	1
CSARGHLRENEQFF	1
CSARGRADFF	1
CSARGGTGYYYEQYF	1
CSARGAILAPLHF	1
CSARGGTDYEQYF	1
CSARGTRDTEAFF	1
CSARGTEPYEQYF	1
CSARGSSYNSPLHF	1
CSARGLAGVPETQYF	1
CSARGLAGVSSYNEQFF	1
CSARGRQHSNQPQHF	1
CSARGQHNTEAFF	1
CSARGQRGYTF	1
CSARDSQYIKVLF	1
CSARDYGTDQPQHF	1
CSARDPGTQYNEQFF	1
CSARDGGDPTGTEAFF	1
CSARDRARNQPQHF	1
CSARDRGGDEKLFF	1
CSAREGTGVRNSPLHF	1
CSARETWSETQYF	1
CSARIPGWVTQYF	1
CSARIQEGQPQHF	1
CSARTSGRANEQFF	1
CSARTSLNYNSPLHF	1
CSARTRQRATNEKLFF	1
CSARTGDSNQPQHF	1
CSARSSMDTEAFF	1
CSARRPSGNGDTQYF	1
CSARRGPSTDTQYF	1
CSARNLLNTEAFF	1
CSARNGLNYGYTF	1
CSARKYTGESPLHF	1
CSARFRDRASGNTIYF	1
CSARLLNWEGGYTF	1
CSARSFDSNQPQHF	1
CSARSPSTTYEQYF	1
CSARSSAGSSYNEQFF	1
CSARSRQETQYF	1
CSARSRDRAYEQYF	1
CSARSGGVEQYF	1
CSARSGQPQETQYF	1
CSARSKTGAVSGNTIYF	1
CSARSQWDNQPQHF	1
CSARWPEIEEKLFF	1
CSARWVGDTEAFF	1
CSARWGEEQYF	1
CSARYGVGNQPQHF	1
CSARYINTDTQYF	1
CSARYTGYTF	1
CSARLRGTTGSSYNSPLHF	1
CSARLSNQPQHF	1
CSARLQGRDPLHF	1
CSARLAGYTDTQYF	1
CSARLDRNTEAFF	1
CSARLRDAPTNEKLFF	1
CSARPSQDRVSYGYTF	1
CSARPRTSSYEQYF	1
CSARPRTSTDTQYF	1
CSARPDRYNEQFF	1
CSARPNVAYEQYF	1
CSARPVGAFNSPLHF	1
CSARPGWESGTRLRAETQYF	1
CSARPGRPSEQYF	1
CSARPDRGGNQPQHF	1
CSARRTSGPYNEQFF	1
CSARRAGFDEQYF	1
CSARRGEGTEAFF	1
CSARRDASGNTIYF	1
CSARRLAGGTDTQYF	1
CSARHQGYSVTNEKLFF	1
CSARHRASEGYTF	1
CSARQVEKTQYF	1
CSARQGPNQPQHF	1
CSARQGEFAEAFF	1
CSARQGTSNNEQFF	1
CSARQGLAFEQFF	1
CSARQSGNRNYEQYF	1
CSARVSSFDGYTF	1
CSARVSGGLWTEAFF	1
CSARVSGQLNQPQHF	1
CSARVPDYNQPQHF	1
CSARVGSGDTDTQYF	1
CSARVGDGYTF	1
CSARVGTRTDTQYF	1
CSARVSGETQYF	1
CSARVSGRTLQGQFF	1
CSARVGGNSPLHF	1
CSARVSRDNQPQHF	1
CSARVRAAQHF	1
CSARVPGGFSNQPQHF	1
CSARVAGGLEEQYF	1
CSARVDGRAGNEQFF	1
CSARVEGGESYEQYF	1
CSARVIGDLAKNIQYF	1
CSARVSQNSPLHF	1
CSARVRLGPYEQYF	1
CSARVAGSTDTQYF	1
CSARVGIGAEQYF	1
CSARVGGVGRETQYF	1
CSARASGGGWYPRSNQPQHF	1
CSARALSGYEQYF	1
CSARALAGGFQPQHF	1
CSARAPSGAPYEQYF	1
CSARAPGLNQPQHF	1
CSARAGQQNTEAFF	1
CSARAISRSYEQYF	1
CSARASTHEQYF	1
CSARASNRGRNTEAFF	1
CSARALYYGYTF	1
CSARAPGEDITQYF	1
CSARAGGRETQYF	1
CSARAGTSYSIEQFF	1
CSARAGTSGDTDTQYF	1
CSARAGTSNKSGFYEQYF	1
CSARATTDSSYNSPLHF	1
CSARARQDWAYGYTF	1
CSARAVIDSYEQYF	1
CSARAAPGVHAKYNEQFF	1
CSARAAEKAGNTIYF	1
CSARAGTVPMAQHF	1
CSARAGLAQETQYF	1
CSARAGQPQHF	1
CSARAGTYGCTF	1
CSARATGGISYNEQFF	1
CSARATGRNSNQPQHF	1
CSARAILTSGSDTQYF	1
CSARARDVTNYGYTF	1
CSARANDRVNQPQHF	1
CSARGSSGSSYNEQFF	1
CSARGQDRYNQPQHF	1
CSARGVGAMNTEAFF	1
CSARGGGTSGELFF	1
CSARGSPSRYEQYF	1
CSARGNEQFF	1
CSARGSSRNTEAFF	1
CSARGSRDTEAFF	1
CSARGSGRTSVNNEQFF	1
CSARGSYSNQPQHF	1
CSARGQKLFF	1
CSARGGGQNVGYTF	1
CSARGGRSYEQYF	1
CSARGRGHSNQPQHF	1
CSARGRGGNQPQHF	1
CSARGWGDHNEQFF	1
CSARGLAVLNEQFF	1
CSARGLAGGSEQYF	1
CSARGLAETYEQYF	1
CSARGRSGNTIYF	1
CSARGRRAGENTDTQYF	1
CSARGVTGQPQHF	1
CSARGASEIAQYF	1
CSARGAGRQETQYF	1
CSARGAAGGVSYEQYF	1
CSARGADNQETQYF	1
CSARGAGGTEAFF	1
CSARGGGSSYNEQFF	1
CSARGGTSGSTDTQYF	1
CSARGGNRESPLHF	1
CSARGGGGNTDTQYF	1
CSARGDGLAGYNEQFF	1
CSARGDINTEAFF	1
CSARGDRGYGNSPLHF	1
CSARGDRDQETQYF	1
CSARGTEYNEQFF	1
CSARGTSGLLNNEQFF	1
CSARGTSGTTSYEQYF	1
CSARGTRGRNTEAFF	1
CSARGTGTYEQYF	1
CSARGTGRGYTF	1
CSARGTGGYEQYF	1
CSARGLGSGNTIYF	1
CSARGLAGGAYTQYF	1
CSARGLATSYEQYF	1
CSARGLGVMEETQYF	1
CSARGRGGPDTQYF	1
CSARGQYNQPQHF	1
CSARGQLLTEAFF	1
CSARGQLGAYYEQYF	1
CSARGQGFSYNEQFF	1
CSARGGFNQPQHF	1
CSARGGYSNQPQHF	1
CSARGGGKLFF	1
CSARGKDRGSYEQYF	1
CSARDFRASNEKLFF	1
CSARDFRTGRRPQHF	1
CSARDFVSYEQYF	1
CSARDFGQPNYGYTF	1
CSARDFSGSYNEQFF	1
CSARDFRTEAGNTIYF	1
CSARDFSGNQPQHF	1
CSARDFQGSNQPQHF	1
CSARDFGGGYEQFF	1
CSARDFGEGPEAFF	1
CSARDLQTDTQYF	1
CSARDLGRAGTYTF	1
CSARDLEGLGEKLFF	1
CSARDSWDRNSPLHF	1
CSARDSPYEQYF	1
CSARDSRGGQPQHF	1
CSARDSVQGLNEKLFF	1
CSARDSRTPPGEQYF	1
CSARDSNRGTEAFF	1
CSARDSRDIAYEQYF	1
CSARDSYGDEKLFF	1
CSARDSGFASPLHF	1
CSARDSGMAEAFF	1
CSARDWGTPNQPQHF	1
CSARDYRGQGGDTQYF	1
CSARDLTGGQTEAFF	1
CSARDLRGINEKLFF	1
CSARDLQVTGGSSPLHF	1
CSARDLMGQGYEGQYF	1
CSARDLMYNEQFF	1
CSARDLKKDRLGGYTF	1
CSARDLSTDLGPQHF	1
CSARDLGGSYGTIYF	1
CSARDLGRAAYGYTF	1
CSARDLEAGEVETQYF	1
CSARDPSSGRTYNEQFF	1
CSARDPSSGRLREAFF	1
CSARDPPSNYGYTF	1
CSARDPRRGVPTSGGTDTQYF	1
CSARDPVAGYEQYF	1
CSARDPTGGDTQYF	1
CSARDPRGYYGYTF	1
CSARDPLAGDFYEQYF	1
CSARDPREGVTDTQYF	1
CSARDPAGTNSPLHF	1
CSARDPAGQQETQYF	1
CSARDPGKTHYEQYF	1
CSARDPGQGNTFF	1
CSARDPRTYGYTF	1
CSARDPPQRLAWQETQYF	1
CSARDPGDRTDTQYF	1
CSARDRFGVRAMNTEAFF	1
CSARDRRLNTEAFF	1
CSARDRQGGSPLHF	1
CSARDRGESRPDTQYF	1
CSARDRLTGGGTEAFF	1
CSARDRRWNTEAFF	1
CSARDRRDGPSYGYTF	1
CSARDRVVNTEAFF	1
CSARDRGRGMNTEAFF	1
CSARDRDRGADEQFF	1
CSARDREGLGTEAFF	1
CSARDRTQGLGYGYTF	1
CSARDRSNGLAGAAEQYF	1
CSARDRRGADYGYTF	1
CSARDRAGNYGYTF	1
CSARDRTGYTEAFF	1
CSARDRTGRNEQYF	1
CSARDHVPGRVGDQPQHF	1
CSARDHGGRANIQYF	1
CSARDHKGPGEKLFF	1
CSARDHRAGTPLHF	1
CSARDHARHPYEQYF	1
CSARDHGRPEAFF	1
CSARDQSQIQETQYF	1
CSARDQLREGLYEQYF	1
CSARDQPNTEAFF	1
CSARDQGTDTEAFF	1
CSARDQGNSNQPQHF	1
CSARDQDRSSLVGAGELFF	1
CSARDQAGGDNEQFF	1
CSARDQGEGRRYLYGYTF	1
CSARDVRGRAMDEQFF	1
CSARDVYKPKETQYF	1
CSARDVGSQDTQYF	1
CSARDAAGTSEIYNEQFF	1
CSARDASGRYSYEQYF	1
CSARDARTVGWNTEAFF	1
CSARDAGTSAYEQYF	1
CSARDADRPYEQYF	1
CSARDARLAGIYEQYF	1
CSARDAKGTGGNIQYF	1
CSARDGWTDTVNYGYTF	1
CSARDGGFVVGNTEAFF	1
CSARDGRASGRTKNIQYF	1
CSARDGGNTEAFF	1
CSARDGGGGNYGYTF	1
CSARDGSSAGNEQFF	1
CSARDGLFGQANSPLHF	1
CSARDGGLGGNNEQFF	1
CSARDGDYGYTF	1
CSARDGTGWVRQPQHF	1
CSARDGSLGNQPQHF	1
CSARDDTSGRNEQFF	1
CSARDEYHYGYTF	1
CSARDIGGLSGYGYTF	1
CSARDMDKDTGELFF	1
CSARDTSRPNYSNQPQHF	1
CSARDTGSYNEQFF	1
CSARDTSYEQYF	1
CSARDTGARDSPLHF	1
CSARDSGTGIMYEQYF	1
CSARDSGQTQYF	1
CSARDSKGYGYTF	1
CSARDSRGNQPQHF	1
CSARDSGTIYEQYF	1
CSARDSGRAGDEQFF	1
CSARDRGGYTF	1
CSARDRGQVLGGYTF	1
CSARDRDLAYEQFF	1
CSARDKGQGKDTQYF	1
CSARDWDRDSTEAFF	1
CSARDLVSGGSYNEQFF	1
CSARDLPTGVNEKLFF	1
CSARDPSGRVYNEQFF	1
CSARDPGSLDEQFF	1
CSARDPDRGRDGPQHF	1
CSARDPTPEQFF	1
CSARDPNSGRKNEQFF	1
CSARDPGGDSTEAFF	1
CSARDPGMNTEAFF	1
CSARDPGGAGYGYTF	1
CSARDRRGKQPQHF	1
CSARDRGLGSNQPQHF	1
CSARDQGWSNTEAFF	1
CSARDVARNYEQYF	1
CSARDASGSADTQYF	1
CSARDGTGNTEAFF	1
CSARDGTAPEKLFF	1
CSARDEGRLYGYTF	1
CSARDILTSVQETQYF	1
CSARDIPRGRDTQYF	1
CSARDIGGSEKLFF	1
CSARDISGHTNTEAFF	1
CSARDTGVPHQTQHF	1
CSARDRQGSQPQHF	1
CSARDKAGFRDYEQYF	1
CSARELAGNTIYF	1
CSARESASGTYEQYF	1
CSARESGTGYGYTF	1
CSAREVRYSNQPQHF	1
CSAREVDRGRDTQYF	1
CSAREAGARRQPQHF	1
CSAREAASGSYEQYF	1
CSAREGQIYEQYF	1
CSAREGWGNQPQHF	1
CSAREGNQPQHF	1
CSAREGSNQPQHF	1
CSAREGLENTIYF	1
CSAREGGWGEQYF	1
CSAREGTASTEAFF	1
CSAREGLAGNEQFF	1
CSAREEGYEQFF	1
CSAREINTGELFF	1
CSARETGRARNEQFF	1
CSARERTSGYEQYF	1
CSARERLALTYEQYF	1
CSAREFRAPYEQYF	1
CSARELVLYEQYF	1
CSARELGTASTDTQYF	1
CSARELTGGDNTEAFF	1
CSAREPIRTGGYNEQFF	1
CSAREQGDQPQHF	1
CSAREQGYEKLFF	1
CSAREARQSTDTQYF	1
CSAREAVSSYEQYF	1
CSARERAANNSPLHF	1
CSARERGGHEAFF	1
CSARMAGGNSPLHF	1
CSARMGEIGPQHF	1
CSARMDSREKLFF	1
CSARMTGPTDTQYF	1
CSARTSGTKYNEQFF	1
CSARTSGRGETQYF	1
CSARTQGNTEAFF	1
CSARTGKIEHF	1
CSARTGQGILLNGYTF	1
CSARTGPTYEQYF	1
CSARTQGEGQPQHF	1
CSARSPLRQGRSHSPLHF	1
CSARSGTSGANTGELFF	1
CSARRPRQFNEKLFF	1
CSARRTSGRRNEQFF	1
CSARRRGTANRPNQPQHF	1
CSARRPGTGEPQHF	1
CSARRGDNEKLFF	1
CSARNQGRNQPQHF	1
CSARNRGLDQPQHF	1
CSARKQQLSGVTNYGYTF	1
CSANFGGGPGYTF	1
CSANSGRDLNEKLFF	1
CSANYAQRGNEQFF	1
CSANPVGAFF	1
CSANPGISGSSPLHF	1
CSANVAGDSGYGYTF	1
CSANGGADHEQYF	1
CSANRAGSYNEQFF	1
CSANLPGSNYGYTF	1
CSANLLAGSSYNEQFF	1
CSANPRLAVGETQYF	1
CSANPKRGYTF	1
CSANQDTGTSGYTF	1
CSANRGGNQPQHF	1
CSAKSVINYGYTF	1
CSAKRLVNVETQYF	1
CSAKGLPQNYNEQFF	1
CSAKPDEGKGTQYF	1
CSAKPGSYNSPLHF	1
CSAKRQSGLAGGRGPTDTQYF	1
CSAKRTGSLMNTEAFF	1
CSAKATGTDNMNTEAFF	1
CSAKTQHEQYF	1
CSAFGQAKNQPQHF	1
CSALSLPYEQYF	1
CSALPRTREAFF	1
CSASSGSYETQYF	1
CSASRRGPQPQHF	1
CSASGLAGTQETQYF	1
CSASGASSYEQYF	1
CSASRDSRSYEQYF	1
CSASSITNYGYTF	1
CSASLLDTQYF	1
CSASRAGGSYEQYF	1
CSAWTISYNEQFF	1
CSAYRQANTEAFF	1
CSALGPLHF	1
CSALRLAGGPNEQFF	1
CSALFGQGMGEQYF	1
CSALWVAGGEKLFF	1
CSALLGLEAGEDTQYF	1
CSALNLAGEDTGELFF	1
CSALQGETQYF	1
CSALGGLSNYEQYF	1
CSALDRGRNSNQPQHF	1
CSAPLAGDYNEQFF	1
CSAPRGGGPNQQFF	1
CSAPWDRGGTEAFF	1
CSAPLQADYYEQYF	1
CSAPRGDTIYF	1
CSAPALSGNEKLFF	1
CSAPISGRDYNEQFF	1
CSAPAGSSYEQYF	1
CSAPDDYGYTF	1
CSAPTGDTEAFF	1
CSAPLAGGLDEQFF	1
CSAPLGLQETQYF	1
CSAPPGTGDGYTF	1
CSAPPGGTYNSPLHF	1
CSAPIGAGRANTEAFF	1
CSARPGTSGDTYEQYF	1
CSARPAGPWEKLFF	1
CSAREPGKDGELFF	1
CSARWRYNEQFF	1
CSARPVGTEAFF	1
CSARQHNYGYTF	1
CSARALYEQYF	1
CSARGRGSGETQYF	1
CSARGNANYEQYF	1
CSARDPLYYGYTF	1
CSARDRGQLDNEQFF	1
CSARTPDRGSTDTQYF	1
CSARTGGRMSNQPQHF	1
CSARTGGSLNQPQHF	1
CSARSNLGLETQYF	1
CSARYPGQGISPLHF	1
CSARYGSNTEAFF	1
CSARGGLSYEQYF	1
CSARGREGPTGELFF	1
CSARGLDQETQYF	1
CSAHIWGQDTEAFF	1
CSAHGGRNTEAFF	1
CSAHIGGDTDTQYF	1
CSAQPGTSGNYNEQFF	1
CSAQGGSNEQYF	1
CSAQIAVFADTQYF	1
CSAQLQGHSNQPQHF	1
CSAQRAGVDTEAFF	1
CSAQQGRKEKLFF	1
CSAQTPGTEQYF	1
CSAVPVLAGDRETQYF	1
CSAVPFGRRTYEQYF	1
CSAVQRTQYF	1
CSAVDREPLNGYTF	1
CSAVGREGYEQYF	1
CSAVPGTLGQPQHF	1
CSAAFGSPLHF	1
CSAALAGRSSYEQYF	1
CSAGGATSGNTIYF	1
CSAGGQLANGYTF	1
CSAGTSGSGNEQFF	1
CSAGTGWTWTSYNSPLHF	1
CSAGTGENSPLHF	1
CSAGRMNTEAFF	1
CSAGTGMGEQFF	1
CSADPHRTYTGELFF	1
CSADAGDLKETQYF	1
CSADDRENTEAFF	1
CSADRDVTFF	1
CSADHLTGEAGNTIYF	1
CSADNRGIISSPLHF	1
CSAEAGAAYEQYF	1
CSAEGGATYEQYF	1
CSAIGTPHQPQHF	1
CSAIGTPTYGYTF	1
CSAMIASGETQYF	1
CSAIPGAISADTQYF	1
CSAIGLAGGQQFF	1
CSATWDTLNEQFF	1
CSATPGRRYNQPQHF	1
CSATRGQRGVGNQPQHF	1
CSATTVRAGTFYNEQFF	1
CSATRGTANEKLFF	1
CSATGLAGGVGYNEQFF	1
CSATDSYEQYF	1
CSATVGLVGTDTQYF	1
CSATGGLNTEAFF	1
CSATTRTGGNSPLHF	1
CSASRTASSYNSPLHF	1
CSARAYTGELFF	1
CSARGLRGAETFF	1
CSARDRVSNQPQHF	1
CSARDREDVRTDTQYF	1
CSARTGGNSPLHF	1
CSARGLGPGGLLEQFF	1
CSANPRGTEAFF	1
CSAKDRGGPTNEKLFF	1
CSAKNSGTSSTDTQYF	1
CSAKLAETNTGELFF	1
CSAKVAGGDYTDTQYF	1
CSAKGGKDYGYTF	1
CSAKTSYEQYF	1
CSAKRLGSTNEQFF	1
CSASGLRVGRPTDTQYF	1
CSASGQGVYGYTF	1
CSASGVLSTDTQYF	1
CSASGGTEAFF	1
CSALGPARTTGELFF	1
CSAPYRGQETQYF	1
CSAPLAGGDEQFF	1
CSAPDQRYEQYF	1
CSARPRLDNQPQHF	1
CSARRGRGPSSNQPQHF	1
CSAQGQAGNQPQHF	1
CSAQKREAPGGTQYF	1
CSAAGTSGQYYEQYF	1
CSAGRASGTYNEQFF	1
CSAGRQGIFNTIYF	1
CSAGDSVNQPQHF	1
CSAGDNYNEQFF	1
CSAGLASKNEQYF	1
CSAGTSGRVYKDEQFF	1
CSADRAVGELFF	1
CSAEQGNQETQYF	1
CSAEGLAGVTDTQYF	1
CSAETTGGEETQYF	1
CSAIPSTRIYYEQYF	1
CSAIRTGNQPQHF	1
CSAIKNEQFF	1
CSATLNTDTQYF	1
CSATTGFTYEQYF	1
CSATNRDQKYF	1
CSATQTRYTF	1
CSATAVPEAFF	1
CSATDRGSYNEQFF	1
CSATTGTGGYTF	1
CSASSGRASYEQYF	1
CSARDFPGQPQHF	1
CSARSSGNNEQFF	1
CSANRDSSPNYEQYF	1
CSASWDRYSNQPQHF	1
CSAPYRNTEAFF	1
CSAPLSAYSNQPQHF	1
CSAPPRAANRVNTEAFF	1
CSAPRDGLGGNQPQHF	1
CSAPQASTDTQYF	1
CSAPGTGGTEAFF	1
CSAPTGYNQPQHF	1
CSAPKGREYQPQHF	1
CSAPSAPSGSNEQFF	1
CSARTSGRALTSYEQYF	1
CSARTANQPQHF	1
CSARTGENYGYTF	1
CSAHHTGAGEQFF	1
CSAQGLDPYNEQFF	1
CSAQKGLAYNEQFF	1
CSAVDRVGGYTF	1
CSAAHRGNQPQHF	1
CSAASGKTSEQYF	1
CSAARTGALYGYTF	1
CSAGHQGMNTEAFF	1
CSADNPPSSYEQYF	1
CSAEHKGTPDLGYTF	1
CSAIQGARQPQHF	1
CSATRGTGRRYGYTF	1
CSATRGSYNEQFF	1
CSATPRADTQYF	1
CSATGFYYSNQPQHF	1
CSASPGGGFYNEQFF	1
CSASGPEGYNEQFF	1
CSARLAAYNEQFF	1
CSARLADQFFYEQYF	1
CSARQTTNEKLFF	1
CSARGETQYF	1
CSANTGVNYEQYF	1
CSAKRAIIYEQYF	1
CSAKRGVNYGYTF	1
CSAKTEMNTEAFF	1
CSAKGQGATDTQYF	1
CSAKKGRQGSYEQYF	1
CSGSGLAGWNTQYF	1
CSGQAGGGDQPQHF	1
CSGGLAARTDTQYF	1
CSGLGGLAGVGEQFF	1
CSGVAPGGSSNQPQHF	1
CSGMGQANSPLHF	1
CSGSGLGSYEQYF	1
CSGWHGLNYGYTF	1
CSGVGSSYEQYF	1
CSGGYSNQPQHF	1
CSGETGTGGFGYTF	1
CSGFPDTSTDTQYF	1
CSGFGNKETQYF	1
CSGPDRYTEAFF	1
CSGQGETGEKLFF	1
CSGSGALNSPLHF	1
CSESSGAYNEQFF	1
CSEKKVGGNSPLHF	1
CSTSGTGGSYNEQFF	1
CSFAGPRTDTQYF	1
CSFCIRGCTGELFF	1
CSFGLDTYNEQFF	1
CSLAYSSGLRGQYF	1
CSSDSSYNEQFF	1
CSSMGLGTGELFF	1
CSSTRTEKNIQYF	1
CSCRLMEKLFF	1
CSYQPGPQETQYF	1
CSLPAPPNEQFF	1
CSLITSSSYNEQFF	1
CSLHSGARGTGELFF	1
CSLGGQSDTQYF	1
CSPEAGADTDTQYF	1
CSPFTSSYNEQFF	1
CSPVRAGLDEQYF	1
CSPREGFNAEQFF	1
CSVFWAGTEAFF	1
CSVFGSGSNDEQFF	1
CSVSLGYTEAFF	1
CSVSQLTSGSDIQYF	1
CSVSMVGELFF	1
CSVSAQGETQYF	1
CSVSRGPSSYEQYF	1
CSVSLGGLSYNEQFF	1
CSVSGDNQPQHF	1
CSVSGNGDSYEQYF	1
CSVSDGTEAFF	1
CSVWDGGNQPQHF	1
CSVYRDRDPYEQYF	1
CSVLPRDTYEQYF	1
CSVLRTSGPSSYNEQFF	1
CSVLGQGAFELYNEQFF	1
CSVLTGTGDSLYEKLFF	1
CSVPSDGGENTQYF	1
CSVPPGVGNTEAFF	1
CSVPTGTQETQYF	1
CSVPGVETQYF	1
CSVPTSRDNEQFF	1
CSVRSPGEQFF	1
CSVRLAGGGDEQFF	1
CSVRTKQGALFF	1
CSVRPGTGGAGELFF	1
CSVQGRKPTEAFF	1
CSVQGSSRSETQYF	1
CSVQTLGQGYEQYF	1
CSVQTGTAREYF	1
CSVVLGVETQYF	1
CSVVLAGGYEQYF	1
CSVVLAGEGTDTQYF	1
CSVVGQGRIYEQYF	1
CSVVGTAAYEQYF	1
CSVVGPNEKLFF	1
CSVVRGEQYF	1
CSVVNARYEQYF	1
CSVVWIPNTEAFF	1
CSVVPGRGETQYF	1
CSVVRPGGNEQFF	1
CSVVQREGGETQYF	1
CSVVGLANQETQYF	1
CSVVDRGKNIQYF	1
CSVVMDAGQGNTIYF	1
CSVVLAGFGTQYF	1
CSVVSGLAPSTDTQYF	1
CSVVPPPADRETQYF	1
CSVVRFYPYNEQFF	1
CSVVALPDTEAFF	1
CSVVGLRYEQYF	1
CSVVGGTSETQYF	1
CSVVGDQVLQFF	1
CSVVGVGEQFF	1
CSVVGGRAEAFF	1
CSVVDGIGLAKNIQYF	1
CSVVKQEETQYF	1
CSVVSHLGGDTEAFF	1
CSVVRGTYEQYF	1
CSVAFGNTIYF	1
CSVASTSGRTNEQFF	1
CSVASLSSYNEQFF	1
CSVALNEQFF	1
CSVAPRRANYGYTF	1
CSVARGEGNEQFF	1
CSVAGGEQFF	1
CSVASGTGIHYGYTF	1
CSVAGSGTSYEQYF	1
CSVAGGISYNEQFF	1
CSVAGPGPRSGNTIYF	1
CSVAGAKGDQPQHF	1
CSVAKTSTDTQYF	1
CSVGPSGETQYF	1
CSVGAGGIVTQYF	1
CSVGRQQETQYF	1
CSVGHLREHNEQFF	1
CSVGGPEAFF	1
CSVGRGRDEQFF	1
CSVGYRGRKGTEAFF	1
CSVGRDLNTDTQYF	1
CSVGQGSYEQYF	1
CSVGASGRAVSYNEQFF	1
CSVGARPQETQYF	1
CSVGGIGADTQYF	1
CSVGGLGWGETQYF	1
CSVGDRAGPYEQYF	1
CSVGEGANQPQHF	1
CSVGEDTGNQPQHF	1
CSVGTASGNTIYF	1
CSVGSSGRRDNEQFF	1
CSVGPVGVNYGYTF	1
CSVGQGMGAFF	1
CSVGQSSYNEQFF	1
CSVGQSNEQFF	1
CSVGQNSNYGYTF	1
CSVGGGSWSTDTQYF	1
CSVGGPMNTEAFF	1
CSVGGSYGYTF	1
CSVGTGWGYTDTQYF	1
CSVDLAGGGEQYF	1
CSVDRKYIQETQYF	1
CSVDVGAEGYTF	1
CSVDATPGLSNEQFF	1
CSVDGDRDTEAFF	1
CSVDGTGGIYGYTF	1
CSVDIQGFNYGYTF	1
CSVDILFRDRANEQFF	1
CSVDTRETQYF	1
CSVDRGGETQYF	1
CSVDRTGRNEQFF	1
CSVDNSRGLAGLATQYF	1
CSVDNYGGVSAFF	1
CSVDKGSEAFF	1
CSVDWRADTQYF	1
CSVDWEIGTEAFF	1
CSVDYREGNEQFF	1
CSVDPREGSNEQFF	1
CSVDAGKGPLHF	1
CSVDDRVGSEQFF	1
CSVDDRTKNIQYF	1
CSVDEGPNNEQFF	1
CSVDRGEKLFF	1
CSVDREAGYTF	1
CSVELQQTNTEAFF	1
CSVEPGTAKETQYF	1
CSVEPGPLETQYF	1
CSVEHPATPSTDTQYF	1
CSVEVWENEQFF	1
CSVEVGTNTEAFF	1
CSVEASYGYTF	1
CSVEAGGPYTQYF	1
CSVEGGQRPYEQYF	1
CSVEDLETQYF	1
CSVEETGDPWGQYF	1
CSVEEASSYEQYF	1
CSVETPPATGYNEQFF	1
CSVETSAYDYNEQFF	1
CSVETGTNLGFRETQYF	1
CSVETGRDTQYF	1
CSVERGRGETQYF	1
CSVEFPWTGDSTDTQYF	1
CSVELRGPYYGYTF	1
CSVESSGNEQFF	1
CSVESGPRQPQHF	1
CSVESGRVNEQFF	1
CSVESGEGTEAFF	1
CSVESERNSYNEQFF	1
CSVEWELLRYEQFF	1
CSVEYGLAGGYNEQFF	1
CSVEYGLQFF	1
CSVEYRMNTEAFF	1
CSVELRLDQETQYF	1
CSVEPGLAASYNEQFF	1
CSVEPLSGELFF	1
CSVERQGSEKLFF	1
CSVEQGANSGNTIYF	1
CSVEVLGSYEQYF	1
CSVEVGTSGSGDTQYF	1
CSVEVGTGVPYEQYF	1
CSVEVDSNYGYTF	1
CSVEVVPNEQFF	1
CSVEASSGREYNEQFF	1
CSVEAASGGTDTQYF	1
CSVEAGPGKETQYF	1
CSVEAQGGEKLFF	1
CSVEGLGGNIQYF	1
CSVEGVEGAGTDTQYF	1
CSVEGAGVETQYF	1
CSVEGGNPYEQYF	1
CSVEGGTGGPFNEQFF	1
CSVEGTGNTIYF	1
CSVEGRTSRETQYF	1
CSVEGWGPLYGYTF	1
CSVEGRARGTYEQYF	1
CSVEGQGMGGYTF	1
CSVEGVVDTQYF	1
CSVEGVAKNIQYF	1
CSVEGATDTQYF	1
CSVEGGRGFGTDTQYF	1
CSVEGGSGSTGYTF	1
CSVEGTSGRRDTQYF	1
CSVEGTGIMETQYF	1
CSVEGFEREGIYNEQFF	1
CSVEGGGARTEAFF	1
CSVEGTGLAYNEQFF	1
CSVEDWGTGKGQFF	1
CSVEDWTLGGNTIYF	1
CSVEDWTARGYTF	1
CSVEDLGDIETQYF	1
CSVEDLAGVNEQFF	1
CSVEDLLAGGNEQFF	1
CSVEDPLAGGGYEQYF	1
CSVEDPATQQYF	1
CSVEDRRRHTDTQYF	1
CSVEDRLAGGSEQYF	1
CSVEDQRLALNTDTQYF	1
CSVEDQMDTQYF	1
CSVEDAPRGTDTQYF	1
CSVEDGTGENIQYF	1
CSVEDGASYEQYF	1
CSVEDERTYNEQFF	1
CSVEDTQYWTYNEQFF	1
CSVEDKAGGPGEQYF	1
CSVEDSLYNEQFF	1
CSVEDRGLGEAFF	1
CSVEEWTGFGETQYF	1
CSVEEVAINEQFF	1
CSVEEGAGGYTF	1
CSVEETRTDTQYF	1
CSVEEYYGYTF	1
CSVEEPTGSYEQYF	1
CSVEERMWTGGENEQFF	1
CSVEIRGYEQYF	1
CSVEMGYEQYF	1
CSVEIGARADTQYF	1
CSVEIGQGSSYEQYF	1
CSVETSGIFYNEQFF	1
CSVESPRSVSYNEQFF	1
CSVESQREGTEAFF	1
CSVERSPGDGYTF	1
CSVENRLAEETQYF	1
CSVTLTGSYEQYF	1
CSVTKTTGGEKLFF	1
CSVTRGDYNEQFF	1
CSVTMGLAEQFF	1
CSVTPQGETDTQYF	1
CSVSGLVPSNEQFF	1
CSVSGQYTDTQYF	1
CSVRFPDANQPQHF	1
CSVRDNNTPLHF	1
CSVRTGNTGELFF	1
CSVKRLSDNEQFF	1
CSVKDANYEQYF	1
CSVKLAGKPGEQFF	1
CSVKIAGGATDTQYF	1
CSVKTGQVGNNQPQHF	1
CSVSGTDKHQPQHF	1
CSVSTGSETQYF	1
CSVYTFGGAYEQYF	1
CSVLSRGDQETQYF	1
CSVLRGTSTDTQYF	1
CSVLEAGTETQYF	1
CSVPLTSGSLNEQFF	1
CSVPSGAQAFF	1
CSVPLRQGTSPLHF	1
CSVRDRDNSPLHF	1
CSVRTGTANTGELFF	1
CSVRTDYNEQFF	1
CSVHRDLFEAFF	1
CSVHGQGALNNEKLFF	1
CSVQNRGASTDTQYF	1
CSVVRGPSYNEQFF	1
CSVVVGPQHF	1
CSVADRGMVSGYTF	1
CSVASGPDTQYF	1
CSVALGPGKLFF	1
CSVAWDGSSYEQYF	1
CSVADYDEQYF	1
CSVATGGNTEAFF	1
CSVAHWDPGVAKNIQYF	1
CSVGDNEQFF	1
CSVGTFNTEAFF	1
CSVGSSSNQPQHF	1
CSVDRGTGELFF	1
CSVEGRHTDTQYF	1
CSVETGRENEQFF	1
CSVETAITEAFF	1
CSVENTEAFF	1
CSVEPGPRGTQYF	1
CSVETGHLQRDGQFF	1
CSVIPGQASYEQYF	1
CSVIGEGTGRSGELFF	1
CSVTTGSYGYTF	1
CSVRVETEAFF	1
CSVKQGAGTEAFF	1
CSVSDGLNTGELFF	1
CSVLTSGRPYEQYF	1
CSVPVHSSGYGYTF	1
CSVPLAGGFDEQFF	1
CSVRTGSNQPQHF	1
CSVRTSPMGNEQFF	1
CSVQPTTGLNTEAFF	1
CSVVTTADTQYF	1
CSVAADRVGYEQYF	1
CSVAVQETQYF	1
CSVGAGGRVGNEQFF	1
CSVGPRFTDTQYF	1
CSVGASGSYNEQFF	1
CSVGGLGAVVEQYF	1
CSVGTSGLYNEQFF	1
CSVGLGAAETQYF	1
CSVGQGMGETQYF	1
CSVGQMRKEQFF	1
CSVDRGAYNEQFF	1
CSVEGDEQYF	1
CSVEQGAVSAGELFF	1
CSVMDNTEAFF	1
CSVTSRGGQETQYF	1
CSVTPDLVANEQFF	1
CSVRDRVTTDTQYF	1
CSVSQGARDTQYF	1
CSVSDPNGSPLHF	1
CSVLGTEAFF	1
CSVRVLLADNEQFF	1
CSVRIVPGLMNEQFF	1
CSVQGGNHYEQYF	1
CSVVIGSGRLFF	1
CSVAPERRVVPNIQYF	1
CSVAPDLYDNEQFF	1
CSVGTSGRGNEQFF	1
CSVGTIYEQYF	1
CSVETGPNYGYTF	1
CSVRTGGNEQYF	1
CSVRQGVAYEQYF	1
CSAPDPDGYGYTF	1
CSAADRPDTQYF	1
CSAGRNEQFF	1
CSAEMWGEQYF	1
CSATRDNSNYGYTF	1
CSARTASYGYTF	1
CSANRDIQETQYF	1
CSAKTGAPNTGELFF	1
CSALTSGTYEQYF	1
CSASGSGSSYEQYF	1
CSAWARGNTDTQYF	1
CSAYGAGGQYF	1
CSALEWTGRETQYF	1
CSALGRGWKNTEAFF	1
CSARGGEVSYNEQFF	1
CSARMGLEGTRPQYF	1
CSARGSLNTEAFF	1
CSARTGSLTEAFF	1
CSARLADSSYEQYF	1
CSAHNEQFF	1
CSAHKDLNTEAFF	1
CSAQGQNSYEQYF	1
CSAQLEGGSADEQFF	1
CSAQGAGPPEAFF	1
CSAVGLTYNEQFF	1
CSAGVLAGGPDEQFF	1
CSAGGGLSNQPQHF	1
CSAGTSGYEQYF	1
CSAGQDYGYTF	1
CSADVAGHNEQFF	1
CSADVPGANTDTQYF	1
CSADRIYNYGYTF	1
CSAERGQMNTGELFF	1
CSARTGGHYGYTF	1
CSARLAGGYNEQFF	1
CSARTGVGNIQYF	1
CSASERNYNEQFF	1
CSADPGGELFF	1
CSANSGTFGSYEQYF	1
CSAWDSYNEQFF	1
CSAGTGGRGDTQYF	1
CSAGLAGTGELFF	1
CSAGSGKAYNEQFF	1
CSADRGVYGYTF	1
CSARTGNEKLFF	1
CSAKGLDGYTF	1
CSAKGTGNHEQFF	1
CSGGQGARTQETQYF	1
CSGSTGNNGYTF	1
CSGRNTEAFF	1
CSGRGRWTGELFF	1
CSGSDSEAFF	1
CSGVGMDEQYF	1
CSGAESQGTEAFF	1
CSGGSKNTEAFF	1
CSGGQNTGELFF	1
CSGEGSLLYNEQFF	1
CSGRGQTGNTIYF	1
CSGLGGPTEAFF	1
CSGLAGYEQYF	1
CSGRGSTDTQYF	1
CSGRDTYEQYF	1
CSGQGGTGELFF	1
CSGDGIAGDMNTEAFF	1
CSGKKAGETQYF	1
CSILGQLDTEAFF	1
CSIGLAGPGGELFF	1
CSILASSTDTQYF	1
CSTIRDLVYNEQFF	1
CSTSEGKMNTEAFF	1
CSTSSGTSRVEQFF	1
CSSGTVGLNEQFF	1
CRLGVSEKYNEQFF	1
CRAGPDHIQYSYTF	1
CRAPSGGALTEAFF	1
CRGRASGNNEQFF	1
CRGAPSLRNGGTDTQYF	1
WASSLEGSQETQYF	1
CASGTRDRTYEQYF	3
CASSYRGIPYEQYF	3
CASSSSRGTEAFF	3
CASSPGQPNSPLHF	3
CASRTGHGTGELFF	3
CASSLGLVDSGDTQYF	3
CSASNRDRGPDTQYF	3
CSVWSVGETQYF	3
FVAGPTYEQYF	2
CASGLGGPRFYNEQFF	2
CASGPGQSAIHNEQFF	2
CALTSGGGASEKLFF	2
CAPPQYF	2
CAGRTSATDTQYF	2
CAIARSLSYEQYF	2
CAISSHTGLAGRGETQYF	2
CAISDFAGPNTGELFF	2
CAISDWDRDTQYF	2
CAISESVTGYNYNEQFF	2
CAISESMPAGGQETQYF	2
CAISESVGGYNEQFF	2
CAISPGLDEQYF	2
CAIRDPAGTYEQYF	2
CAIRETQNTEAFF	2
CAIRAVDVMAQYF	2
CAIKDGLQSYEQYF	2
CATLGGPRSSYEQYF	2
CATRAGEETGELFF	2
CATQAANTGELFF	2
CATSPGGETQYF	2
CATSVLGQGRSPLHF	2
CATSDFPADRGPDTQYF	2
CATSDLTGTGELFF	2
CATSDSGTVLYEQYF	2
CATSDPGQGSYNEQFF	2
CATSDPGIAEAFF	2
CATSDPRQGAYLGANVLTF	2
CATSSRTGELFF	2
CATSGGLALYNEQFF	2
CATSSLRSTEQYF	2
CATSSPIWREGEVLFF	2
CATSRQGYEQFF	2
CATSRGATSNQPQHF	2
CATSRDSAGANVLTF	2
CATSRDLGSATQYF	2
CATSRDPSNEQFF	2
CATSRDPGNTGELFF	2
CATSRDAEGPYEQYF	2
CATSRDSPRLAGAQETQYF	2
CATSRDRASVSYNEQFF	2
CATSREAHSTDTQYF	2
CATREGRDEQFF	2
CATREDREGKAFF	2
CASQLGQGLNIQYF	2
CASGPTGTFQPQHF	2
CASSIASGSVELFF	2
CASSIGQGEAFF	2
CASSTGGIQNEKLFF	2
CASNSRDTSDTGELFF	2
CASLPSDRGTDTQYF	2
CASSMGTGELFF	2
CASSPGQEINEKLFF	2
CASSPPGTGYEKLFF	2
CASSPRDRGLREQYF	2
CASSPSQSSGNTIYF	2
CASSPARDNEQFF	2
CASSRDGKNNEQFF	2
CASLTTEDVYGYTF	2
CASREARSSYNEQFF	2
CASRDRAYEQYF	2
CASQGLAWYEQYF	2
CASQSRFSNEQFF	2
CASAGLAGRQETQYF	2
CASAIRETEAFF	2
CASAGRSTDTQYF	2
CASARTSGARTDTQYF	2
CASGGNIQYF	2
CASGRDREETQYF	2
CASDGTSGRYEQYF	2
CASIGQAAWEQYF	2
CASMSTDEQFF	2
CASISQGATGELFF	2
CASTSQSGRAVTDTQYF	2
CASTYGNYGYTF	2
CASTYSWTEDSGNTIYF	2
CASTPSRNTQYF	2
CASTPGETPYNEQFF	2
CASTPGTGAGGSGANVLTF	2
CASTPGTISGANVLTF	2
CASTRTGSAYEQYF	2
CASTQGVPEAFF	2
CASTGEDTGELFF	2
CASTTGSSSTDTQYF	2
CASTSPGAHFTQYF	2
CASTMAASAHYEQYF	2
CASSFSVRYEQYF	2
CASSFWGSPLHF	2
CASSFGGRVYEQYF	2
CASSFEGLSYNEQFF	2
CASSFRWIRRNYNEQFF	2
CASSFNRWAGRADTQYF	2
CASSFLQGHNEQFF	2
CASSFLVSRSSYNEQFF	2
CASSFPQQYQETQYF	2
CASSFASGRANEQFF	2
CASSFGVGTTNEKLFF	2
CASSFGTAKNIQYF	2
CASSLWVNEKLFF	2
CASSLWVGGGEQYF	2
CASSLVLGVPEAFF	2
CASSLASSGFQPQHF	2
CASSLGQANTGELFF	2
CASSLRRGATGELFF	2
CASSLFGTGLSEKLFF	2
CASSLFRTGWQPQHF	2
CASSLLTSGRANEQFF	2
CASSLLETSGSWSYNEQFF	2
CASSLSSLAGVETQYF	2
CASSLSSGTSEQYF	2
CASSLSYRASNSPLHF	2
CASSLSGAQFF	2
CASSLRRAGYF	2
CASSLTGALDTGELFF	2
CASSLTGSNSPLHF	2
CASSLSRDGGYEQYF	2
CASSLRTTIDEQYF	2
CASSSPSYNSPLHF	2
CASSSGRVDEQFF	2
CASSSTGGGGNEQFF	2
CASSSTSGMYNEQFF	2
CASSSSDYTDTQYF	2
CASSYPTGGEYNEQFF	2
CASSYAVAGGQQYQETQYF	2
CASSYSHMETQYF	2
CASSYSGNEQFF	2
CASSYPQGTSLSQFF	2
CASSYTQTRGDTQYF	2
CASSLLRVEETQYF	2
CASSLTRNEQFF	2
CASSLTSGTPQYF	2
CASSPPGPGEQYF	2
CASSPLSGTEAFF	2
CASSPWGGSSGGETQYF	2
CASSPYNEQFF	2
CASSPGDYEQYF	2
CASSPDSYEQYF	2
CASSPDGLYEQYF	2
CASSRTTSEQFF	2
CASSRPGETGELFF	2
CASSRRNEQFF	2
CASSHRTEAYEQYF	2
CASSHNNDNEQFF	2
CASSQGLARLYEQYF	2
CASSQTYNEQFF	2
CASSVVAGGNTQYF	2
CASSVGGSTDTQYF	2
CASSVGTSAEQFF	2
CASSASGSSTGELFF	2
CASSGLSGRNYNEQFF	2
CASSDYSFSNQPQHF	2
CASSDLRDYRYNEQFF	2
CASSDRLGGNEQFF	2
CASSETAASYEQYF	2
CASSELGTEQPQHF	2
CASSERRKGETQYF	2
CASSEVATVQETQYF	2
CASSEAVSGEGRNEQFF	2
CASSEEGQAYNEQFF	2
CASSESGEAYNEQFF	2
CASSEKDRAVWEQYF	2
CASSTRPNSPLHF	2
CASSTDREYTEAFF	2
CASSTGVGTEAFF	2
CASSSQREVDIQYF	2
CASSSGGYTGELFF	2
CASSSGTNNEQFF	2
CASSRQGYNEQFF	2
CASSNPEGRRPNNSPLHF	2
CASSNVILGDTQYF	2
CASSKSGRLSYEQYF	2
CASSFSRPTYEQYF	2
CASSFPDRGSDEQYF	2
CASSFSGTQETQYF	2
CASSFKIRETQYF	2
CASSFSGGTSSYEQYF	2
CASSFRGDTQYF	2
CASSFRLAGGDEQFF	2
CASSFRQESYEQYF	2
CASSFGGRNQPQHF	2
CASSFGSSGANVLTF	2
CASSFIAVTPYEQYF	2
CASSFRVGNTEAFF	2
CASSFRGHSGANVLTF	2
CASSLRLQGNEQFF	2
CASSLANSEYGYTF	2
CASSLGYEGTEAFF	2
CASSLGESGELFF	2
CASSLGRQETQYF	2
CASSLEFGNQPQHF	2
CASSLEPGRESPLHF	2
CASSLEGTPSYEQYF	2
CASSLFGLVGEQYF	2
CASSLFGTLPGELFF	2
CASSLSYEQYF	2
CASSLWGLAGGYNEQFF	2
CASSLLQASTDTQYF	2
CASSLRRGGFYEQYF	2
CASSLRGTGELFF	2
CASSLHLGASLWDEQYF	2
CASSLVWGRSNQPQHF	2
CASSLVVVGITDTQYF	2
CASSLVGGSSYEQYF	2
CASSLVNGDYEQYF	2
CASSLVWAGGIPEAFF	2
CASSLVGGARREQYF	2
CASSLVITSGRPDSYNEQFF	2
CASSLVIGIAGALNEQFF	2
CASSLARQLVGRGNEQFF	2
CASSLALAGAYNEQFF	2
CASSLAPIGNTGELFF	2
CASSLAGVYEQYF	2
CASSLAGGGTEAFF	2
CASSLAVSISSYNEQFF	2
CASSLGQIYEQYF	2
CASSLGVSYEQYF	2
CASSLGGPLYEQYF	2
CASSLGLAGVYNEQFF	2
CASSLGQGSTGELFF	2
CASSLDRNTGELFF	2
CASSLEDEQYF	2
CASSLELAGGNEQFF	2
CASSLETSGYYEQYF	2
CASSLERKLQETQYF	2
CASSLMGGDNEKLFF	2
CASSLTGDGYTF	2
CASSLSSDLSEQYF	2
CASSLSGTLNTGELFF	2
CASSLNRDASYEQYF	2
CASSLNYEQYF	2
CASSLNGRPYNEQFF	2
CASSSSGLDTQYF	2
CASSSRTSGGTDTQYF	2
CASSSRTGGNEQFF	2
CASSSLAGSYEQYF	2
CASSSLRDNLPAFF	2
CASSSPSKETQYF	2
CASSSDYEQYF	2
CASSSTGTGGTDTQYF	2
CASSSGLAGEQYF	2
CASSSGLAGVFYEQYF	2
CASSSEANKVKYF	2
CASSSLGLAGGGRTDTQYF	2
CASSSPSDLAYEQYF	2
CASSSTDRGRTDTQYF	2
CASSWTGGDYGYTF	2
CASSYYRDRGTRDTGELFF	2
CASSYQRRESYNEQFF	2
CASSYGTTEAFF	2
CASSYRSGRGLETQYF	2
CASSYRLGYEQFF	2
CASSLPGQNYGYTF	2
CASSLQLLLGRITDTQYF	2
CASSLHRDWNTEAFF	2
CASSLDLIKQFF	2
CASSLTTGFLALF	2
CASSLLIRLEGQGRPGTQYF	2
CASSLRSLSSYNEQFF	2
CASSLQGSSYNSPLHF	2
CASSLIDREQYF	2
CASSPLPSGTLSYEQYF	2
CASSPTLARTGELFF	2
CASSPSLSSNQPQHF	2
CASSPSLSGRPGNEQFF	2
CASSPSTGTNYGYTF	2
CASSPLVGADYGYTF	2
CASSPPGGRGGELFF	2
CASSPPGNEQFF	2
CASSPRLAALTDTQYF	2
CASSPGLAEYF	2
CASSPGTGDYEQYF	2
CASSPDRGLNYGYTF	2
CASSPWTSGTFQEQFF	2
CASSPPLGGGNTIYF	2
CASSPSPSAAYYEQYF	2
CASSPLRGGGETQYF	2
CASSPPGLGAGELFF	2
CASSPQGYEQYF	2
CASSPAGGSYEQYF	2
CASSPGTGANYGYTF	2
CASSPGAREYGELFF	2
CASSPMVGETQYF	2
CASSRFSGSFVEQYF	2
CASSRKTGLSSYEQYF	2
CASSRTSGSRETQYF	2
CASSRTGRRTDTQYF	2
CASSRTDTQYF	2
CASSRLNRGGTDTQYF	2
CASSRGELRNEQFF	2
CASSRTYRAETQYF	2
CASSHSGTSGRSTYNEQFF	2
CASSQVDRGQLFF	2
CASSQGRGGTDTQYF	2
CASSQTGGQPQHF	2
CASSQSGSVTDTQYF	2
CASSQSPGELFF	2
CASSQQPGPPYEQYF	2
CASSQAERYEQYF	2
CASSQGARTLKPYNEQFF	2
CASSQGGLAGGYGNEQFF	2
CASSQGTSGSPDEQYF	2
CASSQGLGYNEQFF	2
CASSQDYYEQYF	2
CASSQDRGSGRQDTQYF	2
CASSQDVGGPYEQYF	2
CASSQDGLAGGPREQFF	2
CASSQELAGGFEQYF	2
CASSQTVSGANVLTF	2
CASSQTGGENNEQFF	2
CASSVYNEQFF	2
CASSVKQGPHNEQFF	2
CASSVDRDQPQHF	2
CASSVEGAGTEAFF	2
CASSVAQGGTDYGYTF	2
CASSVAGQVPTGELFF	2
CASSATSGRVHEQFF	2
CASSARGRGELFF	2
CASSAKARWSLF	2
CASSGGAPYEQYF	2
CASSGSYEQYF	2
CASSGLAGGKYNEQFF	2
CASSGTGWTGELFF	2
CASSGPTGNNEQFF	2
CASSDRDLGSPLHF	2
CASSDGTDNTGELFF	2
CASSDNYNEQFF	2
CASSEEDRGQETQYF	2
CASSEAGTAYNEQFF	2
CASSIRTGDTEAFF	2
CASSTHRGATDTQYF	2
CASSTGTHFGETQYF	2
CASSTGTVKETQYF	2
CASSTEGQGPNEQYF	2
CASSTTSGRYNEQFF	2
CASSRGAGANVLTF	2
CASSRSSEKLFF	2
CASSNPTRQQFF	2
CASRSLAGTYEQYF	2
CASRRQPTDTQYF	2
CASRQGWGNSPLHF	2
CASRVSGIYTDTQYF	2
CASRGQVPYEQYF	2
CASRGPSGRVEQFF	2
CASRGRVFEQFF	2
CASRDRVGQPQHF	2
CASRKGGPGARSEQFF	2
CASRFSGRLNNEQFF	2
CASRSTSGSPDTGELFF	2
CASRPTAATDTQYF	2
CASRPRLAGGVETQYF	2
CASRPGLAETQYF	2
CASRRDRGRETQYF	2
CASRRSGGVTDTQYF	2
CASRHPAGANYGYTF	2
CASRATGSSTDTQYF	2
CASRDTGEHQPQHF	2
CASREVAGEYEQYF	2
CASRNDGWARTAGNTIYF	2
CASNLQGKHGYTF	2
CASNLSHGEQYF	2
CASNPGRLGGYEQYF	2
CASNYRLDNEQFF	2
CASNQRPGLRAYEQYF	2
CASNKETYGYTF	2
CASKGQSNQPQHF	2
CASKRQSTDTQYF	2
CASKMTGGYEQYF	2
CANRLAGDFEQFF	2
CATRTNPTGQRGEQYF	2
CASGRDRGPGNTIYF	2
CASMREMGDTQYF	2
CASTWDRAYEQYF	2
CASTLTPDGEQYF	2
CASSFLKGAPDTQYF	2
CASSPPYQGAEGQHLNTEAFF	2
CASSRYFPRTGCDEQYF	2
CASSQSYGAETQYF	2
CASSGGGPDYNEQFF	2
CASSEGAYSPLHF	2
CASSFQSTNEKLFF	2
CASSFQAGVTGELFF	2
CASSFDSYNEQFF	2
CASSFLPSYNEQFF	2
CASSFLKSDTQYF	2
CASSFQGQGNEQFF	2
CASSFGTGGGGGYEQYF	2
CASSLLGAGYNEQFF	2
CASSLSRVDNEQFF	2
CASSLWLRETQYF	2
CASSLQVGGSYEQYF	2
CASSLVTIHTGELFF	2
CASSLAPTGGSYEQYF	2
CASSLAGGVVTDTQYF	2
CASSLAGGRASGELFF	2
CASSLAGRGNTGELFF	2
CASSLAGTNYEQYF	2
CASSLARKGATFHEQYF	2
CASSLAGGLAEKQYF	2
CASSLAGQGTGELFF	2
CASSLAGETQYF	2
CASSLGRGDTQYF	2
CASSLGPAGSTGELFF	2
CASSLGTFYEQYF	2
CASSLGPQGRGSSYEQYF	2
CASSLGRDYGYTF	2
CASSLDGPEQYF	2
CASSLDGAGELFF	2
CASSLEDGTEAFF	2
CASSLEGQSTDTQYF	2
CASSLEGGRGYEQYF	2
CASSLMGARDTQYF	2
CASSLMGETQYF	2
CASSLTSGNTGELFF	2
CASSLTPPNEQFF	2
CASSLSGSGADTQYF	2
CASSLTTGADTQYF	2
CASSSPGSYEQYF	2
CASSSPGLGETQYF	2
CASSSLGTGPYEQYF	2
CASSSLGQLSYEQYF	2
CASSSLSQETGNEQFF	2
CASSSLRTDTQYF	2
CASSSRPGTGNNEQFF	2
CASSSGLAVTYNEQFF	2
CASSSRGTYEQYF	2
CASSSPGREQYF	2
CASSSTSGTNEKLFF	2
CASSLLGQGEVPNEKLFF	2
CASSLGTVANYGYTF	2
CASSLAGGPVDTQYF	2
CASSPQGSTDTQYF	2
CASSPGWGRNTEAFF	2
CASSPQGLGGSDTQYF	2
CASSPDRTDTQYF	2
CASSPLYGLDTQYF	2
CASSPGLGAYEQYF	2
CASSPDRLRDNEQFF	2
CASSPIQGSYEQYF	2
CASSRQTTNEQYF	2
CASSRMEGGRSSSYEQYF	2
CASSQGLSSYEQYF	2
CASSQGPDGTSGNTIYF	2
CASSQLIAGGPHNEQFF	2
CASSQPGQLRSYEQYF	2
CASSQVGLRETQYF	2
CASSQVGMETQYF	2
CASSQGEPYEQYF	2
CASSQGPGWEYNEQFF	2
CASSQGLAGVYNEQFF	2
CASSQGGNEAFF	2
CASSQDPPLAGAYEQYF	2
CASSQDRGINTGELFF	2
CASSQDDGGHTDTQYF	2
CASSQDEGAGKSYF	2
CASSQDTHTQYF	2
CASSQDVGRVGAEAFF	2
CASSQDALGDTQYF	2
CASSQEKGSGAIEQFF	2
CASSQEVSYEQYF	2
CASSQEAGGGKTQYF	2
CASSQEDRNTEAFF	2
CASSQTSGESNEQFF	2
CASSQTTEYNEQFF	2
CASSVGLAGHSYNEQFF	2
CASSVRGQGYGYTF	2
CASSAEETQYF	2
CASSAGTGPETQYF	2
CASSTPGGTSGSKEETQYF	2
CASSTGQGNTIYF	2
CASSSGDRGHEQYF	2
CASRMVDEQFF	2
CASRGLGGTGELFF	2
CASRDSGNYNEQFF	2
CASRTQTTNYGYTF	2
CASRKTSSDTQYF	2
CASNSGLAEGATIALRDF	2
CSVDRGDSYEQYF	2
CSVWKASTDTQYF	2
CSVNSGVLEAFF	2
CSVRTTYSNQPQHF	2
CSASPTSEYNEQFF	2
CSASSGRSYEQYF	2
CSAWPRGLAGYEQYF	2
CSAWITRRRLNNEQFF	2
CSALGGPVADTQYF	2
CSAPKDGIRSYNEQFF	2
CSAPPTGQGVNEQYF	2
CSAPTTGYGYTF	2
CSARGLATTRSREQFF	2
CSARYPGRPGADTQYF	2
CSARLAGAFDTQYF	2
CSAGLATYTDTQYF	2
CSAIRQFTGELFF	2
CSAMRDSSYNEQFF	2
CSAINREGNEQFF	2
CSATDYDSGNTIYF	2
CSASPRAGGQFF	2
CSASPSRAAYEQYF	2
CSASSGRMPDTQYF	2
CSASGGASTDTQYF	2
CSASGTGIFSNQPQHF	2
CSARRTGGDIQYF	2
CSARDPGQDNNEQFF	2
CSARRLAGNTDTQYF	2
CSARLSGSAETQYF	2
CSARLTGGRYEQYF	2
CSARRPTSGRAYEQFF	2
CSARVGSHYNEQFF	2
CSARVAGLYEQYF	2
CSARVGKETQYF	2
CSARAEADTYEQYF	2
CSARGGTESKLFF	2
CSARGALAGGPRETQYF	2
CSARGDRATEAFF	2
CSARGNSRGYTF	2
CSARGWDGKETQYF	2
CSARGLAGGQETQYF	2
CSARGGGAGRSSYNEQFF	2
CSARDPGLDYEQYF	2
CSARDMETSQFF	2
CSAREPSGGITDTQYF	2
CSAREPNTEQYF	2
CSARRTGKQYF	2
CSAYAVTGGGRSYNEQFF	2
CSALGLRETQYF	2
CSAPPARSLRNTIYF	2
CSAPRKAYEQYF	2
CSAAKKETQYF	2
CSAGPRTGGLAKNIQYF	2
CSAGTSGYNEQFF	2
CSAYGNEQFF	2
CSATHRAATDTQYF	2
CSACPRMGQETQYF	2
CSANLELAGEGSYNEQFF	2
CSGSGQGKSGLAGELFF	2
CSGWDREETQYF	2
CSSRGRAGDSYNEQFF	2
CSPGPTYEQYF	2
CSVSQDPYNEQFF	2
CSVVRDIDTGELFF	2
CSVVAGGTYEQYF	2
CSVVRGPSGELFF	2
CSVADSFYGYTF	2
CSVASQPEQFF	2
CSVGGTGSYEQYF	2
CSVGTSGSYEQYF	2
CSVDAGARETQYF	2
CSVEEGTASSYNEQFF	2
CSVEAVPSGRAAGEQFF	2
CSVEGTSGYNEQFF	2
CSVEDRYNEQFF	2
CSVEKASGILTLE	2
CSVSGTRFEKLFF	2
CSVGGQGVADTQYF	2
CSVIISGTSYEQYF	2
CSVGRRRHGYTF	2
CSVGIWTQLYF	2
CSARAGSLGYGYTF	2
CSAIPGDSYGYTF	2
CSGLGDSPGNEQFF	2
CSGPSSDFYNEQFF	2
FASSGGPSYEQYF	1
STDRAGETQYF	1
CSAETGLEDTQYF	1
CPSTKRGNFGNEQFF	1
CVLGDPLNQQFF	1
CVPSGRTGELFF	1
CVSHKRDRNTGELFF	1
CAYSISDQETQYF	1
CAISGTANTGELFF	1
CASAPTVLYEQYF	1
CASAREGPETQYF	1
CASGLLGYEQFF	1
CASGLVPTAKYYEQYF	1
CASGLVRPSGSGWNEQFF	1
CASGLGRNTEAFF	1
CASGLGPYTGELFF	1
CASGLDPSSYNEQFF	1
CASGLGQGSTDTQYF	1
CASGLEGAFTEAFF	1
CASGSWLAGVDTQYF	1
CASGWDTSFPQPQHF	1
CASGLGLAGSYNEQFF	1
CASGTSGRDRAQYF	1
CASELKGGYTNQSSYNEQFF	1
CASEGDINEKLFF	1
CASRDLSSYEQYF	1
CASIFIRPVPEF	1
CASSFRSPGEQFF	1
CASSFDGTGRKTQYF	1
CASSLVGVGEQFF	1
CASSLVPGGMAEQFF	1
CASSLGRELDTGELFF	1
CASSLTSGSTGELFF	1
CASSLRQNTGELFF	1
CASSSLGETQYF	1
CASSPRNIYSNQPQHF	1
CASSPGRGVYNEQFF	1
CASSRDWEDEQFF	1
CANSMGFTDTQYF	1
CAFLDRPAGYTF	1
CAFAHGGTFYEQYF	1
CASQPADTQYF	1
CASSGSGDTQYF	1
CASKMAGPRYEQYF	1
CASQPETLSYEQYF	1
CASGGATNEKLFF	1
CASTMGGGSGNTGELFF	1
CASSRVSDEQFF	1
CASLEGYYTQYF	1
CASRTGLSSYEQYF	1
CASGAANTGELFF	1
CASRLRASGSKHEQFF	1
CASRGRDTQYF	1
CACLGWPTDYGYTF	1
CACSQSRYEQYF	1
CACSLGGSSNQPQHF	1
CACSYPGQGNYEQYF	1
CACNRQAEAFF	1
CAWSLTGNTIYF	1
CAWVRSDGNSPLHF	1
CAWATRENQPQHF	1
CAWAAGMGNQPQHF	1
CAWARMNTEAFF	1
CAWAGGGLRNEQFF	1
CAWGGTEAFF	1
CAWGGQGARQPQHF	1
CAWGELVNQPQHF	1
CAWGTYYEQYF	1
CAWGPGLNTYGYTF	1
CAWGQMAYEQYF	1
CAWDAGAEAFF	1
CAWITGQGDGYTF	1
CAWMSRRMNTEAFF	1
CAWIRQGNYGYTF	1
CAWTGNQETQYF	1
CAWSSRPANYGYTF	1
CAWSSGTAVNSPLHF	1
CAWSLKRDGQYF	1
CAWSLGSNQPQHF	1
CAWSLGTVATEAFF	1
CAWSPPGEQFF	1
CAWSPDPSTEAFF	1
CAWSRRLNYGYTF	1
CAWSQTHYGYTF	1
CAWSVGGGTEAFF	1
CAWSVLAGGSGEQFF	1
CAWSVLAGEDTQYF	1
CAWSVRSIAKNIQYF	1
CAWSVRPTPQPQHF	1
CAWSVQSGKTLSSSGNTIYF	1
CAWSVASGRVEQYF	1
CAWSVAELLQPQHF	1
CAWSVILGAQQFF	1
CAWSAQWGSGNTIYF	1
CAWSGVARNIQYF	1
CAWSGSPTNEKLFF	1
CAWSGRPDNDREGNTIYF	1
CAWSTGSVDTQYF	1
CAWSLFGTSNQPQHF	1
CAWSRGLGYGYTF	1
CAWSRQTFTNTYGYTF	1
CAWSQTLGYTEAFF	1
CAWSGEYNQPQHF	1
CAWSGQIGTEAFF	1
CAWSGGGSVDTQYF	1
CAWSSGMTAFF	1
CAWSKSFSYNEQFF	1
CAWRLEGRGSSSAFF	1
CAWRWVRPRETGELFF	1
CAWNGGVNNQPQHF	1
CAWKAGVGYYGYTF	1
CAYHPSGREPEQYF	1
CALPPRKIRTDTQYF	1
CALPRVGDEQYF	1
CALERFF	1
CAPGTSNSELFF	1
CAPEGLTNTEAFF	1
CAHTLEGARYYGYTF	1
CAHQEAGKSYEQYF	1
CAHTGVRGVYNEQFF	1
CAQSGAGGNEQFF	1
CAQRRPLGDEQFF	1
CAVTAESTDTQYF	1
CAVGLATYNEQFF	1
CAVRGSGNSYEQYF	1
CAVSGRVGSNEQFF	1
CAVQGRQETQYF	1
CAVKLPATPDTQYF	1
CAARRGTDTQYF	1
CAARASGFTDTQYF	1
CAASQRDLAYEQYF	1
CAAGQVGLEQYF	1
CAASALANEQFF	1
CAAAGGQNTGELFF	1
CAAGPLAGVDEQFF	1
CAAPAPSTDTQYF	1
CAAAFPGQETQYF	1
CAAGKSPLHF	1
CAGTGYGYTF	1
CAGQETQYF	1
CAGSGGTQETQYF	1
CAGSPPSRETQYF	1
CAGRTGGNQPQHF	1
CAGARSTDTQYF	1
CAGGAREEAFF	1
CAGGTANTGELFF	1
CAGDGFSYTEAFF	1
CAGGTGGHQPQHF	1
CAGGTGNSPLHF	1
CAGGLADSYEQYF	1
CAGGQSYEQYF	1
CAGRGRLAPGGEQYF	1
CAISITANTEAFF	1
CAILAGGPGAGELFF	1
CAIHRQGWGEKLFF	1
CAISSGFPYEQYF	1
CAISDYTSTDTQYF	1
CAISRGGNQPQHF	1
CAILKGDPSYEQYF	1
CAIPPSGSHNEQFF	1
CAIRGGQGYEQYF	1
CAIRDRSHEQYF	1
CAIRDRTRETQYF	1
CAIRTNSGNTIYF	1
CAIVSGTSGEQYF	1
CAIASGSSYNEQFF	1
CAIAEGQGYNEQFF	1
CAIADSSYEQYF	1
CAIGGIYEQYF	1
CAIGRDSNQPQHF	1
CAIGDRAASYEQYF	1
CAIGIEGRSGSRNEQFF	1
CAIGTSGAPYEQYF	1
CAIGKLADSYEQYF	1
CAIGSSGGSTDTQYF	1
CAIGQGGDYGYTF	1
CAIGAGGDGTQYF	1
CAIGEIALPSLMYF	1
CAIGTSGSTDTQYF	1
CAIDPTSFYNEQFF	1
CAIDADSTDTQYF	1
CAIETTEKAFF	1
CAIMLAGDVSTDTQYF	1
CAIMGTGAYEQYF	1
CAITSPTLAKNIQYF	1
CAITPSGISYEQYF	1
CAITPTSGAGELFF	1
CAITRTRRWSSYEQYF	1
CAITATGYTGELFF	1
CAISSSGGWNTEAFF	1
CAISPLLPSSYNEQFF	1
CAISPHGTSVSQETQYF	1
CAISPGGANEKLFF	1
CAISPEGIQNIQYF	1
CAISPAETYEQYF	1
CAISRRLGNTIYF	1
CAISRLAETYEQYF	1
CAISVGGSNQPQHF	1
CAISVGQSNSGNTIYF	1
CAISVREGPYEQYF	1
CAISAGGIDDRFYEQYF	1
CAISAGRSGAYNEQFF	1
CAISGRGGETDTQYF	1
CAISGGYSSEQYF	1
CAISGEGWEKLFF	1
CAISGAGTSGNEQYF	1
CAISGGIQAQHF	1
CAISGKPSDEQFF	1
CAISGSTGIRDNTEAFF	1
CAISGPSGSADEQYF	1
CAISGPGQSTYEQYF	1
CAISGGSGISIDEQFF	1
CAISDFSASRHYEQYF	1
CAISDLGAANSDTQYF	1
CAISDSLAGLQETQYF	1
CAISDSGYNQPQHF	1
CAISDPGTSQYEQYF	1
CAISDPGQGNDEQFF	1
CAISDPDRSSYNEQFF	1
CAISDPVLGYNEQFF	1
CAISDDLSGELFF	1
CAISDTGRSYEQYF	1
CAISDRGGSYNSPLHF	1
CAISDSMGGDQPQHF	1
CAISDPLVTQVETQYF	1
CAISDRGRALDTGELFF	1
CAISDRLVSYEQYF	1
CAISDALAGGKINNEQFF	1
CAISDGGGSYEQYF	1
CAISDGGTITYEQYF	1
CAISDEGREQFF	1
CAISDRGVEQFF	1
CAISELSYEQYF	1
CAISELSATYEQYF	1
CAISELVALDEQYF	1
CAISESVSWTTGELFF	1
CAISESAGGMDDEQFF	1
CAISESETGGTDTQYF	1
CAISESSRTALGNEQFF	1
CAISESNLQGAEAFF	1
CAISESWTNTEAFF	1
CAISESLAYNEQFF	1
CAISESPGTGELFF	1
CAISESVASGRTDTQYF	1
CAISESAGGPSEQFF	1
CAISESGPGYEQYF	1
CAISESISGSPGELFF	1
CAISESRLSTDTQYF	1
CAISESSAYNEQFF	1
CAISESWCNRRETQYF	1
CAISESWGADTEAFF	1
CAISESYQGGTDTQYF	1
CAISESVAGGYEQYF	1
CAISESARDHTDTQYF	1
CAISESAGGGTDTQYF	1
CAISESGTSFVRTQYF	1
CAISESGAGRYNEQFF	1
CAISESGSGNTEAFF	1
CAISESTPRDTQYF	1
CAISESTTGGSFF	1
CAISESTQGEVTDTQYF	1
CAISESTDEQYF	1
CAISESSAVDTQYF	1
CAISESKGNTIYF	1
CAISESYSDGAEQFF	1
CAISESQGRVQETQYF	1
CAISESRGNQPQHF	1
CAISESNRADYGYTF	1
CAISEPYGLAGESYNEQFF	1
CAISEPGPEAFF	1
CAISERPVAGGGNEQFF	1
CAISERVLQETQYF	1
CAISEQETQTTGELFF	1
CAISEQREPYEQYF	1
CAISEALQGSTEAFF	1
CAISEGLGNSYEQYF	1
CAISEGSSGRWETQYF	1
CAISEGPGRGSAETQYF	1
CAISEGPGELFF	1
CAISEGGGYGYTF	1
CAISEGDTEAFF	1
CAISEGESQETQYF	1
CAISEDGQGALGEQFF	1
CAISEILAGDAGEQYF	1
CAISEIASGDNEQFF	1
CAISEMGGYYNEQFF	1
CAISEMGRANEKLFF	1
CAISETVPSGNEQFF	1
CAISESPGRGTEAFF	1
CAISESTGNTEAFF	1
CAISERTSGSTDTQYF	1
CAISEKPGAPGEQYF	1
CAISEKAGGREQYF	1
CAISECSGICRGSYNEQFF	1
CAISELAGGRRETQYF	1
CAISERQAGELFF	1
CAISEQTGSNEQYF	1
CAISEGQGEDNEQFF	1
CAISEEREGLETQYF	1
CAISETSGRYNEQFF	1
CAISETYEQYF	1
CAISERDTSYGYTF	1
CAISERGTGRRFGSVYNSPLHF	1
CAISTLRTSGTYEQYF	1
CAISTGTNTEAFF	1
CAISTGLAGGYNEQFF	1
CAISRTGEDNQPQHF	1
CAISLTGNSPLHF	1
CAISLKGGSEAFF	1
CAISLRQGEDTQYF	1
CAISPNRDRGRETQYF	1
CAISPQGGNDEQYF	1
CAISQDSYNQPQHF	1
CAISAGTGSTNEKLFF	1
CAISGNYGYTF	1
CAISGGSGSGPDTQYF	1
CAISDLDRASDTQYF	1
CAISEYAGGYEQYF	1
CAIRLDRDIGYTF	1
CAIRPGGKNTEAFF	1
CAIRGDNEQFF	1
CAIRRTSDSYEQYF	1
CAIRNLPSYEQYF	1
CAIRSTGSVGEKLFF	1
CAIRPGTGSNEQFF	1
CAIRGQGLSYEQYF	1
CAINSGPSGRAWETQYF	1
CAINGLGTDTQYF	1
CAINEGSTDTQYF	1
CAIKASTSYEQYF	1
CAIKGEGELFF	1
CAIKMTVADNEQFF	1
CAIKPGQGDYEQYF	1
CAIIQGFSNTEAFF	1
CATFKTGDEKLFF	1
CATWDPRFRAQTYNEQFF	1
CATPPAPTGDEQFF	1
CATRTGDSGNTIYF	1
CATQMVYTIYF	1
CATATGDTETQYF	1
CATAGWAHTDTQYF	1
CATGRGAEQYF	1
CATGRDSSTDTQYF	1
CATMRQGMNTEAFF	1
CATSFPSAYSYEQYF	1
CATRTTGQQEGDTQYF	1
CATLAVNTGELFF	1
CATSYLVATEAFF	1
CATSVLGDTGELFF	1
CATSAATNEKLFF	1
CATSDTMRWEPQHF	1
CATSQGSYEQYF	1
CATSVGGTSYYNEQFF	1
CATSGLATDTQYF	1
CATYIQGTRYEQYF	1
CATYSGANQPQHF	1
CATLAGSTDTQYF	1
CATLRSGELFF	1
CATLRVTAMNTEAFF	1
CATLAGGNEQYF	1
CATPSLGAVYNEQFF	1
CATRSWRQETQYF	1
CATRPAGMSNTGELFF	1
CATRDGSHEQFF	1
CATRLSGSNEQFF	1
CATRRGTGYYEQYF	1
CATRASGSYEQYF	1
CATRAWAGPYNEQFF	1
CATRTTGDSYEQYF	1
CATRLAGATSGTQYF	1
CATRGDTMYGYTF	1
CATHSQKQLTPEQFF	1
CATHYVGGQETQYF	1
CATHAGGSYNEQFF	1
CATHGRQGSEQFF	1
CATQLGGSYEQYF	1
CATVPGQTYNEQFF	1
CATVDTNTGELFF	1
CATVEGASNQPQHF	1
CATALEQETQYF	1
CATAGGSGETQYF	1
CATASRVETQYF	1
CATAVGLGQLNTEAFF	1
CATAKVQETQYF	1
CATASADSSYNEQFF	1
CATAGGEGTEAFF	1
CATARQGNQPQHF	1
CATAKGTGELFF	1
CATAPGPQETQYF	1
CATGRGERTGELFF	1
CATGAGLESLDEQFF	1
CATGGEGSKGNEQFF	1
CATGGTSGYNEQFF	1
CATGSETYEQYF	1
CATGPRQTHQPQHF	1
CATGRVLYNEQFF	1
CATGGRAFSSGRAGEQFF	1
CATGEPSSYNEQFF	1
CATGQRNTGELFF	1
CATGKTAGRGYGYTF	1
CATERDSYNEQFF	1
CATEGGRGTDTQYF	1
CATEKAGQAHNEQFF	1
CATEKKPRGANTEAFF	1
CATIPTSYHEQYF	1
CATIRPSFNEQFF	1
CATIDRAGNTEAFF	1
CATMGHRGLAGRVYEQYF	1
CATMGQGPDTQYF	1
CATMRADSDTQYF	1
CATMKDSGWETQYF	1
CATTDRGPTEAFF	1
CATTPGGSAGTGATDTQYF	1
CATTHRGLVGYEQYF	1
CATTGTDHTDTQYF	1
CATTDRRRYNEQFF	1
CATTEDRSTDTQYF	1
CATTRGGQGGTEAFF	1
CATTKGGEQFF	1
CATTLVAGETQYF	1
CATTGQGLLAKNIQYF	1
CATTRNPQVVDNEQFF	1
CATTETGVYTEAFF	1
CATTSPGTLNEKLFF	1
CATSFGTEETQYF	1
CATSLGIRSGFSYNEQFF	1
CATSSLASNEQFF	1
CATSSRRDSPLHF	1
CATSSGTEYGYTF	1
CATSSGLVDEQYF	1
CATSLAGLDTGELFF	1
CATSLAGEGYNEQFF	1
CATSPALGNQPQHF	1
CATSRVGRADEQFF	1
CATSQNDRRYF	1
CATSVEFSGNTIYF	1
CATSVNGGRGSSYNEQFF	1
CATSVGSSYEQYF	1
CATSVGSGNTEAFF	1
CATSVGGQPQHF	1
CATSVGGASTEAFF	1
CATSAPNTGELFF	1
CATSASWTSGIGEQYF	1
CATSAWDTTGELFF	1
CATSAYNEQFF	1
CATSAPDRVGEQYF	1
CATSARSRASGYNEQFF	1
CATSAHGTGRNTGELFF	1
CATSAAGGRFHEQFF	1
CATSATSGSGYEQYF	1
CATSAGGRNEQFF	1
CATSATAYNEQFF	1
CATSAGTGNQPQHF	1
CATSGFGGYTGELFF	1
CATSGPLAGETQYF	1
CATSGHREGRSNQPQHF	1
CATSGNQRPYNEQFF	1
CATSGDRDGELFF	1
CATSGLAGANTGELFF	1
CATSGAPGTGDTEAFF	1
CATSGGDGPSYEQYF	1
CATSGTGRLTYNEQFF	1
CATSGTTSGKLNEQFF	1
CATSGRVMGQPQHF	1
CATSGQGDTDTQYF	1
CATSGTNTEAFF	1
CATSDFLRQPQHF	1
CATSDFSDSLRTDTQYF	1
CATSDFYRAGTGELFF	1
CATSDFLEQFF	1
CATSDFQLAGARETQYF	1
CATSDFGFEQYF	1
CATSDFGDTQYF	1
CATSDFRGGSYNEQFF	1
CATSDFNRGYGYTF	1
CATSDFKGNTDTQYF	1
CATSDFRQEETQYF	1
CATSDFRENEETQYF	1
CATSDLSGASTDTQYF	1
CATSDLSGSPGQFF	1
CATSDLLVRKRNQPQHF	1
CATSDLPMNNEQFF	1
CATSDLPPGRAEQFF	1
CATSDLPIFSQRSNTGELFF	1
CATSDLPGQVGGEQFF	1
CATSDLHPGTGGYNEQFF	1
CATSDLHGGRGTGELFF	1
CATSDLQGPSYNEQFF	1
CATSDLQTGQETQYF	1
CATSDLVGLGTDTQYF	1
CATSDLGQPQHF	1
CATSDLGARDTKVGELFF	1
CATSDLGGVRNLTDTQYF	1
CATSDLEGWPGELFF	1
CATSDLISSSYNEQFF	1
CATSDLTSGASTDTQYF	1
CATSDLTREQYF	1
CATSDLSGSSKFF	1
CATSDLRETGELFF	1
CATSDLNEQFF	1
CATSDLNRNPLGTQYF	1
CATSDLKSLAEGTQFF	1
CATSDLKGGSYNEQFF	1
CATSDLSAGGVTDTQYF	1
CATSDLAGGPFNEQFF	1
CATSDLGLAGGNQETQYF	1
CATSDLGHEQFF	1
CATSDLGAGFGGVETQYF	1
CATSDLGLDATGELFF	1
CATSDLENTEAFF	1
CATSDLSRGEQFF	1
CATSDLRAAEQFF	1
CATSDLKGQGENEQFF	1
CATSDSFSGRALREQFF	1
CATSDSRYQPQHF	1
CATSDSFSGSGEQYF	1
CATSDSWGGQLGYNEQFF	1
CATSDSRPGYEQFF	1
CATSDSGLGDEQFF	1
CATSDSGSGEKLFF	1
CATSDSGRGNNEQFF	1
CATSDSGLAAPGELFF	1
CATSDSTSGNTGELFF	1
CATSDSNPGTGELFF	1
CATSDSRRSSDKNIQYF	1
CATSDSGWGDNQPQHF	1
CATSDSLAESTDTQYF	1
CATSDSSRSTGELFF	1
CATSDWDRHQPQHF	1
CATSDWTSGYNEQFF	1
CATSDWTPRRGQGVFGGELFF	1
CATSDWKPGQGVYEQYF	1
CATSDYRLGVSSGNTIYF	1
CATSDLGGFGAGELFF	1
CATSDPSGEQFF	1
CATSDPPLGDTQYF	1
CATSDPRQGGTAQYF	1
CATSDPRDSNQPQHF	1
CATSDPQAGHTDTQYF	1
CATSDPATSPGSTQYF	1
CATSDPGGLKIGEQFF	1
CATSDPGTANEKLFF	1
CATSDPGTRGETQYF	1
CATSDPQGDEQFF	1
CATSDPGLNTGELFF	1
CATSDPDKQGIFDTQYF	1
CATSDPAAGRGLFNEQFF	1
CATSDPTQGSTDTQYF	1
CATSDRGTSGSAEQFF	1
CATSDRPVWGAQEKLFF	1
CATSDRGQHQGSEQFF	1
CATSDRRVNDEQFF	1
CATSDHDRATGELFF	1
CATSDQYSLQYF	1
CATSDVGTGGNEQFF	1
CATSDAGTPQETQYF	1
CATSDAGTGTDTQYF	1
CATSDAKREGKYEQYF	1
CATSDAKTGSSNQPQHF	1
CATSDGGQGDQPQHF	1
CATSDGTGGGYGYTF	1
CATSDGPGGDEQFF	1
CATSDGLAGETQYF	1
CATSDEGQEAFF	1
CATSDINRPYEQYF	1
CATSDTRQGSYEQYF	1
CATSDTVGPSYNEQFF	1
CATSDTTGPVDTQYF	1
CATSDNQAKSWDEQYF	1
CATSDNGGPGLAGGLFEQFF	1
CATSDLGNLGTGELFF	1
CATSDSLDSPGDEQYF	1
CATSDSTGDEQYF	1
CATSDYDPKSYNEQFF	1
CATSDYGQIETQYF	1
CATSDYNRESTDTQYF	1
CATSDLGGSTDTQYF	1
CATSDLNTEAFF	1
CATSDPLRPLYEQFF	1
CATSDPRLWDNEQFF	1
CATSDPQREMGEQYF	1
CATSDPSGSTDTQYF	1
CATSDPLEYQETQYF	1
CATSDPSSGANEQFF	1
CATSDPRQGGNEQFF	1
CATSDPGTGHQYF	1
CATSDPQETQYF	1
CATSDPGQGYTGELFF	1
CATSDPDRNIQYF	1
CATSDPTSGSYEQYF	1
CATSDPSAWKGVYNEQFF	1
CATSDPAGTTDTQYF	1
CATSDPGTADTQYF	1
CATSDRTDGRYTF	1
CATSDRTDTQYF	1
CATSDRGTDTQYF	1
CATSDRDHYQEDEQFF	1
CATSDRDRGTDTQYF	1
CATSDRTSGMSSYNEQFF	1
CATSDRTSGNYNEQFF	1
CATSDRTVAKNIQYF	1
CATSDRTGAATNEKLFF	1
CATSDRTEEQFF	1
CATSDRGQEIAKNIQYF	1
CATSDHGTPNTEAFF	1
CATSDHRNTGELFF	1
CATSDATRDLTDTQYF	1
CATSDGRNQPQHF	1
CATSDGWSTEAFF	1
CATSDGNQETQYF	1
CATSDEMNTEAFF	1
CATSDESGYTF	1
CATSDTLNTEAFF	1
CATSDTGTSDTDTQYF	1
CATSDTGRNGAFF	1
CATSDTGLADPGTQYF	1
CATSDTRTSGETQYF	1
CATSDNLLPTDTQYF	1
CATSESGDYSNQPQHF	1
CATSEYSGSRYNEQFF	1
CATSEPGLAGHEQFF	1
CATSEPTTGLSTDTQYF	1
CATSEPNTGELFF	1
CATSEVGVQPQHF	1
CATSEAGTGDEKLFF	1
CATSEGDRSGVGQPQHF	1
CATSEGTAVNEQFF	1
CATSEGTGSEKLFF	1
CATSEGSAYEQYF	1
CATSEDRDRVYNEQFF	1
CATSEDRGDTGELFF	1
CATSEEDRSAQYF	1
CATSETGTGKKAFF	1
CATSESTKEETQYF	1
CATSELPVQGRGETQYF	1
CATSEPRTGRQPQHF	1
CATSEPGLGGYTF	1
CATSEALAYSYNEQFF	1
CATSEASSSGRWEQYF	1
CATSEAGTGSQPQHF	1
CATSEGNEQFF	1
CATSEGLAGVPTDTQYF	1
CATSEEGQDGQPQHF	1
CATSETGGGYGYTF	1
CATSENGQGYEQYF	1
CATSIVGVIPRLNEQFF	1
CATSTSGNLGNEQFF	1
CATSTRTTKNNEQFF	1
CATSSRGSYEQYF	1
CATSNYNEQFF	1
CATSKSTSVYNEQFF	1
CATSFQGRTDTQYF	1
CATSSRGEQYF	1
CATSSPRTGARVATNEKLFF	1
CATSSQVNTGELFF	1
CATSSWTDPEQYF	1
CATSSVGHEQYF	1
CATSSAGQGHQPQHF	1
CATSSGRFGLNTEAFF	1
CATSWFGGEEQFF	1
CATSWGTEAFF	1
CATSYGTSGSHEQYF	1
CATSLRGRGYNEQFF	1
CATSLGYNEQFF	1
CATSLGRARGGGNQPQHF	1
CATSPTGVGETQYF	1
CATSPRTGVGVYGYTF	1
CATSPLNF	1
CATSPRGQPQHF	1
CATSPRGQGTGELFF	1
CATSPQGGAGVREKLFF	1
CATSPGTSADEQYF	1
CATSPQVTQPEAFF	1
CATSPGNIQYF	1
CATSPDRGEQYF	1
CATSPIGQGADGYTF	1
CATSPTESTDTQYF	1
CATSPEPLSGLRQDTQYF	1
CATSPTLGNTEAFF	1
CATSRGWNQPQHF	1
CATSRDRGAEKLFF	1
CATSREAGGEQYF	1
CATSREPGLHSSHEQFF	1
CATSRWPGQGETQYF	1
CATSRIKKDRDYEQYF	1
CATSQVRRGRLAANTGELFF	1
CATSQAGQGGDTQYF	1
CATSVRLAEETQYF	1
CATSVSLKLAGDQETQYF	1
CATSVLRGSYEQYF	1
CATSVGRTSGYNEQFF	1
CATSVDYNEQFF	1
CATSARDSTYEQYF	1
CATSAQGPTDTQYF	1
CATSANYGNEQFF	1
CATSAFRGAKNIQYF	1
CATSASPNSRDTQYF	1
CATSAASGNTGELFF	1
CATSADWSSYNEQFF	1
CATSATSGHEQYF	1
CATSATGSYEQYF	1
CATSALGGTSGKSYNEQFF	1
CATSAGGPNYGYTF	1
CATSGAGGAYEQYF	1
CATSGGTPFNQPQHF	1
CATSGFTGHPGSPLHF	1
CATSGPGRIEETQYF	1
CATSGDRGPEQYF	1
CATSGESANAGELFF	1
CATSGTRDYNEQFF	1
CATSGTRGGRSTDTQYF	1
CATSGTGNNEQFF	1
CATSGSGRSTDTQYF	1
CATSGHSYNSPLHF	1
CATSGRVSGRNEQFF	1
CATSDPTDTQYF	1
CATSDGTGGGETQYF	1
CATSDPRDRVEKQYF	1
CATSDHGTGFNEQFF	1
CATSERQTTGELFF	1
CATSETRKETQYF	1
CATSELKGSSYEQYF	1
CATSIGGTGKGEQYF	1
CATSILSGGRGTGELFF	1
CATSIRDRETQYF	1
CATSIDRGAYEQYF	1
CATSIEPGTVNTGELFF	1
CATSISANYGYTF	1
CATSIDRAGEKLFF	1
CATSITLGAGARTGELFF	1
CATSTLRRGAVDTQYF	1
CATSTLFQDLSGNTIYF	1
CATSTPSTGTNEKLFF	1
CATSTPPGGSETQYF	1
CATSTTTRETQYF	1
CATSTGSYEQYF	1
CATSTGHSNTEAFF	1
CATSTSGYSHEQYF	1
CATSSFAGGPEDIQYF	1
CATSSLMREETQYF	1
CATSSPGAYGYTF	1
CATSSAPRYTDTQYF	1
CATSSGRWETQYF	1
CATSSGLAAYEQYF	1
CATSSEPSGSGTEQYF	1
CATSSEGTGAYEQYF	1
CATSSTGTATDTQYF	1
CATSSTGTGTTQAFF	1
CATSSTGADVETQYF	1
CATSSTGDLPFGGELFF	1
CATSSSGRTDTQYF	1
CATSSRAGSHEQFF	1
CATSSRGWTEAFF	1
CATSSNAAGSSYTF	1
CATSSSGTGTGNTIYF	1
CATSSLLTSDTQYF	1
CATSSLVEGNEQFF	1
CATSSLGSLNTGELFF	1
CATSSLSGSYNEQFF	1
CATSSPGAGRLGNEQFF	1
CATSSRDRGSSFYLETQYF	1
CATSSARLGLYEQYF	1
CATSSGSTRSYEQYF	1
CATSSGTPGNEQFF	1
CATSSGGQGAVLVRGETQYF	1
CATSSRRGLGNEQFF	1
CATSRSSPTSGRAYEQYF	1
CATSRPGQTNTEAFF	1
CATSRQQNYEQYF	1
CATSRAGVKTQYF	1
CATSRGRNFRNEKLFF	1
CATSRGLAGGTDTQYF	1
CATSRGLAGVLTDTQYF	1
CATSRGRTNEKLFF	1
CATSRGGQLKNIQYF	1
CATSRGRRDSSGNTIYF	1
CATSRDRTGDEAFF	1
CATSRDPGGWAEAFF	1
CATSRDRGPYEQYF	1
CATSREPGGTGELFF	1
CATSREPTGVSYNEQFF	1
CATSRETGYEQYF	1
CATSRELSQYEQYF	1
CATSRILAYSSYEQYF	1
CATSRMHGTVETQYF	1
CATSRSPATDLQYF	1
CATSRSKGETQYF	1
CATSRLLAGGPENTDTQYF	1
CATSRPDQPQHF	1
CATSRPRQGRPYEQYF	1
CATSRPGTGPYNQPQHF	1
CATSRPGQGAVGYGYTF	1
CATSRPLKNRDRKSVEQYF	1
CATSRPARALVNEQFF	1
CATSRPGLAGFAGNEQFF	1
CATSRRSSADTQYF	1
CATSRHRQETQYF	1
CATSRVPSGELFF	1
CATSRVPDRGSTEQYF	1
CATSRVGGSTDTQYF	1
CATSRVGQGYQPQHF	1
CATSRVLREIEQYF	1
CATSRVRTSANEQFF	1
CATSRVTETQYF	1
CATSRVRGWSNTQYF	1
CATSRVRGQSEKLFF	1
CATSRVREGQPQHF	1
CATSRVGKPYGYTF	1
CATSRVGGETQYF	1
CATSRVENNEQFF	1
CATSRVTGTRGLGNEQFF	1
CATSRVKTGAETQYF	1
CATSRVAGAWNEQFF	1
CATSRVDRPLDNSGYTF	1
CATSRAWGTPYEQYF	1
CATSRASNRDNSPLHF	1
CATSRAPPQEGEQYF	1
CATSRARGGRTEAFF	1
CATSRAGAYVTYEQYF	1
CATSRAGQGFNQPQHF	1
CATSRATRGGEQFF	1
CATSRARVNTEAFF	1
CATSRAGETQYF	1
CATSRAIGQPGELFF	1
CATSRGSLAGGSTDTQYF	1
CATSRGLAGFADTQYF	1
CATSRGPGTTTDTQYF	1
CATSRGVRIVDTQYF	1
CATSRGVSSGSRYEQYF	1
CATSRGGDRANQPQHF	1
CATSRGLQETQYF	1
CATSRGLTVYEQYF	1
CATSRGPGTGGWTEAFF	1
CATSRGTPGGEKLFF	1
CATSRGSQETQYF	1
CATSRGPLAGLGYEQFF	1
CATSRGVAGRGNQPQHF	1
CATSRGAYEQYF	1
CATSRGGGYGELFF	1
CATSRGGRDVTKQYF	1
CATSRGTTSYEQYF	1
CATSRGTSGMETQYF	1
CATSRGNGRGPTGELFF	1
CATSRGLAGGIYNEQFF	1
CATSRGLGTGNSPLHF	1
CATSRGPSGRLQETQYF	1
CATSRGPGRSYEQYF	1
CATSRGGGNTYEQYF	1
CATSRGMGYGYTF	1
CATSRGRDPAYEQYF	1
CATSRDFLKSSYNEQFF	1
CATSRDFGGTGSYNEQFF	1
CATSRDFQRASTGELFF	1
CATSRDFETQYF	1
CATSRDLGKETQYF	1
CATSRDLRVYEQYF	1
CATSRDSGDFTDTQYF	1
CATSRDSGTVNQPQHF	1
CATSRDSQNSPLHF	1
CATSRDWSGGYF	1
CATSRDWGRTGKLTQHF	1
CATSRDWTGGLRNEKLFF	1
CATSRDLRRGPTGELFF	1
CATSRDLQGLRNTEAFF	1
CATSRDLGGDTQYF	1
CATSRDLSKPDTQYF	1
CATSRDLLGATEAFF	1
CATSRDLPGGNYGYTF	1
CATSRDLVASYEQYF	1
CATSRDLESYEQYF	1
CATSRDLTGGVNTEAFF	1
CATSRDLSGRGGEQYF	1
CATSRDPPQQSSYNEQFF	1
CATSRDPPRVGGNTIYF	1
CATSRDPQNTEAFF	1
CATSRDPVRFDEQFF	1
CATSRDPGADANQPQHF	1
CATSRDPNYEQYF	1
CATSRDRQGARTNEKLFF	1
CATSRDRGGNQPQHF	1
CATSRDRNGAYEQYF	1
CATSRDRLGVWAYEQYF	1
CATSRDRLAGAYEQFF	1
CATSRDRTPGNTIYF	1
CATSRDRVWSYEQYF	1
CATSRDHVLAGYEQYF	1
CATSRDQQVNSPLHF	1
CATSRDVGGQFEQYF	1
CATSRDVQGRETQYF	1
CATSRDVGNEQYF	1
CATSRDAFGQAAYGEQFF	1
CATSRDAPEQFF	1
CATSRDAGWAGDTQYF	1
CATSRDAGGPYNEQFF	1
CATSRDGLTIQETQYF	1
CATSRDGRRASYGYTF	1
CATSRDGASYEQYF	1
CATSRDGGGEKLFF	1
CATSRDGNNSPLHF	1
CATSRDGVAGGADTQYF	1
CATSRDGTSGSEFF	1
CATSRDGTGGHKQYF	1
CATSRDGSNTEAFF	1
CATSRDGGRRETQYF	1
CATSRDDHSAGELFF	1
CATSRDDGYSNQPQHF	1
CATSRDEQEQETQYF	1
CATSRDILAVEQYF	1
CATSRDISPDTQYF	1
CATSRDIPSTGLNTEAFF	1
CATSRDTPTTQYF	1
CATSRDSGTTLTGELFF	1
CATSRDSTSDTQYF	1
CATSRDRYQGANEQFF	1
CATSRDRHDYSNQPQHF	1
CATSRDRGGLNYGYTF	1
CATSRDNRGPAKNIQYF	1
CATSRDKLEETQYF	1
CATSRDKGEPTRTDTQYF	1
CATSRDKGVGPDTQYF	1
CATSRDSPGSETQYF	1
CATSRDSGTDTQYF	1
CATSRDRELIGELFF	1
CATSRDRLRLGTDTQYF	1
CATSRDRDRGSYEQYF	1
CATSRDKIYEQYF	1
CATSREFGSNQPQHF	1
CATSRESVGIQYF	1
CATSRELGGASEQYF	1
CATSREPALSTDTQYF	1
CATSREVGFNQPQHF	1
CATSREGQFMNTEAFF	1
CATSREGQGEGYGYTF	1
CATSREGQMNTEAFF	1
CATSREDRSSYEQYF	1
CATSREIRFGFGTEAFF	1
CATSREYGGVGEETQYF	1
CATSRELADYNEQFF	1
CATSREPTGGRGYTF	1
CATSREVGQAYSGNTIYF	1
CATSREALASSYEQYF	1
CATSREGGSTDTQYF	1
CATSREGAGVTGELFF	1
CATSRESDRLKETQYF	1
CATSRTAVSYNEQFF	1
CATSRSKAGAGNTIYF	1
CATSRNLAGNQETQYF	1
CATSRNPTVNEQYF	1
CATSRKNTGGSYEQYF	1
CATSNSDNSNTGELFF	1
CATSNVRDSSYEQYF	1
CATSNARGETQYF	1
CATSNGRTYGYTF	1
CATSKPAGGPYEQFF	1
CATSKGGATNEKLFF	1
CATSKTGDSYNEQFF	1
CATRVAGGYNEQFF	1
CATRGEFYEQYF	1
CATRDSGTTDTQYF	1
CATREQGGSTDTQYF	1
CATRTPGTGVQETQYF	1
CATRRGLGLADEQFF	1
CATRSREGADTQYF	1
CATRPGTGATDTQYF	1
CATRQARAYEQYF	1
CATRGGQNGANVLTF	1
CATRDRDRNTGELFF	1
CATRESGNTGELFF	1
CATRTSPQGMNEQFF	1
CATRTGTGDTGELFF	1
CATRTLAGYLYNEQFF	1
CATRNYNEQFF	1
CATNPGTDTQYF	1
CATNTAGGFYGYTF	1
CATNSGSSNEQFF	1
CATNGGAGPRGQYF	1
CATNEGGEENEQFF	1
CATKGGRNTEAFF	1
CATKGGGEETQYF	1
CATKPGQGFMNGYTF	1
CATSQETQYF	1
CATSAEVYEQYF	1
CATWYTGELFF	1
CATRGRGSYNEQFF	1
CATQGGRVGTDTQYF	1
CATAVSSYEQYF	1
CATAGTAGNTIYF	1
CATGRTGPNEKLFF	1
CATGDRSNTEAFF	1
CATGLADNEQFF	1
CATIRRSGTASSYEQYF	1
CATMSRDPVNDEQFF	1
CATYGITNTGELFF	1
CATRTTGTDTQYF	1
CATTTGTNTGELFF	1
CATSGSTDTQYF	1
CASFLICLAGNEQYF	1
CASLGAKNIQYF	1
CASSQGPSQHF	1
CASSYHGRINEQYF	1
CASSLVRRLTIYNEQFF	1
CASSGPRGSSRTQYF	1
CASSGTRETQYF	1
CASSIPGLRVEQFF	1
CASSTTNTGELFF	1
CASSKGSTNEKLFF	1
CASWDGGYTF	1
CASWDGWNIQYF	1
CASYF	1
CASYSSGSTYEQYF	1
CASLRLETYEQYF	1
CASLQGNTGELFF	1
CASLGTSPYNEQFF	1
CASPPTQGSTDTQYF	1
CASRAGDKNEQFF	1
CASRDYIGEQFF	1
CASRSGADYGYTF	1
CASRRGTGTDTQYF	1
CASRGASASSYNEQFF	1
CASQWTANTGELFF	1
CASQGGTSGSHEQFF	1
CASQQGLNNEQFF	1
CASVGTSPYEQYF	1
CASALEAGYGYTF	1
CASAVAGGPKNIQYF	1
CASATGQTYSNQPQHF	1
CASAVSSYNEQFF	1
CASAPGLTSYEQYF	1
CASATRTDEQFF	1
CASASSGTASNEQFF	1
CASGQGSNQPQHF	1
CASGVGTASYEQYF	1
CASGAGGPNEQFF	1
CASGTTNQETQYF	1
CASGTAYEQYF	1
CASGFIGTDTQYF	1
CASGPNFGYEQYF	1
CASGQTYQETQYF	1
CASDDGVKAFF	1
CASELAGEGYEQYF	1
CASIPPTFTGELFF	1
CASIPQPFSGNTIYF	1
CASMVWDGNQPQHF	1
CASTTIGGRDYGYTF	1
CASTRPGQIIDEQFF	1
CASTLSNPGRDSYNEQFF	1
CASTPSLSSYNEQFF	1
CASTPSGHYMNTEAFF	1
CASTVRDSNQPQHF	1
CASTDVIRREKLFF	1
CASTNTGKNTEAFF	1
CASTDRNNEQFF	1
CASTTGALLSNSPLHF	1
CASTPGGQTDTQYF	1
CASSFSETQYF	1
CASSFLSGGQSSQPQHF	1
CASSFRASGGGNQPQHF	1
CASSFTGTRGEAFF	1
CASSSPALMNTEAFF	1
CASSSGRADTQYF	1
CASSSISGGRTEAFF	1
CASSSTGTSNQPQHF	1
CASSSTGLGGYTF	1
CASSLWGGLAPSQAGELFF	1
CASSLRGRGSNQPQHF	1
CASSPETGVGYGYTF	1
CASSPPGLAGEKGEQFF	1
CASSPGTAYEQYF	1
CASSPGTGRMNTEAFF	1
CASSPLQGRTAHNYGYTF	1
CASSPGLAGVNEQFF	1
CASSPGQGTYEQYF	1
CASSPGQGVRNEQFF	1
CASSPVTNTEAFF	1
CASSPRWTEAFF	1
CASSRSYRNYNEQFF	1
CASSRGRPQMAEAFF	1
CASSRDSSGLNTQYF	1
CASSHPGLNTGELFF	1
CASSHPASNYGYTF	1
CASSVLSGGTDNEQFF	1
CASSVGTGGRPNTGELFF	1
CASSVFLNQPQHF	1
CASSATGAEAFF	1
CASSARGWGNQPQHF	1
CASSAGLAGVSEQFF	1
CASSGLGQAGNTGELFF	1
CASSGSSGSSYEQYF	1
CASSGGPGDSEAFF	1
CASSGGDQPQHF	1
CASSGDRVNTEAFF	1
CASSGTGIYSNQPQHF	1
CASSDIAGGYTEAFF	1
CASSDRLHQNPNTGELFF	1
CASSELNQPQHF	1
CASSILRSTDTQYF	1
CASSILGQGEETQYF	1
CASSIPGGAPYEQYF	1
CASSIRGAYGIGEGPYEQYF	1
CASSIRGDGGYTF	1
CASSIGAGLNTEAFF	1
CASSINSFSTDTQYF	1
CASSILRGANTEAFF	1
CASSISAVNEKLFF	1
CASSILARDRLYAFF	1
CASSIPGGARTEAFF	1
CASSIGGSRSELFF	1
CASSIIAGARLNYGYTF	1
CASSISQGADYGYTF	1
CASSIRDSNQPQHF	1
CASSIRSGRARGEQFF	1
CASSMPSGSSPSDTQYF	1
CASSMQDRAQETQYF	1
CASSMVGSNEQYF	1
CASSMGFMDTEAFF	1
CASSMGGSTEAFF	1
CASSMGLAAYNEQFF	1
CASSMDWTSAVEQYF	1
CASSMDRGLQPQHF	1
CASSMTGSSSYEQYF	1
CASSMRRGNTIYF	1
CASSILDSDRSGNTIYF	1
CASSISRTAAQHSNQPQHF	1
CASSILGRNYGYTF	1
CASSIQGSPYEQYF	1
CASSIVLQGANEQYF	1
CASSIAGAIMNTEAFF	1
CASSIALGAQPQHF	1
CASSIGVSPLHF	1
CASSIGAAPVPLHF	1
CASSIGRLNQPQHF	1
CASSIGGTVYEQYF	1
CASSIDLGGSSTDTQYF	1
CASSIDSTDNEQFF	1
CASSIDRVTGELFF	1
CASSIEAGTSNYGYTF	1
CASSIRAGKTEAFF	1
CASSIRTGGTEEQYF	1
CASSINRDNQPQHF	1
CASSTRQGAYSNQPQHF	1
CASSTGDTQYF	1
CASSTSGTAIYGYTF	1
CASSTLPSETQYF	1
CASSTGRFNQPQHF	1
CASSTEQGETEAFF	1
CASSTGLAGPYEQYF	1
CASSTFSGSAYNEQFF	1
CASSTAKLGYTF	1
CASSSGGNEQFF	1
CASSRGQGARNTEAFF	1
CASSRQGAPSNQPQHF	1
CASSKRTGWNTEAFF	1
CASSKSGRSSYEQYF	1
CASSSSRQSYNSPLHF	1
CASSLDSMVYNEQFF	1
CASSPYYGGLSTDTQYF	1
CASSPGTLQPQHF	1
CASSPTGNTEAFF	1
CASSPADSYIYEQYF	1
CASSPMTGGSTEAFF	1
CASSRGTSGAKYYEQYF	1
CASSRLMDGNEKLFF	1
CASSDNTEAFF	1
CASSIRGQNTEAFF	1
CASSTPGQGFGYTF	1
CASRLAVGGNQPQHF	1
CASRQYGGTSGIHEQFF	1
CASRAKKAGFWSNQPQHF	1
CASRGLAGASENIQYF	1
CASRETGTETQYF	1
CASRTGRAYGYTF	1
CASRTRGYGEQFF	1
CASRTEETQYF	1
CASRKTGFQVAEYLSNQPQHF	1
CASRYRGEYTEAFF	1
CASRLTANTEAFF	1
CASRPRLAGFAEQFF	1
CASRRGVGYTF	1
CASRTSVASGNTIYF	1
CASNPRTGGVGPSQPQHF	1
CASNRDHNEKLFF	1
CASKGGNSPLHF	1
CASKGSTDTQYF	1
CASKEPGTRHTQYF	1
CASKILAGPYNEQFF	1
CASKPGTRGGRSNQPQHF	1
CASKQGISEQYF	1
CASKDEASHEQYF	1
CASFPVGPTRKDTQYF	1
CASFPGWSSYNEQFF	1
CASFRLGDTGELFF	1
CASFRQGQYNEQFF	1
CASFDRNSQPQHF	1
CASFPAGTELTGELFF	1
CASFASGGQQETQYF	1
CASFGRNGTRVDTGELFF	1
CASFGRGSGNTIYF	1
CASFTGTSPLHF	1
CASFKAGATDTQYF	1
CASLAPGHVDEQFF	1
CASLRGTPNYGYTF	1
CASLLGGLLAKNIQYF	1
CASLDRGTVSGNTIYF	1
CASLNPGTSGYNEQFF	1
CASLKISGANVLTF	1
CASSLGISYEQYF	1
CASSSGQGYSPLHF	1
CASSWTASSNQPQHF	1
CASSPLPGTSGNTQETQYF	1
CASSPGLAVTDTQYF	1
CASSAEYEQYF	1
CASSNRQETQYF	1
CASSFRGPKASDHYEQYF	1
CASSSGTSGYNEQFF	1
CASSWRANEQYF	1
CASSYGPSYNEQFF	1
CASSLVRDTEAFF	1
CASSLAGGHNEQFF	1
CASSLGALTYEQYF	1
CASSLRSSNYGYTF	1
CASSPGTSGNPKNIQYF	1
CASSPGQGASYEQYF	1
CASSPDGLYQETQYF	1
CASSPWGGSPGKPQHF	1
CASSPGEEPQHF	1
CASSRQGGNTEAFF	1
CASSRGLGTYNEQFF	1
CASSRVGTDTQYF	1
CASSHRAQGTYNEQFF	1
CASSQGGNEQFF	1
CASSQSTSGSYNEQFF	1
CASSAIPGVNQPQHF	1
CASSATGSEGYTF	1
CASSGTGGSSSGNTIYF	1
CASSGNRGDTEAFF	1
CASSDRFSSTNEKLFF	1
CASSMTNYEQYF	1
CASSSGGNQPQHF	1
CASSSDTGISYNEQFF	1
CASSSRRGNEQFF	1
CASSPRQGGTEAFF	1
CASSPRLAGASYNEQFF	1
CASSPGQTPTDTQYF	1
CASSPRTGGLYNEQFF	1
CASSRGQGWNTGELFF	1
CASSRTGIEKLFF	1
CASSQRQGAIQPQHF	1
CASSAAWNTEAFF	1
CASSAQGAYEQYF	1
CASSGGDTGELFF	1
CASSTLAGGTDTQYF	1
CASSTGGRAGTGELFF	1
CASSTGKDSPLHF	1
CASSRTVLSPEQYF	1
CASSSGQGAEKLFF	1
CASSLTLAGGPEDNEQFF	1
CASSLLKTDTQYF	1
CASSLPPGELFF	1
CASSLVGEGNEQFF	1
CASSLGTGSRNTEAFF	1
CASSLGLGETQYF	1
CASSLPGQGYEQYF	1
CASSLAGHDYGYTF	1
CASSLQGHSNQPQHF	1
CASSLQDKNTEAFF	1
CASSLGFTDTQYF	1
CASSLISRRPSYNEQFF	1
CASSPSQGALETQYF	1
CASSPYGSTNEKLFF	1
CASSPVGAGTGMNEQYF	1
CASSPGLDTEAFF	1
CASSPGVGNQPQHF	1
CASSPGTSGSYEQYF	1
CASSPGTARGNEQYF	1
CASSPGTGGYEQYF	1
CASSPIESGTEAFF	1
CASSPTGTGLQPQHF	1
CASSPSGPQNTEAFF	1
CASSPSGTDGYTF	1
CASSPSTGGKHEQYF	1
CASSPLDRVDGYTF	1
CASSPPTSGGVTDTQYF	1
CASSPRGQNSGNTIYF	1
CASSPRREVSNQPQHF	1
CASSPQWASSYNEQFF	1
CASSPQEGPYEQYF	1
CASSPQGQFNYGYTF	1
CASSPVQGQEQYF	1
CASSPVTGAGETQYF	1
CASSPVMNTEAFF	1
CASSPASTDTQYF	1
CASSPAALNQPQHF	1
CASSPAMNTEAFF	1
CASSPGGLDTEAFF	1
CASSPGTAVYEQYF	1
CASSPMGLAGSPDQETQYF	1
CASSPTGQATNYGYTF	1
CASSPTRATEAFF	1
CASSPSGGTIEAFF	1
CASSPNPSGTNSPLHF	1
CASSPPLAGGPHNEQFF	1
CASSPPSTDTQYF	1
CASSPRLTSLSDNEQFF	1
CASSPRQGGGTDTQYF	1
CASSPRNLPGPKYSPLHF	1
CASSPVATDTQYF	1
CASSPASGAYNEQFF	1
CASSPAGGGSNQPQHF	1
CASSPATSDTGELFF	1
CASSPAGPYEQYF	1
CASSPGAYEQYF	1
CASSPGVPLNTEAFF	1
CASSPGGNQPQHF	1
CASSPGTTIEQFF	1
CASSPGLAGANEQFF	1
CASSPGLAGNNEQFF	1
CASSPGQQETQYF	1
CASSPGQGDQPQHF	1
CASSPDRGSDEQYF	1
CASSPDRGQPQHF	1
CASSPDRSYGYTF	1
CASSPDNSYEQYF	1
CASSPDKNYEQYF	1
CASSPTGGNQPQHF	1
CASSPSLAGVTGELFF	1
CASSPSRETYNSPLHF	1
CASSPRQGGNEQYF	1
CASSPRQEMNTEAFF	1
CASSPKDSVQFF	1
CASSPFGSGDSPLHF	1
CASSPLDTGELFF	1
CASSPLSGTGGYNEQFF	1
CASSPSDGGETQYF	1
CASSPWSAGANTIYF	1
CASSPLGQNQPQHF	1
CASSPLEGTGRRQPQHF	1
CASSPLQYNEQFF	1
CASSPLDEQFF	1
CASSPPDSTGGVLTEAFF	1
CASSPPQRAGDTQYF	1
CASSPPRGESPLHF	1
CASSPPSGRNTEAFF	1
CASSPPQPSYEQYF	1
CASSPPVVFTEAFF	1
CASSPPGEPQHF	1
CASSPPDEVGDTQYF	1
CASSPPENRRGEQYF	1
CASSPPTAKNIQYF	1
CASSPPTERPSQYF	1
CASSPPNLGDEQFF	1
CASSPPGMNYGYTF	1
CASSPPGTDTQYF	1
CASSPPGSNEQFF	1
CASSPPGRNSNQPQHF	1
CASSPPSSGNTIYF	1
CASSPRQEETQYF	1
CASSPRSGTEAFF	1
CASSPRVLTGNTEAFF	1
CASSPRDRAGGYTF	1
CASSPRDRGEKLFF	1
CASSPRFITGSYNEQFF	1
CASSPRLVGSYNEQFF	1
CASSPRGGGPDGEQYF	1
CASSPRTNSYNEQFF	1
CASSPRNFNRGTDTQYF	1
CASSPQAEYEQYF	1
CASSPQGAKRGYTF	1
CASSPQVEGEKLFF	1
CASSPQGRGLLGNTEAFF	1
CASSPVGIQPQHF	1
CASSPVQGDSGANVLTF	1
CASSPVGGTRNTGELFF	1
CASSPVRGKGTGEAFF	1
CASSPAGLGQPQHF	1
CASSPAPGENTIYF	1
CASSPARAGNEQFF	1
CASSPALTSGKPYEQYF	1
CASSPAGHNQPQHF	1
CASSPADTYEQYF	1
CASSPGRGASYGYTF	1
CASSPGDTQYF	1
CASSPGTPGQNQPQHF	1
CASSPGFSNQPQHF	1
CASSPGQRSNQPQHF	1
CASSPDLSYNEQFF	1
CASSPDADLNYGYTF	1
CASSPDGNYGYTF	1
CASSPDRITGDTQYF	1
CASSPMAHPNTGELFF	1
CASSPTVTYEQYF	1
CASSPTGYDQPQHF	1
CASSPSTTGELFF	1
CASSPSISYEQYF	1
CASSPSRRAEAFF	1
CASSPRTTDYRAEQYF	1
CASSPRTGFTYEQYF	1
CASSPNALAGSYEQYF	1
CASSPKSGQETQYF	1
CASSRSGLNTEAFF	1
CASSRKLRGGDNEQFF	1
CASSRSQGVDTEAFF	1
CASSRPGDAEKLFF	1
CASSRGVMTYNEQFF	1
CASSRGGPYEQYF	1
CASSRDRVRGETQYF	1
CASSRDNGAGIYEQYF	1
CASSRLAPYEQYF	1
CASSRQGNTEAFF	1
CASSRGSGEKLFF	1
CASSRGLAGSIEQYF	1
CASSRGTNEKLFF	1
CASSRTRGGMEDTEAFF	1
CASSRTTSGYNEQFF	1
CASSRRQRSHEKLFF	1
CASSHDPPGDGYTF	1
CASSQLAGGPVEQFF	1
CASSQVNTEAFF	1
CASSQGQSGNTIYF	1
CASSQGARTEAFF	1
CASSQGQSNQPQHF	1
CASSQIGLAPSTDTQYF	1
CASSVDISNQPQHF	1
CASSATGTGVANTIYF	1
CASSAGGPDEQYF	1
CASSATSGGGGNIQYF	1
CASSAQGADTEAFF	1
CASSAGGSDEQFF	1
CASSGGRATDTQYF	1
CASSGGESYNEQFF	1
CASSGQPQETQYF	1
CASSDRGPGTGELFF	1
CASSDSDRGTYEQYF	1
CASSEGMDLSGNTIYF	1
CASSILEQYF	1
CASSTLQTEAFF	1
CASSTQTVNYGYTF	1
CASSRTSRNEQYF	1
CASSRTDTYEQYF	1
CASSNNVRASGYNEQFF	1
CASSKNRQGSTEAFF	1
CASCYRGNTEAFF	1
CASCLDTGELFF	1
CASCLTGGNIQYF	1
CASWLGVDSPLHF	1
CASWVNTYEQYF	1
CASWGSGTGQTYEQYF	1
CASWGLAGTNEQFF	1
CASYSLDDEQFF	1
CASYRQAPGGELFF	1
CASYDRGRETQYF	1
CASLWGSDTEAFF	1
CASLPQLGGTDTQYF	1
CASLTSGSSYNEQFF	1
CASLKRGSSYNEQFF	1
CASLLGSGWNTEAFF	1
CASLYGGTGNTGELFF	1
CASLLGTSFYEQFF	1
CASLPAGLAGGPTSYEQYF	1
CASLRWKGHYEQYF	1
CASLRPGGEQYF	1
CASLKTDTQYF	1
CASLGTIRDTQYF	1
CASLNPGLSGELFF	1
CASPPEGWFYEQYF	1
CASPRRDSAYEQYF	1
CASPVRTGNTEAFF	1
CASPNGCYNEQFF	1
CASPLRGTGEGQPQHF	1
CASPQKTSGSKF	1
CASPPGPQREIDEQFF	1
CASPVSAGTQYF	1
CASRPWTDQETQYF	1
CASRRRVQEKLFF	1
CASRQSDTQYF	1
CASRRAVNEQFF	1
CASRWGDTQYF	1
CASRLLAGTPDTQYF	1
CASRPGTTTNEKLFF	1
CASRGGSSYEQYF	1
CASRGLSTDTQYF	1
CASRGRPDTQYF	1
CASRTGVEDTQYF	1
CASRKLYDTDTQYF	1
CASRSSQSYNEQFF	1
CASRPGMNTEAFF	1
CASRRTSGAYEQYF	1
CASRATPQGYGYTF	1
CASRAPGNYGYTF	1
CASRGSNQPQHF	1
CASRGAGVETQYF	1
CASRGGGRGYGYTF	1
CASRDQAAGTYNEQFF	1
CASRDGNYGYTF	1
CASRDIHNSPLHF	1
CASRDTYEQYF	1
CASRDRAYEQYF	1
CASRTSGTSSYNEQFF	1
CASRTGGSYEQYF	1
CASRRMTTDTQYF	1
CASRFWGQGNTGELFF	1
CASRSIGNIQYF	1
CASRLGQGVADTQYF	1
CASRRNEGGYGYTF	1
CASRQREGYYEQYF	1
CASRQGRYEQYF	1
CASRGEENTEAFF	1
CASRGTSAHEQYF	1
CASHFRGTDTQYF	1
CASHLQGNTEAFF	1
CASHRLPGQGEAFF	1
CASHRAGSSYEQYF	1
CASHGGVRGIQPQHF	1
CASHGNAYEQYF	1
CASQSKLTNYNEQFF	1
CASQRREGGHNEQFF	1
CASQRKREDNEQFF	1
CASQGQINQPQHF	1
CASQTSDRGNSPLHF	1
CASQRRTDLNQPQHF	1
CASQSDSYEQYF	1
CASQDRVSYEQYF	1
CASQTLAGVSEQYF	1
CASQTSGLTLGYNEQFF	1
CASQTTSGVYNEQFF	1
CASQRAGRETQYF	1
CASVSGTYNEQFF	1
CASVFSAGESHEQYF	1
CASVFDLNYGYTF	1
CASVFKFSSYNEQFF	1
CASVRLAGGETQYF	1
CASVGQPYEQYF	1
CASVGGSYEQYF	1
CASVSDRVTDTQYF	1
CASVGHDSYEQYF	1
CASVGGGETQYF	1
CASVRALGSTDTQYF	1
CASVVGTGNTEAFF	1
CASVAGDKDEQYF	1
CASALTGTGDTYEQYF	1
CASAPGHEQYF	1
CASAAGLSYEQYF	1
CASAGGGTEAFF	1
CASAGYHSGNTIYF	1
CASARGNQETQYF	1
CASASGETQYF	1
CASALAGGDTQYF	1
CASARGFYEQYF	1
CASAQASYEQYF	1
CASAALASGNFEQYF	1
CASAATAGADTQYF	1
CASAGVDTDTGELFF	1
CASAGTGGYEQYF	1
CASAREDSTNEKLFF	1
CASAYGVSYEQYF	1
CASAPTRSSYNEQFF	1
CASAPWASSYEQYF	1
CASARAGELFF	1
CASAQRVQASTDTQYF	1
CASAAATNTGELFF	1
CASADSLSNQPQHF	1
CASATRPQETQYF	1
CASATEYSNQPQHF	1
CASASRFWIEQGPQETQYF	1
CASAQGAGNTIYF	1
CASAEGVPWDEQFF	1
CASGFVREQETQYF	1
CASGLRQGGTEAFF	1
CASGPRRSWETQYF	1
CASGPGGETQYF	1
CASGRSGTETQYF	1
CASGGTEAFF	1
CASGGPGLTNTGELFF	1
CASGIGGSGEKLFF	1
CASGTSGRGSSYEQYF	1
CASGRVSSYNEQFF	1
CASGRDRGLEDTEAFF	1
CASGNGGTDTQYF	1
CASGKGGRGDEQYF	1
CASGFRAARTDTQYF	1
CASGWRGGSTGELFF	1
CASGYRGYRDEQFF	1
CASGLKAYNEQFF	1
CASGLTLGREGVYNEQFF	1
CASGLNTEAFF	1
CASGPWEPYEQYF	1
CASGPSGSPTNTGELFF	1
CASGPDTGTEAFF	1
CASGREGTEAFF	1
CASGRELNIQYF	1
CASGRDRQGHTF	1
CASGGTTYNEQFF	1
CASGGTASYEQYF	1
CASGETSGNVRHNEQFF	1
CASGRGENTEAFF	1
CASGNRDPSHEQYF	1
CASGSAGATDTQYF	1
CASGSGNNLETQYF	1
CASGWRGTSTDTQYF	1
CASGWTRQSNEKLFF	1
CASGLPYEQYF	1
CASGPRYEKLFF	1
CASGPSGTGEPDTQYF	1
CASGREGGYNEQFF	1
CASGREGYNEQFF	1
CASGQQASGYTF	1
CASGQTSGSGETQYF	1
CASGVSGTNTEAFF	1
CASGVSGSSYNEQFF	1
CASGAPGETQYF	1
CASGAGINIQYF	1
CASGGPEETQYF	1
CASGGDHGSIVSYQPQHF	1
CASGGTGYIYEQYF	1
CASGGLAGDGTQYF	1
CASGGQGYLAGGDEQYF	1
CASGDGGNTEAFF	1
CASGDISWVPLHF	1
CASGTSGIYEQYF	1
CASGTSGNEQYF	1
CASGTRLNTEAFF	1
CASGTQGDQPQHF	1
CASGTDSYEQYF	1
CASGRLAGGSTDTQYF	1
CASGKGQLNTEAFF	1
CASGSIGGVDNEQFF	1
CASGSSGSYTGELFF	1
CASGLDTEAFF	1
CASGLAGTYEQYF	1
CASGRGEQFF	1
CASGRLAGGPHEQFF	1
CASGRTGTPADEQFF	1
CASGQRMSYGNQPQHF	1
CASGQTSGTYNEQFF	1
CASGGGAGEVTQYF	1
CASGGLAGVDTQYF	1
CASGEVGHPWGYTF	1
CASGITGELFF	1
CASGTQGDTEAFF	1
CASGTVYEQYF	1
CASGSFSSGNTIYF	1
CASGRTGLNIQYF	1
CASGRGRNTGELFF	1
CASGKRGGEAFF	1
CASDSDGGEREQPTDTQYF	1
CASDALWGRASDTQYF	1
CASDGGSYNSPLHF	1
CASDHRGYEQYF	1
CASDRGRGGTQYF	1
CASELEASTDTQYF	1
CASELTLGEQYF	1
CASERERNYNEQFF	1
CASERRDTQYF	1
CASEHVTDTQYF	1
CASEATGGYGYTF	1
CASELFRVRHPYEQYF	1
CASETLGGGTGLYEQYF	1
CASIFGKQETQYF	1
CASISTGLTEAFF	1
CASIWGPRTEAFF	1
CASIPLDRVQPQHF	1
CASIPRRLAGVGEQYF	1
CASIPRLAGGPHYEQYF	1
CASIPNWGSEIYNEQFF	1
CASIHHGREFYNEQFF	1
CASIQAYSNQPQHF	1
CASIGSLPRDRAGNTIYF	1
CASISGRANNEQFF	1
CASISGGTYNEQFF	1
CASISTDTQYF	1
CASIRDRGLGEQYF	1
CASIRLATLNEQYF	1
CASISTGGLPNTEAFF	1
CASILSPGGNEQFF	1
CASILISRGRYEQYF	1
CASILDSRGNTIYF	1
CASIPLVGPIYF	1
CASIPSGGAPKEQYF	1
CASIPRASQNTEAFF	1
CASIPSSGLADTQYF	1
CASIPGVGRRAYNEQFF	1
CASIPRTSASTDTQYF	1
CASIPSRAPSNQPQHF	1
CASIRTFGGTNTGELFF	1
CASIRSGGGDGYF	1
CASIRGKGTQYF	1
CASIRRAGVSNEQFF	1
CASIHTIGNEQFF	1
CASIGAANTEAFF	1
CASIGTGRAVEQYF	1
CASIGTGGVREKLFF	1
CASIGQGTYEQYF	1
CASIITGEAYEQYF	1
CASITSGQGYEQYF	1
CASINLAKNIQYF	1
CASINAGGSSNQPQHF	1
CASIKGATLANTGELFF	1
CASMSGIRGEQYF	1
CASMSSGSLETQYF	1
CASMSSGRGSDTQYF	1
CASMSRRSSTDTQYF	1
CASMSRVGDPPGELFF	1
CASMSGENPDTQYF	1
CASMWRPHTDTQYF	1
CASMLREGGVATNEKLFF	1
CASMRLVGYGYTF	1
CASMRSAGTDTQYF	1
CASMRAGYGYTF	1
CASMQGPYSYNSPLHF	1
CASMASMETQYF	1
CASMAAALSYRVYF	1
CASMGSRYEQFF	1
CASMGVAGNYEQYF	1
CASMGDVYEQYF	1
CASMGDSNQPQHF	1
CASMGTAEAFF	1
CASMGTGNSWVYGYTF	1
CASMGTTYTGELFF	1
CASMEEKETQYF	1
CASMTSGSNEQFF	1
CASMTGSGFEAFF	1
CASMRIGELFF	1
CASMKEGYNEQFF	1
CASIPGRVNQPQHF	1
CASIAGGPGVTQYF	1
CASIGRAGTLSYEQYF	1
CASINSGRVAGELFF	1
CASTFGYEQYF	1
CASTFTSGNTGELFF	1
CASTFGWEDGYTF	1
CASTFGQVSNQPQHF	1
CASTSTGAVREQYF	1
CASTWGTEAFF	1
CASTYPASGASTGELFF	1
CASTLWGHLNTEAFF	1
CASTLGGAELGEQFF	1
CASTLGGIGETQYF	1
CASTLRALAAISYNEQFF	1
CASTPRGGDANTQYF	1
CASTPFGTDYEQYF	1
CASTPWWTGNYSNQPQHF	1
CASTPGPGDEQFF	1
CASTPPGQNEKLFF	1
CASTPNRVSYNEQFF	1
CASTRTGQGFPNEKLFF	1
CASTAGRKSYNEQFF	1
CASTAGAYANEQYF	1
CASTAGGYEKLFF	1
CASTGRASHLFTGELFF	1
CASTGIGYEQYF	1
CASTGNLRVATQYF	1
CASTGLRLNTGELFF	1
CASTGQGNTEAFF	1
CASTDRGTDTQYF	1
CASTEPFRDQPQHF	1
CASTEREGTQYF	1
CASTIKTQYF	1
CASTTPYRTSGYNEQFF	1
CASTTGGQRRAYEQYF	1
CASTSGSYEQYF	1
CASTRGLVKETQYF	1
CASTKKGQGPEAFF	1
CASTFLPTDSQETQYF	1
CASTLGGTEAFF	1
CASTLEGGNTGELFF	1
CASTLLDVGTGELFF	1
CASTLRTGASYNEQFF	1
CASTLKTVPTGELFF	1
CASTSQTSGNNEQFF	1
CASTSTGEGTDTQYF	1
CASTSKVGRNTEAFF	1
CASTSWGGEAEQFF	1
CASTSYEQYF	1
CASTSPRRGYTGELFF	1
CASTSRLQGSYEQYF	1
CASTSHYEQYF	1
CASTSQANTEAFF	1
CASTSGTKYNEQFF	1
CASTSDRVNTEAFF	1
CASTSEPHFSYEQYF	1
CASTSWASTDTQYF	1
CASTSGGRENEQFF	1
CASTSGLGSGSYEQYF	1
CASTSLLASTGELFF	1
CASTSGPVGEQYF	1
CASTSGGAKAPLHF	1
CASTSTGENNEQFF	1
CASTSNWGVAETQYF	1
CASTWGGFSGNTIYF	1
CASTWTGGTGELFF	1
CASTYRGGAVVDEQFF	1
CASTYQGNTGELFF	1
CASTYARGQGRDEQFF	1
CASTYTPSNQPQHF	1
CASTLYEREDADTQYF	1
CASTLHGSMNTEAFF	1
CASTLPETGNTEAFF	1
CASTLHGGNTEAFF	1
CASTLVGGAGVYF	1
CASTLVSGGGYEQYF	1
CASTLEGDNQPQHF	1
CASTLTWTEQYF	1
CASTLGWQETQYF	1
CASTLGTSGTNEQFF	1
CASTLTVNTEAFF	1
CASTLTGLSKNIQYF	1
CASTLQGDEQFF	1
CASTLAGEGDTQYF	1
CASTLGGLANNEQFF	1
CASTLGTGHNEQFF	1
CASTLTETQYF	1
CASTPSTTNYNSPLHF	1
CASTPWEGIDAEAFF	1
CASTPRTSGSSYEQYF	1
CASTPLVGELFF	1
CASTPRVGVYNEQFF	1
CASTPAGGNQPQHF	1
CASTPGDQETQYF	1
CASTPGGTPYEQYF	1
CASTPTSGRADTGELFF	1
CASTPSHRLLAGHEQFF	1
CASTPPGNYGYTF	1
CASTPGSGSLLPYNEQFF	1
CASTPGSLLAEGFF	1
CASTPGWTSGADTQYF	1
CASTPGLAAYEQYF	1
CASTPDGAQPQHF	1
CASTPEGTDTQYF	1
CASTPTATNEKLFF	1
CASTPLWAEHEQYF	1
CASTPYSGEQYF	1
CASTPPAGGGTQYF	1
CASTPGGPVPNEKLFF	1
CASTPGDGGYEQYF	1
CASTPGLADTQETQYF	1
CASTRSSGRYNEQFF	1
CASTRGNTGELFF	1
CASTRSGSSYNEQFF	1
CASTRSGYTEAFF	1
CASTRAWEGRYEQFF	1
CASTRENYEQYF	1
CASTRTRGWGGELFF	1
CASTRWGENIQYF	1
CASTRLAGGPSEQFF	1
CASTRPPNEQFF	1
CASTRQPGGYTF	1
CASTRGGGDTGELFF	1
CASTRGTSGINEQFF	1
CASTRTPNEKLFF	1
CASTHSRGRDYEEVEQFF	1
CASTQGGYNEQFF	1
CASTQGLAVSYEQYF	1
CASTQFGTGAAEQYF	1
CASTQWGGPSRIDEQFF	1
CASTQGTRRSHFNEQFF	1
CASTQRASMTDTQYF	1
CASTVGSSSGNTIYF	1
CASTVGDRRYF	1
CASTVGTSADTQYF	1
CASTAPDGPYEQYF	1
CASTARSTETQYF	1
CASTAQGGLVEQFF	1
CASTAGAGGEQYF	1
CASTAGGPGELFF	1
CASTAGQGAGELFF	1
CASTANRASNTEAFF	1
CASTATGMRTEAFF	1
CASTGVSKWNEQFF	1
CASTGTSEYNEQFF	1
CASTGTFSYNEQFF	1
CASTGTSYTGELFF	1
CASTGTDTQYF	1
CASTGRERTYSYNEQFF	1
CASTGAVLAYEQYF	1
CASTGEGTGPYEQYF	1
CASTGRGGLNQPQHF	1
CASTDSGRLVYEQYF	1
CASTDRTYEQYF	1
CASTESSRREQYF	1
CASTEGQGLSGANVLTF	1
CASTETSRQQFF	1
CASTETSGRANEQFF	1
CASTELSGKSYNEQFF	1
CASTEQGATEAFF	1
CASTEAAGGRETQYF	1
CASTEGPGGQETQYF	1
CASTIREDDLGEQFF	1
CASTIGTARAAYEQYF	1
CASTMKGGGTGELFF	1
CASTIHKTQGSFYEQYF	1
CASTTWVGLRAKNTEAFF	1
CASTTLQGRQTEAFF	1
CASTTWGGTTGLAEFF	1
CASTTGRYEQYF	1
CASTTGLAGDETQYF	1
CASTTDRDYGYTF	1
CASTTNRGGNQPQHF	1
CASTSFNEQFF	1
CASTSSSYNEQFF	1
CASTRGDNEQFF	1
CASTRMMGQFTEAFF	1
CASTRTGGEQYF	1
CASTRLGGGTGELFF	1
CASTRGGLGHNEQFF	1
CASTNSRDYGYTF	1
CASTNIALIEYGYTF	1
CASTKAGTGYEQYF	1
CASTKGDEQFF	1
CASTKSGRALFTQYF	1
CASTKRTSESGELFF	1
CASTKPGGGGRDTEAFF	1
CASTSDSATNEKLFF	1
CASTLAGRYEQYF	1
CASTPRVGQETQYF	1
CASTPGLSEKLFF	1
CASTRIYGYTF	1
CASTRFGAEAFF	1
CASTQEEVPDTQYF	1
CASTAVGDTQYF	1
CASTADRAYSNQPQHF	1
CASTAPRPSLYGYTF	1
CASTGGLANNEQFF	1
CASTGQSAETQYF	1
CASTGVNTEAFF	1
CASTGGTTGELFF	1
CASTDTLGGTGELFF	1
CASTDGPYEQYF	1
CASTEREVVNEQFF	1
CASTEREAEEQFF	1
CASTIGGKELFF	1
CASTTETAYSNQPQHF	1
CASTRESTDTQYF	1
CASTPLNGETQYF	1
CASTPLTGGGETQYF	1
CASTRAGGGETQYF	1
CASTGLAVYEQYF	1
CASTTDRSSYNSPLHF	1
CASSFFAGATYEQYF	1
CASSFFAGGPNEQFF	1
CASSFFGGQPQHF	1
CASSFFLAEHRAGPDTQYF	1
CASSFLAGAGTGELFF	1
CASSFLDEQFF	1
CASSFLETQYF	1
CASSFLQGHQPQHF	1
CASSFSGSRNTEAFF	1
CASSFSRGNEQFF	1
CASSFSQVDEQFF	1
CASSFSGSNQPQHF	1
CASSFSDRGVVEQFF	1
CASSFSRELVSYEQYF	1
CASSFSAGNQPQHF	1
CASSFSTGGETQYF	1
CASSFSGEYEQYF	1
CASSFSDYNEQFF	1
CASSFWLAGVNEQFF	1
CASSFWPGELFF	1
CASSFWQQETQYF	1
CASSFWVNTEAFF	1
CASSFWGANEKLFF	1
CASSFWESANEQFF	1
CASSFYPATGGNTEAFF	1
CASSFYGSRNTQYF	1
CASSFLAGGSSPLHF	1
CASSFLEGKYEQYF	1
CASSFLRYSNQPQHF	1
CASSFLGTGEADTQYF	1
CASSFLWTSGKDTQYF	1
CASSFLPGAGETQYF	1
CASSFLGEQYF	1
CASSFLGPTTEAFF	1
CASSFLSRGAAEAFF	1
CASSFLGSGNTIYF	1
CASSFPGRSAQYF	1
CASSFPALGPQHF	1
CASSFPGQGYEQYF	1
CASSFPGLMYNEQFF	1
CASSFPTGSDHEQYF	1
CASSFPETNTEAFF	1
CASSFRTGVIGNTIYF	1
CASSFRGISYEQYF	1
CASSFRPLGEQFF	1
CASSFRRVNTEAFF	1
CASSFRGRGELFF	1
CASSFRGKGNEQFF	1
CASSFRTTGSRSPLHF	1
CASSFRLAGGSGQETQYF	1
CASSFRGTAPLAKNIQYF	1
CASSFHSREQYF	1
CASSFQGNTEAFF	1
CASSFQGILNSPLHF	1
CASSFQGGGYQETQYF	1
CASSFVGASYGYTF	1
CASSFVYNEQFF	1
CASSFVAGTETQYF	1
CASSFAPAASGNLYEQYF	1
CASSFASAGTGNTGELFF	1
CASSFAGEQFF	1
CASSFASSSYNEQFF	1
CASSFAGGHGSDTQYF	1
CASSFAGYGYTF	1
CASSFAGGDSDTQYF	1
CASSFAGSTDTQYF	1
CASSFAINEKLFF	1
CASSFGSGRSETQYF	1
CASSFGPTPYEQYF	1
CASSFGVNTEAFF	1
CASSFGGTETQYF	1
CASSFGYSFTDTQYF	1
CASSFGRGEQFF	1
CASSFGVYEQYF	1
CASSFGAPLEGDGEQYF	1
CASSFGAGGQQYF	1
CASSFGGPYNEQFF	1
CASSFGGPTDTQYF	1
CASSFGGGRYNEQFF	1
CASSFGDREVQYF	1
CASSFGTTYNEQFF	1
CASSFGTRGYTF	1
CASSFGTGPYEQYF	1
CASSFGTEYEQYF	1
CASSFGLAGVHEQFF	1
CASSFGPSNTIYF	1
CASSFGQPYEQYF	1
CASSFGQGYEQFF	1
CASSFGQGIRGYTF	1
CASSFDLRGEQYF	1
CASSFDQGRGEKLFF	1
CASSFDGRAVDTQYF	1
CASSFDRGNQPQHF	1
CASSFEFEQYF	1
CASSFEVAASGRYYEQYF	1
CASSFEAGPYEQYF	1
CASSFEGANQPQHF	1
CASSFEGLFFEQYF	1
CASSFEGYNEQFF	1
CASSFEAGGNEQFF	1
CASSFILNTGELFF	1
CASSFIRQAEAFF	1
CASSFTYSREQFF	1
CASSFTSSGEQFF	1
CASSFTSGYEQYF	1
CASSFTPSGEQYF	1
CASSFTGTGYPYEQYF	1
CASSFTRASGHNEQFF	1
CASSFTGSYEQYF	1
CASSFSGTSEAFF	1
CASSFSLRPYNEQFF	1
CASSFSGELFF	1
CASSFSGSYNEQFF	1
CASSFSGRASIQYF	1
CASSFSSGRRAGELFF	1
CASSFRAAHEKLFF	1
CASSFRGRSYEQYF	1
CASSFRTGAYEQYF	1
CASSFRLAGGRRDEQFF	1
CASSFRQFNQPQHF	1
CASSFNVAGGPSSYNEQFF	1
CASSFKGGLGYEQYF	1
CASSFKETQYF	1
CASSFFTENTGELFF	1
CASSFFNTGELFF	1
CASSFLDTQYF	1
CASSFSSQGYFGYTF	1
CASSFSQGNTEAFF	1
CASSFSSNEQYF	1
CASSFSADEQYF	1
CASSFSQGGDQYF	1
CASSFSGVSYEQYF	1
CASSFSDTQYF	1
CASSFSNSYEQYF	1
CASSFWGASTDTQYF	1
CASSFWRGGRFF	1
CASSFYSGQGTPEQYF	1
CASSFYRGNNEQFF	1
CASSFLNTGELFF	1
CASSFLPGLARYEQYF	1
CASSFLRALTDTQYF	1
CASSFLRTSYTDTQYF	1
CASSFLAGVEDTQYF	1
CASSFLETQYF	1
CASSFPPHRGSNQPQHF	1
CASSFPRDGPAAFF	1
CASSFPIDRAAYEQYF	1
CASSFPFRTVFSYEQYF	1
CASSFPNNNEQFF	1
CASSFPYEQYF	1
CASSFPGQYNSPLHF	1
CASSFPDSTDTQYF	1
CASSFPTSGSQETQYF	1
CASSFPLASVGMTDTQYF	1
CASSFPGNGNTIYF	1
CASSFPDTQYF	1
CASSFRLRGRDNEQFF	1
CASSFREGSQYF	1
CASSFRMGETQYF	1
CASSFRFSGANVLTF	1
CASSFRGLAGGLDEQFF	1
CASSFRGRVYEQYF	1
CASSFQGWEREQYF	1
CASSFQTSPSYNEQFF	1
CASSFQTSGRGYEQFF	1
CASSFQGGTRRFYEQYF	1
CASSFQETQYF	1
CASSFVAGPRGGTGELFF	1
CASSFVPGLAGHEQFF	1
CASSFVVGRETQYF	1
CASSFVGEETQYF	1
CASSFVMGSAYNEQFF	1
CASSFVRGQPQHF	1
CASSFVPSSPHQPQHF	1
CASSFVHKTGGRIDNEQFF	1
CASSFARGDVSPLHF	1
CASSFAPGQSGDWRNQPQHF	1
CASSFAPGYEQYF	1
CASSFAGLLAKNIQYF	1
CASSFAEVYEQYF	1
CASSFAESYEQYF	1
CASSFAASYEQYF	1
CASSFAANTGELFF	1
CASSFADTQYF	1
CASSFGLAGGYTDTQYF	1
CASSFGPTLYEQYF	1
CASSFGRGVTDTQYF	1
CASSFGNQPQHF	1
CASSFGFDEQFF	1
CASSFGLPSSYNEQFF	1
CASSFGSSGRTDTQYF	1
CASSFGGNPYEQYF	1
CASSFGYSLYEQYF	1
CASSFGLARGLDEQYF	1
CASSFGQRYGYTF	1
CASSFGAGGTDTQYF	1
CASSFGASSYEQYF	1
CASSFGGFTSSYNEQFF	1
CASSFGDRVREQYF	1
CASSFGTFTDTQYF	1
CASSFGTSGSYEQFF	1
CASSFGTSGSNEQFF	1
CASSFGTGGLETQYF	1
CASSFGSLQPKETQYF	1
CASSFGLGGNEQFF	1
CASSFGQVNTGELFF	1
CASSFGGPGETQYF	1
CASSFDLPVSYEQYF	1
CASSFDGGRTEAFF	1
CASSFDRARTDTQYF	1
CASSFERPRETQYF	1
CASSFEVDNEQFF	1
CASSFEGTADTQYF	1
CASSFITGPYEQYF	1
CASSFIGSSTDTQYF	1
CASSFIGKEQFF	1
CASSFIGREMETQYF	1
CASSFTSGGYNEQFF	1
CASSFTFGTESGGYQPQHF	1
CASSFTGTSVHEQFF	1
CASSFTWSLNQPQHF	1
CASSFSLAGGGRQETQYF	1
CASSFSFAGHNEQFF	1
CASSFRVPYSYEQYF	1
CASSFRAEAFF	1
CASSFRADTQYF	1
CASSFRGGETQYF	1
CASSFRDTQYF	1
CASSFREDSYEQYF	1
CASSFRSRVGYEQYF	1
CASSFNLGRNHVGQYF	1
CASSFNGSPDTQYF	1
CASSFKDTEAFF	1
CASSLFSANTEAFF	1
CASSLFGGSGQPQHF	1
CASSLSWRDPEGTGELFF	1
CASSLSRWLQQETQYF	1
CASSLSGEGQETQYF	1
CASSLSAGTGYTF	1
CASSLSADPYNEQFF	1
CASSLSGTKGYMYEQYF	1
CASSLWGNEQFF	1
CASSLWTGAYNQPQHF	1
CASSLWKNQPQHF	1
CASSLYYEQFF	1
CASSLYVSGDVTYEQYF	1
CASSLYGGGSYEQYF	1
CASSLLAGVYNEQFF	1
CASSLRQGVDTGELFF	1
CASSLRVGGANVLTF	1
CASSLRGLQETQYF	1
CASSLRGTTEAFF	1
CASSLRDGHSNQPQHF	1
CASSLRSGSQETQYF	1
CASSLQSSDTQYF	1
CASSLQREGPIEQFF	1
CASSLQTSGGSEQFF	1
CASSLQSNSPLHF	1
CASSLQAGATGELFF	1
CASSLVLAGELFF	1
CASSLVSRTTYEQYF	1
CASSLVQGYNEQFF	1
CASSLVGYSHEQYF	1
CASSLVGGIGYEQYF	1
CASSLVLAGARTQYF	1
CASSLAPQEYNEQFF	1
CASSLATTSTDTQYF	1
CASSLARETYNEQFF	1
CASSLAQGGTDTQYF	1
CASSLAASTDTQYF	1
CASSLAGQVSEQYF	1
CASSLADTQYF	1
CASSLADRGLYGYTF	1
CASSLAEAGDGNIQYF	1
CASSLGGQETQYF	1
CASSLGSATDTQYF	1
CASSLGSVRSYGYTF	1
CASSLGLAGNTGELFF	1
CASSLGGVGQPQHF	1
CASSLGGSTDTQYF	1
CASSLGGGELFF	1
CASSLGRLDGYTF	1
CASSLGRGAYEQYF	1
CASSLGRALGQPQHF	1
CASSLGRTVDF	1
CASSLGNEQFF	1
CASSLGKVGGTDTQYF	1
CASSLGFYNEQFF	1
CASSLGYQETQYF	1
CASSLGGRDSPLHF	1
CASSLGGAYQPQHF	1
CASSLGGATEAFF	1
CASSLGGSTYNEQFF	1
CASSLGGLNTEAFF	1
CASSLGDWTGELFF	1
CASSLGDREIQETQYF	1
CASSLGTSGIWETQYF	1
CASSLGTVSDSNQPQHF	1
CASSLGTSYEQYF	1
CASSLGLATTKEQFF	1
CASSLGQYQPQHF	1
CASSLGQGNTGELFF	1
CASSLGQNYGYTF	1
CASSLGGETQYF	1
CASSLGETSYNEQFF	1
CASSLGSLAGITDTQYF	1
CASSLDGAFSGNTIYF	1
CASSLDYGYTF	1
CASSLDREETQYF	1
CASSLDAYEQFF	1
CASSLDGYEQYF	1
CASSLDSALSYNEQFF	1
CASSLDRGTYGYTF	1
CASSLELGGTNYEQYF	1
CASSLEGLGTDTQYF	1
CASSLERADTQYF	1
CASSLETSGEGTDTQYF	1
CASSLIRGYQPQHF	1
CASSLIYPGDEQFF	1
CASSLMGGYEQYF	1
CASSLMGLRREKLFF	1
CASSLIGGDYEQYF	1
CASSLISPLSYNEQFF	1
CASSLTSDYEQFF	1
CASSLTPGQGTYEQYF	1
CASSLTGTSGSVDTQYF	1
CASSLTIGLANETQYF	1
CASSLSREGNTEAFF	1
CASSLSPSYEQYF	1
CASSLRGPSSYEQYF	1
CASSLRGATYNEQFF	1
CASSLRGNQETQYF	1
CASSLNSVDRGGQPQHF	1
CASSLNPGQGQYEQYF	1
CASSLNYPRAFF	1
CASSLNLGGNYGYTF	1
CASSLNRADTQYF	1
CASSLKPWSSYEQYF	1
CASSLKTGLQYF	1
CASSLFSWTGNEQFF	1
CASSLFPAGGEQFF	1
CASSLFPGNEQFF	1
CASSLFGASSPLHF	1
CASSLFGGVSNQPQHF	1
CASSLFEAENTEAFF	1
CASSLFSQREGPGYIQYF	1
CASSLFSGSHEQYF	1
CASSLFSNQPQHF	1
CASSLFRGATGELFF	1
CASSLFRGQGALETQYF	1
CASSLFFRDERGYTF	1
CASSLFPTGLGWGYSNQPQHF	1
CASSLFVGPNWGNEQFF	1
CASSLFAEQETQYF	1
CASSLFGGTGVTDTQYF	1
CASSLFGSGANVLTF	1
CASSLFGTEQFF	1
CASSLFGVPYEQYF	1
CASSLFGTGGADSNQPQHF	1
CASSLFGTGGIRGLFF	1
CASSLFGSGNIQYF	1
CASSLFGNTEAFF	1
CASSLFTPGLAGHEQFF	1
CASSLLSGTYNEQFF	1
CASSLLPSSSTDTQYF	1
CASSLLPPAKNIQYF	1
CASSLLQDYSYEQYF	1
CASSLLVPGETQYF	1
CASSLLASGSTDTQYF	1
CASSLLAGGLYEQYF	1
CASSLLADSYNEQFF	1
CASSLLGSGRSDEQYF	1
CASSLLGANGYTF	1
CASSLLGTSGKQFF	1
CASSLLGNEQFF	1
CASSLLGQTDTQYF	1
CASSLLDTAGGPYEQYF	1
CASSLLSGRELDEQFF	1
CASSLLLAGYNEQFF	1
CASSLLLTQWGNQPQHF	1
CASSLLAGKAGELFF	1
CASSLLGQARNQPQHF	1
CASSLLGGTGELFF	1
CASSLLGTNEQFF	1
CASSLLERPVYEQYF	1
CASSLLTGNGGNQPQHF	1
CASSLLSGTYNEQFF	1
CASSLLRGSAYNEQFF	1
CASSLLNTDTQYF	1
CASSLSLSQQTQYF	1
CASSLSPGRYEQYF	1
CASSLSRGLHEQYF	1
CASSLSITANEQFF	1
CASSLSWADQPQHF	1
CASSLSYSGGTEAFF	1
CASSLSPGSETQYF	1
CASSLSPVETQYF	1
CASSLSVGSHEQYF	1
CASSLSGPNQPQHF	1
CASSLSGGQEKPYEQYF	1
CASSLSGVPIQETQYF	1
CASSLSGDVAELSTDTQYF	1
CASSLSRTGPIEQYF	1
CASSLSFDSQETQYF	1
CASSLSLNSYEQYF	1
CASSLSWGGQNSPLHF	1
CASSLSYPGGADTQYF	1
CASSLSLGSNEQFF	1
CASSLSPNLQAFF	1
CASSLSPDRWLGYTF	1
CASSLSVAAYEQYF	1
CASSLSATSEQYF	1
CASSLSGFFPEQFF	1
CASSLSGVGTSPQYF	1
CASSLSGSLLVRSGNTIYF	1
CASSLSGSPYTQYF	1
CASSLSGVSGYTF	1
CASSLSGGFGYF	1
CASSLSGGRPEAFF	1
CASSLSGLAVSYEQYF	1
CASSLSGQGFADTQYF	1
CASSLSDPLYNEQFF	1
CASSLSIWDRVNEQFF	1
CASSLSIGSHSYEQYF	1
CASSLSTGGGYTF	1
CASSLSTGGSNQPQHF	1
CASSLSRETQYF	1
CASSLSRTGYNEQYF	1
CASSLSKSHIQYF	1
CASSLSFLQGSIDPSIDNEQFF	1
CASSLSWGLSSYEQYF	1
CASSLSLAGYNEQFF	1
CASSLSAVAKGETQYF	1
CASSLSGASSYEQYF	1
CASSLSDSNSPLHF	1
CASSLSMGADTQYF	1
CASSLWSSAVDEQFF	1
CASSLWSGGSYNEQFF	1
CASSLWQLNSPLHF	1
CASSLWVGRGHQPQHF	1
CASSLWASPDTQYF	1
CASSLWASDNEQFF	1
CASSLWGDEQFF	1
CASSLWGRSNRTQYF	1
CASSLWGLGGEKLFF	1
CASSLWGSYEQYF	1
CASSLWGVGSLAMVTDTQYF	1
CASSLWGADEKLFF	1
CASSLWGGASYEQYF	1
CASSLWGQVGYGYTF	1
CASSLWGNYQETQYF	1
CASSLWDSTYEQYF	1
CASSLWDGWISGNSPLHF	1
CASSLWDTVNKETQYF	1
CASSLWTDYNEQFF	1
CASSLYPGLNSPLHF	1
CASSLYAGGDTGELFF	1
CASSLYGGSSYNEQFF	1
CASSLYGGMGYEQYF	1
CASSLYNGPGELFF	1
CASSLYLGGFTDTQYF	1
CASSLYPGSRDTQYF	1
CASSLYPAGSNTEAFF	1
CASSLYPGGKANTGELFF	1
CASSLYHQETQYF	1
CASSLYQPYNEQFF	1
CASSLYGRTYEQYF	1
CASSLYTDRVYTEAFF	1
CASSLYTAGELFF	1
CASSLYRGGTEAFF	1
CASSLYRESYEQYF	1
CASSLLSPRTDTQYF	1
CASSLLLAGGWGNEQFF	1
CASSLLGGEAFF	1
CASSLLSSYNEQFF	1
CASSLLGTAYEQYF	1
CASSLLSTYTDTQYF	1
CASSLLGQPNEQYF	1
CASSLLTGGDGYTF	1
CASSLLALGNEQFF	1
CASSLLAGQETQYF	1
CASSLLAGVLEQFF	1
CASSLLAGGLLYEQYF	1
CASSLPGADYNEQFF	1
CASSLPTGGLAVTYEQYF	1
CASSLPSYNEQFF	1
CASSLPLSGRANEQFF	1
CASSLPLYSPLDEQFF	1
CASSLPLTGELFF	1
CASSLPPAGRETQYF	1
CASSLPQELYNEQFF	1
CASSLPQSGTIGYEQYF	1
CASSLPGTRGEQYF	1
CASSLPGRGQYF	1
CASSLPRFRSYTF	1
CASSLPGTSNYGYTF	1
CASSLPGGAYEQYF	1
CASSLPTGWAETQYF	1
CASSLPRPLGEQFF	1
CASSLPQGVKETQYF	1
CASSLPVKSSYNEQFF	1
CASSLPGQGATEAFF	1
CASSLRYSGAYEQYF	1
CASSLRAQGTQETQYF	1
CASSLRGGYEQYF	1
CASSLRRLSKQPQHF	1
CASSLRRGEGNEQFF	1
CASSLRREGSREQFF	1
CASSLRVGGLYNEQFF	1
CASSLRARGVNTEAFF	1
CASSLRGGFYEQYF	1
CASSLRGLATNEKLFF	1
CASSLRGLDTQYF	1
CASSLRGDLRETQYF	1
CASSLRDYEQYF	1
CASSLRDDPYEQYF	1
CASSLRTSGNNEQFF	1
CASSLRRQGVNTEAFF	1
CASSLRLLTQHF	1
CASSLHSFYNEQFF	1
CASSLQAGTQYF	1
CASSLQGLYNEQFF	1
CASSLQGSLTEAFF	1
CASSLQGWLKNIQYF	1
CASSLQGGLAGDEQYF	1
CASSLQDRGDTGELFF	1
CASSLQTGNTEAFF	1
CASSLQVTDTQYF	1
CASSLQTTGDRGSRSSYEQYF	1
CASSLVFEVTEAFF	1
CASSLVSWRGANTEAFF	1
CASSLVYGHYAFF	1
CASSLVDEQFF	1
CASSLVDHRALGTEAFF	1
CASSLVTGTEAFF	1
CASSLVWGAEAFF	1
CASSLVATGELFF	1
CASSLVERAYEQYF	1
CASSLVRTAPYEQYF	1
CASSLVSNMNTEAFF	1
CASSLVVGGGNQPQHF	1
CASSLVAYNEQFF	1
CASSLVALAGVYEQYF	1
CASSLVGEMNTEAFF	1
CASSLVDSYEYAETQYF	1
CASSLVAAQGTQYF	1
CASSLVAGGPREQYF	1
CASSLVGAAEAFF	1
CASSLVGDNEQFF	1
CASSLVGNEQFF	1
CASSLVGKETQYF	1
CASSLVIRTTLSYEQYF	1
CASSLAGYTDTQYF	1
CASSLAIDSFFGGYTF	1
CASSLARVSTEAFF	1
CASSLALVVPYNEQFF	1
CASSLALGREQFF	1
CASSLAPSYEQYF	1
CASSLAPTGAFNSPLHF	1
CASSLARPLTDTQYF	1
CASSLAVGQPQHF	1
CASSLAGMGGLETQYF	1
CASSLAGSGYEQYF	1
CASSLAGNQPQHF	1
CASSLAIGGGENTEAFF	1
CASSLARDQETQYF	1
CASSLAFTGTSGELFF	1
CASSLASGVETQYF	1
CASSLALRGLRRGNTEAFF	1
CASSLARTEAFF	1
CASSLARQAYNSPLHF	1
CASSLAAFQETQYF	1
CASSLAAGPNQPQHF	1
CASSLAGYGLAGVDADTQYF	1
CASSLAGQIYEQYF	1
CASSLAGVSYEQYF	1
CASSLAGGYNEQFF	1
CASSLAGGVNEQFF	1
CASSLAGGPSSYNEQFF	1
CASSLAGEQFF	1
CASSLAGNTDTQYF	1
CASSLADDYEQYF	1
CASSLAGLASPLHF	1
CASSLAGSFNEKLFF	1
CASSLAGGWYEQYF	1
CASSLAGGEETQYF	1
CASSLASDGYEQYF	1
CASSLGFNEQFF	1
CASSLGFEQYF	1
CASSLGWGGAFF	1
CASSLGLGDEQFF	1
CASSLGLGGYRGEFF	1
CASSLGPQYF	1
CASSLGPGGSYEQYF	1
CASSLGRSGTSRSTQYF	1
CASSLGQIDIQYF	1
CASSLGGLGLGEQFF	1
CASSLGSGSSYEQYF	1
CASSLGSRVYEQYF	1
CASSLGNRGASEQYF	1
CASSLGPGHQETQYF	1
CASSLGPTANYGYTF	1
CASSLGQGTDTQYF	1
CASSLGGRLYNEQFF	1
CASSLGRGREKLFF	1
CASSLGRGVFQAFF	1
CASSLGNEQFF	1
CASSLGSSREQYF	1
CASSLGSNEQFF	1
CASSLGYRVSSNQPQHF	1
CASSLGLAGNNEQFF	1
CASSLGQVQPQHF	1
CASSLGVYNEQFF	1
CASSLGVWGPQHF	1
CASSLGARSYEQYF	1
CASSLGGFQPQHF	1
CASSLGGDYGYTF	1
CASSLGGNTEAFF	1
CASSLGGADTEAFF	1
CASSLGGTATYEQYF	1
CASSLGGLAGVGELFF	1
CASSLGGERTSKETQYF	1
CASSLGDSDSEQFF	1
CASSLGEKNEKLFF	1
CASSLGTPYEQYF	1
CASSLGTASNQPQHF	1
CASSLGTSVHEQFF	1
CASSLGTSGTNYF	1
CASSLGTSRYNEQFF	1
CASSLGTLPYEQYF	1
CASSLGTPNTEAFF	1
CASSLGTADGYTF	1
CASSLGRAGTGELFF	1
CASSLGNLNNEQYF	1
CASSLGNRGLLQYF	1
CASSLGKNTEAFF	1
CASSLGLRAQHF	1
CASSLGLTTNEQFF	1
CASSLGLAGVGEQYF	1
CASSLGPSTTKETQYF	1
CASSLGPGHLETQYF	1
CASSLGQGSNEKLFF	1
CASSLGQHEQYF	1
CASSLGGGTSSHEQYF	1
CASSLGGLGDTQYF	1
CASSLGEGGQPQHF	1
CASSLGRVYGYTF	1
CASSLDFGTSNEKLFF	1
CASSLDYEPQHF	1
CASSLDRGTDTQYF	1
CASSLDSTDTQYF	1
CASSLDLGETQYF	1
CASSLDRQAETQYF	1
CASSLDQGARNTIYF	1
CASSLDGDSYNEQFF	1
CASSLDRDNEQFF	1
CASSLEWTGSHNEQFF	1
CASSLEVVYEQYF	1
CASSLEAVGGYTF	1
CASSLEGWDTEAFF	1
CASSLEGEYGEQYF	1
CASSLEGVGRRFF	1
CASSLEGSEYNEQFF	1
CASSLEGRGTDTQYF	1
CASSLEGLSEQYF	1
CASSLEGLAGRPYTQYF	1
CASSLEDSRDSETQYF	1
CASSLETTYEQYF	1
CASSLERAGEKLFF	1
CASSLERGHNQPQHF	1
CASSLEKNYGYTF	1
CASSLEQAGSSNQPQHF	1
CASSLEAGVHEQYF	1
CASSLEGSGRDTQYF	1
CASSLEGTPVGEQFF	1
CASSLILGAEGQETQYF	1
CASSLIPGAFQETQYF	1
CASSLIQYEQYF	1
CASSLIGSYNEQFF	1
CASSLMSGPKEKLFF	1
CASSLMGVKQPQHF	1
CASSLMGGLGNQPQHF	1
CASSLIWEDTQYF	1
CASSLIAGGPTGELFF	1
CASSLIGIETQYF	1
CASSLIGHLNTEAFF	1
CASSLTQADTQYF	1
CASSLTGGTGELFF	1
CASSLTGPQETQYF	1
CASSLTGQGRDQPQHF	1
CASSLTTRGFEQYF	1
CASSLTRTSGSRVNEQFF	1
CASSLTQTYEQYF	1
CASSLTAGGDYEQYF	1
CASSLTGLDEKLFF	1
CASSLTGPYTEAFF	1
CASSLSWTGDGPLHF	1
CASSLSLPSDSWGDEQFF	1
CASSLSLGPYEQYF	1
CASSLSGGASEAFF	1
CASSLSGGQSYYEQYF	1
CASSLSWTGEEFTEAFF	1
CASSLSLQNIQYF	1
CASSLSLRAGGLNEQFF	1
CASSLSRGTGDNEQFF	1
CASSLSRGQEKLFF	1
CASSLRSSGTYYEQYF	1
CASSLRSGEYNEQFF	1
CASSLRYEQYF	1
CASSLRLAGGLEDTQYF	1
CASSLRPFGSGSTDTQYF	1
CASSLRREITPYNEQFF	1
CASSLRAGRSYEQYF	1
CASSLRGAGYNEQFF	1
CASSLRGGGAHTEAFF	1
CASSLRGSSYEQYF	1
CASSLRGGIQYF	1
CASSLRGRAANYGYTF	1
CASSLRGGWGQYF	1
CASSLRGMTEAFF	1
CASSLRTSGRVNEQYF	1
CASSLRTSDYNEQFF	1
CASSLRTSRWDEQYF	1
CASSLRSHMLAYEQYF	1
CASSLRNRDEQFF	1
CASSLRYTDTQYF	1
CASSLRLAPGEQFF	1
CASSLRPPGDTQYF	1
CASSLRQGYNEQFF	1
CASSLRGQAEAFF	1
CASSLRTATYYGYTF	1
CASSLRNRGQGAYEQYF	1
CASSLNFWGYEQYF	1
CASSLNSRGSEQYF	1
CASSLNPGGIYF	1
CASSLNPGYNQPQHF	1
CASSLNRGMYEQYF	1
CASSLNGIRETQYF	1
CASSLNEQFF	1
CASSLNYPGEKLFF	1
CASSLNPGGSTPYNEQFF	1
CASSLNPTSNYGYTF	1
CASSLNEGRDEQFF	1
CASSLKWEVGKDTQYF	1
CASSLKPNAGAYF	1
CASSLKARKDTQYF	1
CASSLKGGYEQYF	1
CASSLKGNGYTF	1
CASSLKPSLGGGYEQYF	1
CASSLKRDNGYTF	1
CASSLKKNTEAFF	1
CASSSSSRFEGTQYF	1
CASSSSTGELLDEQFF	1
CASSSSTVNTEAFF	1
CASSSSAGESYNEQFF	1
CASSSSGSSYNEQFF	1
CASSSYWGSYEQYF	1
CASSSLAGTSEQYF	1
CASSSLFGRVSYNEQFF	1
CASSSLAGSSTDTQYF	1
CASSSPLQGYYGYTF	1
CASSSPPGSYF	1
CASSSRTGGMEQFF	1
CASSSHRGANTEAFF	1
CASSSVGTYEQYF	1
CASSSGADTQYF	1
CASSSGVAKNIQYF	1
CASSSEPSEGNQPQHF	1
CASSSISSGSKGELFF	1
CASSSTWGAARGETQYF	1
CASSSTSWAANEQFF	1
CASSSSISTDTQYF	1
CASSSSRAGGYNEQFF	1
CASSSRYQPQHF	1
CASSSRGPARYEQYF	1
CASSSKGYYEQYF	1
CASSSFAGQPQHF	1
CASSSLAGGPYEQYF	1
CASSSLADNTDTQYF	1
CASSSSRRLAGGNEQFF	1
CASSSSARDYFDEQFF	1
CASSSSGTGVTGELFF	1
CASSSSTGGYNQPQHF	1
CASSSSPLRQRNEKLFF	1
CASSSSTRGEETQYF	1
CASSSSTSEASHEQYF	1
CASSSSSYEQYF	1
CASSSWTSGNQFF	1
CASSSWTGPNEKLFF	1
CASSSYGQGAADTQYF	1
CASSSYGQGRDYEQYF	1
CASSSLRVNQPQHF	1
CASSSLGTSGNYEQYF	1
CASSSLGEGATEAFF	1
CASSSLVLAGGNYGYTF	1
CASSSLGGPAYNEQFF	1
CASSSLGEQFF	1
CASSSLVWAVGGYTF	1
CASSSLAGGKEQYF	1
CASSSLGQSYDEQYF	1
CASSSPSFSGRAAYEQYF	1
CASSSPGLAGANEQYF	1
CASSSPGRETQYF	1
CASSSPLAGDYNEQFF	1
CASSSPRDRGIKDTQYF	1
CASSSPGPRYTGELFF	1
CASSSPGELFF	1
CASSSPGTGTAREQYF	1
CASSSPTSGGLLSYNEQFF	1
CASSSPSLSGPTYNEQFF	1
CASSSPLDITF	1
CASSSPYGSQETQYF	1
CASSSPGESYEQYF	1
CASSSPGLNTGELFF	1
CASSSPSGRAYNEQFF	1
CASSSPLAGVWNEQFF	1
CASSSPADTQYF	1
CASSSPAGGITDTQYF	1
CASSSPGVPGETQYF	1
CASSSPGGGEQFF	1
CASSSRRQGTYEQYF	1
CASSSRGGSDTDTQYF	1
CASSSRDGDQRSGNTIYF	1
CASSSRDRGTDTQYF	1
CASSSRTSVVYNEQFF	1
CASSSRTRSETQYF	1
CASSSRTGVHTEAFF	1
CASSSRDEAFF	1
CASSSHSGLAGDPSWDTDTQYF	1
CASSSHPQGGEQYF	1
CASSSHANTEAFF	1
CASSSQDTEAFF	1
CASSSQMELNSPLHF	1
CASSSQWGNTEAFF	1
CASSSQPRVMQETQYF	1
CASSSQQGTNYGYTF	1
CASSSVGSRSYEQYF	1
CASSSAPGTRHEQFF	1
CASSSATVDEKLFF	1
CASSSAGANEQFF	1
CASSSGGSSYEQYF	1
CASSSGSGYEQFF	1
CASSSGSPSYEQYF	1
CASSSGAARETQYF	1
CASSSGTRAGELFF	1
CASSSGTGYNEQFF	1
CASSSGTGGTDTQYF	1
CASSSGTGDNGYTF	1
CASSSGLAPPQFF	1
CASSSGLAGGDTQYF	1
CASSSGPPTGELFF	1
CASSSGQYSGNTIYF	1
CASSSGQGYEQYF	1
CASSSGQGAVYEQYF	1
CASSSDHGRDNEQFF	1
CASSSDGPNTEAFF	1
CASSSEVTSWKQYF	1
CASSSEWGRLHEQYF	1
CASSSEAKLAGVEQYF	1
CASSSIRGTTYEQYF	1
CASSSMGGTSGSPTDTQYF	1
CASSSMIGSSYEQYF	1
CASSSIAGGIRSYNEQFF	1
CASSSTQGSQGYTF	1
CASSSTGTAANYGYTF	1
CASSSTPLRTDTQYF	1
CASSSRTSGRSYNEQFF	1
CASSSRGEQYF	1
CASSSNYNSPLHF	1
CASSSKLVSEQFF	1
CASSSKTNEKLFF	1
CASSSFVNEQFF	1
CASSSLTGTAHEQYF	1
CASSSSNTEAFF	1
CASSSSGDEQFF	1
CASSSWDRATRTQYF	1
CASSSYRTSSEHEQFF	1
CASSSLGGNTEAFF	1
CASSSLYRGTKNIQYF	1
CASSSLAGVTYEQFF	1
CASSSPRRAQETQYF	1
CASSSPVADTQYF	1
CASSSPGLAGVTQYF	1
CASSSPTENTDTQYF	1
CASSSRRARTYNEQFF	1
CASSSREATYEQYF	1
CASSSRTSGRYEQYF	1
CASSSRTGTYEQYF	1
CASSSRLSGTSGSRETQYF	1
CASSSHRLAGFTDTQYF	1
CASSSQSSRGIETQYF	1
CASSSQANSYEQYF	1
CASSSQQGQGSYEQYF	1
CASSSAYRVYGYTF	1
CASSSASGEVQPQHF	1
CASSSADYIYEQYF	1
CASSSGTYEQYF	1
CASSSGSNTGELFF	1
CASSSGYNEQFF	1
CASSSGVSLHF	1
CASSSGSSRDTQYF	1
CASSSGLAGANEQFF	1
CASSSGQGSYF	1
CASSSGQGNQYF	1
CASSSDWTKRLAKNIQYF	1
CASSSDPSTGELFF	1
CASSSDVSYEQYF	1
CASSSDGQPQHF	1
CASSSDSTAAGSPLHF	1
CASSSDRGQVYGYTF	1
CASSSDRGIYNEQFF	1
CASSSEPAEQYF	1
CASSSEGGAIRKNIQYF	1
CASSSIPNEQFF	1
CASSSIGRGPEAFF	1
CASSSTPPAYGYTF	1
CASSSTSLNEKLFF	1
CASSSTSGITDTQYF	1
CASSSTGFTEAFF	1
CASSSTGGETQYF	1
CASSSFRQGNTEAFF	1
CASSSFGRTYEQYF	1
CASSSLGTGSYEQYF	1
CASSSLAGGPNEQFF	1
CASSSLAGNYEQYF	1
CASSSPKAYQETQYF	1
CASSSPLAGSYNEQFF	1
CASSSPGATRSYNEQFF	1
CASSSPGQRAGELFF	1
CASSSPLAGGPDTQYF	1
CASSSHRAGYTF	1
CASSSQREGLANVLTF	1
CASSSQVWEQYF	1
CASSSQTPPDTQYF	1
CASSSVGGSTDTQYF	1
CASSSVPWKTQYF	1
CASSSVGQPKSYEQYF	1
CASSSGFVQHGELFF	1
CASSSGFQETQYF	1
CASSSGPNQPQHF	1
CASSSGAGHNEQFF	1
CASSSGGAYEQYF	1
CASSSGDTQYF	1
CASSSGTSGSSHEQYF	1
CASSSGTGVVGQYF	1
CASSSDYSNQPQHF	1
CASSSDATGYEKLFF	1
CASSSDRGLFRETQYF	1
CASSSETSGTYEQYF	1
CASSSETGELFF	1
CASSSIRDGYNQPQHF	1
CASSSMTGPYEQYF	1
CASSSINEEQFF	1
CASSSTYEQYF	1
CASSSTPEDTQYF	1
CASSSTVAGGYTF	1
CASSSTGLLVGLGTQYF	1
CASSSTLAGGPSYEQYF	1
CASSSTGYEQYF	1
CASSWFGSTDTQYF	1
CASSWPGTENEKLFF	1
CASSWRQGNEKLFF	1
CASSWRQGAEAFF	1
CASSWQGTYNEQFF	1
CASSWVAGTRDTQYF	1
CASSWASGSYEQYF	1
CASSWAGGTNYGYTF	1
CASSWAGRDQETQYF	1
CASSWGWAGRGTDTQYF	1
CASSWGVTYEQYF	1
CASSWGTAQGAYEQYF	1
CASSWGLAPNEQFF	1
CASSWGLAGSDTQYF	1
CASSWGQGSYEQYF	1
CASSWDFHNEQFF	1
CASSWDIYGYTF	1
CASSWDRVQETQYF	1
CASSWTSGPDTQYF	1
CASSWTRSTGELFF	1
CASSWTGGLGELFF	1
CASSWTDTQYF	1
CASSWTIGNEQFF	1
CASSWSENIQYF	1
CASSYFSGSSTDTQYF	1
CASSYFRLAASNEQFF	1
CASSYSVRVTEAFF	1
CASSYSASNQPQHF	1
CASSYSGQETQYF	1
CASSYSGQGANEQYF	1
CASSYSQVGALNTEAFF	1
CASSYSGGSYNEQFF	1
CASSYLYGDSEQYF	1
CASSYLGATYNEQFF	1
CASSYLRQPEAFF	1
CASSYLAVKPSNQPQHF	1
CASSYPDYEQYF	1
CASSYPREVHNEQFF	1
CASSYPTSPPYEQYF	1
CASSYRGRGREQYF	1
CASSYRTYREDEQFF	1
CASSYRLASGELFF	1
CASSYATGPSFF	1
CASSYGASYEQYF	1
CASSYGRGNTEAFF	1
CASSYGGGQIDEQFF	1
CASSYGDGSYEQYF	1
CASSYDRVNEQFF	1
CASSYDRGHDSPLHF	1
CASSYEVAGPIGNEQFF	1
CASSYIRGASFSPLHF	1
CASSYIGTEQFF	1
CASSYTQGTFYEQYF	1
CASSYSGGYNEQFF	1
CASSYSGSSAGELFF	1
CASSYRTSAYNEQFF	1
CASSYRGSGGNTIYF	1
CASSYNTDTGELFF	1
CASSYNPGPSNQPQHF	1
CASSYNPAVRADTQYF	1
CASSYNIGNTQYF	1
CASSYFLAGITYEQYF	1
CASSYFGRGDNEQFF	1
CASSYFSTGQGQETQYF	1
CASSYFRGSNQPQHF	1
CASSYLPGGGTDTQYF	1
CASSYLAGPFYGYTF	1
CASSYSSTGVYEQYF	1
CASSYSRPTTEAFF	1
CASSYSRGGNTEAFF	1
CASSYSRGTNEKLFF	1
CASSYSQGGETQYF	1
CASSYSVVLGNNEQFF	1
CASSYSGTGGPEQYF	1
CASSYSGRTEAFF	1
CASSYSDPTAHEQFF	1
CASSYSEGTGDEQFF	1
CASSYSRGLGETQYF	1
CASSYSFGRAGTEAFF	1
CASSYSPDYNEQFF	1
CASSYSPPALAGGPETDTQYF	1
CASSYSRTYEQYF	1
CASSYSRRLETQYF	1
CASSYSVQTEAFF	1
CASSYSGRAREPQHF	1
CASSYSGTGGTDTQYF	1
CASSYSGVTGDGQPQHF	1
CASSYSDRDRRYNEQFF	1
CASSYSMSGPKNIQYF	1
CASSYSTSGTFGDEQFF	1
CASSYSTGQGHTDTQYF	1
CASSYSTGGYETQYF	1
CASSYSKAGELFF	1
CASSYSFGDPRLEQFF	1
CASSYSFRDGSYEQFF	1
CASSYSYLGNEQFF	1
CASSYSPGGRTEAFF	1
CASSYSRTVNTEAFF	1
CASSYSRNTGELFF	1
CASSYSRQGGTEAFF	1
CASSYSQGVGEQYF	1
CASSYSVPGPKNTEAFF	1
CASSYSVAGPYEQYF	1
CASSYSARDIYNEQFF	1
CASSYSGRSNEKLFF	1
CASSYSGGFF	1
CASSYSGGSTSYEQYF	1
CASSYSGTEAFF	1
CASSYSDSTYEQYF	1
CASSYSDNSPLHF	1
CASSYSEPGLANIQYF	1
CASSYSENTEAFF	1
CASSYSIWDRETI	1
CASSYSIRPSGSRAYNEQFF	1
CASSYSIGRAGEQFF	1
CASSYSIQGGGLGLYEQYF	1
CASSYSTRGATGELFF	1
CASSYSTGYGETQYF	1
CASSYSTGGTYEQYF	1
CASSYSTGGGDTQYF	1
CASSYSTGMETQYF	1
CASSYSTRRRRSSEAFF	1
CASSYSTGPGGRGRPETQYF	1
CASSYSSRTGIPGTEAFF	1
CASSYSSGGGRNEQFF	1
CASSYSSGKSGELFF	1
CASSYSRFREQYF	1
CASSYSRQGRDNEQFF	1
CASSYSRRGFYEQYF	1
CASSYSRKISTGELFF	1
CASSYSRGTWIGYTF	1
CASSYSREQYF	1
CASSYSRTSGTQRDTQYF	1
CASSYSKGTAETQYF	1
CASSYSSRESYNEQFF	1
CASSYSSGQPQHF	1
CASSYSWGLSTDTQYF	1
CASSYSWGPLTYNEQFF	1
CASSYSQGAYQPQHF	1
CASSYSQTGAYEKLFF	1
CASSYSAGGPNEQFF	1
CASSYSGRIEPQHF	1
CASSYSGDNQPQHF	1
CASSYSENTEAFF	1
CASSYSMGEQYF	1
CASSYSTRGAYEQYF	1
CASSYSREQFF	1
CASSYWQPANTGELFF	1
CASSYWTNTEAFF	1
CASSYYSGRGDSYNEQFF	1
CASSYYPQGAEAFF	1
CASSYYRQLHQPQHF	1
CASSYYGSSSYNEQFF	1
CASSYYGPPYEQYF	1
CASSYYGNHYEQYF	1
CASSYLPYEQYF	1
CASSYLSPGNTEAFF	1
CASSYLLVYEQYF	1
CASSYLRGQPQHF	1
CASSYLTSTGDEQYF	1
CASSYLNRGEAFF	1
CASSYPREGLSYEQYF	1
CASSYPATYEQYF	1
CASSYPNQPQHF	1
CASSYPSSRVLYGYTF	1
CASSYPPSGNTGELFF	1
CASSYPPRGDNQPQHF	1
CASSYPEEQFF	1
CASSYPTRSSYNEQFF	1
CASSYPGLASNEQFF	1
CASSYPLAGWTHNEQFF	1
CASSYPDEQFF	1
CASSYRDPGQNNEQFF	1
CASSYRFQETQYF	1
CASSYRLAGGQETQYF	1
CASSYRYTELDEQYF	1
CASSYRLIGPGQENEKLFF	1
CASSYRPSGSSYNEQFF	1
CASSYRVEQPQHF	1
CASSYRAPSGYTF	1
CASSYRGTEETQYF	1
CASSYRDRRRETQYF	1
CASSYRDGGYEQYF	1
CASSYREYEQYF	1
CASSYRGNSPLHF	1
CASSYHPGLGRTEAFF	1
CASSYHRGTEAFF	1
CASSYQPDTQYF	1
CASSYQGPHEQYF	1
CASSYQGQVSYEQYF	1
CASSYQEPAGYGYTF	1
CASSYQITDTQYF	1
CASSYQEINEKLFF	1
CASSYVRGLTYEQYF	1
CASSYVVTASETDTQYF	1
CASSYVVPKRLSNSPLHF	1
CASSYVGGQRGANVLTF	1
CASSYVDPYGYTF	1
CASSYAGLVNTEAFF	1
CASSYAGLAGDWEQFF	1
CASSYASGGSETQYF	1
CASSYARRNTEAFF	1
CASSYAGEGNEQYF	1
CASSYAPRSTSYEQYF	1
CASSYGPQMNTEAFF	1
CASSYGRQRGYTF	1
CASSYGQYTDEQYF	1
CASSYGTSSYEQYF	1
CASSYGTGGREKLFF	1
CASSYGSEAYNEQFF	1
CASSYGLEQAQPYGYTF	1
CASSYGLGLAGGGTGELFF	1
CASSYGHEQYF	1
CASSYGGSNTGELFF	1
CASSYGGASYEQYF	1
CASSYGGTRSYNEQFF	1
CASSYGGSGTGELFF	1
CASSYGDSSYNEQFF	1
CASSYGRYNEQFF	1
CASSYGSYEQYF	1
CASSYGWPRAFF	1
CASSYGLSTDTQYF	1
CASSYGPAGDQYF	1
CASSYGQDYGYTF	1
CASSYGAAADTQYF	1
CASSYGAENQPQHF	1
CASSYGATTYEQYF	1
CASSYGGATQETQYF	1
CASSYGGQYGYTF	1
CASSYGGASGNNEQFF	1
CASSYGGSQKLPQYF	1
CASSYGDRTRNEKLFF	1
CASSYGTSAYEQYF	1
CASSYGTSGNEQFF	1
CASSYGSNTGELFF	1
CASSYGRATDTQYF	1
CASSYGKGTSGTDTQYF	1
CASSYGWLAPNEQFF	1
CASSYGWTGSGIYNEQFF	1
CASSYGLAGTYEQYF	1
CASSYGQTYNEQFF	1
CASSYGGHYEQYF	1
CASSYGGGVNQPQHF	1
CASSYGGSNQPQHF	1
CASSYDYRDRGEQFF	1
CASSYDRGPGEQYF	1
CASSYDRGQRNTEAFF	1
CASSYDGAYEQYF	1
CASSYDGGRIEQFF	1
CASSYDRSTEAFF	1
CASSYDRSGNTIYF	1
CASSYDRAYEQYF	1
CASSYEGQGSGYTF	1
CASSYEGGPTDTQYF	1
CASSYEDPSYNEQFF	1
CASSYETGSGNEQFF	1
CASSYEKPGMVSYNEQFF	1
CASSYEGDRNQPQHF	1
CASSYEGRGTGANVLTF	1
CASSYIHEQYF	1
CASSYIMGVIRTEAFF	1
CASSYISGNEQFF	1
CASSYMSAGGEKLFF	1
CASSYMVIGAKNIQYF	1
CASSYMAGGYARETQYF	1
CASSYMARGTEAFF	1
CASSYTSSPYNEQFF	1
CASSYTSGASTDTQYF	1
CASSYTSGGGTDTQYF	1
CASSYTPAAGNTIYF	1
CASSYTGLDYTF	1
CASSYTGARAYEQYF	1
CASSYTGDSANEKLFF	1
CASSYSFIRTEAFF	1
CASSYSLVQYF	1
CASSYSGGTGRGNQPQHF	1
CASSYSSAGSSEQYF	1
CASSYSRTTEAFF	1
CASSYSGGTDTQYF	1
CASSYRASYEQYF	1
CASSYRGGYTF	1
CASSYRGDTGELFF	1
CASSYRGIYEQYF	1
CASSYRMGTNEKLFF	1
CASSYRAGLGYEQYF	1
CASSYRTSGQPQHF	1
CASSYNWGHERTYEQYF	1
CASSYNKPGQGYNEQFF	1
CASSYKGTTYEQYF	1
CASSYKAENTEAFF	1
CASSLYRVRYTF	1
CASSLRLETQYF	1
CASSLQGTGNEQYF	1
CASSLQTRGTGNPGELFF	1
CASSLGGQPQHF	1
CASSLGRAGRAKNIQYF	1
CASSLGTSDNEQFF	1
CASSLGTAPSDTQYF	1
CASSLIYEQYF	1
CASSLTPGQGYEQYF	1
CASSLTANTGELFF	1
CASSLTGFYEQYF	1
CASSLNEQYF	1
CASSLNRDSKQYF	1
CASSLLDRLNTEAFF	1
CASSLLSSNTEAFF	1
CASSLWDTQETQYF	1
CASSLYGQKKIDYEQYF	1
CASSLLPGLAVYEQYF	1
CASSLPPSDTQYF	1
CASSLPGTGVQPQHF	1
CASSLPTGGTQYF	1
CASSLRRPLSYEQYF	1
CASSLRDWRYNEQFF	1
CASSLRTLAGETQYF	1
CASSLHSTILNYGYTF	1
CASSLHDRNEQFF	1
CASSLQGSYEQYF	1
CASSLAGTENTGELFF	1
CASSLAGGTEAFF	1
CASSLGIVGETQYF	1
CASSLGTVLWPQHF	1
CASSLGQGRGNQPQHF	1
CASSLGAHVATNEKLFF	1
CASSLDGYEQYF	1
CASSLTLSSYEQYF	1
CASSLTGPAEAFF	1
CASSLSGRPYNEQFF	1
CASSLRRVLSEQYF	1
CASSLSIQETQYF	1
CASSLYNEQFF	1
CASSLLGQVGSGNTIYF	1
CASSLPLAGGPYEQYF	1
CASSLREVRGNEQFF	1
CASSLAAYEQYF	1
CASSLAGKAYEQYF	1
CASSLAGPGNTEAFF	1
CASSLGGSDEQFF	1
CASSLRAPDQPQHF	1
CASSLFSGGTDTQYF	1
CASSLSRLGTIEQYF	1
CASSLSTGVGYGYTF	1
CASSLLPDSSYNEQFF	1
CASSLLAGPYTGELFF	1
CASSLPGDEQFF	1
CASSLPGLAGGGGYNEQFF	1
CASSLRQVLTDTQYF	1
CASSLRDRGSYYGYTF	1
CASSLRQGASEQFF	1
CASSLRETQYF	1
CASSLQGNEQYF	1
CASSLQGDEQYF	1
CASSLQGGKAFF	1
CASSLQGRYSGRSRRDEQFF	1
CASSLAAANTGELFF	1
CASSLAGGPREQFF	1
CASSLGSSQPQHF	1
CASSLGTSGTYSYEQYF	1
CASSLGASNYEQYF	1
CASSLDAGADTQYF	1
CASSLITGVAYEQYF	1
CASSLIAGGPGNEQFF	1
CASSLTTPGQRALAGELFF	1
CASSLTGPQPQHF	1
CASSLSTDTQYF	1
CASSLRTGKDDGYTF	1
CASSLNSGGRSEQYF	1
CASSPLTGDLAKNIQYF	1
CASSPLGLAYEQYF	1
CASSPSLAGVGYEQYF	1
CASSPSRETSEQYF	1
CASSPSAGLGTNEQYF	1
CASSPLPTGLDQPQHF	1
CASSPLAGVYNEQFF	1
CASSPRVTSTYNEQFF	1
CASSPRDSYTGELFF	1
CASSPHRGLGYTF	1
CASSPHRDNEQFF	1
CASSPQETQYF	1
CASSPVAGPVYEQYF	1
CASSPASTGTDTQYF	1
CASSPGTRADEQFF	1
CASSPGTGSIEQYF	1
CASSPGNDPAGEKLFF	1
CASSPIARAGRDLTYEQYF	1
CASSPTGTSGRGPEQYF	1
CASSPTSATSLPSYEQYF	1
CASSPSGREQFF	1
CASSPRGGQGRGYTF	1
CASSPRLGNEQFF	1
CASSPNHRGNEQFF	1
CASSPFLAGTSGGELFF	1
CASSPFRGADEQYF	1
CASSPFEGGGEQFF	1
CASSPLGEQFF	1
CASSPLGQGISGANVLTF	1
CASSPSGPYNEQFF	1
CASSPSMNTEAFF	1
CASSPSIGPRSDEQYF	1
CASSPSTGGISYEQYF	1
CASSPSMGEGPNEQYF	1
CASSPWEAGDNDEQFF	1
CASSPWTGETDTQYF	1
CASSPYASFADYEQYF	1
CASSPYAGGEQYF	1
CASSPYEKLFF	1
CASSPLKRTPFYEQYF	1
CASSPLFRDLSSYNSPLHF	1
CASSPLLYRGRNNQPQHF	1
CASSPLPGTGSGDTEAFF	1
CASSPLRGQYNEQFF	1
CASSPLGNEQFF	1
CASSPLGRGNTDTQYF	1
CASSPLESGTEQYF	1
CASSPPPSWTGELFF	1
CASSPPTYLYEQYF	1
CASSPPSGSSYNEQFF	1
CASSPPFPGLQYF	1
CASSPPSGGSLQETQYF	1
CASSPPWRDLLGETQYF	1
CASSPPPFMEYNEQFF	1
CASSPPRDLNEQFF	1
CASSPPRDGPYEQYF	1
CASSPPGMNTGELFF	1
CASSPPQREVSLFPEQYF	1
CASSPPVSGSNEQFF	1
CASSPPGLALYNEQFF	1
CASSPPSSGSSYEQYF	1
CASSPPGVNSPLHF	1
CASSPRPALGRFYEQYF	1
CASSPRRDRGARSPLHF	1
CASSPRHLNTPNQPQHF	1
CASSPRGSSYNEQFF	1
CASSPRGYEQYF	1
CASSPRGPYEQYF	1
CASSPRDGSSYEQYF	1
CASSPRDSPSTDTQYF	1
CASSPRDRPLHF	1
CASSPREGNNSPLHF	1
CASSPRTSGRQETQYF	1
CASSPRTGKAEETQYF	1
CASSPRTGENTGELFF	1
CASSPRLAGELFF	1
CASSPRLAGGVYEQYF	1
CASSPHLGGDGYTF	1
CASSPHRDTYEQYF	1
CASSPHRTGTDTQYF	1
CASSPHRRGGSTETQYF	1
CASSPHGGRYEQYF	1
CASSPQRTSLEFF	1
CASSPQGGNTEAFF	1
CASSPQTLQGSYEQYF	1
CASSPVLGGPFF	1
CASSPVDSRYNEQFF	1
CASSPVKAGATGELFF	1
CASSPALAGTGELFF	1
CASSPGPQYF	1
CASSPGYEQFF	1
CASSPGLWPDTQYF	1
CASSPGPRDGQPQHF	1
CASSPGRGTGAYDEQYF	1
CASSPGGVMNTEAFF	1
CASSPGGESGLTYEQYF	1
CASSPGEKSYNEQFF	1
CASSPGTSYEQYF	1
CASSPGTSVSIEQFF	1
CASSPGTSVAGELFF	1
CASSPGTSGEFEQYF	1
CASSPGTSGSTDTQYF	1
CASSPGTSYNSPLHF	1
CASSPGTAYEGQYF	1
CASSPGTGSAENIQYF	1
CASSPGTGVTDTQYF	1
CASSPGLASGLQDEQFF	1
CASSPGLAGLYEQYF	1
CASSPGLAGTDTQYF	1
CASSPGLDTAHEQFF	1
CASSPGLTNTGELFF	1
CASSPGQGNYNEQFF	1
CASSPGGSRYNEQFF	1
CASSPDRTQPQHF	1
CASSPDRSHTDTQYF	1
CASSPEQDYSYNEQFF	1
CASSPEAQETQYF	1
CASSPEETQYF	1
CASSPIRLGSYNEQFF	1
CASSPIPPLQYF	1
CASSPTLTGGNQPQHF	1
CASSPTPTAGTQYF	1
CASSPTRTGRASRQDTQYF	1
CASSPTRTDVSNEQYF	1
CASSPTHLSHNEQFF	1
CASSPTGGGEQFF	1
CASSPTGGLETQYF	1
CASSPTGGPIRPQHF	1
CASSPSSYNEQFF	1
CASSPSGGLIPYEQYF	1
CASSPRAPGQSYEQYF	1
CASSPRGERETQYF	1
CASSPRGAKNIQYF	1
CASSPNQDSSDTQYF	1
CASSPLLVRSSYEQYF	1
CASSPLPGTSTSTYNEQFF	1
CASSPLGGGYSYEQFF	1
CASSPLTGAGTEAFF	1
CASSPWSSGASGNTIYF	1
CASSPWGYQETQYF	1
CASSPYSGGSYEQYF	1
CASSPYLGASYEQYF	1
CASSPYPLENTQYF	1
CASSPYRDSTNTGELFF	1
CASSPLGRGNTIYF	1
CASSPLLWGTNTEAFF	1
CASSPPDRQETQYF	1
CASSPRDRGSAEAFF	1
CASSPVAGGPYEQYF	1
CASSPGFAGDGTQYF	1
CASSPGGRGRVEQYF	1
CASSPGLHGQETQYF	1
CASSPGAGTYEQYF	1
CASSPGLSNQPQHF	1
CASSPGAGGVEQPQHF	1
CASSPGGSKTYEQYF	1
CASSPGITPAYEQYF	1
CASSPGLAGVRETQYF	1
CASSPGLASSEQFF	1
CASSPGPNYEQYF	1
CASSPGRANTGELFF	1
CASSPGREDEQYF	1
CASSPGQIIYNEQFF	1
CASSPGQNNNEQFF	1
CASSPGQNPQETQYF	1
CASSPDRGTDTQYF	1
CASSPDRWNEQYF	1
CASSPDRAYEKLFF	1
CASSPEAVVYTEAFF	1
CASSPEGKNNEQFF	1
CASSPIAGVTYNEQFF	1
CASSPTSLLHNEQFF	1
CASSPTSGRNTGELFF	1
CASSPTSGNTGELFF	1
CASSPTLTSGNNEQFF	1
CASSPTRGRYNYGYTF	1
CASSPTAGGPGEQFF	1
CASSPTGATEAFF	1
CASSPTGSTHNEQFF	1
CASSPTLGTTYNEQFF	1
CASSPTGGTGNTIYF	1
CASSPTGDYEQYF	1
CASSPSATGLNIQYF	1
CASSPRRWGFTDTQYF	1
CASSPNTGELFF	1
CASSPNRGLASEQYF	1
CASSPFGGTQYF	1
CASSPLGDTEAFF	1
CASSPLADPGSNEQFF	1
CASSPSYNYGYTF	1
CASSPYSGRETQYF	1
CASSPYNTEAFF	1
CASSPLMGVGFYEQYF	1
CASSPLAVSYNEQFF	1
CASSPPHQDWADTQYF	1
CASSPPQSMNTEAFF	1
CASSPRDISYEQYF	1
CASSPRQGELFF	1
CASSPQVYEQYF	1
CASSPQGAVNQPQHF	1
CASSPQTGAKQETQYF	1
CASSPQQGGGEKLFF	1
CASSPAGTNTEAFF	1
CASSPGQAREGGSTEAFF	1
CASSPGGARSDEQFF	1
CASSPGTGGLQPQHF	1
CASSPDYGLGDTGELFF	1
CASSPDTDTQYF	1
CASSPDRGDGYTF	1
CASSPESWNEQFF	1
CASSPTSDHEQYF	1
CASSPTPYSNQPQHF	1
CASSPRSREPPGYTF	1
CASSPRTSGSYYPPFRETQYF	1
CASSPRTGGRFEAFF	1
CASSPNGTPNEQFF	1
CASSRPPRATSEGADTQYF	1
CASSRPGTRLSYEQYF	1
CASSRAGRPYYEQYF	1
CASSRGTGETYEQYF	1
CASSRDPDRSNQPQHF	1
CASSRDSYNEQFF	1
CASSRTIAGGPGETQYF	1
CASSRSGGSYNEQFF	1
CASSRNLPGPANQPQHF	1
CASSRNALVRSTDTQYF	1
CASSRSYEQYF	1
CASSRPGAYEQYF	1
CASSRGGQHQTQYF	1
CASSRGGEQYF	1
CASSREDGIEQFF	1
CASSRTGGATDTQYF	1
CASSRRGYEQYF	1
CASSRNLAGFSSGELFF	1
CASSRFPDSAEKLFF	1
CASSRSGVSTDTQYF	1
CASSRYITIYF	1
CASSRLAGRYETQYF	1
CASSRPRRPNEQFF	1
CASSRQVINGYTF	1
CASSRQGPYEQYF	1
CASSRQGANTEAFF	1
CASSRAGGPDTQYF	1
CASSRGRGLGGELFF	1
CASSRGDLQETQYF	1
CASSRGQGSGYTF	1
CASSRDSDYEQYF	1
CASSRDYNEQFF	1
CASSRDRLAEQYF	1
CASSRDSNQPQHF	1
CASSRDRASSYEQYF	1
CASSRDRGIPGELFF	1
CASSRDRGYEQYF	1
CASSRDRGRYEQYF	1
CASSREASSGSEQFF	1
CASSRTLLGHGYTF	1
CASSRTMKETQYF	1
CASSRTSGSPDTQYF	1
CASSRTSGSKNEQFF	1
CASSRTDRERYNEQFF	1
CASSRTDSLNSPLHF	1
CASSRTALYGYTF	1
CASSRTGGAPHEQYF	1
CASSRTGGVEQYF	1
CASSRTGTGELFF	1
CASSRTENTEAFF	1
CASSRSGRAPWMYF	1
CASSRSNQPQHF	1
CASSRFTDTQYF	1
CASSRLSLGPEETQYF	1
CASSRLNRQGSFNSPLHF	1
CASSRLASPGETQYF	1
CASSRHFPTGKSSYEQYF	1
CASSRQVFGNQPQHF	1
CASSRAGGVNEQFF	1
CASSRGSSYNEQFF	1
CASSRDNRDGEQFF	1
CASSREQGANYGYTF	1
CASSRIQGSYNEQFF	1
CASSRRGDSYGYTF	1
CASSHLGLAGGYNEQFF	1
CASSHYSTVAYNEQFF	1
CASSHLSYEQYF	1
CASSHRGTGKETQYF	1
CASSHVGSGGAETQYF	1
CASSHVTEGSYGYTF	1
CASSHYPRATGPNEKLFF	1
CASSHLGSYEQYF	1
CASSHPGTSVEPQETQYF	1
CASSHRDRAEQYF	1
CASSHRTAYQPQHF	1
CASSHHRGDGYTF	1
CASSHVTGVGELFF	1
CASSHVGGGNYGYTF	1
CASSHGLAGPNEQFF	1
CASSHGQGYEQYF	1
CASSHGQGPDTQYF	1
CASSHIPLGRETQYF	1
CASSQFQGHEAFF	1
CASSQFPGRRNEQFF	1
CASSQYLGSEQFF	1
CASSQRYTGELFF	1
CASSQGADPQHF	1
CASSQGGEKLFF	1
CASSQGGSVYLTTEQFF	1
CASSQGRPNSPLHF	1
CASSQGLAGGPETQYF	1
CASSQGGGNEQYF	1
CASSQGGPRDNEQFF	1
CASSQDAYGAFF	1
CASSQDRPPYEQYF	1
CASSQDRVREKLFF	1
CASSQDRGRRAFF	1
CASSQSPGGDYEQYF	1
CASSQSGRGNEQFF	1
CASSQRLEVFYEQYF	1
CASSQNSGISTDTQYF	1
CASSQNYEQYF	1
CASSQFGELFF	1
CASSQSSVDTQYF	1
CASSQSGTSGSSEQFF	1
CASSQLTGGLSTDTQYF	1
CASSQPRTSGTYKQYF	1
CASSQPSTGGYTF	1
CASSQRRIEAFF	1
CASSQQGAYGYTF	1
CASSQQGINSPLHF	1
CASSQVTVGNEQFF	1
CASSQGSGGSTDTQYF	1
CASSQDYEQYF	1
CASSQIAGGYNEQFF	1
CASSQTGSLFEQYF	1
CASSQTGFWIYEQYF	1
CASSQSVSYNEQFF	1
CASSVWAENTGELFF	1
CASSVQGLNGIQYF	1
CASSVQQLSYEQYF	1
CASSVGFRETQYF	1
CASSVGLAGHNEQFF	1
CASSVGHQLYGYTF	1
CASSVTSGWVGADTQYF	1
CASSVSPPGTFF	1
CASSVSGLNYEQYF	1
CASSVSSLGTGAYEQYF	1
CASSVSQGTGELFF	1
CASSVLAGGTDTQYF	1
CASSVRPGEGSYEQYF	1
CASSVRTIENIQYF	1
CASSVQETQYF	1
CASSVVAGGNNEQFF	1
CASSVGSGEYNEQFF	1
CASSVGPTGYEQYF	1
CASSVGQGFTDTQYF	1
CASSVGNTIYF	1
CASSVMDRRNEQFF	1
CASSVRAYQPQHF	1
CASSVVLNEQYF	1
CASSVAPPIYEQYF	1
CASSVAGGREQFF	1
CASSVGLAGGPRRNEQFF	1
CASSVGRGADTQYF	1
CASSVGLAPYEQYF	1
CASSVDHEANSPLHF	1
CASSVDELAGPVEQFF	1
CASSVDSYQPQHF	1
CASSVTNQPQHF	1
CASSVTGRPFPSSV	1
CASSVTGSGNTIYF	1
CASSVTGGRGQFF	1
CASSVKVGELFF	1
CASSVSQGQGGELFF	1
CASSVLAGAQETQYF	1
CASSVALVNPYNEQFF	1
CASSVAGLNTGELFF	1
CASSVAGGTDTQYF	1
CASSVGGGYGYTF	1
CASSVGTSGSSGYEQYF	1
CASSVGPPEYTF	1
CASSVTSGGYNEQFF	1
CASSVTESNNEQFF	1
CASSVTTSLGAETQYF	1
CASSVTQANTDTQYF	1
CASSVTGQGSPLHF	1
CASSVSYNEQFF	1
CASSVNRGYEQYF	1
CASSAYLAFEYNEQFF	1
CASSAPGLESTGELFF	1
CASSARQGGSYEQYF	1
CASSAQGGHEQYF	1
CASSAGGSYEQYF	1
CASSAGYEQYF	1
CASSADTERYNEQFF	1
CASSAETLRGDTQYF	1
CASSASGIKYF	1
CASSASGSSYNEQFF	1
CASSAFPRQGGGNEQFF	1
CASSASLRGYTDTQYF	1
CASSASGQGYGYTF	1
CASSAYRDRQETQYF	1
CASSAYRVEQYF	1
CASSALRTYEQYF	1
CASSALLAGGQDEQYF	1
CASSAPGTTYNEQFF	1
CASSARPGLQRYEQYF	1
CASSARKGAGRPHGYTF	1
CASSARGERVTDTQYF	1
CASSAHSSSNTGELFF	1
CASSAQTGIGGSDF	1
CASSAVAAYNEQFF	1
CASSAASGRSREQYF	1
CASSAGDRGEQFF	1
CASSAGTATNEKLFF	1
CASSAGTGGTGELFF	1
CASSADSIGTSGTLEQYF	1
CASSADQGAAEKLFF	1
CASSAEIPLGNTIYF	1
CASSAMSSSYNEQFF	1
CASSAMPGGAYGYTF	1
CASSATGQGVAFF	1
CASSARENQPQHF	1
CASSARYNEQFF	1
CASSARQGSTYEQYF	1
CASSALQGPEAFF	1
CASSASGGAGTDTQYF	1
CASSAVYKTGELFF	1
CASSAGRSSYEQYF	1
CASSAGANTEAFF	1
CASSAGRTYEQYF	1
CASSADNEQFF	1
CASSADRGAGFPLHF	1
CASSADRWGQPQHF	1
CASSADRGDTEAFF	1
CASSADRRLNYEQYF	1
CASSAEAGSYNEQFF	1
CASSATSASPDTQYF	1
CASSATGAKNIQYF	1
CASSASATYNEQFF	1
CASSARDGNYGYTF	1
CASSANEQYF	1
CASSAYNEQYF	1
CASSALWTGGAGYTF	1
CASSARQGEGYGYTF	1
CASSAQPLTGRFTDTQYF	1
CASSAGGSKETQYF	1
CASSAGGGRNEQFF	1
CASSADRGVGETQYF	1
CASSADRGWYEQYF	1
CASSAESPNQPQHF	1
CASSAIDSPEAFF	1
CASSAISTVSTDTQYF	1
CASSATGPYEQYF	1
CASSASGGRSYNEQFF	1
CASSASGREHTQYF	1
CASSARQVRNQPQHF	1
CASSGRYEQYF	1
CASSGAGGPEAFF	1
CASSGAGRTGELFF	1
CASSGGSGTGELFF	1
CASSGTTNTGELFF	1
CASSGSGGTDTQYF	1
CASSGSGRRYEQYF	1
CASSGSGNTGELFF	1
CASSGLHKSSYNEQFF	1
CASSGPGRANSPLHF	1
CASSGPGGAIYGYTF	1
CASSGRGLAGMLGTDTQYF	1
CASSGRDRGSDEQFF	1
CASSGGRFSNQPQHF	1
CASSGRGFDQPQHF	1
CASSGFRDRGGGVYEQYF	1
CASSGSYEQYF	1
CASSGLAGNTGELFF	1
CASSGLAGVVTDTQYF	1
CASSGRTGGNEQFF	1
CASSGRQGSAKNIQYF	1
CASSGHYEQYF	1
CASSGAGNQPQHF	1
CASSGAGGQETQYF	1
CASSGAGGAAQHF	1
CASSGAGESYEQYF	1
CASSGAGSIAQHF	1
CASSGGPANEKLFF	1
CASSGGYSYEQYF	1
CASSGGHSVVEQFF	1
CASSGGLAGGEQFF	1
CASSGGLAGNEEQFF	1
CASSGGQAGPKGKLFF	1
CASSGGQGAAGELFF	1
CASSGGQGMGSNQPQHF	1
CASSGGTTYEQYF	1
CASSGDRRQGALGNQPQHF	1
CASSGDRPREKLFF	1
CASSGDQETQYF	1
CASSGDTYGYTF	1
CASSGDRGAQPQHF	1
CASSGTSGSPDTQYF	1
CASSGTRFIDEQFF	1
CASSGTFNEQFF	1
CASSGTSYNEQFF	1
CASSGTGAVFSNQPQHF	1
CASSGTGGGQPQHF	1
CASSGLAGSDTQYF	1
CASSGLAGGANEQFF	1
CASSGLAGEGAYNEQFF	1
CASSGPGQVIYGYTF	1
CASSGPVPGSGSYNEQFF	1
CASSGQGPPIPHTIYF	1
CASSGQTRAKQETQYF	1
CASSGVAGVREQYF	1
CASSGVRGTGESF	1
CASSGDFYGVSTDTQYF	1
CASSGDTRAGWSVDEQYF	1
CASSGEGRNNEQFF	1
CASSGMPTSNQPQHF	1
CASSGTSVRTTGELFF	1
CASSGTGDRRETQYF	1
CASSGNRGQETQYF	1
CASSDFLGYEQYF	1
CASSDFPGQSTDTQYF	1
CASSDLGTGPHEQYF	1
CASSDSYEQYF	1
CASSDSLVVAGSIQYF	1
CASSDSGSYNSPLHF	1
CASSDSDRGTEAFF	1
CASSDSTGELFF	1
CASSDWPSGTGEQFF	1
CASSDWRGRYEQYF	1
CASSDYPNTQYF	1
CASSDYTEAFF	1
CASSDLGLAGDEQFF	1
CASSDRTGESPLHF	1
CASSDRPRLQETQYF	1
CASSDRGYTF	1
CASSDRGLHGYTF	1
CASSDRYGREENQPQHF	1
CASSDQVVGETQYF	1
CASSDVNEETQYF	1
CASSDAGGAFF	1
CASSDARTSTDTQYF	1
CASSDAGFYNEQFF	1
CASSDGTSFNQPQHF	1
CASSDGLAVNYEQYF	1
CASSDDMSGELFF	1
CASSDDRIGGNEKLFF	1
CASSDEYWATVSFSGNTIYF	1
CASSDSGISTDTQYF	1
CASSDSESNTDTQYF	1
CASSDNEQFF	1
CASSDNGENTEAFF	1
CASSDLVAGGPDTQYF	1
CASSDLTGGVTEAFF	1
CASSDSPNTGELFF	1
CASSDSGNTNEKLFF	1
CASSDSGNNEQFF	1
CASSDSASGYNEQFF	1
CASSDSAYNEQFF	1
CASSDSGGTEAFF	1
CASSDSGMEHGELFF	1
CASSDSGTGELFF	1
CASSDSGASGDEQFF	1
CASSDSITSDRNEQFF	1
CASSDSVAGDHNEQFF	1
CASSDWGLAAPGQFF	1
CASSDLRQGYGYTF	1
CASSDLAGAGEQYF	1
CASSDLAGADTQYF	1
CASSDPGTGNTEAFF	1
CASSDPPRGVDEQYF	1
CASSDPPPGLADYEQYF	1
CASSDRGRVQETQYF	1
CASSDRDTDTQYF	1
CASSDRTGGRETQYF	1
CASSDRLAGGIDTQYF	1
CASSDRQEINEKLFF	1
CASSDQGTNYGYTF	1
CASSDVSTSTDTQYF	1
CASSDVAGGDTQYF	1
CASSDAAGAGETQYF	1
CASSDGLAGYNEQFF	1
CASSDGPGREQYF	1
CASSDGSEAFF	1
CASSDGRFYEQYF	1
CASSDGTSGNEQFF	1
CASSDGSGVTYEQYF	1
CASSDGLVGPDEQYF	1
CASSDGLAGELFF	1
CASSDDEAFF	1
CASSDIAYTEAFF	1
CASSDIGGEQYF	1
CASSDSGTGELFF	1
CASSDSNEQFF	1
CASSDSYEQYF	1
CASSDSGRSNEQYF	1
CASSDRVSYNEQFF	1
CASSDRGYNEQFF	1
CASSDRGRGSPLHF	1
CASSDRGGNEQFF	1
CASSDREGDEQYF	1
CASSDRLTPRRYF	1
CASSDKDRGHPEAFF	1
CASSEFYETSETYEQYF	1
CASSEFTDTQYF	1
CASSELAESTDTQYF	1
CASSESRGAKGLFF	1
CASSESRGAGGVEQYF	1
CASSESQGPNTEAFF	1
CASSEWLAENTGELFF	1
CASSEWENNEQFF	1
CASSEYRNNYGYTF	1
CASSEPGPVNTGELFF	1
CASSEPGQGSTGELFF	1
CASSERTAGVYSNQPQHF	1
CASSEVSGMGNEQFF	1
CASSEVTGRRLNYGYTF	1
CASSEATASTDTQYF	1
CASSEASGRYNEQFF	1
CASSEASNQPQHF	1
CASSEAGYIGELFF	1
CASSEGTYMYNEQFF	1
CASSEGEQYF	1
CASSEGLNEQFF	1
CASSEGRSYEQYF	1
CASSEGHVAGEETQYF	1
CASSEGVEDPQGDTQYF	1
CASSEGAFSYEQYF	1
CASSEGGTNQPQHF	1
CASSEGDGPAGELFF	1
CASSEGYTEAFF	1
CASSEGGLPQETQYF	1
CASSEGTAPNGNEQFF	1
CASSEDSYYEQYF	1
CASSEDAMYNEQFF	1
CASSEDRVVNEQFF	1
CASSEDRAPNEQFF	1
CASSEESSYEQYF	1
CASSEETSGWTYEQYF	1
CASSEIPPGNTIYF	1
CASSEIPGTGVQPQHF	1
CASSETSGRSDTQYF	1
CASSETGLRNEQFF	1
CASSETFRGYTF	1
CASSETTRGPYNEQFF	1
CASSETLSSYNEQFF	1
CASSETGEKFHTDTQYF	1
CASSETGGAGYGYGYTF	1
CASSETTGGAGYTF	1
CASSESLRVQPQHF	1
CASSERFSDEQYF	1
CASSENNEQFF	1
CASSENVAGGSYEQYF	1
CASSEFRQSMGNQPQHF	1
CASSEFGYTEAFF	1
CASSEFDRGGYTF	1
CASSELVSGEGETQYF	1
CASSELGGTGQRILADTQYF	1
CASSELRTTTAWFF	1
CASSELKGNGGYTF	1
CASSELPTVYNEQFF	1
CASSELGGRAYEQYF	1
CASSESSRLPYNEQFF	1
CASSESYEQYF	1
CASSESPQGSTEAFF	1
CASSESGLLNNSPLHF	1
CASSESGSGSGSYNEQFF	1
CASSESQGKNTGELFF	1
CASSESDGMNEQFF	1
CASSESAGKSPEQFF	1
CASSESGAGELFF	1
CASSECLPPTWRGRENTEAFF	1
CASSEWASPTGELFF	1
CASSEWEEGARSEQYF	1
CASSEYSIDQPQHF	1
CASSEYWAETSGRETQYF	1
CASSEYAGGPSYEQYF	1
CASSEYGTGSDTIYF	1
CASSEYEVSPLHF	1
CASSEYLNYGYTF	1
CASSEYGTNEQYF	1
CASSEYGSSYNEQFF	1
CASSEYRVKLSGNTIYF	1
CASSELLENQPQHF	1
CASSELETSVYEQYF	1
CASSELSAGKNTGELFF	1
CASSELGQIYEQYF	1
CASSEPNRGYGYTF	1
CASSEPWSPDTQYF	1
CASSEPPVGREQFF	1
CASSEPGTSGRYAGTDTQYF	1
CASSEPRGRAYEQYF	1
CASSEPRGNTEAFF	1
CASSEPTRFDNEQFF	1
CASSEHLGSFNEQFF	1
CASSEQWTVVAFF	1
CASSEQGARNEQFF	1
CASSEQGGEETQYF	1
CASSEQGANEKLFF	1
CASSEQGGRSIQYF	1
CASSEQEYSNQPQHF	1
CASSEVPPGHFDNEQFF	1
CASSEVGTSSSGQYF	1
CASSEVYGLDTQYF	1
CASSEVGTAKSF	1
CASSEAWRYNEQFF	1
CASSEAVLVPYEQYF	1
CASSEAGFGDRGNNQPQHF	1
CASSEAGGGTDTQYF	1
CASSEAGTGAYEQYF	1
CASSEASGAWRTQYF	1
CASSEARNQPQHF	1
CASSEASVRLAAGGELFF	1
CASSEAPTGAGFGYTF	1
CASSEAGYSEQYF	1
CASSEAMVTNTGELFF	1
CASSEASDPPYEQYF	1
CASSEARKYQETQYF	1
CASSEALLWNSNEQFF	1
CASSEALGDPQPQHF	1
CASSEASGFRGEAFF	1
CASSEALLWQGSYNEQFF	1
CASSEALPAEAFF	1
CASSEALRPSALDEQFF	1
CASSEALGVAGDNEQFF	1
CASSEARVDTQYF	1
CASSEARTSGNTDTQYF	1
CASSEAHDYEQYF	1
CASSEAGGSNQPQHF	1
CASSEAGGRNPDTQYF	1
CASSEAGTGRKRYGYTF	1
CASSEASRDRDRKTEAFF	1
CASSEAPGWEDTQYF	1
CASSEAGERQAFYGYTF	1
CASSEAKGATDTQYF	1
CASSEGSNDEQFF	1
CASSEGQVLGETQYF	1
CASSEGAVRSGNTIYF	1
CASSEGRAPVEQFF	1
CASSEGAPGEQYF	1
CASSEGAGADQPQHF	1
CASSEGGSGEKLFF	1
CASSEGGGYTEAFF	1
CASSEGGSQPQHF	1
CASSEGDAGELFF	1
CASSEGTRSGELFF	1
CASSEGTGTYEQYF	1
CASSEGRWDTQYF	1
CASSEGQGKADTQYF	1
CASSEGGGADQPQHF	1
CASSEDAGGTDTQYF	1
CASSEDLGFEQFF	1
CASSEDPGPNQPQHF	1
CASSEDGHQGNTIYF	1
CASSEETGGSQPQHF	1
CASSEESNQPQHF	1
CASSEENPGGEQYF	1
CASSEIYEQYF	1
CASSEMTSGWREQYF	1
CASSEIPQGESF	1
CASSEIQLYGYTF	1
CASSEIAGVSPRSETQYF	1
CASSEIAGSYNEQFF	1
CASSEIEAANQETQYF	1
CASSETRNTEAFF	1
CASSETGRGGEQYF	1
CASSETGETNEKLFF	1
CASSETTVGEQFF	1
CASSETLDRNYGYTF	1
CASSETGFRQPQHF	1
CASSETGLGAFF	1
CASSESTGELFF	1
CASSESIYNSPLHF	1
CASSERQYSNQPQHF	1
CASSERTGVEETQYF	1
CASSERLAGVTDTQYF	1
CASSERGGQGAYNEQFF	1
CASSERGSYNEQFF	1
CASSENRYGRGDGYTF	1
CASSILSGRFIGDTQYF	1
CASSIAGTSGFQGETQYF	1
CASSIRGSSVGKLFF	1
CASSIAGASYEQYF	1
CASSIGQEETQYF	1
CASSIDGQGNEQFF	1
CASSITSKNTEAFF	1
CASSIRGTPTYEQYF	1
CASSMGRSYEQYF	1
CASSMGQGTDTQYF	1
CASSMTNTETQYF	1
CASSMTGSDGYTF	1
CASSMSSLTYEQYF	1
CASSMNPGPYGYTF	1
CASSIGARENQPQHF	1
CASSIGLNTEAFF	1
CASSIERGDEQFF	1
CASSIIGQSNEKLFF	1
CASSITGRDPIYEQYF	1
CASSITPGQLNTEAFF	1
CASSITGYEQYF	1
CASSITGEPGGYTF	1
CASSTYTRGSPLHF	1
CASSTYGGITYEQYF	1
CASSTPGQGRNGELFF	1
CASSTRTGRETQYF	1
CASSTQDQSRFYEQYF	1
CASSTQRNQPQHF	1
CASSTGGTEAFF	1
CASSTTYRDRNSYGYTF	1
CASSTTGGASGELFF	1
CASSTSADTQYF	1
CASSTSLNTGELFF	1
CASSTSGIHNEQFF	1
CASSTRTTGELFF	1
CASSTFTSGRAEDTQYF	1
CASSTLNTGELFF	1
CASSTLRGGGWNQPQHF	1
CASSTPSRATNEKLFF	1
CASSTPGTGQETQYF	1
CASSTRSAEAFF	1
CASSTRLNSPLHF	1
CASSTRLAVNEQFF	1
CASSTRGGGKTEAFF	1
CASSTVIGDRGYNEQFF	1
CASSTGEDYEQYF	1
CASSTGTAGNEQYF	1
CASSTGTGNLETQYF	1
CASSTDSSAYEQYF	1
CASSTDGGNTEAFF	1
CASSTEIQNTGELFF	1
CASSTMGTAYNEQFF	1
CASSTTGNLRSGFF	1
CASSTRQGSDTQYF	1
CASSTLTSGSRNEQFF	1
CASSTSSGSGAKNIQYF	1
CASSTYGVFGYQPQHF	1
CASSTRDNRQETQYF	1
CASSTAGGMGYGYTF	1
CASSTGSHYEQYF	1
CASSTGLWGDEQYF	1
CASSTDRALGDTEAFF	1
CASSTTGTYEQYF	1
CASSTTPRSSYEQYF	1
CASSTTGPKYEQYF	1
CASSTNIGGISPLHF	1
CASSTFTYEQYF	1
CASSTQGLDEQYF	1
CASSTQGWTEAFF	1
CASSTGGWQYF	1
CASSTGYSYEQYF	1
CASSTGMVTGELFF	1
CASSTGTYEQYF	1
CASSTGDLITDTQYF	1
CASSTTSRGELFF	1
CASSTKREAVCEQYF	1
CASSSRDRDTGELFF	1
CASSSSGSSIHEQYF	1
CASSSPYVPDTQYF	1
CASSSGIYEQYF	1
CASSSGSYNEQFF	1
CASSSTRAVGTGELFF	1
CASSRSFLTEQFF	1
CASSRSLVGLEQFF	1
CASSRPGTSGRGAYEQYF	1
CASSRAYYNEQFF	1
CASSRGGDNEQFF	1
CASSRGMDFQETQYF	1
CASSRGLAGRNEQFF	1
CASSRGGTGNQPQHF	1
CASSRTSTNEQFF	1
CASSRTRDRGYEQYF	1
CASSRTGTGDNEQYF	1
CASSRTGGVINEQFF	1
CASSRRLAGRTGANVLTF	1
CASSRRQGAKGSNQPQHF	1
CASSRLAYEQYF	1
CASSRLAVSYNEQFF	1
CASSRLAVGGSFYEQYF	1
CASSRQGSVNTEAFF	1
CASSRQEGSYGYTF	1
CASSRDGTGDTEAFF	1
CASSRDNYNEQFF	1
CASSRTANSPLHF	1
CASSNSYEQYF	1
CASSNLPANYNEQFF	1
CASSNTGTTPADTQYF	1
CASSNNRGGTNEKLFF	1
CASSNSYEQYF	1
CASSNWDRGGYTF	1
CASSNLAGVRNTQYF	1
CASSNRDRGREQFF	1
CASSNQRTTYNEQFF	1
CASSNQGTGELFF	1
CASSNGQGEDYEQYF	1
CASSNRVSQPQHF	1
CASSNNRVQETQYF	1
CASSNKRGANTEAFF	1
CASSKAETQYF	1
CASSKDTAAGELFF	1
CASSKTSGGSNEQFF	1
CASSKTDQGRSAKNIQYF	1
CASSKTGSQETQYF	1
CASSKSRDRGQFGNQPQHF	1
CASSKKTGELFF	1
CASSKSPSGRATDTQYF	1
CASSKYRDSNQPQHF	1
CASSKLTGGGGEKLFF	1
CASSKLAGATDTQYF	1
CASSKPGLVRYEQFF	1
CASSKQGGANTQYF	1
CASSKQGLGTEAFF	1
CASSKAWSLTDTQYF	1
CASSKGWTMAYNEQFF	1
CASSKGGPGYEQYF	1
CASSKGLVWETQYF	1
CASSKDRGRSYNSPLHF	1
CASSKSGTDTQYF	1
CASSKKQLPGQGAYEQYF	1
CASSFFPGRTGELFF	1
CASSFLGDEQYF	1
CASSFSGTGLLV	1
CASSFSGTASSYEQYF	1
CASSFSSTDTQYF	1
CASSFSGVGEQYF	1
CASSFWQIQETQYF	1
CASSFWGGLNEQFF	1
CASSFWTSGSFSYNEQFF	1
CASSFWTGVIYEQYF	1
CASSFYFDTEAFF	1
CASSFYRGTNEKLFF	1
CASSFYGGSPSYEQYF	1
CASSFYNSPLHF	1
CASSFLPGGAEGYTF	1
CASSFLRSLSADTQYF	1
CASSFLKDGSSYEQYF	1
CASSFLSWAGPAQETQYF	1
CASSFLASLWGEKLFF	1
CASSFLAGKFTGELFF	1
CASSFLAEFQETQYF	1
CASSFLDSHGDTQYF	1
CASSFLTGVGETQYF	1
CASSFLKSYEQYF	1
CASSFPGTSGSNEQFF	1
CASSFPGRGYNEQFF	1
CASSFPGPGGQYF	1
CASSFPPPDGDTQYF	1
CASSFPDRDNSPLHF	1
CASSFRGTGGRYEQFF	1
CASSFRALAGINEQFF	1
CASSFRGSGETQYF	1
CASSFRDRGDYGYTF	1
CASSFREGSYNEQFF	1
CASSFRTSGRNEQFF	1
CASSFRHTGELFF	1
CASSFRQGGGYTF	1
CASSFHGEDEQFF	1
CASSFQRTGELFF	1
CASSFQGRDTGELFF	1
CASSFQGEQYF	1
CASSFQRVARGRADGYTF	1
CASSFQREQYF	1
CASSFQAGGHEQYF	1
CASSFVPDYQETQYF	1
CASSFVGIDTQYF	1
CASSFALAGDYNEQFF	1
CASSFAGVRYNEQFF	1
CASSFAGVGTQYF	1
CASSFAGVGNIQYF	1
CASSFAQGVFTEAFF	1
CASSFAGGGQTQYF	1
CASSFGGWGQGIWNQPQHF	1
CASSFGGGRAKNIQYF	1
CASSFGSGSPHEQYF	1
CASSFGASSGYEQYF	1
CASSFGFETEAFF	1
CASSFGVTTNEKLFF	1
CASSFGVGAGGPEQYF	1
CASSFGGTQYF	1
CASSFGGTPYEQYF	1
CASSFGGSSYNEQFF	1
CASSFGGYTEAFF	1
CASSFGGSADTQYF	1
CASSFGEGSYTEAFF	1
CASSFGTISYEQYF	1
CASSFGTFTNEQFF	1
CASSFGTGNQPQHF	1
CASSFGSTDTQYF	1
CASSFGYEQFF	1
CASSFGLAEVLPYF	1
CASSFGRVGELFF	1
CASSFGQGLKAFF	1
CASSFGQGVNTEAFF	1
CASSFDYTTNEKLFF	1
CASSFDGETQYF	1
CASSFDGNTEAFF	1
CASSFDRYSGNTIYF	1
CASSFERRLYNEQFF	1
CASSFEGSGETQYF	1
CASSFEGNVYEQYF	1
CASSFEAGLTYNEQFF	1
CASSFITGPYEQYF	1
CASSFIGGRASYEQYF	1
CASSFIRGSGELFF	1
CASSFMAEAFF	1
CASSFMAGGDEQFF	1
CASSFMDSGNEQYF	1
CASSFIGGSPGLAGPYNEQFF	1
CASSFTSGTYNEQFF	1
CASSFTSGRSYNEQFF	1
CASSFTPGGSNQPQHF	1
CASSFTGGKGSYNEQFF	1
CASSFTGGANTGELFF	1
CASSFSGGRGRETQYF	1
CASSFSGTDTQYF	1
CASSFSFQNRETQYF	1
CASSFSGPLGTQYF	1
CASSFSGASYNEQFF	1
CASSFSGSYEQYF	1
CASSFSGRVSYEQYF	1
CASSFSGRNQETQYF	1
CASSFSSEGEQFF	1
CASSFRLAGEFYNEQFF	1
CASSFRQGGELFF	1
CASSFRAFF	1
CASSFRGVNTEAFF	1
CASSFRDITGELFF	1
CASSFREDSPLHF	1
CASSFRLAGASDTQYF	1
CASSFNSPLHF	1
CASSFNRGSYNEQFF	1
CASSFNEKLFF	1
CASSFNGGAPKF	1
CASSFFRGAGGEQYF	1
CASSFLTSGRGEQYF	1
CASSFLNSGRLKDEQFF	1
CASSFSSAEGKYF	1
CASSFSSGANVLTF	1
CASSFSPELTTYEQYF	1
CASSFSATQYF	1
CASSFSGTYYEQYF	1
CASSFSRGSNQPQHF	1
CASSFSPGDEQYF	1
CASSFSGELFF	1
CASSFSRATEAFF	1
CASSFSSGRNQPQHF	1
CASSFWASNEQFF	1
CASSFWAELPDTQYF	1
CASSFWTDNSPLHF	1
CASSFYRLAANLRDKTYNEQFF	1
CASSFLGFTEAFF	1
CASSFLDRVNEQYF	1
CASSFLTTDSPNTGELFF	1
CASSFLGTGDEKLFF	1
CASSFLPGTSGQETQYF	1
CASSFLGTGGNTIYF	1
CASSFPFRAGVSREQFF	1
CASSFPPEGQGNTDTQYF	1
CASSFPLTGELFF	1
CASSFPAASEAFF	1
CASSFPGETEAFF	1
CASSFPGTSSYNEQFF	1
CASSFPTQGFYEQYF	1
CASSFPGQGYTEAFF	1
CASSFPTGGNTDTQYF	1
CASSFPTGMGTEAFF	1
CASSFPGAYNEQFF	1
CASSFPGRNGYTF	1
CASSFPGKTYEQYF	1
CASSFRGGTDTQYF	1
CASSFRGTDYNEQFF	1
CASSFRALRKLFF	1
CASSFRGIPAFF	1
CASSFRDRASEQYF	1
CASSFRDRGSEQYF	1
CASSFRDRGGEQYF	1
CASSFRDRDTQYF	1
CASSFRTSGRPTDTQYF	1
CASSFRTSGRAQAYEQYF	1
CASSFRLAGDATYEQYF	1
CASSFRGQPGYEQYF	1
CASSFRESVGAEQYF	1
CASSFHTPRGEETQYF	1
CASSFQREGYEQYF	1
CASSFQGESGYTF	1
CASSFQGLAGNETDTQYF	1
CASSFQGPSGELFF	1
CASSFQREGYTF	1
CASSFQETQYF	1
CASSFQNTQYF	1
CASSFVSSRDGANPPQHF	1
CASSFVPRVGLRGDEQFF	1
CASSFVLGAFNEQFF	1
CASSFVATSTDTQYF	1
CASSFVGGTEAFF	1
CASSFAYTDTQYF	1
CASSFAPGQAPKTGYTF	1
CASSFAHGGVTEAFF	1
CASSFAGAPDTQYF	1
CASSFALAGREQYF	1
CASSFAVAGGLTGELFF	1
CASSFGRLAERRYF	1
CASSFGQTNYGYTF	1
CASSFGGHSNTEAFF	1
CASSFGGAKNIQYF	1
CASSFGTDRKETQYF	1
CASSFGSYEQYF	1
CASSFGYGAYNEQFF	1
CASSFGGSTGELFF	1
CASSFGSEQFF	1
CASSFGKGPDTQYF	1
CASSFGFGNTEAFF	1
CASSFGVIADTQYF	1
CASSFGASESYEQYF	1
CASSFGAGGQETQYF	1
CASSFGGSYNSPLHF	1
CASSFGGPNTGELFF	1
CASSFGGAGTGELFF	1
CASSFGGGPSYEQYF	1
CASSFGDSSYNEQFF	1
CASSFGMNTEAFF	1
CASSFGIQGNTEAFF	1
CASSFGTSGHNEQFF	1
CASSFGTANSPLHF	1
CASSFGTGGFQPQHF	1
CASSFGTEETQYF	1
CASSFGTTQYF	1
CASSFGRETQYF	1
CASSFGLPPNTGELFF	1
CASSFGLAGAGETQYF	1
CASSFGLAETTDTQYF	1
CASSFGRDTNPYEQYF	1
CASSFGQVYEQYF	1
CASSFGQGTNEKLFF	1
CASSFGQGGNTEAFF	1
CASSFGANEQFF	1
CASSFGGAAYEQYF	1
CASSFDPSYEQYF	1
CASSFDRTYEQYF	1
CASSFEANTEAFF	1
CASSFEAFYEQYF	1
CASSFEGMYEQYF	1
CASSFEGRSSYEQYF	1
CASSFEGGMYEQFF	1
CASSFEDNSNEQFF	1
CASSFIRSGELFF	1
CASSFISNFYEQYF	1
CASSFTPSPYEQYF	1
CASSFTEGQATNTEAFF	1
CASSFTSGFDNEQFF	1
CASSFTSGSSNEQFF	1
CASSFTRLDTQYF	1
CASSFTGTPYEQYF	1
CASSFTGTGELFF	1
CASSFTTSGGNEQFF	1
CASSFTPGTGAGETQYF	1
CASSFTAGGPTDTQYF	1
CASSFTDTQYF	1
CASSFRPQETQYF	1
CASSFRPGQNFNEQFF	1
CASSFRQGAEQYF	1
CASSFRGEFGELFF	1
CASSFRDSYEQYF	1
CASSFRTSGRESYNEQFF	1
CASSFRTDTGSPLHF	1
CASSFRSGFNTEAFF	1
CASSFNLASTYNEQFF	1
CASSFKFGDTEAFF	1
CASSFKPTGDIQYF	1
CASSFKTRDTQYF	1
CASSFKDLHGQYNQPQHF	1
CASSLFSGRMVQYF	1
CASSLLRGTGELFF	1
CASSLLREATSYEQYF	1
CASSLLPFNEQFF	1
CASSLLAGDNGYTF	1
CASSLLGSDTGELFF	1
CASSLSTPSIYEQYF	1
CASSLSSGGKVKEQYF	1
CASSLSPRNTEAFF	1
CASSLSQREAYYNEQFF	1
CASSLSNEQFF	1
CASSLSRAAEAFF	1
CASSLSGGAYGYTF	1
CASSLSGVDNEQFF	1
CASSLWQGSRVYGYTF	1
CASSLWGSGSYNEQFF	1
CASSLWGQREGTDTQYF	1
CASSLWGTGAGNSPLHF	1
CASSLWDRENEQFF	1
CASSLYYGLVETDTQYF	1
CASSLYGDEQYF	1
CASSLYSNQPQHF	1
CASSLYPDYTGELFF	1
CASSLYPGGQYF	1
CASSLYGLEADTQYF	1
CASSLYGDYEQYF	1
CASSLLSAHYEQYF	1
CASSLLWMHTGELFF	1
CASSLLALGSEETQYF	1
CASSLLGPGYGYTF	1
CASSLLASSYEQYF	1
CASSLLGGTDTQYF	1
CASSLPLLAASYNEQFF	1
CASSLPGEGNTGELFF	1
CASSLPRGLVTDTQYF	1
CASSLPGDTTNYGYTF	1
CASSLPDTSLEQYF	1
CASSLPRVQPQHF	1
CASSLRAGTGNTIYF	1
CASSLREAFF	1
CASSLRTGGDSPLHF	1
CASSLRLAGDYEQYF	1
CASSLRLRGAIGAFF	1
CASSLRGGPYEQYF	1
CASSLREPVTDTQYF	1
CASSLRRSSSYEQYF	1
CASSLRQGTDTQYF	1
CASSLHGTRATNEKLFF	1
CASSLQFSYEQYF	1
CASSLQGWGDQPQHF	1
CASSLQTGASNYGYTF	1
CASSLQGGTKPQHF	1
CASSLQGQLGNEQFF	1
CASSLVLMGFMDTGELFF	1
CASSLVWTGGNTGELFF	1
CASSLVVGENEKLFF	1
CASSLVGYTEAFF	1
CASSLVGFRGNEQFF	1
CASSLVGGYNEQFF	1
CASSLVGAGAGEQYF	1
CASSLVTRLAGGPYEQYF	1
CASSLVRWKGTYEQYF	1
CASSLVAGGNEQFF	1
CASSLVGVNYEQYF	1
CASSLVGGNTEAFF	1
CASSLVQQRGTDTQYF	1
CASSLVASTGELFF	1
CASSLVGGASNTEAFF	1
CASSLVILGGTDTQYF	1
CASSLARQFNQPQHF	1
CASSLARLNTDTQYF	1
CASSLANYGYTF	1
CASSLAWGSGHYEQYF	1
CASSLAVGLSSYEQYF	1
CASSLAGDSNQPQHF	1
CASSLAGTRGTDTQYF	1
CASSLAGTPAPYEQYF	1
CASSLAGTGPPEQYF	1
CASSLADVMGGLPGELFF	1
CASSLAEGNSPLHF	1
CASSLATQGGNQPQHF	1
CASSLASGRGNEQFF	1
CASSLARGRGQPQHF	1
CASSLARLADKETQYF	1
CASSLANFEGTDTQYF	1
CASSLAKGWETQYF	1
CASSLAKSGTYSNQPQHF	1
CASSLAWTQETQYF	1
CASSLAPRGQETQYF	1
CASSLAAAQETQYF	1
CASSLAGSYEQYF	1
CASSLAGLSNQPQHF	1
CASSLAGVGGQEETQYF	1
CASSLAGARGHEQYF	1
CASSLADLAGVIHNEQFF	1
CASSLATRGFATNEKLFF	1
CASSLATGGSYEQYF	1
CASSLAHLAGDNEQFF	1
CASSLAVEGYGYTF	1
CASSLAAGGAYEQYF	1
CASSLAGVKNIQYF	1
CASSLAGGAWTEAFF	1
CASSLAGGSYGYTF	1
CASSLAGKYEQYF	1
CASSLAGLETYEQYF	1
CASSLATAYGYTF	1
CASSLGYQETQYF	1
CASSLGPGEGELFF	1
CASSLGRDEQFF	1
CASSLGRNQPQHF	1
CASSLGQTYNSPLHF	1
CASSLGVDYNEQFF	1
CASSLGVEQFF	1
CASSLGVNSYEQYF	1
CASSLGVITGELFF	1
CASSLGGAKETQYF	1
CASSLGTGGTQYF	1
CASSLGYQWGITEAFF	1
CASSLGLAGLTGELFF	1
CASSLGLAGDHNEQFF	1
CASSLGQGGYGYTF	1
CASSLGTSGSYEQYF	1
CASSLGSGQRNEKLFF	1
CASSLGSRGPYF	1
CASSLGWLNTEAFF	1
CASSLGPSGSTYEQYF	1
CASSLGPPLAAQETQYF	1
CASSLGPSSNQPQHF	1
CASSLGQQETQYF	1
CASSLGQGRNSPLHF	1
CASSLGQSYEQYF	1
CASSLGVWNTEAFF	1
CASSLGVSAGELFF	1
CASSLGAHQETQYF	1
CASSLGAMAQRNIQYF	1
CASSLGGAYEQYF	1
CASSLGGHEQFF	1
CASSLGGLQYNEQFF	1
CASSLGIAGATGELFF	1
CASSLGTRSGTEAFF	1
CASSLGTSGTQYF	1
CASSLGTSGRTSETQYF	1
CASSLGTPNTEAFF	1
CASSLGTGYGYTF	1
CASSLGTGESGYTF	1
CASSLGSAEAFF	1
CASSLGRGETQYF	1
CASSLGNTEAFF	1
CASSLGKAFF	1
CASSLGLLENEQFF	1
CASSLGLALPYF	1
CASSLGLAAGGDTQYF	1
CASSLGPQPSGNTIYF	1
CASSLGPTNEKLFF	1
CASSLGRYSNQPQHF	1
CASSLGHPRPLHF	1
CASSLGQGNRANEKLFF	1
CASSLGQGQPQHF	1
CASSLGQTNTEAFF	1
CASSLGQNSYEQYF	1
CASSLGVPNEQFF	1
CASSLGVSRTSVINEQFF	1
CASSLGGPNTGELFF	1
CASSLGGLETQYF	1
CASSLGGSYEQYF	1
CASSLGGANIQYF	1
CASSLGGTNEKLFF	1
CASSLGDTIYF	1
CASSLGEVRQPQHF	1
CASSLDYSYETQYF	1
CASSLDAYYEQYF	1
CASSLDIGANTGELFF	1
CASSLDFSYNEQFF	1
CASSLDSHNEQFF	1
CASSLDRAGPQHF	1
CASSLDHYNEQFF	1
CASSLDGLYGYTF	1
CASSLDMFGNTGELFF	1
CASSLDTYEGAYNEQFF	1
CASSLDRVGYTF	1
CASSLDRVHEQYF	1
CASSLDRQPQHF	1
CASSLDRIDGYTF	1
CASSLEYASTDTQYF	1
CASSLELNTEAFF	1
CASSLELAGSYNEQFF	1
CASSLEVLAGVIDNEQFF	1
CASSLEALAYEQYF	1
CASSLEAGQEGTQYF	1
CASSLEASSYNEQFF	1
CASSLEALNTGELFF	1
CASSLEAISYNEQFF	1
CASSLEGQPQHF	1
CASSLEGAGVAETQYF	1
CASSLEGGPYEQYF	1
CASSLEGPAYNEQFF	1
CASSLEEQFF	1
CASSLEISYNEQFF	1
CASSLEMWRTGELFF	1
CASSLESGSLTDTQYF	1
CASSLESSAGTANEQFF	1
CASSLERIYTQYF	1
CASSLEQGIPWPQHF	1
CASSLEQGGETQYF	1
CASSLILEPTSYSPLHF	1
CASSLIDSNQPQHF	1
CASSLINLAGGVGTDTQYF	1
CASSLIHRGITDTQYF	1
CASSLMPNWEEGETQYF	1
CASSLMGGWQSQYF	1
CASSLMGILYNEQFF	1
CASSLMGTLRNEQFF	1
CASSLIAGVVGELFF	1
CASSLISGSLTEQYF	1
CASSLIKQETQYF	1
CASSLTLGQEAGELFF	1
CASSLTGLAKNIQYF	1
CASSLTGGRNEQFF	1
CASSLTGTSGSYEQYF	1
CASSLTSFHEQFF	1
CASSLTSGRSSYNEQFF	1
CASSLTYEQYF	1
CASSLTPLFGKPGQGNYGYTF	1
CASSLTRAPTGELFF	1
CASSLTRDRALENIQYF	1
CASSLTQTGGNDEQYF	1
CASSLTDRGHSNEKLFF	1
CASSLTRKETQYF	1
CASSLTLRQHEQYF	1
CASSLTWGLGGILDEAFF	1
CASSLTPYSNQPQHF	1
CASSLTANSPLHF	1
CASSLTAYNEQFF	1
CASSLTGLDEQFF	1
CASSLTGVYTEAFF	1
CASSLTGALRNEQYF	1
CASSLTGGTSEQYF	1
CASSLTGGSSYEQYF	1
CASSLTGGNADTQYF	1
CASSLTGNQPQHF	1
CASSLSQTSGTDTQYF	1
CASSLSVGLSYEQYF	1
CASSLSGTGDRQPQHF	1
CASSLSIGVYGYTF	1
CASSLSGTSRANVLTF	1
CASSLRLEYNEQFF	1
CASSLRADEQFF	1
CASSLRGEGQPQHF	1
CASSLRTQTDNEQFF	1
CASSLRLAGGMNEQFF	1
CASSLRPIGGEAFF	1
CASSLNSPGNEQFF	1
CASSLKGADEQYF	1
CASSLKDTQYF	1
CASSLFSGGTEAFF	1
CASSLFSDTEAFF	1
CASSLFAGGPADTQYF	1
CASSLFRPTNTGELFF	1
CASSLFRHESSYEQYF	1
CASSLFGGLPFF	1
CASSLFGTGNYGYTF	1
CASSLFGGNTEAFF	1
CASSLFDRGDTGELFF	1
CASSLFRGTTEAFF	1
CASSLLPSTSGSLYEQFF	1
CASSLLQAQGFKETQYF	1
CASSLLGEYETQYF	1
CASSLLNGYNSPLHF	1
CASSLLPDTQYF	1
CASSLLRENTEAFF	1
CASSLLRNRQTYSNQPQHF	1
CASSLLQASYNEQFF	1
CASSLLQGYEQYF	1
CASSLLAGGTKTQYF	1
CASSLLGGVSSPLHF	1
CASSLLETQYF	1
CASSLSPSENTGELFF	1
CASSLSDYEQYF	1
CASSLSDVPNTEAFF	1
CASSLSRFRQGHQPQHF	1
CASSLSSGTRPEQFF	1
CASSLSSTGTDTQYF	1
CASSLSLTRALSTDTQYF	1
CASSLSLVSSYNEQFF	1
CASSLSPAGVETQYF	1
CASSLSPGTYEQYF	1
CASSLSQSTEAFF	1
CASSLSQGTMYEQYF	1
CASSLSVDTQYF	1
CASSLSAPGQGRTDTQYF	1
CASSLSGRTGQETQYF	1
CASSLSSYEQYF	1
CASSLSFLEVYNEQFF	1
CASSLSFGSPSYEQYF	1
CASSLSPLGGYEQYF	1
CASSLSVANIQYF	1
CASSLSAGPYEQYF	1
CASSLSGLREQYF	1
CASSLSEGNTEAFF	1
CASSLSWPRANEQFF	1
CASSLSWAEETQYF	1
CASSLSRTPDYLHF	1
CASSLSRQNTEAFF	1
CASSLSQTNTGELFF	1
CASSLSAYGGEQYF	1
CASSLSGLGVNEQFF	1
CASSLSGFKYEQYF	1
CASSLWWGENTEAFF	1
CASSLWPPGTAAYEQYF	1
CASSLWQTQGACVDSNQPQHF	1
CASSLWAGSSYEQYF	1
CASSLWGLAGKYSYEQYF	1
CASSLWGGEQFF	1
CASSLWGTDTQYF	1
CASSLWGSGFTEAFF	1
CASSLWGWTPGSNQPQHF	1
CASSLWGEQFF	1
CASSLWGEQDYEQYF	1
CASSLWGSTDTQYF	1
CASSLWGNQPQHF	1
CASSLWGKGAYGQPQHF	1
CASSLWDRERETQYF	1
CASSLWESSYEQYF	1
CASSLWTSPNSYNEQFF	1
CASSLWRSSGRAYNEQFF	1
CASSLYPSDTGELFF	1
CASSLYPRLAGITDTQYF	1
CASSLYGQGTEAFF	1
CASSLYDQPQHF	1
CASSLYTGETQYF	1
CASSLYTGTQYF	1
CASSLYSGGTGELFF	1
CASSLYSGRQGGELFF	1
CASSLYLNNEQFF	1
CASSLYAGIDNEQFF	1
CASSLYGTDTQYF	1
CASSLYMNTEAFF	1
CASSLLGNEQFF	1
CASSLLRSTDTQYF	1
CASSLLGGGNTDTQYF	1
CASSLLGGLRTDTQYF	1
CASSLLGYSYEQYF	1
CASSLLGQGSEKLFF	1
CASSLLSKGDEQFF	1
CASSLLAGGYEQYF	1
CASSLLGAGEKLFF	1
CASSLLAGTYNEQFF	1
CASSLLAGSYNEQFF	1
CASSLLAGNQPQHF	1
CASSLLGQGSYEQYF	1
CASSLLEGQPQHF	1
CASSLPLKHRSYEQYF	1
CASSLPDGRAVEQFF	1
CASSLPNNPGGAFF	1
CASSLPPGQTAKNIQYF	1
CASSLPPTSPASTDTQYF	1
CASSLPVAGVFYNEQFF	1
CASSLPGYEQYF	1
CASSLPGARPTGELFF	1
CASSLPGELFF	1
CASSLPRRSGIGGSYEQYF	1
CASSLPKTGGDNEQFF	1
CASSLPSNEQFF	1
CASSLPVQILNTEAFF	1
CASSLPGPNGWETQYF	1
CASSLPGSYEQYF	1
CASSLPGLVAEQFF	1
CASSLPGGSYNEQFF	1
CASSLPDRSYEQYF	1
CASSLRLTSRKLDNEQFF	1
CASSLRSSGTGELFF	1
CASSLRPSYEQYF	1
CASSLRGLAVNEQFF	1
CASSLRIRELSTDTQYF	1
CASSLRLTQYF	1
CASSLRLAGTGELFF	1
CASSLRQNSPTANTGELFF	1
CASSLRGTGEETQYF	1
CASSLRSGIYEQYF	1
CASSLRWGGNQPQHF	1
CASSLRLPGLGGETQYF	1
CASSLRPAQLASTDTQYF	1
CASSLRVLAGGTGELFF	1
CASSLRAGGRNEQFF	1
CASSLRGGWDEQFF	1
CASSLRDRGFNNEKLFF	1
CASSLRESYEQYF	1
CASSLRTGYNEQFF	1
CASSLRWDTSSYNEQFF	1
CASSLRPAQGTQYF	1
CASSLRPETWIAGATYNEQFF	1
CASSLRQGFTDTQYF	1
CASSLRQGSYNEQFF	1
CASSLRARMGTDTQYF	1
CASSLRGLIGNTIYF	1
CASSLRGSGYNEQFF	1
CASSLREASEQYF	1
CASSLHRDSYYEQYF	1
CASSLHPQGRELFF	1
CASSLHRGYQETQYF	1
CASSLHGNTGELFF	1
CASSLQVSSYNEQFF	1
CASSLQVAPMNTEAFF	1
CASSLQGLSYEQYF	1
CASSLQGARLYGYTF	1
CASSLQGGREKLFF	1
CASSLQGTNTEAFF	1
CASSLQGNYGYTF	1
CASSLQGLAAYNEQFF	1
CASSLQTGGRYNEQFF	1
CASSLQATSGFSGELFF	1
CASSLQKGVSGNTIYF	1
CASSLVFSHNEQFF	1
CASSLVSWNTEAFF	1
CASSLVSGAGYGYTF	1
CASSLVSTRQETQYF	1
CASSLVWENEQFF	1
CASSLVWNEQFF	1
CASSLVLLAGAHEQFF	1
CASSLVPLAGGTGELFF	1
CASSLVPRGGGELFF	1
CASSLVRGVTEAFF	1
CASSLVRAGYTYEQYF	1
CASSLVRAGELFF	1
CASSLVRLRNDYNEQFF	1
CASSLVQGNYGYTF	1
CASSLVVSMNTEAFF	1
CASSLVVGLHEQFF	1
CASSLVGDNEQFF	1
CASSLVGSGAYEQYF	1
CASSLVGTGEQYF	1
CASSLVGGVTNEKLFF	1
CASSLVGGGGNQPQHF	1
CASSLVGGDEQFF	1
CASSLVGNSPLHF	1
CASSLVGRPSYEQYF	1
CASSLVDGVTEAFF	1
CASSLVILAYEQYF	1
CASSLVIGSGRNEQFF	1
CASSLVMGEETQYF	1
CASSLVTRLYYEQYF	1
CASSLVSWAYEQYF	1
CASSLVSLAGGAEQYF	1
CASSLVSGSDNEQFF	1
CASSLVRAYEQYF	1
CASSLVRTGPSSYEQYF	1
CASSLVLQPSNQPQHF	1
CASSLVLDTEAFF	1
CASSLVSGTAVTQYF	1
CASSLVSPYNEQFF	1
CASSLVYGKETQYF	1
CASSLVLLAGGELFF	1
CASSLVLRGLAGEETQYF	1
CASSLVLYEQYF	1
CASSLVPQNTGELFF	1
CASSLVPVTDTQYF	1
CASSLVPILAGLADTQYF	1
CASSLVRGTGNTEAFF	1
CASSLVARGGVGYTF	1
CASSLVARDSEQYF	1
CASSLVAGQSTDTQYF	1
CASSLVAGGTADEQFF	1
CASSLVAENYGYTF	1
CASSLVGSPLHF	1
CASSLVGGEQFF	1
CASSLVGLSSYNEQFF	1
CASSLVGGIYNEQFF	1
CASSLVGSTSGNYEQYF	1
CASSLVGSETQYF	1
CASSLVGGGYGYTF	1
CASSLVGGGQAPTKQYF	1
CASSLVGGSYEQYF	1
CASSLVGDTQYF	1
CASSLVGDTQYF	1
CASSLVIRQGDPYEQYF	1
CASSLVTQGGEQFF	1
CASSLVRNQPQHF	1
CASSLVFRSPLHF	1
CASSLVSEVNTGELFF	1
CASSLVWNNEQFF	1
CASSLVQSAISNQPQHF	1
CASSLVAPPAEQFF	1
CASSLVAGTGSSYEQYF	1
CASSLVAGANTGELFF	1
CASSLVADSYNEQFF	1
CASSLVATGELFF	1
CASSLVATAVYGYTF	1
CASSLVAVEKLFF	1
CASSLVAAYEQYF	1
CASSLVGYEQYF	1
CASSLVGSSYEQYF	1
CASSLVGRPSTDTQYF	1
CASSLVGASYEQYF	1
CASSLVGASTEAFF	1
CASSLVGAETQYF	1
CASSLVGEPQHF	1
CASSLVGTYQHF	1
CASSLVGTANTEAFF	1
CASSLVGTGDNEQFF	1
CASSLVGLAGIEQFF	1
CASSLVGQGLDEQFF	1
CASSLVGQGPGHNEQFF	1
CASSLVGGPTDTQYF	1
CASSLVDGIEQYF	1
CASSLVTAFYEQYF	1
CASSLVTDINEQFF	1
CASSLVKGLRGGNQPQHF	1
CASSLVKDRVNEQYF	1
CASSLVLGGAGGYTF	1
CASSLVSGDTTYGYTF	1
CASSLVSGTGGYEQYF	1
CASSLVSTPGQPTSSFQYF	1
CASSLVRTSSYNEQFF	1
CASSLVVGLGETQYF	1
CASSLVVGNTEAFF	1
CASSLVVEQIGYTF	1
CASSLVAGAAETQYF	1
CASSLVADNEQFF	1
CASSLVGSGKETQYF	1
CASSLVGGGRNTEAFF	1
CASSLVGTGSPLHF	1
CASSLVGRTTNEKLFF	1
CASSLVGGFVEKLFF	1
CASSLVGDYNEQFF	1
CASSLVGDRDHQPQHF	1
CASSLVGEATDTQYF	1
CASSLVGTVDNEQFF	1
CASSLVGTGSGDTQYF	1
CASSLVGTGGSYEQYF	1
CASSLVGTGGTDTQYF	1
CASSLVGSEAFF	1
CASSLVEAGELFF	1
CASSLVELAGGPQETQYF	1
CASSLVTSDTQYF	1
CASSLVTPGGKQSYEQYF	1
CASSLVSGKSYEQYF	1
CASSLAFRENTEAFF	1
CASSLALGSYNEQFF	1
CASSLASLSSYEQYF	1
CASSLAPQGGNYEQYF	1
CASSLAPGTVRQWAESAGELFF	1
CASSLAPDRLTDTQYF	1
CASSLAPDSSYNEQFF	1
CASSLAPGAYGYTF	1
CASSLARETQYF	1
CASSLAAVQTQYF	1
CASSLAAGKDTQYF	1
CASSLAAGQSSYNEQFF	1
CASSLAAGGHEQYF	1
CASSLAGGYGYTF	1
CASSLAGVSSYNEQFF	1
CASSLAGGNIDPYEQYF	1
CASSLAGLNTEAFF	1
CASSLAGGVVDEQFF	1
CASSLAGGDTEAFF	1
CASSLAGGTGEDGYTF	1
CASSLAGGSYEQYF	1
CASSLAMSGSGSPLHF	1
CASSLATPGQLGGEQYF	1
CASSLATSSYNEQFF	1
CASSLATVTEAFF	1
CASSLATRYEQYF	1
CASSLASGISYEQYF	1
CASSLASGSGAYEQYF	1
CASSLAKGGELFF	1
CASSLALGQKSYEQYF	1
CASSLASREVPYEQYF	1
CASSLASSLAGTGELFF	1
CASSLALTGGGGTEAFF	1
CASSLALLAGSPPSYNEQFF	1
CASSLAPQGKQYF	1
CASSLAPSSYEQYF	1
CASSLAPLEQYF	1
CASSLAPGISYGYTF	1
CASSLAPGWGANEQFF	1
CASSLARPQISGNTIYF	1
CASSLARQGATGELFF	1
CASSLAQREGTGELFF	1
CASSLAVRAGAYNEQFF	1
CASSLAVSEETQYF	1
CASSLAVRNQPQHF	1
CASSLAVRGNSGNTIYF	1
CASSLAVLARNEQFF	1
CASSLAAWYGTGELFF	1
CASSLAAFNIQYF	1
CASSLAATGTAHYEQYF	1
CASSLAGTGEQYF	1
CASSLAGAGELFF	1
CASSLAGYTDTQYF	1
CASSLAGTASYGYTF	1
CASSLAGTEGYEQYF	1
CASSLAGRVTNEKLFF	1
CASSLAGQTQYF	1
CASSLAGATGADQPQHF	1
CASSLADGEQFF	1
CASSLATGSHGKLFF	1
CASSLATGTDTQYF	1
CASSLASGDYEQYF	1
CASSLARARADTQYF	1
CASSLANNVVRFF	1
CASSLALSLEQYF	1
CASSLALNRGNEQFF	1
CASSLASVEEAFF	1
CASSLASPGQGRQETQYF	1
CASSLASRAGGRYEQYF	1
CASSLASGGLTYEQYF	1
CASSLAYSRLNTDTQYF	1
CASSLAYGDTQYF	1
CASSLALPQGRETQYF	1
CASSLALGAETQYF	1
CASSLALNLWEGDTQYF	1
CASSLALAASSYEQYF	1
CASSLALAGSSYEQYF	1
CASSLALGPPYEQYF	1
CASSLALGTSSYNEQFF	1
CASSLAPTDTQYF	1
CASSLAPNRGDRYNEQFF	1
CASSLARLRAGRMDYGYTF	1
CASSLARDSGNNEQFF	1
CASSLARLGASPLHF	1
CASSLARGQGGHPWEMETQYF	1
CASSLARDRFYEQYF	1
CASSLARRLAQETQYF	1
CASSLARGGEAFF	1
CASSLAQLAEGF	1
CASSLAQREIFYNEQFF	1
CASSLAQREITYEQYF	1
CASSLAQVSRAFF	1
CASSLAQGKSSYEQYF	1
CASSLAQKMGEKLFF	1
CASSLAVRDEQYF	1
CASSLAVPGELFF	1
CASSLAVLGRELATNEKLFF	1
CASSLAVGGEQFF	1
CASSLAVVPYNEQFF	1
CASSLAASGSPYEQYF	1
CASSLAASGRSGELFF	1
CASSLAARGRGETQYF	1
CASSLAAHRGNNEQFF	1
CASSLAAGGSEQYF	1
CASSLAADNSPLHF	1
CASSLAGYQQYF	1
CASSLAGLGNTIYF	1
CASSLAGLAGAGSSYNEQFF	1
CASSLAGVFYEQYF	1
CASSLAGGVSSYNSPLHF	1
CASSLAGGTEAFF	1
CASSLAGTSGRTDTQYF	1
CASSLAGSGNTIYF	1
CASSLAGRLSNEKLFF	1
CASSLAGYTIYF	1
CASSLAGLAADEQFF	1
CASSLAGLAGGTGELFF	1
CASSLAGRDYEQYF	1
CASSLAGGAINEQFF	1
CASSLAGGPSYEQYF	1
CASSLAGDFEQYF	1
CASSLAGRAYGYTF	1
CASSLAGRLAPETRTYNEQFF	1
CASSLADGNEKLFF	1
CASSLAEGVYSPLHF	1
CASSLAEGLRYEQYF	1
CASSLAETQYF	1
CASSLAESGRPEQYF	1
CASSLAIMGRGPNTGELFF	1
CASSLAIGQAYNEQFF	1
CASSLATLYNEQFF	1
CASSLATGEQYF	1
CASSLARGSGGTDTQYF	1
CASSLARGVLTREQFF	1
CASSLARNTEAFF	1
CASSLANVGLSSYNEQFF	1
CASSLANPPRGRYEQYF	1
CASSLAFGGSYEQYF	1
CASSLALLRERRDNEQFF	1
CASSLASHNEQFF	1
CASSLASGTSGSAYTQYF	1
CASSLASSVWETQYF	1
CASSLALYEQYF	1
CASSLAPPSREQYF	1
CASSLAAAYTEAFF	1
CASSLAGGEQYF	1
CASSLAGRNYEQYF	1
CASSLAGGEREQYF	1
CASSLAGGGNTIYF	1
CASSLAGTIRRHF	1
CASSLAGNNYGYTF	1
CASSLAGDQETQYF	1
CASSLAEGYEQYF	1
CASSLAIGFSNQPQHF	1
CASSLARGTSEQYF	1
CASSLGFAAKNIQYF	1
CASSLGSGSRYNEQFF	1
CASSLGSRAYEQYF	1
CASSLGSSLSYEQYF	1
CASSLGSASNQPQHF	1
CASSLGYVIAGGETQYF	1
CASSLGLYGYTF	1
CASSLGLGTPYEQYF	1
CASSLGPSPLHF	1
CASSLGRAGPTDTQYF	1
CASSLGRAGNSYEQYF	1
CASSLGRVNYGYTF	1
CASSLGVREETQYF	1
CASSLGVGQENNEQFF	1
CASSLGVTGGYEQYF	1
CASSLGVAGVSNEQFF	1
CASSLGATEAFF	1
CASSLGASNQPQHF	1
CASSLGASTDTQYF	1
CASSLGANQPQHF	1
CASSLGGWTSDGYEQYF	1
CASSLGGSSYEQYF	1
CASSLGGTGELFF	1
CASSLGGGYPGELFF	1
CASSLGGNEQFF	1
CASSLGEAYEKLFF	1
CASSLGTAEAFF	1
CASSLGTGGFYEQYF	1
CASSLGSRMYYEQYF	1
CASSLGSGYNEQFF	1
CASSLGRAQPQHF	1
CASSLGNGLPLGDYEQYF	1
CASSLGLALGTQYF	1
CASSLGLYNEQFF	1
CASSLGSYEQYF	1
CASSLGSPRETQYF	1
CASSLGWMRRQETQYF	1
CASSLGWSGRTNEQFF	1
CASSLGLAASSTDTQYF	1
CASSLGLAGGYEQFF	1
CASSLGLGTSGFSYEQYF	1
CASSLGPGTDTEAFF	1
CASSLGPSGPNSYNEQFF	1
CASSLGPTSGQFF	1
CASSLGPGVGMNTEAFF	1
CASSLGRLGGPTSGNTQYF	1
CASSLGREGYEQFF	1
CASSLGQVVLLAKNIQYF	1
CASSLGQGGISGYTF	1
CASSLGGGSNQPQHF	1
CASSLGGTIRDPEFF	1
CASSLGGTGGTEAFF	1
CASSLGGSTTQYF	1
CASSLGGRDNEQFF	1
CASSLGGNTGELFF	1
CASSLGGGSRSMNTEAFF	1
CASSLGTGYISDTQYF	1
CASSLGRSSGWSSYEQYF	1
CASSLGRYNEQFF	1
CASSLGRVNTGELFF	1
CASSLGRNEQFF	1
CASSLGKKGFNEQFF	1
CASSLGFTGHSGGYTF	1
CASSLGFGPATEQYF	1
CASSLGFGVKTKGDTQYF	1
CASSLGLRGLKTETQYF	1
CASSLGLAGGTADTQYF	1
CASSLGLTAATNEKLFF	1
CASSLGSLAGEADTQYF	1
CASSLGSPLLYGYTF	1
CASSLGWGLDTQYF	1
CASSLGWRQRGKNTEAFF	1
CASSLGLLNEQFF	1
CASSLGLVQPQHF	1
CASSLGLVWETQYF	1
CASSLGLAANEQFF	1
CASSLGLAGTTDTQYF	1
CASSLGLMTGEAFF	1
CASSLGPRGSTDTQYF	1
CASSLGPSADYEQYF	1
CASSLGPSSGMYNEQFF	1
CASSLGPPGEKLFF	1
CASSLGRSSTDTQYF	1
CASSLGRAVQETQYF	1
CASSLGQAATYEQYF	1
CASSLGQGTNEKLFF	1
CASSLGQGYSPLHF	1
CASSLGQGAKNTEAFF	1
CASSLGQISNEKLFF	1
CASSLGQIAKNIQYF	1
CASSLGVLREQYF	1
CASSLGVTNYGYTF	1
CASSLGVASSYNEQFF	1
CASSLGVGEQYF	1
CASSLGVNTGELFF	1
CASSLGVQGKEQFF	1
CASSLGVAEETQYF	1
CASSLGVDTQYF	1
CASSLGAPEKLFF	1
CASSLGASGSYEQYF	1
CASSLGASGSNEQFF	1
CASSLGAFGGLAKNIQYF	1
CASSLGAPGNEKLFF	1
CASSLGAGGQYF	1
CASSLGAGAYNEQFF	1
CASSLGAGEAYEQYF	1
CASSLGGSTEAFF	1
CASSLGGVPSYNEQFF	1
CASSLGGAAYEQYF	1
CASSLGGNSPLHF	1
CASSLGGLYNEQFF	1
CASSLGGAPAYEQYF	1
CASSLGGGRATDTQYF	1
CASSLGGGNQPQHF	1
CASSLGGGSYEQYF	1
CASSLGGGDTQYF	1
CASSLGGIGYEQYF	1
CASSLGGITEAFF	1
CASSLGGTGKYEQYF	1
CASSLGGLAELTDTQYF	1
CASSLGGPQETQYF	1
CASSLGGRETQYF	1
CASSLGGHYNEQFF	1
CASSLGGHPQETQYF	1
CASSLGGVYEQYF	1
CASSLGGAEQFF	1
CASSLGGALLQGTEAFF	1
CASSLGGETPTYEQYF	1
CASSLGDITLENTDTQYF	1
CASSLGDSYEAFF	1
CASSLGDREQETQYF	1
CASSLGDRRNTEAFF	1
CASSLGEFRYIQYF	1
CASSLGERGSYEQYF	1
CASSLGISSSYEQYF	1
CASSLGIQETQYF	1
CASSLGIQTRTEAFF	1
CASSLGTIDNEQFF	1
CASSLGTSLIFDEQYF	1
CASSLGTPDTQYF	1
CASSLGTTDTQYF	1
CASSLGTGSSYEQYF	1
CASSLGTDGATNEKLFF	1
CASSLGTTSGRVFGTDEQFF	1
CASSLGTNTEAFF	1
CASSLGTGSYEQYF	1
CASSLGTGPYEQYF	1
CASSLGTMNTEAFF	1
CASSLGRGEAFF	1
CASSLGRSSGNTIYF	1
CASSLGRRLASHEQFF	1
CASSLGRLGETQYF	1
CASSLGRVQIGTDTQYF	1
CASSLGRTYEQYF	1
CASSLGNVVTYEQYF	1
CASSLGFSGSSYNEQFF	1
CASSLGFVTGGPSDTQYF	1
CASSLGFTDTQYF	1
CASSLGLAGSYEQYF	1
CASSLGSSGGGETQYF	1
CASSLGSAVEQFF	1
CASSLGYGGGKPQHF	1
CASSLGLTYEQYF	1
CASSLGLVGAKNIQYF	1
CASSLGLAGYTDTQYF	1
CASSLGLAAHTQYF	1
CASSLGLAGVTSYEQYF	1
CASSLGLAGVLETQYF	1
CASSLGLAKVYEQYF	1
CASSLGLGNEQFF	1
CASSLGPGVNYEQYF	1
CASSLGPNYEQYF	1
CASSLGRQANYGYTF	1
CASSLGRLSNQPQHF	1
CASSLGRNTGELFF	1
CASSLGQYEQYF	1
CASSLGQLNYGYTF	1
CASSLGQPLTYEQYF	1
CASSLGQAYGYTF	1
CASSLGQGGLSGNTIYF	1
CASSLGQGPSGKLFF	1
CASSLGQGASNEQFF	1
CASSLGQGDQPQHF	1
CASSLGQGDGYTF	1
CASSLGQGISYEQYF	1
CASSLGQNQPQHF	1
CASSLGVGGSFTDTQYF	1
CASSLGVGDTQYF	1
CASSLGVPNKETQYF	1
CASSLGASGYEQYF	1
CASSLGAGTGTSNYEQYF	1
CASSLGASSGETQYF	1
CASSLGAGAYNEQFF	1
CASSLGAGDEQYF	1
CASSLGAGEGTDTQYF	1
CASSLGAELFF	1
CASSLGGSINEKLFF	1
CASSLGGLSTDTQYF	1
CASSLGGFNTEAFF	1
CASSLGGSYEQYF	1
CASSLGGASSYEQYF	1
CASSLGGGGQPQHF	1
CASSLGGGRVYNEQFF	1
CASSLGGTSGSPDTQYF	1
CASSLGGTSGRAHEQYF	1
CASSLGGTTDTQYF	1
CASSLGGTAEKLFF	1
CASSLGGQGSTDTQYF	1
CASSLGEGPEQPQHF	1
CASSLGTGTGTDTQYF	1
CASSLGTDRHRPQDTQYF	1
CASSLGTAPYSNQPQHF	1
CASSLGTGNYYEQYF	1
CASSLGTSADTQYF	1
CASSLGTGNQPQHF	1
CASSLGSDGGYQPQHF	1
CASSLGRAVSTDTQYF	1
CASSLDFGRRTDTQYF	1
CASSLDSGGSNQPQHF	1
CASSLDSGVRNIQYF	1
CASSLDWAGARVEQYF	1
CASSLDYRIYSYNEQFF	1
CASSLDYTQYF	1
CASSLDLGSDYGYTF	1
CASSLDLDRGEQYF	1
CASSLDPDGRVYGYTF	1
CASSLDPRTGGRMNTEAFF	1
CASSLDPSNEQFF	1
CASSLDPAMVTQYF	1
CASSLDPGTGFSGNTIYF	1
CASSLDRGTSGYGYTF	1
CASSLDRTGGSWWSPLHF	1
CASSLDVTSGFF	1
CASSLDASAYSYEQYF	1
CASSLDALGAGGHPRQFF	1
CASSLDAGAYNEQFF	1
CASSLDAGQGTYNEQFF	1
CASSLDGSGSRQFF	1
CASSLDGRVANEQFF	1
CASSLDGVYNEQFF	1
CASSLDGAYQPQHF	1
CASSLDGAAQYF	1
CASSLDGGYATQPQHF	1
CASSLDGGMGGYTF	1
CASSLDGGATNEKLFF	1
CASSLDGDRETYEQYF	1
CASSLDGTTNTGELFF	1
CASSLDGTAYEQYF	1
CASSLDGPTDTQYF	1
CASSLDGQTNTGELFF	1
CASSLDGGLNQPQHF	1
CASSLDDGHNQPQHF	1
CASSLDIGGVGEQFF	1
CASSLDSGRYNEQFF	1
CASSLDSNQPQHF	1
CASSLDRTAEQYF	1
CASSLDKGGTQYF	1
CASSLDKGFRTDTQYF	1
CASSLDLLAKNIQYF	1
CASSLDLDGLHSEQYF	1
CASSLDPGGITEAFF	1
CASSLDPQNYGYTF	1
CASSLDPSPRYYGYTF	1
CASSLDANTDTQYF	1
CASSLDAGSSYEQYF	1
CASSLDGVEQYF	1
CASSLDGAIGGYTF	1
CASSLDGTSYNEQFF	1
CASSLDGSWGNEQFF	1
CASSLDGRASNTQYF	1
CASSLDGYEQYF	1
CASSLDGNYGYTF	1
CASSLDEGGMHIQYF	1
CASSLDSNQPQHF	1
CASSLDRGYEQYF	1
CASSLDRGVTYEQYF	1
CASSLDRGQGYNEQFF	1
CASSLDRDSGNTIYF	1
CASSLEFEGVNTEAFF	1
CASSLEFTGTKSLWDEQFF	1
CASSLEFWGTEDNSPLHF	1
CASSLEFTEAFF	1
CASSLELTSGSGEQYF	1
CASSLESLSYNEQFF	1
CASSLESPGGSKNIQYF	1
CASSLEWVRADTQYF	1
CASSLEWGPMNTDTQYF	1
CASSLEYWGGTGFQETQYF	1
CASSLEYYGYTF	1
CASSLEYRKNEKLFF	1
CASSLELAGVGEQFF	1
CASSLEPPRRGSVGEQFF	1
CASSLEPLRANTGELFF	1
CASSLEPGRTGELFF	1
CASSLEPTGSEQYF	1
CASSLERQRDTQYF	1
CASSLERDYEQYF	1
CASSLEQGPHEAFF	1
CASSLEQGPSGYTF	1
CASSLEVKGQGQFF	1
CASSLEVGLQETQYF	1
CASSLEVRETQYF	1
CASSLEAQPSTDTQYF	1
CASSLEAVNYGYTF	1
CASSLEAGREFGTDTQYF	1
CASSLEAHAGYEQYF	1
CASSLEAAGPYNEQFF	1
CASSLEAGLTKNIQYF	1
CASSLEAGTAYEQYF	1
CASSLEGVDEQFF	1
CASSLEGSGLSYNEQFF	1
CASSLEGGQPQHF	1
CASSLEGDPEAFF	1
CASSLEGSSYEQYF	1
CASSLEGRGPGMNTEAFF	1
CASSLEGFEKLFF	1
CASSLEGPSSYNSPLHF	1
CASSLEGRSSYNEQFF	1
CASSLEGGGYEKLFF	1
CASSLEGGGERNIQYF	1
CASSLEDGTYEQYF	1
CASSLEEGARSPLHF	1
CASSLEETQYF	1
CASSLETGTGYYEQYF	1
CASSLETSGRYETQYF	1
CASSLETGGREQYF	1
CASSLERDYNEQFF	1
CASSLEFSRSYNSPLHF	1
CASSLELGVYAFF	1
CASSLELGEQYF	1
CASSLELAGGSSYNEQFF	1
CASSLELAGLLNTQYF	1
CASSLELAGDTYEQYF	1
CASSLELAGRTGELFF	1
CASSLELAGALTDTQYF	1
CASSLELAGDTQYF	1
CASSLEPTETGELFF	1
CASSLERYQPQHF	1
CASSLERKGFPYEQYF	1
CASSLEQGNSYEQYF	1
CASSLEQGHIQYF	1
CASSLEQADSSYEQYF	1
CASSLEVGRASYEQYF	1
CASSLEVIQETQYF	1
CASSLEVMGLSGSYETQYF	1
CASSLEVGNTGELFF	1
CASSLEAQANTGELFF	1
CASSLEAEQYF	1
CASSLEAGSSYEQYF	1
CASSLEAGPGNEQFF	1
CASSLEGYEQYF	1
CASSLEGGGLQETQYF	1
CASSLEGWGYTF	1
CASSLEGGAAEQYF	1
CASSLEGLAISGELFF	1
CASSLEGQGNTEAFF	1
CASSLEGGKNIQYF	1
CASSLEGLAGGVRQFF	1
CASSLEGLAGDEQYF	1
CASSLEGLADGAYNEQFF	1
CASSLEGVSSYEQYF	1
CASSLEGIKETF	1
CASSLEESSYNEQFF	1
CASSLEIRRARPEAFF	1
CASSLETAGDYNEQFF	1
CASSLETGRNTEAFF	1
CASSLESGGVNEQFF	1
CASSLIPVQGAEAFF	1
CASSLIGSSGNTIYF	1
CASSLIGSVAGELFF	1
CASSLITDQPQHF	1
CASSLINTLGNYEQYF	1
CASSLIFSGEKLFF	1
CASSLISWDTQYF	1
CASSLISLAGAEQFF	1
CASSLIYSEAFF	1
CASSLIVSGGRGTGELFF	1
CASSLIVQREGLWHNEQFF	1
CASSLIRGQETQYF	1
CASSLMLADGYEQYF	1
CASSLMRETGELFF	1
CASSLMVGETGFF	1
CASSLMAGGETQYF	1
CASSLMADTQYF	1
CASSLMGAQGEDTQYF	1
CASSLMGGLAGVTAQFF	1
CASSLMGNGEKLFF	1
CASSLMGLAYNEQFF	1
CASSLMDEQFF	1
CASSLISYNEQFF	1
CASSLISGAAYNEQFF	1
CASSLIPLSNQPQHF	1
CASSLIPDHNEQFF	1
CASSLIAGGDTQYF	1
CASSLIGRGGTEAFF	1
CASSLIESGGTHTDTQYF	1
CASSLTPGLAVDEQFF	1
CASSLTRGHRGEQFF	1
CASSLTRGNQETQYF	1
CASSLTQTGFGTGELFF	1
CASSLTVEETQYF	1
CASSLTGFGPGNTIYF	1
CASSLTSGYEQYF	1
CASSLTSGNTYEQYF	1
CASSLTSGEYEQYF	1
CASSLTSGTSGRGYEQYF	1
CASSLTSGLYNEQFF	1
CASSLTYQETQYF	1
CASSLTLGEGLRTDTQYF	1
CASSLTLAGNTDTQYF	1
CASSLTPFRDNQPQHF	1
CASSLTPLGEGEQYF	1
CASSLTRGEQFF	1
CASSLTRDTLAGGPGNEQFF	1
CASSLTQGFRGYTF	1
CASSLTQSQETQYF	1
CASSLTAGLAHNEQFF	1
CASSLTAGAQTLREQYF	1
CASSLTGGHSPLHF	1
CASSLTGTPTGYTF	1
CASSLTGTSVDEQFF	1
CASSLTGTGGMNTEAFF	1
CASSLTGFNEKLFF	1
CASSLTGGKNIQYF	1
CASSLTSVGAEAFF	1
CASSLTRVTNEKLFF	1
CASSLTNLEVWTDTQYF	1
CASSLTLGASGRSNTGELFF	1
CASSLTSRGDEQYF	1
CASSLTSGLVNTEAFF	1
CASSLTLAGSYEQYF	1
CASSLTHQSYLSEQYF	1
CASSLTVVNEQFF	1
CASSLTVVSYNEQFF	1
CASSLTASGASTDTQYF	1
CASSLTAYEQYF	1
CASSLTAGSPYEQYF	1
CASSLTAGFGYEQYF	1
CASSLTGTNNEQFF	1
CASSLTGFIQETQYF	1
CASSLTGQGYEQYF	1
CASSLTDASAEQYF	1
CASSLTEEETQYF	1
CASSLTRGGRDTQYF	1
CASSLTRGLAGGRGTDTQYF	1
CASSLTPGGKETQYF	1
CASSLTRESSYEQYF	1
CASSLTHSYEQYF	1
CASSLTAGVGDIQYF	1
CASSLTAGGYNEQFF	1
CASSLTGSYNEQFF	1
CASSLTGYEQYF	1
CASSLTGQNNEQFF	1
CASSLTGGGADTQYF	1
CASSLTGGRSTEAFF	1
CASSLTGGEKLFF	1
CASSLTGVETGELFF	1
CASSLTSPGPAGELFF	1
CASSLTSGQGANTGELFF	1
CASSLSFRGGKTEAFF	1
CASSLSSPRAFF	1
CASSLSSEKLFF	1
CASSLSYGTGRGNTIYF	1
CASSLSLAGSYNEQFF	1
CASSLSPSGTRTDTQYF	1
CASSLSRGSEQYF	1
CASSLSQNQPQHF	1
CASSLSGVNNEQFF	1
CASSLSGNDANEQFF	1
CASSLSGLAKQFF	1
CASSLSIDRGNTGELFF	1
CASSLSSGAPETQYF	1
CASSLSSYSSMNTEAFF	1
CASSLSLAEETQYF	1
CASSLSPYEVGMNTEAFF	1
CASSLSPLYGYTF	1
CASSLSPGGKYNEQFF	1
CASSLSRAVDTQYF	1
CASSLSATGASGYEQFF	1
CASSLSGVNTGELFF	1
CASSLSGAAYNEQFF	1
CASSLSGGYEQYF	1
CASSLSGSQGDEQFF	1
CASSLSGSGPDTQYF	1
CASSLSGRAFEQFF	1
CASSLSRDTEAFF	1
CASSLRFAATGGRNEQFF	1
CASSLRSSSYEQYF	1
CASSLRWADTQYF	1
CASSLRLRDRGTEAFF	1
CASSLRLTESTDTQYF	1
CASSLRLAESTDTQYF	1
CASSLRVRTTDTQYF	1
CASSLRVQETQYF	1
CASSLRANRETQYF	1
CASSLRGLGRGVYEQYF	1
CASSLRGEKLFF	1
CASSLRGTTGANVLTF	1
CASSLRGPLGSSYNEQFF	1
CASSLRGHNTGELFF	1
CASSLRGRTRGQETQYF	1
CASSLRDSPWRAEAFF	1
CASSLRDRVPDTQYF	1
CASSLRDRAYEQYF	1
CASSLREGLARYEQYF	1
CASSLRTAPSYEQYF	1
CASSLRTDTQYF	1
CASSLRLTGLGETQYF	1
CASSLRLAGYNEQFF	1
CASSLRLAGVNEQFF	1
CASSLRQNSGYTQYF	1
CASSLRTPGGNYAEQYF	1
CASSLRRLAGTNTGELFF	1
CASSLNSGAETQYF	1
CASSLNWPSVYEQYF	1
CASSLNYNEQFF	1
CASSLNPPGQENTEAFF	1
CASSLNPGGYQPQHF	1
CASSLNGRQGQNEQFF	1
CASSLNLADGYEQYF	1
CASSLNPVNTEAFF	1
CASSLNPNTEAFF	1
CASSLNRAPGGYTF	1
CASSLNREQYF	1
CASSLNMDEKLFF	1
CASSLNTEAFF	1
CASSLNTGVGGVETQYF	1
CASSLKSAGAGELFF	1
CASSLKLKGQYF	1
CASSLKPNEQFF	1
CASSLKRLQETQYF	1
CASSLKRSNEQFF	1
CASSLKATVASTDTQYF	1
CASSLKAGEEETQYF	1
CASSLKGLAGGAGELFF	1
CASSLKDSGYTDTQYF	1
CASSLKDRGLQETQYF	1
CASSLKPPVAGGLFSTDTQYF	1
CASSLKALGETQYF	1
CASSLKGWGVNNEQFF	1
CASSLKGSGGYSEKLFF	1
CASSLKEVEQFF	1
CASSSFSRRGLGNEQFF	1
CASSSLHSNQPQHF	1
CASSSSGGDNSPLHF	1
CASSSSDEETQYF	1
CASSSSEGGYNEQFF	1
CASSSSSSGRVGYNEQFF	1
CASSSSGDGEKLFF	1
CASSSWGTGAYEQYF	1
CASSSYGDNEQFF	1
CASSSLRDSSYEQYF	1
CASSSPSGGETQYF	1
CASSSPPELYEQYF	1
CASSSPAEGTGELFF	1
CASSSRAFYEQFF	1
CASSSRTGTYEQYF	1
CASSSQREATYEQYF	1
CASSSQINTYNEQFF	1
CASSSVPSESSYEQYF	1
CASSSGPRNEQFF	1
CASSSGSPYEQYF	1
CASSSGVGLTEQFF	1
CASSSGTFPYNEQFF	1
CASSSGTSGVTDTQYF	1
CASSSGTAHSPLHF	1
CASSSGTGAYNEQFF	1
CASSSGTGTYEQYF	1
CASSSGLVWNEQFF	1
CASSSGLAGYNEQFF	1
CASSSGHGYTF	1
CASSSGNTQYF	1
CASSSDYTGELFF	1
CASSSDMFYNEQFF	1
CASSSDRGSYNEQFF	1
CASSSDRVYEQYF	1
CASSSIGGGYGYTF	1
CASSSMGGVSPLHF	1
CASSSTGELFF	1
CASSSTGTSSSRYF	1
CASSSTGMGTDTQYF	1
CASSSSAGPDTQYF	1
CASSSSGVTSGTQYF	1
CASSSSGTADTQYF	1
CASSSSGRDNEQFF	1
CASSSSGNGDTQYF	1
CASSSSDLSYEQYF	1
CASSSSTDTQYF	1
CASSSRPYGTGGRQETQYF	1
CASSSRTGWDIQYF	1
CASSSKGLAGEYEQYF	1
CASSSFAGVTEAFF	1
CASSSFSGRAGNEQFF	1
CASSSLPLQRKNTEAFF	1
CASSSLAGGPRTQYF	1
CASSSLGTRSYNEQFF	1
CASSSSATGELFF	1
CASSSSGEQFF	1
CASSSSGTSYEQYF	1
CASSSSGTVSYEQYF	1
CASSSSGTGVEETQYF	1
CASSSSGLAQIYNEQFF	1
CASSSSGEGVGNTIYF	1
CASSSWDRPYEQYF	1
CASSSWTGGPDTQYF	1
CASSSYSSYEQYF	1
CASSSYSGRTYEQYF	1
CASSSLRTSGRPRTDTQYF	1
CASSSLQKNTEAFF	1
CASSSLGVPHEAFF	1
CASSSLLAGARETQYF	1
CASSSLPDTQYF	1
CASSSLVEQFF	1
CASSSLVRDTQYF	1
CASSSLGGELFF	1
CASSSLGGGRRNTQYF	1
CASSSLSGGRRDEQFF	1
CASSSLPVTASGNTGELFF	1
CASSSLVALTYEQYF	1
CASSSLGQGHEKLFF	1
CASSSLDREDGELFF	1
CASSSLAASYNEQFF	1
CASSSLAGVYEQYF	1
CASSSLEGKPGEQYF	1
CASSSPLVDTPGEAFF	1
CASSSPWEQYF	1
CASSSPPGWGSSDTQYF	1
CASSSPGGRAAWETQYF	1
CASSSPSGPYNEQFF	1
CASSSPSGVYNEQFF	1
CASSSPRTGGTDTQYF	1
CASSSPNRETYGYTF	1
CASSSPLQETQYF	1
CASSSPPGTNEQFF	1
CASSSPPDRAPRGDTQYF	1
CASSSPRDRGPSSYNEQFF	1
CASSSPRGDEQFF	1
CASSSPGTGFYEQYF	1
CASSSPDRAGVNEQFF	1
CASSSPDSSNEQFF	1
CASSSPLELGDEQFF	1
CASSSPALNTGELFF	1
CASSSPARTNTEAFF	1
CASSSPGVSYNEQFF	1
CASSSPGPYTGELFF	1
CASSSPDRGPYEQYF	1
CASSSPTSATYEQYF	1
CASSSPREGDDQETQYF	1
CASSSPREDRGLYEQYF	1
CASSSPARGQNTEAFF	1
CASSSPGSSGSWNEQFF	1
CASSSRSGGYTF	1
CASSSRRGAKNTEAFF	1
CASSSRGLGGAETQYF	1
CASSSRPSGSTDTQYF	1
CASSSRREHEQYF	1
CASSSRAQNEQFF	1
CASSSRGHGNEQFF	1
CASSSRGAFGEKLFF	1
CASSSRDRASYEQYF	1
CASSSRDRGNAYEQYF	1
CASSSRDKSYGYTF	1
CASSSRETPYEQYF	1
CASSSRTSGRLDTQYF	1
CASSSRTGVVEQYF	1
CASSSRTGGELFF	1
CASSSRTAQETQYF	1
CASSSRTGKAFF	1
CASSSRLAESDTQYF	1
CASSSRPAGMRRYLNTEAFF	1
CASSSRQASYEQYF	1
CASSSRQGGRYTF	1
CASSSRQGIHEQFF	1
CASSSRQTLPTEAFF	1
CASSSHGGGRWGYTF	1
CASSSHLGQGGSPLHF	1
CASSSHPSSGNTIYF	1
CASSSHAQTGPNQPQHF	1
CASSSHRGRTEAFF	1
CASSSQAGTSPFYEQYF	1
CASSSQGYNEQFF	1
CASSSQGLAGADTQYF	1
CASSSQGIQETQYF	1
CASSSQGLGDTQYF	1
CASSSQGGLNTQYF	1
CASSSQRNWIRTDTQYF	1
CASSSQAGAPHNEQFF	1
CASSSQGGSGMDTQYF	1
CASSSQGPMNTEAFF	1
CASSSVRRGLSTQYF	1
CASSSVEGTKNIQYF	1
CASSSADTQYF	1
CASSSAALEETQYF	1
CASSSAGGGDTEAFF	1
CASSSADTQYF	1
CASSSGLYEQYF	1
CASSSGPVSYEQYF	1
CASSSGPDSLGAQYF	1
CASSSGHVAEIDEQFF	1
CASSSGEVQVVGKLFF	1
CASSSGTSAVEQFF	1
CASSSGTSGLKDDEQFF	1
CASSSGTSEGETQYF	1
CASSSGTHSANEQFF	1
CASSSGTGSYEQFF	1
CASSSGTGYSNTEAFF	1
CASSSGTGLYEQYF	1
CASSSGTGVQPQHF	1
CASSSGTGGMKTDTQYF	1
CASSSGTGNEQYF	1
CASSSGTRISPLHF	1
CASSSGSTGELFF	1
CASSSGLAVQETQYF	1
CASSSGLAGGRTGELFF	1
CASSSGLAGDIQYF	1
CASSSGQVRGETQYF	1
CASSSGQAGSSPLHF	1
CASSSGQGFSPLHF	1
CASSSGQGRADTQYF	1
CASSSDTSGRVFF	1
CASSSDSQSTDTQYF	1
CASSSDSTTYNEQFF	1
CASSSDRGNSPLHF	1
CASSSDRGRGEQYF	1
CASSSDRGTGPLHF	1
CASSSDRNQPQHF	1
CASSSEFGETQYF	1
CASSSELAGVFPQYF	1
CASSSERGEKLFF	1
CASSSIGTAADNEQFF	1
CASSSIGQAYQPQHF	1
CASSSTLTGELFF	1
CASSSTGTSGIIEQFF	1
CASSSTGGGTDTQYF	1
CASSSTGISNQPQHF	1
CASSSTDLDTGELFF	1
CASSSTTSGPSGELFF	1
CASSSTVWLYEQYF	1
CASSSTLGPGTGELFF	1
CASSSTGGQETQYF	1
CASSSSPDTDTQYF	1
CASSSSGYEQYF	1
CASSSSGDEQFF	1
CASSSRGDGVGDTQYF	1
CASSSRSGSREQFF	1
CASSSNGGSDSNQPQHF	1
CASSSNEKLFF	1
CASSSNKGDISSYEQYF	1
CASSSFGQGLLDTQYF	1
CASSSLAGGSSYNEQFF	1
CASSSSSGRAFEQFF	1
CASSSSYEQYF	1
CASSSSAEGGNEQFF	1
CASSSSWRGGTDTQYF	1
CASSSWDRLSTDTQYF	1
CASSSWTGSSYEQYF	1
CASSSYRGRGQETQYF	1
CASSSYRSEDGYTF	1
CASSSLEQGTRRSYEQYF	1
CASSSLWGGHEKLFF	1
CASSSLVPGELFF	1
CASSSPGLAGWGQFF	1
CASSSPGLGYNEQFF	1
CASSSPGQGVFEQYF	1
CASSSRGPGSIEYF	1
CASSSRGGTYQETQYF	1
CASSSRGARAGELFF	1
CASSSREGRETQYF	1
CASSSQGGGTGGYEQYF	1
CASSSGALGGEKLFF	1
CASSSGVAVTGELFF	1
CASSSGVNTGELFF	1
CASSSGGALSSYEQYF	1
CASSSGGDNQPQHF	1
CASSSGGWSTDTQYF	1
CASSSGTSGSLFREQFF	1
CASSSGSGELFF	1
CASSSGLSTEAFF	1
CASSSGLAGDNEQFF	1
CASSSGLAGETDTQYF	1
CASSSGLAEANEQFF	1
CASSSGPSYEQYF	1
CASSSGHWAYNEQFF	1
CASSSGQGGKLFF	1
CASSSGQGYKVEAFF	1
CASSSGQTYEQYF	1
CASSSGATDTQYF	1
CASSSGRQGIAYEQYF	1
CASSSDRRGETQYF	1
CASSSDRVRQPQHF	1
CASSSDRAYEQYF	1
CASSSDRVSLTQYF	1
CASSSDRGEQFF	1
CASSSDKAAETQYF	1
CASSSELVGGYEQYF	1
CASSSIGEKLFF	1
CASSSIDQGAGRYEQYF	1
CASSSIRDRGYYGYTF	1
CASSSIGREGTDTQYF	1
CASSSMSEQPQHF	1
CASSSMGGRAVEQYF	1
CASSSTRESDNEQFF	1
CASSSTTTADNEQFF	1
CASSSTSGNPYEQYF	1
CASSSTSGGTDTQYF	1
CASSSTSGQNTGELFF	1
CASSSTSGTYNEQFF	1
CASSSTSSQETQYF	1
CASSSTAGSYEQYF	1
CASSSTGTAEQFF	1
CASSSTGQLNEKLFF	1
CASSSTTDTLNYGYTF	1
CASSSTATISYNSPLHF	1
CASSSTGGNTDTQYF	1
CASSSTGESYNEQFF	1
CASSSTGEEVYGYTF	1
CASSSSTSGSRNEQFF	1
CASSSRVTSGLSYNEQFF	1
CASSSRTSGRGVNEQFF	1
CASSSRRGNNSPLHF	1
CASSSRSGLETGADTQYF	1
CASSSRQGSAYNEQFF	1
CASSSFLGDNEQFF	1
CASSSLVTGGNTEAFF	1
CASSSSPFSSYEQYF	1
CASSSSSGSSYEQYF	1
CASSSSSGPGGNIQYF	1
CASSSSDPPDTQYF	1
CASSSLDRPNTQYF	1
CASSSLSGKNEQFF	1
CASSSLRDRQTNYGYTF	1
CASSSLREDRGRQETQYF	1
CASSSLGAGVWTEAFF	1
CASSSLGTQYF	1
CASSSLVGNEQFF	1
CASSSLAGGFETQYF	1
CASSSPGTHEKLFF	1
CASSSPTGTATQETQYF	1
CASSSPSFGELFF	1
CASSSPGDSYEQYF	1
CASSSPGQAYEQYF	1
CASSSRGTSGLREQYF	1
CASSSRPTGGGRTDTQYF	1
CASSSRTGTQETQYF	1
CASSSRTGKHLDEQFF	1
CASSSRGESSYNEQFF	1
CASSSHRWNGVGGLYGYTF	1
CASSSQPGQETQYF	1
CASSSQPNTEAFF	1
CASSSQGTYNSPLHF	1
CASSSQTSGRGGEQFF	1
CASSSQLDRVAEQYF	1
CASSSQETQYF	1
CASSSVTVDYGYTF	1
CASSSVEGNNEQFF	1
CASSSAGGSSYEQYF	1
CASSSAQGTQPQHF	1
CASSSGLWEGQDTQYF	1
CASSSGGRDYSYEQYF	1
CASSSGTYEQYF	1
CASSSGFTDTQYF	1
CASSSGLSTETSTDTQYF	1
CASSSGGSNQPQHF	1
CASSSGGLETQYF	1
CASSSGGLAGNIQYF	1
CASSSGGRNEQFF	1
CASSSGGWNEQFF	1
CASSSGGPYEQYF	1
CASSSGEGDQPQHF	1
CASSSGEEDTEAFF	1
CASSSGTANYGYTF	1
CASSSGTPPRETQYF	1
CASSSGTDYMNTEAFF	1
CASSSGSNQPQHF	1
CASSSGLAFPSNEQFF	1
CASSSGQSSYEQYF	1
CASSSDSAGGEETQYF	1
CASSSDFGTQETQYF	1
CASSSDPYEQYF	1
CASSSDPGQGTYEQYF	1
CASSSELGTSGGLGPIDTQYF	1
CASSSMLRSRASGRNEQFF	1
CASSSTRVAGDEQFF	1
CASSSTFLAGGPDTQYF	1
CASSSTGTGGRGRLAKNIQYF	1
CASSSTETNRGREKLFF	1
CASSSTSDGELFF	1
CASSSTRLGLHIQYF	1
CASSSTNNEQFF	1
CASSSTGYTNTIYF	1
CASSSTTGGGNSPLHF	1
CASSSRVDSPLHF	1
CASSSRLAGEQYF	1
CASSSRQDDTSRQYF	1
CASSSRVRQGPLTGELFF	1
CASSSNYEQYF	1
CASSSNSGNTIYF	1
CASSSKLGTDTQYF	1
CASSSKVGVWRETHTFYGYTF	1
CASSSKKQTGQEKYF	1
CASSWSGTEADTQYF	1
CASSWSGYTGELFF	1
CASSWSQGFDNEQFF	1
CASSWWTGSSGNTIYF	1
CASSWLLTGGGEQYF	1
CASSWREKGYEQYF	1
CASSWQGGILDEQFF	1
CASSWVLQETQYF	1
CASSWASGRRAPDTQYF	1
CASSWAQGSEQFF	1
CASSWGRDNLKEQYF	1
CASSWGTEAFF	1
CASSWGPLGQGYTGELFF	1
CASSWGARGREQYF	1
CASSWGIEQYF	1
CASSWGAVTEAFF	1
CASSWGGNEQFF	1
CASSWGDRGSANYGYTF	1
CASSWGELNTEAFF	1
CASSWGTVIRNQPQHF	1
CASSWGTGPNQPQHF	1
CASSWGTGISEQFF	1
CASSWGTEGYTF	1
CASSWGSGKTQYF	1
CASSWGQGTFSGNTIYF	1
CASSWGQRETQYF	1
CASSWDYRSTGSPNQPQHF	1
CASSWDPYEQYF	1
CASSWDSWGLNIQYF	1
CASSWDENTEAFF	1
CASSWDRGIQETQYF	1
CASSWETGTGYEQYF	1
CASSWETGTYEQYF	1
CASSWIRSQATDTQYF	1
CASSWTSATYEQYF	1
CASSWTSGSLAGETQYF	1
CASSWTSGASEQYF	1
CASSWTSGIDTQYF	1
CASSWTSGNLNEQFF	1
CASSWTSGYTTDTQYF	1
CASSWTGKQEAFF	1
CASSWTTDTQYF	1
CASSWTRGGYTF	1
CASSWTGFEQFF	1
CASSWTGRNEQFF	1
CASSWTGGLGNQPQHF	1
CASSWTGGANTQYF	1
CASSWSGGTVQETQYF	1
CASSWSLTGGYSPLHF	1
CASSWRNSYEQYF	1
CASSWKPGTSSGNTIYF	1
CASSYLGTGRGSPLHF	1
CASSYSGAYAGANVLTF	1
CASSYLGALDTQYF	1
CASSYRPISEQYF	1
CASSYHPGTGLNQPQHF	1
CASSYVVNNEQFF	1
CASSYGLDNEQFF	1
CASSYGLAGVSYNEQFF	1
CASSYGQGRTDTQYF	1
CASSYDTGELFF	1
CASSYEGNEKLFF	1
CASSYSPTGQETQYF	1
CASSYSPGGYGYTF	1
CASSYREAGGTDTQYF	1
CASSYFRDDTEAFF	1
CASSYFSLGGELFF	1
CASSYLGQGPVEQYF	1
CASSYPWGGASTDTQYF	1
CASSYPRGRKSYEQYF	1
CASSYPGASGRGDTQYF	1
CASSYRPWEGRFTGELFF	1
CASSYRPSMGHGYTF	1
CASSYRGSWNTGELFF	1
CASSYRQGLEETQYF	1
CASSYQRGTEAFF	1
CASSYQEGEKLFF	1
CASSYQSTDTQYF	1
CASSYQVFEGEGKTQYF	1
CASSYGIAYEQYF	1
CASSYGTHRPKELFF	1
CASSYGTQGNEQFF	1
CASSYGTTGELFF	1
CASSYGTGGEQYF	1
CASSYGTMAGELFF	1
CASSYGSGRGTDTQYF	1
CASSYGLAGGLTYEQYF	1
CASSYGQGGEQYF	1
CASSYGGNNEQFF	1
CASSYERTNEQFF	1
CASSYTGGSGELFF	1
CASSYTGSPNYGYTF	1
CASSYRVSYEQYF	1
CASSYRTQGKETQYF	1
CASSYNTEAFF	1
CASSYKTGFGKNEQYF	1
CASSLLGQGMNTEAFF	1
CASSLLRTDTQYF	1
CASSLSRRSYNEQFF	1
CASSLSASYEQFF	1
CASSLLAGVSYEQYF	1
CASSLPGQGAYGYTF	1
CASSLPTSGDTGELFF	1
CASSLRTTNYNEQFF	1
CASSLQAGGLNEQFF	1
CASSLVAGRYEQYF	1
CASSLGQGTYEQYF	1
CASSLGGSNQPQHF	1
CASSLGGHINLYEQYF	1
CASSLGFQGATGELFF	1
CASSLGLAGSTDTQYF	1
CASSLGLAGTGELFF	1
CASSLGLANEQFF	1
CASSLDRLANEKLFF	1
CASSLISVTDTQYF	1
CASSLMDRDNEQFF	1
CASSLIRLTQETQYF	1
CASSLTPDRDLEAFF	1
CASSLTIPDTQYF	1
CASSLTGQPNTGELFF	1
CASSLTRDTQYF	1
CASSLSYEQYF	1
CASSLSRPQTSGRVIYEQYF	1
CASSLSGSATDTQYF	1
CASSLSEAGEGKTQYF	1
CASSLSETGELFF	1
CASSLRPWGGSRYNEQFF	1
CASSLKFTSEQYF	1
CASSLLVDTGELFF	1
CASSLSYEQYF	1
CASSLSERYEQYF	1
CASSLSGGAYGYTF	1
CASSLSDRGLQETQYF	1
CASSLSLAGEQETQYF	1
CASSLSAGELFF	1
CASSLYGGATNEKLFF	1
CASSLLSSAETQYF	1
CASSLLEGHEQFF	1
CASSLLGGSYNEQFF	1
CASSLLDSNYGYTF	1
CASSLLTSGRNEQFF	1
CASSLPLAGGETDTQYF	1
CASSLPQGRLVTDTQYF	1
CASSLPGDSSTDTQYF	1
CASSLPGLAGRDEQFF	1
CASSLPTGGEETQYF	1
CASSLPSRTSDYNEQFF	1
CASSLPAGTINEQFF	1
CASSLRRAGANEQFF	1
CASSLRAGRKETQYF	1
CASSLRDTNSYNEQFF	1
CASSLRLARTGELFF	1
CASSLRQGPYEQYF	1
CASSLHTGELFF	1
CASSLHRAQYTDTQYF	1
CASSLQGGYEKLFF	1
CASSLQGAGYEQYF	1
CASSLQSLGRAGNTIYF	1
CASSLQAGGPDTQYF	1
CASSLAYEQYF	1
CASSLARGSGGYTF	1
CASSLAGPSYEQYF	1
CASSLAGWETQYF	1
CASSLANYNEQFF	1
CASSLAGGRGEQFF	1
CASSLGVVLAGLLDEQFF	1
CASSLGVGANVLTF	1
CASSLGGDQPQHF	1
CASSLGISGTETQYF	1
CASSLGTSVYNEQFF	1
CASSLGTSGRKFF	1
CASSLGTGSYEQYF	1
CASSLGTSAGELFF	1
CASSLGLGDNEQFF	1
CASSLGLAPDEQYF	1
CASSLGLAYNEQFF	1
CASSLGQGSYEQYF	1
CASSLGQGIHEQYF	1
CASSLGATGELFF	1
CASSLDGSKETQYF	1
CASSLDFTSYEQYF	1
CASSLDRGTDTQYF	1
CASSLDRGVADTQYF	1
CASSLDRIAAYEQYF	1
CASSLEGGRASPLHF	1
CASSLEQGNTGELFF	1
CASSLTGNEQFF	1
CASSLTSGTDTQYF	1
CASSLTSGFPYNEQFF	1
CASSLTYEQYF	1
CASSLTGTPNTGELFF	1
CASSLTGTNSPLHF	1
CASSLSSKTYGYTF	1
CASSLRGTEAFF	1
CASSLRENTGELFF	1
CASSLRTSGNTGELFF	1
CASSLRTYNEQFF	1
CASSLNPGPENNEQFF	1
CASSLNGQRTDTQYF	1
CASSLNAGELFF	1
CASSLRGSYGYTF	1
CASSLREGYNEQFF	1
CASSLHISDTEAFF	1
CASSLAGVTDTQYF	1
CASSLAGVDEQYF	1
CASSLGPSGSLSYQETQYF	1
CASSLGRINYEQYF	1
CASSLGAGINEKLFF	1
CASSLGGTYEQYF	1
CASSLGTGVLETQYF	1
CASSLGTGGYEQYF	1
CASSLGLPGTYNEQFF	1
CASSLGLVSNQPQHF	1
CASSLGLAASYNEQFF	1
CASSLGLAGGEQFF	1
CASSLGLAGTETQYF	1
CASSLGLAEANTGELFF	1
CASSLGQGNEQFF	1
CASSLGQNYGYTF	1
CASSLDPYYEQYF	1
CASSLDPTTNEKLFF	1
CASSLDQKYEQYF	1
CASSLDRVNYGYTF	1
CASSLDRAGFEQYF	1
CASSLEGTGTVQYF	1
CASSLERERNYGYTF	1
CASSLMADTQYF	1
CASSLMGNTIYF	1
CASSLTSTGEQYF	1
CASSLTSGRVDEQFF	1
CASSLTSGRADEQFF	1
CASSLTLIRDRAQETQYF	1
CASSLTGGEQYF	1
CASSLTGFGNQPQHF	1
CASSLTGSPYGYTF	1
CASSLTGWLYGYTF	1
CASSLTGESYEQYF	1
CASSLSGRAVDTQYF	1
CASSLNPNRDGELFF	1
CASSLNRGPYEQYF	1
CASSLKTETTGELFF	1
CASSLKGYEQYF	1
CASSLLTGTTIHEQFF	1
CASSLLGGDYEQYF	1
CASSLSAESGSYEQYF	1
CASSLSGVETQYF	1
CASSLYSSGSIGELFF	1
CASSLYGDQPQHF	1
CASSLLDVKGLKF	1
CASSLLAGVSEQYF	1
CASSLLGYEQFF	1
CASSLLGTSGDNEQFF	1
CASSLPGGGPRSSYEQYF	1
CASSLPKLAGGRNEQFF	1
CASSLRPGLASDNEQFF	1
CASSLRADTQYF	1
CASSLRGALQETQYF	1
CASSLRTVNEQFF	1
CASSLRTNSYEQYF	1
CASSLHSGIEETQYF	1
CASSLHRRDRGGPYEQYF	1
CASSLHDDRKEQYF	1
CASSLQGDYGYTF	1
CASSLQGGRYEQYF	1
CASSLQETQYF	1
CASSLVRGTGELFF	1
CASSLVGSYEQYF	1
CASSLAGNEQFF	1
CASSLAGGPGDEQFF	1
CASSLAGYEQYF	1
CASSLAGGAYEQYF	1
CASSLADFSYNEQFF	1
CASSLAQGRVQYF	1
CASSLGGPMGQPQHF	1
CASSLGPGGGYGYTF	1
CASSLGVSDEQYF	1
CASSLGGVGTIYGYTF	1
CASSLGGRADEQYF	1
CASSLGGSNIQYF	1
CASSLGTSNHEQFF	1
CASSLGLAGTYEQYF	1
CASSLGLDTQYF	1
CASSLGQYEQYF	1
CASSLGQGYEQYF	1
CASSLGGEGYKETQYF	1
CASSLDAANNEQFF	1
CASSLETANYGYTF	1
CASSLEGVGTEAFF	1
CASSLEGGSSYEQYF	1
CASSLIRGVTGELFF	1
CASSLTSGRPGELFF	1
CASSLTNKLLGLEQYF	1
CASSLTETGKETQYF	1
CASSLTNQPQHF	1
CASSLSRTGGTYEQYF	1
CASSLRGGPFTEAFF	1
CASSLRTGADYGYTF	1
CASSLNRFLGQGFADTQYF	1
CASSLNRLMNTEAFF	1
CASSLKRAYNEQFF	1
CASSLKHRPWEAYEQYF	1
CASSLKGGTRKTKTQYF	1
CASSLKTETYEQYF	1
CASSLKPGQGNQPQHF	1
CASSPFPSGTYEQYF	1
CASSPFGGTEAFF	1
CASSPLQGYNEQFF	1
CASSPSFPYEQYF	1
CASSPSSLYYEQYF	1
CASSPSRLLTYEQYF	1
CASSPSGQSNQPQHF	1
CASSPSVGDTEAFF	1
CASSPSGRVGSPLHF	1
CASSPWGRQGSHEQFF	1
CASSPWGQGTYGYTF	1
CASSPWTSGIYNEQFF	1
CASSPYTGELFF	1
CASSPLGETQYF	1
CASSPLARLAGGPNEQFF	1
CASSPLSSGNTEAFF	1
CASSPLGSYEQYF	1
CASSPLGAGVQETQYF	1
CASSPLLGTDTQYF	1
CASSPPGGLAKNIQYF	1
CASSPPVFDENIQYF	1
CASSPPGEKLFF	1
CASSPPGGYTEAFF	1
CASSPPGLSQLGELFF	1
CASSPPGLAYEQFF	1
CASSPPGQGNDEQFF	1
CASSPPGQIYNEQFF	1
CASSPPGGYYNEQFF	1
CASSPPTNGAYEQYF	1
CASSPPGSRETQYF	1
CASSPRGGSSYEQYF	1
CASSPRFASGRVNEQFF	1
CASSPRLKNTGGRGYGYTF	1
CASSPRFGIDGYTF	1
CASSPRLSSGDQETQYF	1
CASSPRWGAINEQYF	1
CASSPRTSGRAGLDTQYF	1
CASSPRTGTNEKLFF	1
CASSPRLAGGSEQYF	1
CASSPRPGQNTGELFF	1
CASSPRKTQYF	1
CASSPQGRNTEAFF	1
CASSPQNTYEQYF	1
CASSPQGGSGTDTQYF	1
CASSPQGGEADTQYF	1
CASSPASAAYEQYF	1
CASSPALAGWREKTDTQYF	1
CASSPAPGTEAFF	1
CASSPAAGELFF	1
CASSPAGIQETQYF	1
CASSPGGSYHEQFF	1
CASSPGGELFF	1
CASSPGWGGNSPLHF	1
CASSPGLAGDSYEQYF	1
CASSPGAGAYEQYF	1
CASSPGGGNEQFF	1
CASSPGGRYEDRSPLHF	1
CASSPGTASGSYEQYF	1
CASSPGTGYFYEQYF	1
CASSPGTGVTDTQYF	1
CASSPGTGAYEQYF	1
CASSPGSGLQETQYF	1
CASSPGREQPQHF	1
CASSPGLKETQYF	1
CASSPGLANTGELFF	1
CASSPGLAGGSYEQYF	1
CASSPGQGWSDEQFF	1
CASSPGRAGELFF	1
CASSPDGDEQFF	1
CASSPDWGGTFYNEQFF	1
CASSPDGTSVDTQYF	1
CASSPDEGGSNEQFF	1
CASSPDTGELFF	1
CASSPEGGAGGYTF	1
CASSPEMNTEAFF	1
CASSPIDTGRLYNEQFF	1
CASSPISSGRGYTF	1
CASSPIDRGTYEQYF	1
CASSPIENTEAFF	1
CASSPIMSVYEQYF	1
CASSPMGLAYNEQFF	1
CASSPMSGKAPGELFF	1
CASSPMRGDGGELFF	1
CASSPIRGNTGELFF	1
CASSPTAAYEQYF	1
CASSPTSGWGTDDTQYF	1
CASSPTNRVGEQFF	1
CASSPTLISGANYEQYF	1
CASSPTTGSNTEAFF	1
CASSPTGFNQPQHF	1
CASSPTGSWDEQFF	1
CASSPTGQGQLFEKLFF	1
CASSPTGAIYNEQFF	1
CASSPTGGRYGYTF	1
CASSPSGSPGYEQYF	1
CASSPSGSILDQYF	1
CASSPSGRGSYNEQFF	1
CASSPSGRGTDTQYF	1
CASSPRDRANYGYTF	1
CASSPRDGALNTEAFF	1
CASSPRMGRHSYNEQFF	1
CASSPRTAMNTEAFF	1
CASSPRRGYDEQFF	1
CASSPNTGTYNEQFF	1
CASSPNTEQYF	1
CASSPKAGEPYEQYF	1
CASSPKLAPTGEQYF	1
CASSPFRTSGYEQYF	1
CASSPLTGRFSEQYF	1
CASSPLATSGALDEQFF	1
CASSPSGGIYEQYF	1
CASSPSRRGITEAFF	1
CASSPSGTLGADTQYF	1
CASSPSVTPTNEQFF	1
CASSPSAAYNEQFF	1
CASSPSAGSSYNEQFF	1
CASSPSAGNEQFF	1
CASSPSGGNQPQHF	1
CASSPSTGITQPQHF	1
CASSPSTGEVGELFF	1
CASSPWGSGRSTDTQYF	1
CASSPWGRVGEQFF	1
CASSPWGALNTEAFF	1
CASSPWGTGPGDTQYF	1
CASSPWGGAGNTQYF	1
CASSPWDYSSYEQYF	1
CASSPWTGNYEQYF	1
CASSPYPDRGRIGELFF	1
CASSPYGREQYF	1
CASSPYYEQYF	1
CASSPYPLRGYSYNEQFF	1
CASSPLSRALAKNIQYF	1
CASSPLPSGRGETQYF	1
CASSPLEGQETQYF	1
CASSPLRGREETQYF	1
CASSPLQRASHEQFF	1
CASSPLAGTTDTQYF	1
CASSPLGFGAGEVLNEQFF	1
CASSPLETSGPYEQYF	1
CASSPLGQGGNEQFF	1
CASSPLGGYTF	1
CASSPLGTAYQPQHF	1
CASSPLRGYEQYF	1
CASSPLAGISYEQYF	1
CASSPLAGAGNEQFF	1
CASSPLGDETQYF	1
CASSPLKGAYPNEQFF	1
CASSPPSPEGPEAFF	1
CASSPPPGGVGFNQPQHF	1
CASSPPRMELSNQPQHF	1
CASSPPHPFSGRATDEQFF	1
CASSPPQYEQYF	1
CASSPPVSGELFF	1
CASSPPLNTEAFF	1
CASSPPSGTGELFF	1
CASSPPSGVSYNEQFF	1
CASSPPLWRARGGEQYF	1
CASSPPPQNIQYF	1
CASSPPGGTWNTEAFF	1
CASSPPGRTDTQYF	1
CASSPPGALGWTEAFF	1
CASSPPEFDGTGPINYGYTF	1
CASSPPLKAETQYF	1
CASSPPGYDPWNEQFF	1
CASSPPGLRSAYEQYF	1
CASSPPTRKDKGDEAFF	1
CASSPPTGTSGTYNEQFF	1
CASSPPTDIPYEQYF	1
CASSPPWWTGGTSGADEQFF	1
CASSPPADRETQYF	1
CASSPPGGGTPLYNEQFF	1
CASSPPGTGIQYF	1
CASSPRSARETQYF	1
CASSPRAGSYSPLHF	1
CASSPRGRLATNEKLFF	1
CASSPRLGLTYNEQFF	1
CASSPRAGVDEQYF	1
CASSPRTGRSYNEQFF	1
CASSPRSPDTGELFF	1
CASSPRWVPSFNEQYF	1
CASSPRLRLAGYEQYF	1
CASSPRVEDTQYF	1
CASSPRAYNEQFF	1
CASSPRANLNNEQFF	1
CASSPRGAGGYNEQFF	1
CASSPRGGFNQPQHF	1
CASSPRDYNEQFF	1
CASSPRDGANYGYTF	1
CASSPRDRPYNEQFF	1
CASSPRDRGQKAFF	1
CASSPREGNYGYTF	1
CASSPRTTDYEQYF	1
CASSPRTSGFYNEQFF	1
CASSPRTSGIWETQYF	1
CASSPRTSGSNEQFF	1
CASSPRTSGRARDTQYF	1
CASSPRTTTKNIQYF	1
CASSPRTPDNDEQFF	1
CASSPRTGWGDGELFF	1
CASSPRTGYNEQFF	1
CASSPRSSYEQYF	1
CASSPRSGQQETQYF	1
CASSPRLAAPYEQYF	1
CASSPRLAGPWDEQYF	1
CASSPRLAGPVLGSYEQYF	1
CASSPRLDNEQFF	1
CASSPRPGLAANTGELFF	1
CASSPRRRTYEQYF	1
CASSPRQAYEQYF	1
CASSPRQGGEQYF	1
CASSPRGTEAFF	1
CASSPREGGSSYNEQFF	1
CASSPRTIQGIGGYTF	1
CASSPRSGSKVSEQFF	1
CASSPHWRGRYEQYF	1
CASSPHPYNEQFF	1
CASSPHGVSSGSSYNEQFF	1
CASSPHPDRGAYNEQFF	1
CASSPHEGEQYF	1
CASSPHKNYEQYF	1
CASSPQPFSPLHF	1
CASSPQRSSGNTIYF	1
CASSPQAGVPYNEQFF	1
CASSPQGFYEQYF	1
CASSPQGATEAFF	1
CASSPQGGEQPQHF	1
CASSPQGDTGELFF	1
CASSPQGRAYYNEQFF	1
CASSPQGLGTNEKLFF	1
CASSPQGPSGSDEQYF	1
CASSPQYEQFF	1
CASSPQPGLADEQFF	1
CASSPQQGFEAFF	1
CASSPQAYNEQFF	1
CASSPQNTRGRSQPQHF	1
CASSPVREVEQYF	1
CASSPVGRGRGNTEAFF	1
CASSPVGAGLAITQYF	1
CASSPASADTQYF	1
CASSPAGAGNTEAFF	1
CASSPAGGEVSEAFF	1
CASSPAEQGADEKLFF	1
CASSPASGAESTGELFF	1
CASSPGQAVGNSPLHF	1
CASSPGQGMGEQYF	1
CASSPGGVAGIRAQFF	1
CASSPGGTGLEEQYF	1
CASSPGFTYEQYF	1
CASSPGYNNEKLFF	1
CASSPGGSTDTQYF	1
CASSPGTGGTDTQYF	1
CASSPGTGLSYNEQFF	1
CASSPGSSSNQPQHF	1
CASSPGLFKAFF	1
CASSPGLAGTYEQYF	1
CASSPGVAQETQYF	1
CASSPGAYTDTQYF	1
CASSPGAGYETQYF	1
CASSPGGTYNEQFF	1
CASSPGGPGILQEQFF	1
CASSPGGGPGYTF	1
CASSPGGLAGVGHTDTQYF	1
CASSPGDIYTEAFF	1
CASSPGDSFRSYEQYF	1
CASSPGTLAINEQFF	1
CASSPGTGDNEQFF	1
CASSPGTTEQFF	1
CASSPGTSGPEEQFF	1
CASSPGTSGAEQYF	1
CASSPGTGLEKLFF	1
CASSPGTATDTQYF	1
CASSPGTGSVYEQYF	1
CASSPGTGGSYNEQFF	1
CASSPGTGGPYEQYF	1
CASSPGLAISYNEQFF	1
CASSPGLSYEQYF	1
CASSPGLAGYNEQFF	1
CASSPGLAGVFFDTGELFF	1
CASSPGLAGVHEQFF	1
CASSPGLAGEYEQYF	1
CASSPGLAEDYEQYF	1
CASSPGPGQGHEQFF	1
CASSPGRARSYEQYF	1
CASSPGQLYTEAFF	1
CASSPGQYEQYF	1
CASSPGQGFSPLHF	1
CASSPGQGPDRYEQYF	1
CASSPGQGRNNYGYTF	1
CASSPGQGAEPQHF	1
CASSPGQGRPWSTDTQYF	1
CASSPGQGRGTDTQYF	1
CASSPGAGGTYEQFF	1
CASSPGGGGPGTQYF	1
CASSPDYNYGYTF	1
CASSPDVGHSYNEQFF	1
CASSPDRGSSTDTQYF	1
CASSPDYSGRDWSYNEQFF	1
CASSPDQETQYF	1
CASSPDGTDTQYF	1
CASSPDGGLRTEAFF	1
CASSPDSRAENTGELFF	1
CASSPDRVYQPQHF	1
CASSPDRGTNTEAFF	1
CASSPELFEQFF	1
CASSPEVEHPEQYF	1
CASSPEGAQYF	1
CASSPETRYNEQFF	1
CASSPELAGADTQYF	1
CASSPEHETQYF	1
CASSPEGVGNQPQHF	1
CASSPEGVQPQHF	1
CASSPETSGRSKNIQYF	1
CASSPIASTFGQYF	1
CASSPIAGGPTDTQYF	1
CASSPTSGLSDEQFF	1
CASSPTSGSEQFF	1
CASSPTSGVSTDTQYF	1
CASSPTPQGYEQYF	1
CASSPTGDTQYF	1
CASSPTGTSSYNEQFF	1
CASSPTGTEGLAGNNEQFF	1
CASSPTRVANNEQFF	1
CASSPTASGSYNEQFF	1
CASSPTGRDTEAFF	1
CASSPTDTYNEQFF	1
CASSPTGGVQPQHF	1
CASSPTTGYQGKLFF	1
CASSPSVGTEQFF	1
CASSPRSAGGPIGDTQYF	1
CASSPRGGAPEAFF	1
CASSPRTGLTYEQYF	1
CASSPRNWGTANEQFF	1
CASSPRLVWNEQFF	1
CASSPRAGVPDTQYF	1
CASSPREGISSYEQYF	1
CASSPRERGGNTEAFF	1
CASSPRNAETQYF	1
CASSPNYLASTNEQFF	1
CASSPNSGELGSYEQYF	1
CASSPNWAGDTGELFF	1
CASSPNPTPNTEAFF	1
CASSPNRSGNTIYF	1
CASSPNNPLYGYTF	1
CASSPKGPDRLLGEQFF	1
CASSPKEGSGNTIYF	1
CASSPKAGGSYNEQFF	1
CASSPKRELHSSPLHF	1
CASSPFYEQYF	1
CASSPFDRAYNEQFF	1
CASSPFRALGTEAFF	1
CASSPLAGGVSGELFF	1
CASSPSLAISTDTQYF	1
CASSPSGASYEQYF	1
CASSPSGLAGAYEQYF	1
CASSPSDRGLYEQYF	1
CASSPSRSEGGYEQYF	1
CASSPCAGQGTDTQYF	1
CASSPYKLAGAYEQYF	1
CASSPYDRGAGPNTEAFF	1
CASSPLRGGELFF	1
CASSPLPGTRGRDTEAFF	1
CASSPLRQGASSGEKLFF	1
CASSPLRLGANYGYTF	1
CASSPLGTAVEAFF	1
CASSPLMGSTGELFF	1
CASSPLADNEQFF	1
CASSPPATSGLEQYF	1
CASSPPTGSSVYEQYF	1
CASSPPSGRAYEQYF	1
CASSPPRGNRPYEQYF	1
CASSPPGGLGTGELFF	1
CASSPPRIYGYTF	1
CASSPPGLRNTEAFF	1
CASSPRWETQYF	1
CASSPRDRGTDEQFF	1
CASSPREASYNEQFF	1
CASSPRTSGGVNQYF	1
CASSPRLGPGIQETQYF	1
CASSPRLAGDYTQYF	1
CASSPRQGVYYGYTF	1
CASSPRVAGRTGELFF	1
CASSPHRTSGRSVNEQFF	1
CASSPQLSDRSHGYTF	1
CASSPVAGPYNEQFF	1
CASSPAGDGETQYF	1
CASSPAAGGRNNEQFF	1
CASSPATGENTEAFF	1
CASSPASQETQYF	1
CASSPAGLAGGREQYF	1
CASSPAGGLTSPLHF	1
CASSPAGGLSNTGELFF	1
CASSPGSGGRETQYF	1
CASSPGLSKSNQPQHF	1
CASSPGRAQYF	1
CASSPGSSTDTQYF	1
CASSPGSGTDTQYF	1
CASSPGPRSNQSNQPQHF	1
CASSPGVNTEAFF	1
CASSPGAFTDTQYF	1
CASSPGAGSPHRDEQYF	1
CASSPGGSGSHEQYF	1
CASSPGDTRDYGYTF	1
CASSPGTSGSYEQYF	1
CASSPGTGGQTEAFF	1
CASSPGSGSTNEQYF	1
CASSPGNQPQHF	1
CASSPGLSGNTIYF	1
CASSPGLAASYEQYF	1
CASSPGLAVSYEQYF	1
CASSPGLAAPNEQFF	1
CASSPGLAGYEQYF	1
CASSPGLAGVYEQYF	1
CASSPGLAGAEQYF	1
CASSPGLAGAGQFF	1
CASSPGLAGDEQYF	1
CASSPGLGVNEQFF	1
CASSPGLESNEQFF	1
CASSPGLEDYEQYF	1
CASSPGRGLDYEQYF	1
CASSPGQFYNEQFF	1
CASSPGQPYNEQFF	1
CASSPGQGSYEQYF	1
CASSPGQGNYEQYF	1
CASSPGQGRPSGNTIYF	1
CASSPGQGGTTEAFF	1
CASSPGQFYNEQFF	1
CASSPGQRNTEAFF	1
CASSPGAGLYEQYF	1
CASSPGGGTDTQYF	1
CASSPDSGYGYTF	1
CASSPDGDTQYF	1
CASSPDYASYNEQFF	1
CASSPDPGRELFF	1
CASSPDGLSYEQYF	1
CASSPDIPEQYF	1
CASSPDSLGSPLHF	1
CASSPDSTRGGTQYF	1
CASSPDRGLFGTEAFF	1
CASSPDRGREQYF	1
CASSPDRGITGELFF	1
CASSPDRGGGNEQFF	1
CASSPDRGRGNQPQHF	1
CASSPDRGNTEAFF	1
CASSPDRRAYEQYF	1
CASSPEGYEQYF	1
CASSPESPGLAGLDEQFF	1
CASSPEPQGENTDTQYF	1
CASSPEQGRQPQHF	1
CASSPIRYDEQFF	1
CASSPISGRIAKNIQYF	1
CASSPMGTSGSPREQYF	1
CASSPMGLQETQYF	1
CASSPMDRGGRTEAFF	1
CASSPIQGNRPDTQYF	1
CASSPIAGAEDTQYF	1
CASSPIGQGGAYEQYF	1
CASSPIDRLSTDTQYF	1
CASSPTPGVSEQFF	1
CASSPTRQGAEQYF	1
CASSPTGYNEQFF	1
CASSPTSGMGRQYF	1
CASSPTSGAYEQYF	1
CASSPTSGSPYEQYF	1
CASSPTSGSSYNEQFF	1
CASSPTSGRATDTQYF	1
CASSPTSGRGSEQYF	1
CASSPTGTPVNYGYTF	1
CASSPTGLADFYEQYF	1
CASSPTAGGTEQYF	1
CASSPTGFGGYTF	1
CASSPTGLDEQYF	1
CASSPTGGSYEQYF	1
CASSPTGRTEAFF	1
CASSPTGRRETQYF	1
CASSPTIRDGVMNTEAFF	1
CASSPSLTGSSYNEQFF	1
CASSPSRLGSNYGYTF	1
CASSPSGVTNEKLFF	1
CASSPSGRARNEQFF	1
CASSPRPPDTQYF	1
CASSPRGGISTDTQYF	1
CASSPRGYEQYF	1
CASSPRMAGLSTDTQYF	1
CASSPRTSGKQETQYF	1
CASSPRTSRETQYF	1
CASSPRREYYEQYF	1
CASSPRLAGGHEQFF	1
CASSPRLAGGIGELFF	1
CASSPRLAGGPYEQYF	1
CASSPRVGQMNTEAFF	1
CASSPNPGLMNTGELFF	1
CASSPNLGGNSPLHF	1
CASSPNRGHANTGELFF	1
CASSPKAGSSGREQYF	1
CASSPKTDSYEQYF	1
CASSPFSLADTQYF	1
CASSPFRQGDSPLHF	1
CASSPFIGNTIYF	1
CASSPFASTLYNEQFF	1
CASSPLLSGETYEQYF	1
CASSPLRQNTGELFF	1
CASSPLEGTFDEQYF	1
CASSPSSGRGNEQFF	1
CASSPSAGERHEQFF	1
CASSPWADTQYF	1
CASSPWDTDTQYF	1
CASSPYLDPQRGTQYF	1
CASSPLDRENTGELFF	1
CASSPLPRTGMVLWNQPQHF	1
CASSPLRDLTKNSYNEQFF	1
CASSPLQAPYEQYF	1
CASSPLVSHEQYF	1
CASSPLAGDEQFF	1
CASSPLTGFLYGYTF	1
CASSPPPAYEQYF	1
CASSPPGSPTYNEQFF	1
CASSPPGRPNTGELFF	1
CASSPPSRENTGELFF	1
CASSPPGQFYNEQFF	1
CASSPPSDYEQYF	1
CASSPRTGELFF	1
CASSPRFREQFF	1
CASSPRAGGPTDTQYF	1
CASSPRDSNTEAFF	1
CASSPHGALTDTQYF	1
CASSPHRNTEAFF	1
CASSPQGYEQYF	1
CASSPQGAGTDTQYF	1
CASSPQGAGTGELFF	1
CASSPQGGTEAFF	1
CASSPQGNTEAFF	1
CASSPQGGYEQYF	1
CASSPQGLRDGELFF	1
CASSPVTTPNYEQYF	1
CASSPASGLETQYF	1
CASSPALGLAGGSSYNEQFF	1
CASSPAVRSNGEYF	1
CASSPAGTELNTEAFF	1
CASSPAGGNQPQHF	1
CASSPAGLAGSGQYF	1
CASSPGLGTGWDEQYF	1
CASSPGAFSSYEQYF	1
CASSPGYLAGELFF	1
CASSPGLEQETQYF	1
CASSPGPAGDHNEQFF	1
CASSPGFSGTYEQYF	1
CASSPGFEQFF	1
CASSPGLPETQYF	1
CASSPGSLGTEAFF	1
CASSPGVTEAFF	1
CASSPGVYNEQFF	1
CASSPGAGNQPQHF	1
CASSPGGPLSGNTIYF	1
CASSPGGVAGAFTEAFF	1
CASSPGGGPYYEQYF	1
CASSPGGGAYEQYF	1
CASSPGDASYEQYF	1
CASSPGDRDTDTQYF	1
CASSPGTTYEQFF	1
CASSPGTSGSYEQYF	1
CASSPGTSGSSIRSTDTQYF	1
CASSPGTSRDYEQYF	1
CASSPGTGGEKLFF	1
CASSPGTGGVYGYTF	1
CASSPGTGRISYEQYF	1
CASSPGRETMGEKLFF	1
CASSPGRKAAGQPQHF	1
CASSPGQLTNYGYTF	1
CASSPGQHMNTEAFF	1
CASSPGQALNTEAFF	1
CASSPGQGYYNSPLHF	1
CASSPGGASYNEQFF	1
CASSPGGSVDGPRGYTF	1
CASSPGGRQETQYF	1
CASSPGKSSYNSPLHF	1
CASSPDTQYF	1
CASSPDSRWAFF	1
CASSPDWDNEQFF	1
CASSPDSGRKFF	1
CASSPDRGADTQYF	1
CASSPDRNYGYTF	1
CASSPEPSTDTQYF	1
CASSPEVVAGEQYF	1
CASSPEVTGWPTEAFF	1
CASSPEAVNNEQFF	1
CASSPEAGSTETQYF	1
CASSPEGQYPETQYF	1
CASSPEGTSTDTQYF	1
CASSPEVREQFF	1
CASSPIGGGGTYNEQFF	1
CASSPIELAGFNEQFF	1
CASSPMGSGELFF	1
CASSPMTSGNTGELFF	1
CASSPIAGAVTDTQYF	1
CASSPTGQGGLYGYTF	1
CASSPTSGWIRWRFNVHEQFF	1
CASSPTSGRADTQYF	1
CASSPTRLDEQYF	1
CASSPTPDRATGELFF	1
CASSPTGSHEQYF	1
CASSPTTMNTEAFF	1
CASSPSGVGTDTQYF	1
CASSPSGRAPHNEQFF	1
CASSPSGQGNSEQYF	1
CASSPRAASYNEQFF	1
CASSPRGGAGHIQYF	1
CASSPRGAGVGNQPQHF	1
CASSPRGGQPGETQYF	1
CASSPRDRTAWDEKLFF	1
CASSPRTSGIEQFF	1
CASSPRTSGSLYEQFF	1
CASSPRLAGGSYNEQFF	1
CASSPRLGYEQYF	1
CASSPRPGLAGGPSYNEQFF	1
CASSPNVGSKNIQYF	1
CASSPKGNSEQFF	1
CASSPKDAGTRQETQYF	1
CASSRSLDYIRYGYTF	1
CASSRSTGTGYYEQYF	1
CASSRYTGELFF	1
CASSRLPGQGAETQYF	1
CASSRLNTEAFF	1
CASSRPGPYSYNEQFF	1
CASSRPPLRSSYEQYF	1
CASSRRGRDQETQYF	1
CASSRRPSSTDTQYF	1
CASSRGVTNEKLFF	1
CASSRGGTAYEQYF	1
CASSRGTDTQYF	1
CASSRGNEQFF	1
CASSRGQSGELFF	1
CASSRDVGQDTEAFF	1
CASSRSDNEQFF	1
CASSRRSSTNTGELFF	1
CASSRRDYYNEQFF	1
CASSRRQASYEQYF	1
CASSRSGSGETQYF	1
CASSRSGTSGRALNEQFF	1
CASSRSGTGFVDLDTIYF	1
CASSRWGTGGNEQFF	1
CASSRLARFGTTNEQFF	1
CASSRLGTGGNIQYF	1
CASSRLQGTYEQYF	1
CASSRPGEGQASYGYTF	1
CASSRPGQGAGSSYNEQFF	1
CASSRPDSRRSPLHF	1
CASSRRSDGDTQYF	1
CASSRRPGVNEKLFF	1
CASSRRGSGAGSYNEQFF	1
CASSRRGRSYEQYF	1
CASSRRDYSYEQYF	1
CASSRRQGGYEQYF	1
CASSRHDNQPQHF	1
CASSRHGANYGYTF	1
CASSRQVTGATYEQYF	1
CASSRQVGNTEAFF	1
CASSRQGGNQPQHF	1
CASSRQLALSTDTQYF	1
CASSRVTSGRGGTQYF	1
CASSRASGTQREQFF	1
CASSRAYEQYF	1
CASSRAASEQYF	1
CASSRGDRRDSNQPQHF	1
CASSRGTVSSGNTIYF	1
CASSRGTAFNEKLFF	1
CASSRGLAGSYNEQFF	1
CASSRGQGNTIYF	1
CASSRDESSYEQYF	1
CASSRDRVEAFF	1
CASSREIAGGNEQFF	1
CASSRRGSNTEAFF	1
CASSRRQGQNEKLFF	1
CASSRNRGPGPYNEQFF	1
CASSRKTGFSYNEQFF	1
CASSRKGVAGGLHLPQYF	1
CASSRLINTGELFF	1
CASSRSGTGGNEQFF	1
CASSRYLGRTIQETQYF	1
CASSRRGLTRENTEAFF	1
CASSRRDRDYEQYF	1
CASSRQTGGSYNEQFF	1
CASSRQLAGYNEQFF	1
CASSRAFGGRNEAFF	1
CASSRGRSGIPSTDTQYF	1
CASSRGQAELSYEQYF	1
CASSRGDRVVANEKLFF	1
CASSRGIGGEQFF	1
CASSRGTNYNEQFF	1
CASSRGLAVYNEQFF	1
CASSRGQGPYEQYF	1
CASSRDIQGASEQFF	1
CASSRDGTYEQYF	1
CASSRDSHSGANVLTF	1
CASSRDRVLGSSYNEQFF	1
CASSRDRGEEQYF	1
CASSRDRGTEAFF	1
CASSRDRDYGYTF	1
CASSRDRTYNSPLHF	1
CASSRDKGTEAFF	1
CASSREPSYNEQFF	1
CASSRERDVSNEQFF	1
CASSREGKRADTQYF	1
CASSRETVSYEQYF	1
CASSRILLRPYEQYF	1
CASSRTSRTGELFF	1
CASSRTSGMYEQYF	1
CASSRTSGSYNEQFF	1
CASSRTSGRRNEQFF	1
CASSRTPSQDEQYF	1
CASSRTPRGLTDTQYF	1
CASSRTGTGIANEQFF	1
CASSRTGTEAEKLFF	1
CASSRTATAEAFF	1
CASSRTGETGELFF	1
CASSRTGAGANVLTF	1
CASSRTGASEQYF	1
CASSRTGALYEQYF	1
CASSRTGGNEQFF	1
CASSRSLPESADTQYF	1
CASSRSAAGNNEQFF	1
CASSRSSYEQYF	1
CASSRRGQGYNEQFF	1
CASSRRQAKNIQYF	1
CASSRRAGARQPQHF	1
CASSRKTSGIHNEQFF	1
CASSRKGQGNQPQHF	1
CASSRKTTSGLNEQFF	1
CASSRLTGPHFSYNEQFF	1
CASSRLGEGETQYF	1
CASSRSFASGQTYEQYF	1
CASSRSIGTGDEKLFF	1
CASSRSTSGSTDTQYF	1
CASSRYNEQFF	1
CASSRLTTGELFF	1
CASSRLAKETQYF	1
CASSRLDEQFF	1
CASSRLDREYGGELFF	1
CASSRLTQETQYF	1
CASSRLSASTDTQYF	1
CASSRPLAGGPDTQYF	1
CASSRPKTSGSLWGTDTQYF	1
CASSRPSTDTQYF	1
CASSRPRTGGYYEQYF	1
CASSRRPAMNTEAFF	1
CASSRRTSSTDTQYF	1
CASSRRTGGDQETQYF	1
CASSRRSGGSYNEQFF	1
CASSRQRGNTDTQYF	1
CASSRQGADTQYF	1
CASSRQGGSYNEQFF	1
CASSRQGEAQPQHF	1
CASSRQGPQETQYF	1
CASSRQGGNSPLHF	1
CASSRQGTNEKLFF	1
CASSRQLGYEQYF	1
CASSRVVGSYEQYF	1
CASSRVTSGRGTGELFF	1
CASSRVPDSPLHF	1
CASSRAGHEDEQFF	1
CASSRGGTAADTQYF	1
CASSRGTTWDKNIQYF	1
CASSRGGRETQYF	1
CASSRGGWRSETQYF	1
CASSRGTVNTGELFF	1
CASSRGTGVGNQPQHF	1
CASSRGTGGEKLFF	1
CASSRGNNYGYTF	1
CASSRGLAGGKETQYF	1
CASSRGPGQGINSPLHF	1
CASSRGVNQPQHF	1
CASSRGRANEKLFF	1
CASSRDGFGNQPQHF	1
CASSRDGLAENIQYF	1
CASSREANTQYF	1
CASSRETSGRYGELFF	1
CASSRELADNNEQFF	1
CASSREPTGLSYNSPLHF	1
CASSREGGTSNEQFF	1
CASSRETDRGTEAFF	1
CASSRIAERTYEQYF	1
CASSRTSDQETQYF	1
CASSRTRGLAGELFF	1
CASSHSIKLAEYTDTQYF	1
CASSHSISLAGVYNEQFF	1
CASSHSGTEAFF	1
CASSHYSGGMNTGELFF	1
CASSHLTSGDQETQYF	1
CASSHPGTSYEQYF	1
CASSHRVQMGEQYF	1
CASSHRDHYNEQFF	1
CASSHQTGGTDTQYF	1
CASSHVAEDSDTQYF	1
CASSHAAASYEQYF	1
CASSHGPPYNEQFF	1
CASSHGRDSGYNEQFF	1
CASSHGGLNTEAFF	1
CASSHGGLGGTGELFF	1
CASSHGTAYRTNEKLFF	1
CASSHGTDSNQPQHF	1
CASSHGLAGPTYEQYF	1
CASSHDSKANYGYTF	1
CASSHDSSGRWADTQYF	1
CASSHEGGGYGYTF	1
CASSHESQGSKNIQYF	1
CASSHILYNEQFF	1
CASSHTSGVPTSSYEQYF	1
CASSHTGATGDNEQFF	1
CASSHTRGSEPSPQHF	1
CASSHTGRTVNIQYF	1
CASSHSGRSYEQYF	1
CASSHSGKSTDTQYF	1
CASSHRQGGDSNQPQHF	1
CASSHRDGDNEKLFF	1
CASSHWRVGDPTDTQYF	1
CASSHYIRPDTEAFF	1
CASSHLRSDEQYF	1
CASSHLPGGGDNEQFF	1
CASSHLGENEQYF	1
CASSHLLGGRGTGELFF	1
CASSHLAGGDIQYF	1
CASSHPGAGGDEQYF	1
CASSHPGQDPYEQYF	1
CASSHPPDRPTEAFF	1
CASSHPNGASGRDSGTDTQYF	1
CASSHPGVIGHEQFF	1
CASSHPGLSYNEQFF	1
CASSHRYQPQHF	1
CASSHRGPSPLRHNEQFF	1
CASSHRTTYEQYF	1
CASSHRLAGYNEQFF	1
CASSHHGTGFGEQYF	1
CASSHQRLRGTDTQYF	1
CASSHAYVTSFGTGELFF	1
CASSHAAAGDQETQYF	1
CASSHAGDNDEQYF	1
CASSHATAGELFF	1
CASSHGPSGRARYEQYF	1
CASSHGANQPQHF	1
CASSHGASVWPDNEQFF	1
CASSHGTSGVWEQFF	1
CASSHGTSGSDEQFF	1
CASSHGTETYEQYF	1
CASSHDSGQFF	1
CASSHDRAGEAFF	1
CASSHDRENIQYF	1
CASSHELGDRDQPQHF	1
CASSHMTSGLTDTQYF	1
CASSHTLGTLHSSRTDTQYF	1
CASSHTGGSTDTQYF	1
CASSHTGQGTYEQYF	1
CASSHSGAVYNEQFF	1
CASSHSGGGEAFF	1
CASSQFPGYNEQFF	1
CASSQFGSLSYNEQFF	1
CASSQLAGADTQYF	1
CASSQLRSPGSNSPLHF	1
CASSQSLLARELFF	1
CASSQSRAGGQETQYF	1
CASSQSGRLLAGDEQYF	1
CASSQSGAGNQPQHF	1
CASSQSGALSYNEQFF	1
CASSQSLGLAGGTNEQFF	1
CASSQYDGIGNSPLHF	1
CASSQLGDSEVAKNIQYF	1
CASSQLGNNEQFF	1
CASSQPWTSGIYNEQFF	1
CASSQPVGLNEKLFF	1
CASSQPPREYTDTQYF	1
CASSQPGGISNQPQHF	1
CASSQPTGHEETQYF	1
CASSQRRQGQYGYTF	1
CASSQRDTIYF	1
CASSQREFNEQFF	1
CASSQRMSSYNEQFF	1
CASSQRGNQPQHF	1
CASSQQFTPGQGRDNSPLHF	1
CASSQVFGQGAGNTIYF	1
CASSQVEILAKNIQYF	1
CASSQVSASGNNEQFF	1
CASSQVQGFTEAFF	1
CASSQVAKAFF	1
CASSQVGQTNTEAFF	1
CASSQVNQPQHF	1
CASSQVGGVYEQYF	1
CASSQAAGGTGNTIYF	1
CASSQAGTLLVLGYTF	1
CASSQAGTGVTRGYTF	1
CASSQAPYEQYF	1
CASSQGWNQPQHF	1
CASSQGHTSYEQYF	1
CASSQGDEQFF	1
CASSQGNGYTF	1
CASSQGKDEQYF	1
CASSQGLPGQPQHF	1
CASSQGPPSLNEQFF	1
CASSQGSGSSEAFF	1
CASSQGMDQPQHF	1
CASSQGTGYEQYF	1
CASSQGTDTEAFF	1
CASSQGNEQFF	1
CASSQGLAGSNEQFF	1
CASSQGLDSKQFF	1
CASSQGQGSYNEQFF	1
CASSQGQGQTQYF	1
CASSQGGLARPQHF	1
CASSQGGPSPEAFF	1
CASSQGDIRAKNIQYF	1
CASSQDYTGELFF	1
CASSQDLAGGGNEQFF	1
CASSQDGYNSPLHF	1
CASSQDGTSGSETQYF	1
CASSQDTGINYEQYF	1
CASSQDSISYEQYF	1
CASSQDREAYNEQFF	1
CASSQDNEQFF	1
CASSQEGQEISYEQYF	1
CASSQEIKLRQYF	1
CASSQIAGADTDTQYF	1
CASSQITLGETQYF	1
CASSQTSLNTGELFF	1
CASSQTSGYQETQYF	1
CASSQTSGRLSETQYF	1
CASSQTSGEEFF	1
CASSQTRRDEQFF	1
CASSQTSGAYEQYF	1
CASSQTRGYSPLHF	1
CASSQTGVAYNEQFF	1
CASSQTGVDQPQHF	1
CASSQTGVGGYTF	1
CASSQTGGGETQYF	1
CASSQTGGSSYGYTF	1
CASSQTGNEQFF	1
CASSQTGNAYEQYF	1
CASSQTGQSNEKLFF	1
CASSQSRFSGSRQGRNTGELFF	1
CASSQRERQANTEAFF	1
CASSQRTGSHEQFF	1
CASSQNRAGGTTQYF	1
CASSQKPAAQYF	1
CASSQFSLKREGLSTNEQFF	1
CASSQFPRVDYQPQHF	1
CASSQFGGTGYHEQFF	1
CASSQFRAGKRFF	1
CASSQLQGYEQYF	1
CASSQLFDTEAFF	1
CASSQLRRRASAYNEQFF	1
CASSQLGQNNQPQHF	1
CASSQSAGSAKNIQYF	1
CASSQSAGTNYGYTF	1
CASSQSTVGNTIYF	1
CASSQSPGDRYNEQFF	1
CASSQSRRGSLHF	1
CASSQSRADPWEQYF	1
CASSQSRRPGTGELFF	1
CASSQSQGGEQYF	1
CASSQSGYEQYF	1
CASSQSGYEQYF	1
CASSQSGTSSYEQYF	1
CASSQSRTASYNEQFF	1
CASSQSPGLTTDTQYF	1
CASSQSGGELFF	1
CASSQSRWGENEAFF	1
CASSQSLLGELFF	1
CASSQSGVGYGYTF	1
CASSQSGGSYNSPLHF	1
CASSQWGGTGGNQPQHF	1
CASSQWDSSYEQYF	1
CASSQWSGRAQDTQYF	1
CASSQYLGQGIEKLFF	1
CASSQYLTQYF	1
CASSQYGGNQETQYF	1
CASSQLVQGEGTDTQYF	1
CASSQLQYEQFF	1
CASSQLAPRNEQFF	1
CASSQLAPYNEQFF	1
CASSQLAGMDNEQFF	1
CASSQLGLAGANEQFF	1
CASSQLRELAPEFF	1
CASSQPHSIQTGNTIYF	1
CASSQPQGRGNTIYF	1
CASSQPRTQETQYF	1
CASSQPRTSGARAQYF	1
CASSQPGSYEQYF	1
CASSQPGTSGYNEQFF	1
CASSQPSHTDTEAFF	1
CASSQPRGDTGELFF	1
CASSQPGLAENTGELFF	1
CASSQPESGTDNEQFF	1
CASSQPPGLAGNTIYF	1
CASSQPPEGYGEETQYF	1
CASSQPGGYTEAFF	1
CASSQRGTSYNEQFF	1
CASSQRGASPYEQYF	1
CASSQRGGELFF	1
CASSQRERYNEQFF	1
CASSQRTGPTDTQYF	1
CASSQRSGWDYEQYF	1
CASSQRLAGVGDTQYF	1
CASSQRDGGSFADTQYF	1
CASSQHGREQQETQYF	1
CASSQHTGTTRGNEQFF	1
CASSQHRNQPQHF	1
CASSQQGFGELFF	1
CASSQQGPAYNEQFF	1
CASSQQGGKKAFF	1
CASSQQGTDTQYF	1
CASSQQGQGGEQYF	1
CASSQQTGEATGELFF	1
CASSQQENTEAFF	1
CASSQVLEQETQYF	1
CASSQVGDTQYF	1
CASSQVDRGRNEKLFF	1
CASSQVEVPSDNSPLHF	1
CASSQVEASGNEQFF	1
CASSQVTGRGADTQYF	1
CASSQVSRDAVAKNIQYF	1
CASSQVSGVVYEQYF	1
CASSQVLPNNEQFF	1
CASSQVLKGISYNEQFF	1
CASSQVLAGVYEQYF	1
CASSQVPVETQYF	1
CASSQVAGADTEAFF	1
CASSQVGRNPSTDTQYF	1
CASSQVGRVTDTQYF	1
CASSQVRLAGDHEQYF	1
CASSQVSRPANTEAFF	1
CASSQVADEQYF	1
CASSQVGGYEQYF	1
CASSQVGAVETQYF	1
CASSQVGPRETQYF	1
CASSQVGQIPAKNIQYF	1
CASSQVGEGTNEQFF	1
CASSQVDLPYNEQFF	1
CASSQVDGEQFF	1
CASSQVTSLTPYEQYF	1
CASSQVTSGRANTGELFF	1
CASSQVSTGIIFDTEAFF	1
CASSQVRTTGELFF	1
CASSQVKGEGDLPYEQYF	1
CASSQVSSSQQYF	1
CASSQVLAGDSTDTQYF	1
CASSQVGDSSTDTQYF	1
CASSQVGTSYEQYF	1
CASSQVGGDEQYF	1
CASSQVKGDRGNEQFF	1
CASSQAFQGRLAEAFF	1
CASSQASDRPAGELFF	1
CASSQALAGVNTDTQYF	1
CASSQARDRNEQFF	1
CASSQATGSKGLYEQYF	1
CASSQATGFEKLFF	1
CASSQASGRATTDTQYF	1
CASSQANTEAFF	1
CASSQALLNYEQYF	1
CASSQASGPEQFF	1
CASSQALAGTAAGYTF	1
CASSQALGQGLAKNIQYF	1
CASSQALTSGPKNIQYF	1
CASSQARPPTTTPNWPGYTF	1
CASSQAGNNEQFF	1
CASSQATNAYEQYF	1
CASSQARGPYGYTF	1
CASSQAWDEQFF	1
CASSQAATSGPTYNEQFF	1
CASSQAGERDTQYF	1
CASSQAGGKSYEQYF	1
CASSQAGQGGEAFF	1
CASSQAERNIQYF	1
CASSQAERESHEQFF	1
CASSQASGGVGNSPLHF	1
CASSQARDETQYF	1
CASSQARAGERDTQYF	1
CASSQAGRPSGLSSEQYF	1
CASSQAGVGFYTGELFF	1
CASSQATTTYEQYF	1
CASSQASKSVAF	1
CASSQGFQGTYGYTF	1
CASSQGLGFRMNTEAFF	1
CASSQGSEGAVYEQYF	1
CASSQGSSSRQFF	1
CASSQGSSSEKYNEQFF	1
CASSQGSGPRNEQFF	1
CASSQGWVPAGTDTQYF	1
CASSQGLAEGSEQFF	1
CASSQGPGGGYEQFF	1
CASSQGRGSYEQYF	1
CASSQGRRTQETQYF	1
CASSQGHYPGYTF	1
CASSQGVRPQGNSPLHF	1
CASSQGASGATNTGELFF	1
CASSQGEADHYEQYF	1
CASSQGNRGRTTGELFF	1
CASSQGSFEKLFF	1
CASSQGYEQYF	1
CASSQGLQGARADTQYF	1
CASSQGLGRPQETQYF	1
CASSQGPFTSYEQYF	1
CASSQGPYEQYF	1
CASSQGPRTTSTDTQYF	1
CASSQGVEQYF	1
CASSQGVSRAGETQYF	1
CASSQGAQGSNQPQHF	1
CASSQGGREGQWEQYF	1
CASSQGGGGVTQYF	1
CASSQGGSYNEQFF	1
CASSQGFYTSTNEKLFF	1
CASSQGFQLAGENEQFF	1
CASSQGFSGRLNIQYF	1
CASSQGSQGFYNEQFF	1
CASSQGWSNEKLFF	1
CASSQGLSSTDTQYF	1
CASSQGLAGVPGELFF	1
CASSQGPRSYNEQFF	1
CASSQGRGGYEQYF	1
CASSQGRDASYEQYF	1
CASSQGQGSSPLHF	1
CASSQGVTTDTQYF	1
CASSQGVQGTYEQYF	1
CASSQGVEVETQYF	1
CASSQGVAKGNEQFF	1
CASSQGAEAFF	1
CASSQGALAGYYEQYF	1
CASSQGGGAGDTQYF	1
CASSQGGLGTGELFF	1
CASSQGGRGPTGELFF	1
CASSQGGGYEQYF	1
CASSQGGIYEQYF	1
CASSQGGNTEAFF	1
CASSQGGLAGVKNIQYF	1
CASSQGDEQFF	1
CASSQGDVAEQFF	1
CASSQGDGNQPQHF	1
CASSQGDTAQELFF	1
CASSQGDRVRETQYF	1
CASSQGENYSNQPQHF	1
CASSQGTLGSYEQYF	1
CASSQGTAVSSYEQYF	1
CASSQGTANTEAFF	1
CASSQGTGRTDTQYF	1
CASSQGTGANQPQHF	1
CASSQGTGANEQFF	1
CASSQGRGLAGELFF	1
CASSQGRTSQETQYF	1
CASSQGRAYEQYF	1
CASSQGKGVSYEQYF	1
CASSQGKNTQYF	1
CASSQGLAWGQGSPLHF	1
CASSQGSAGNGYGYTF	1
CASSQGSYEQYF	1
CASSQGYRNQPQHF	1
CASSQGLYEQYF	1
CASSQGLDYNEQFF	1
CASSQGLAAYNEQFF	1
CASSQGLAGAEQFF	1
CASSQGLEAPDTQYF	1
CASSQGPREGQNEQYF	1
CASSQGQGRYEQYF	1
CASSQGQGAYEQYF	1
CASSQGQGDSRSYTF	1
CASSQGVLAGGAGELFF	1
CASSQGVGGREQYF	1
CASSQGAADTQYF	1
CASSQGGQPQHF	1
CASSQGGGGQETQYF	1
CASSQGGYNRAETQYF	1
CASSQGGGATYNEQFF	1
CASSQGGETTGELFF	1
CASSQGEGGTDTQYF	1
CASSQGEGDEQFF	1
CASSQGRQDSTDTQYF	1
CASSQDFASGSYYEQYF	1
CASSQDFTLYEQYF	1
CASSQDFRTSETQYF	1
CASSQDFPGAFSTNEKLFF	1
CASSQDFGSSYEQYF	1
CASSQDLGGRWNEQFF	1
CASSQDLGGEAFF	1
CASSQDLRGWDYEQYF	1
CASSQDSREGPRNEQFF	1
CASSQDSSGIETQYF	1
CASSQDSLNEKLFF	1
CASSQDSPSGEGYEQYF	1
CASSQDSVAGGSYNEQFF	1
CASSQDSEDSWVFF	1
CASSQDSRMETQYF	1
CASSQDSLAGGSTDTQYF	1
CASSQDSGVGTQYF	1
CASSQDWSSAKFF	1
CASSQDWQGARNEQFF	1
CASSQDWQGAAGYTF	1
CASSQDWTSGVRHGEQFF	1
CASSQDYSPGQRNSPLHF	1
CASSQDYAGMETQYF	1
CASSQDYASGVTDTQYF	1
CASSQDYMVYEQYF	1
CASSQDLVLSSYNEQFF	1
CASSQDLGPSGTYEQYF	1
CASSQDLGGMNTEAFF	1
CASSQDLGQGQPQHF	1
CASSQDLGGRTYNEQFF	1
CASSQDLGYEQYF	1
CASSQDLSPGIYNEQFF	1
CASSQDLTGGTEAFF	1
CASSQDPVSYNSPLHF	1
CASSQDPGTGNEKLFF	1
CASSQDPTSGSQGEQFF	1
CASSQDPFPNEQYF	1
CASSQDPVIVFFGTLNPSSYNEQFF	1
CASSQDRLAGGAGEQYF	1
CASSQDRQFLEGEQYF	1
CASSQDRALAGGKEQFF	1
CASSQDRGLAGADEQFF	1
CASSQDRERETQYF	1
CASSQDRQGVTGELFF	1
CASSQDHGGFLNIQYF	1
CASSQDQTSGSWEQYF	1
CASSQDQVETQYF	1
CASSQDQGLVNEQFF	1
CASSQDVSVMNTGELFF	1
CASSQDVRGSNYGYTF	1
CASSQDVTGGPSYEQYF	1
CASSQDAGSDQPQHF	1
CASSQDAGGRSNEKLFF	1
CASSQDGAAIYEQYF	1
CASSQDGGEVLTF	1
CASSQDGGRDNEQFF	1
CASSQDGVRLGKLFF	1
CASSQDGGPPYEQYF	1
CASSQDGGTGELFF	1
CASSQDGETEAFF	1
CASSQDGTSGGQYF	1
CASSQDGTGGPDNIQYF	1
CASSQDGLLSTDTQYF	1
CASSQDGAGSYNEQFF	1
CASSQDGGGGQPQHF	1
CASSQDEREGYEQYF	1
CASSQDEGSSYNEQFF	1
CASSQDEEIREGYTF	1
CASSQDETSGSYEQYF	1
CASSQDEGGETQYF	1
CASSQDMGHPPEYF	1
CASSQDMGRRTDTQYF	1
CASSQDMRDTQYF	1
CASSQDTSGIYEQYF	1
CASSQDTERREQFF	1
CASSQDRSGALYEQYF	1
CASSQDRAQPQHF	1
CASSQDRGGTQEQYF	1
CASSQDRGDSNTGELFF	1
CASSQDRGTASTDTQYF	1
CASSQDRGSGQYF	1
CASSQDNPYNEQFF	1
CASSQDNGASYEQYF	1
CASSQDKLYTSYNEQFF	1
CASSQDKGSVHTQYF	1
CASSQDFPSGTRPPYEQYF	1
CASSQDFGQYNSPLHF	1
CASSQDSARASNQPQHF	1
CASSQDWGAGDTQYF	1
CASSQDLLAGVAYNEQFF	1
CASSQDPTRREQYF	1
CASSQDVHPNTEAFF	1
CASSQDGRVARGNQPQHF	1
CASSQDGAWQTTDTQYF	1
CASSQDGGRATYEQYF	1
CASSQDGGRLTEAFF	1
CASSQDDRGTLRHLFF	1
CASSQDSTNPSYEQYF	1
CASSQDSSNQPQHF	1
CASSQDRGQDSPLHF	1
CASSQEFQGSYNSPLHF	1
CASSQEFRWDSPLHF	1
CASSQESSRNDIQYF	1
CASSQESGAPYNEQFF	1
CASSQEPWREGAYEQYF	1
CASSQEPDVLQYF	1
CASSQERRQGSTGELFF	1
CASSQERQGTEKLFF	1
CASSQEVASSYEQYF	1
CASSQEARQPQHF	1
CASSQEAVSYEQYF	1
CASSQEGAGELFF	1
CASSQEGGSPLHF	1
CASSQEGSLAGSYEQYF	1
CASSQEGWQETQYF	1
CASSQEGRNQPQHF	1
CASSQEGAGGRGETQYF	1
CASSQEGRRPYNEQFF	1
CASSQEGQGGQPQHF	1
CASSQEGSGIPLDEQFF	1
CASSQEDASMIGLFF	1
CASSQEDRGYEQYF	1
CASSQEETSGYNEQFF	1
CASSQEISASEQFF	1
CASSQEIAGGPWDTQYF	1
CASSQETSGRPNIQYF	1
CASSQETQYDEQFF	1
CASSQETGGLGGYTF	1
CASSQERPSGSSDTQYF	1
CASSQERGQTHEQYF	1
CASSQEFLAGVHEQFF	1
CASSQEFGSPYNEQFF	1
CASSQESHSGYNEQFF	1
CASSQESSSAGGPEETQYF	1
CASSQESSGTPGFF	1
CASSQESGDTQYF	1
CASSQEWYQGLSYEQYF	1
CASSQEWAAVAEQFF	1
CASSQEPPSAGVSYNEQFF	1
CASSQEPRPYEQYF	1
CASSQERRTSSYEQYF	1
CASSQERLAGYEQYF	1
CASSQERMEQYF	1
CASSQEQGTYEQYF	1
CASSQEAYSNQPQHF	1
CASSQEGSYGYTF	1
CASSQEGPGETQYF	1
CASSQEGQETQYF	1
CASSQEGVLTEAFF	1
CASSQEGGDEKLFF	1
CASSQEGRLQETQYF	1
CASSQETGTGANVLTF	1
CASSQERDGFWPQHF	1
CASSQERQLDRLIGELFF	1
CASSQENSPLHF	1
CASSQIYGTGLRNTEAFF	1
CASSQIGSYEQYF	1
CASSQINIPGEGEQYF	1
CASSQISQGPYEQYF	1
CASSQIPWGGSTDTQYF	1
CASSQIAGGLDTGELFF	1
CASSQINEQYF	1
CASSQTNRGQETQYF	1
CASSQTSDTQYF	1
CASSQTSGSYGYTF	1
CASSQTLAGGTDTQYF	1
CASSQTAGGYTF	1
CASSQTGGSYEQYF	1
CASSQSTYEQFF	1
CASSQRLAGGEQFF	1
CASSQRGMNTEAFF	1
CASSQRTDYGYTF	1
CASSQRQGRYEQYF	1
CASSQRGQPQHF	1
CASSQNWQRNTGELFF	1
CASSQNTGTEQFF	1
CASSQNSGTGNTIYF	1
CASSQNLDYNEQFF	1
CASSQKVLAGGTNEQFF	1
CASSVSTRAPANTGDLFF	1
CASSVSFTTPSTDTQYF	1
CASSVSDWVYNEQFF	1
CASSVYWTSGKNTGELFF	1
CASSVLATGELFF	1
CASSVLGISTDTQYF	1
CASSVLGTGDGYTF	1
CASSVRRGGPDTQYF	1
CASSVRGIFNEQFF	1
CASSVRTGSSYNEQFF	1
CASSVHYEQYF	1
CASSVASGAGNEQFF	1
CASSVAGQGANTEAFF	1
CASSVGSSYNEQFF	1
CASSVGGSYEQYF	1
CASSVGGTPGSPLHF	1
CASSVGTTNTGELFF	1
CASSVGQGGSYEQYF	1
CASSVGNTQYF	1
CASSVTTGNYGYTF	1
CASSVTGFGTSYEQYF	1
CASSVSGSSYNEQFF	1
CASSVSGVRTDTQYF	1
CASSVLMGQGNTGELFF	1
CASSVLGTDAIYEQYF	1
CASSVPSQASYEQYF	1
CASSVPGNEQFF	1
CASSVPGPVSEETQYF	1
CASSVPGQGYGYTF	1
CASSVPAGGVGNTEAFF	1
CASSVRREGHGYTF	1
CASSVRDQTYNEQFF	1
CASSVRDTQYF	1
CASSVRTANQPQHF	1
CASSVRQGSGEKLFF	1
CASSVHIRGFAPGELFF	1
CASSVAGRETQYF	1
CASSVATSGGQETQYF	1
CASSVGGSTDTQYF	1
CASSVGRTQETQYF	1
CASSVGGYNEQFF	1
CASSVGTSLYEQYF	1
CASSVGQGYEQFF	1
CASSVGQGGYQPQHF	1
CASSVGGGNTEAFF	1
CASSVDRTNYGYTF	1
CASSVDGRANEQFF	1
CASSVDGNGEQFF	1
CASSVDSTDTQYF	1
CASSVIAGTDYNEQFF	1
CASSVTGSEQYF	1
CASSVSGSSYEQYF	1
CASSVRQGTHPLHF	1
CASSVRGTGYEQYF	1
CASSVLGRTDTQYF	1
CASSVSGTEEETQYF	1
CASSVRTGGNSPLHF	1
CASSVVGESTDTQYF	1
CASSVASHDEQFF	1
CASSVGRAYNEQFF	1
CASSVGSLNTGELFF	1
CASSVGGQANTGELFF	1
CASSVGTSYDLYEQYF	1
CASSVGPHTEAFF	1
CASSVGRLQGKLFF	1
CASSVGQGAYNSPLHF	1
CASSVGQENEKLFF	1
CASSVELSSYNEQFF	1
CASSVEDQETQYF	1
CASSVTSGRVNTGELFF	1
CASSVTGTGQETQYF	1
CASSVKRERNNEQFF	1
CASSVSELASNEQFF	1
CASSVSSLAGVREQFF	1
CASSVSGLAGADTQYF	1
CASSVLIGSYNEQFF	1
CASSVPLRGIMNTEAFF	1
CASSVPADTGELFF	1
CASSVRRDYLYNEQFF	1
CASSVRREGDTGELFF	1
CASSVQGNEQFF	1
CASSVQGAFAYEQYF	1
CASSVVSGSEQYF	1
CASSVVSGSETQYF	1
CASSVVGSANTGELFF	1
CASSVVGLGDTQYF	1
CASSVVERTSGNGLEQFF	1
CASSVVSGTYNEQFF	1
CASSVVSNPGTDTQYF	1
CASSVVRDRVGNTEAFF	1
CASSVVDRSTDTQYF	1
CASSVVASSYNEQFF	1
CASSVVAGGYNEQFF	1
CASSVVAGTYEQYF	1
CASSVVEGYQETQYF	1
CASSVVRETGELFF	1
CASSVVLGHANTGELFF	1
CASSVVAGGNTGELFF	1
CASSVVGAGVPGNEQFF	1
CASSVVISDNEQFF	1
CASSVAPGGQETQYF	1
CASSVAPGSKWYEQYF	1
CASSVAPTDTQYF	1
CASSVARTDEKLFF	1
CASSVAAWQTQYF	1
CASSVAGSGTYEQYF	1
CASSVAEGSTHEQYF	1
CASSVARTSGQITDTQYF	1
CASSVASGQAGEQYF	1
CASSVAVSGSGTLNTGELFF	1
CASSVAGWLVDEQFF	1
CASSVAETLTDTQYF	1
CASSVATTSGGPYEQYF	1
CASSVARVSTGELFF	1
CASSVAWGSYEQYF	1
CASSVAGGRTDTQYF	1
CASSVAGTSENEQFF	1
CASSVAGTGANVLTF	1
CASSVAGQEEDQYF	1
CASSVAGVDTQYF	1
CASSVADTQYF	1
CASSVATSVTYNEQFF	1
CASSVATHLGEQYF	1
CASSVASGVDEQYF	1
CASSVAGGAYNEQFF	1
CASSVGSSGRVLFTYNEQFF	1
CASSVGPGEDTQYF	1
CASSVGRPSGRNSEQFF	1
CASSVGQGWGTGELFF	1
CASSVGADPFTDTQYF	1
CASSVGGGLAGAHEQYF	1
CASSVGENEQFF	1
CASSVGTSGRIADEQYF	1
CASSVGTGQGLNIQYF	1
CASSVGSGGGWTEAFF	1
CASSVGAFTDTQYF	1
CASSVGAQVLSNTEAFF	1
CASSVGADTQYF	1
CASSVGGWTTDTQYF	1
CASSVGGSPYEQYF	1
CASSVGGEDEQFF	1
CASSVGGSPSHEQFF	1
CASSVGGNTQYF	1
CASSVGGNTGELFF	1
CASSVGWQGGETQYF	1
CASSVGWDDSQLQETQYF	1
CASSVGYGWSETQYF	1
CASSVGLAGGDNEQFF	1
CASSVGLAGDRGEQFF	1
CASSVGPSGSYEQYF	1
CASSVGQSYNEQFF	1
CASSVGVGSQETQYF	1
CASSVGAFGTDPYEQYF	1
CASSVGASGSYEQYF	1
CASSVGAGTEQFF	1
CASSVGAGGIRDEQFF	1
CASSVGGSGEQYF	1
CASSVGGLSNYEQYF	1
CASSVGGGTEAFF	1
CASSVGGSGKGYNEQFF	1
CASSVGGGSAPKFQFF	1
CASSVGGTAQYEQYF	1
CASSVGGLGDTQYF	1
CASSVGGTGGFNEQFF	1
CASSVGDEQYF	1
CASSVGTSGYYEQYF	1
CASSVGTRQGIQYF	1
CASSVGTNREQYF	1
CASSVGTGPPYEQYF	1
CASSVGTGRVTEAFF	1
CASSVGTGTSGANEQYF	1
CASSVGTDLYGYTF	1
CASSVGLTHTDTQYF	1
CASSVGYGGYTF	1
CASSVGLQISYEQYF	1
CASSVGLAGDSYEQYF	1
CASSVGLAGEGEQFF	1
CASSVGLAEETQYF	1
CASSVGQLAYEQYF	1
CASSVGQPQETQYF	1
CASSVGQAKETQYF	1
CASSVGQGSTDTQYF	1
CASSVGVAPNTGELFF	1
CASSVGASGNSYEQYF	1
CASSVGGSSGRRGGEQFF	1
CASSVGGSQSYEQYF	1
CASSVGGQANEQFF	1
CASSVGGGYGYTF	1
CASSVGGTSGETQYF	1
CASSVGGSSYNEQFF	1
CASSVGGASEQFF	1
CASSVGGGAKNIQYF	1
CASSVGISGELFF	1
CASSVGIGELFF	1
CASSVGSGRGVLSNEQFF	1
CASSVGNSNNEQFF	1
CASSVDPGTGTSGELFF	1
CASSVDHGDTQYF	1
CASSVDVGLTEAFF	1
CASSVDGSGTQETQYF	1
CASSVDGEGRANEQFF	1
CASSVDGTRSYEQYF	1
CASSVDGRDYNQPQHF	1
CASSVDGDTQYF	1
CASSVDEGEPNTGELFF	1
CASSVDPSGRETQYF	1
CASSVDPHSYEQYF	1
CASSVDGRTRLAKSDTQYF	1
CASSVDGGSTSNEQFF	1
CASSVDGRGGELFF	1
CASSVDEDEQYF	1
CASSVDSYNEQFF	1
CASSVDNEQFF	1
CASSVESPGSQFF	1
CASSVEHPETQYF	1
CASSVEVFTDTQYF	1
CASSVEVRYSPLHF	1
CASSVEALSTDTQYF	1
CASSVEATNTGELFF	1
CASSVEAGGELFF	1
CASSVEGSGSGNEQFF	1
CASSVEGGSYNEQFF	1
CASSVEGRDNEQFF	1
CASSVEGTSGRTYEQYF	1
CASSVEGLASEQFF	1
CASSVEGLRVHNEQFF	1
CASSVEDSLAEQFF	1
CASSVEDTGSTGELFF	1
CASSVEDRRNNEQFF	1
CASSVEEGALAKNIQYF	1
CASSVEMDTEAFF	1
CASSVETCSGGSLYNEQFF	1
CASSVERTVLREQYF	1
CASSVEAGDSYNEQFF	1
CASSVEGGPETQYF	1
CASSVEDGAPFGQPQHF	1
CASSVEEGLGQGPLEQYF	1
CASSVIYRGGDEKLFF	1
CASSVMPGSYNEQFF	1
CASSVMAGVDIQYF	1
CASSVTLDPHEQFF	1
CASSVTGGAGNEQYF	1
CASSVSVGGNVETQYF	1
CASSVSGTGYNEQFF	1
CASSVSGTGGNEQFF	1
CASSVRTGSTDTQYF	1
CASSVNPEDTQYF	1
CASSVNPYQETQYF	1
CASSVNAGAGEPQHF	1
CASSVKGRDNEKLFF	1
CASSASSGDTDTQYF	1
CASSAWPSGDSTDTQYF	1
CASSAYLTGTGELFF	1
CASSALSGRAYEQYF	1
CASSARLGKTYEQYF	1
CASSARSGLNTEAFF	1
CASSAQMTDTQYF	1
CASSAAPAPNTGELFF	1
CASSAGTSGTNEQFF	1
CASSAGLAGAMNGELFF	1
CASSATSYEQYF	1
CASSATWPGSPLHF	1
CASSATRGLVDTQYF	1
CASSASTGIPAPNYGYTF	1
CASSASGSLGEQYF	1
CASSASGRLDEQYF	1
CASSASTDTQYF	1
CASSALATGYEQYF	1
CASSASTGTVAKNIQYF	1
CASSASHGTRKFF	1
CASSASGTVSYEQYF	1
CASSAWGRNTEAFF	1
CASSAYSANEQFF	1
CASSAYTDTQYF	1
CASSALSGTSGKQTQYF	1
CASSALSTGELFF	1
CASSALRGSLNQPQHF	1
CASSAPSGELFF	1
CASSAPGPLYEQYF	1
CASSAPGGEQYF	1
CASSAPRQNEAFF	1
CASSAPRETQYF	1
CASSAPGVLSYNEQFF	1
CASSAPGQGTMNTEAFF	1
CASSARASYNEQYF	1
CASSARDNEQFF	1
CASSARTSGRVYEQYF	1
CASSARLDSENTDTQYF	1
CASSARQGDSTDTQYF	1
CASSAHWGVAF	1
CASSAHTSAGVYNEQFF	1
CASSAQGLVNQPQHF	1
CASSAQGVSGELFF	1
CASSAQTGDNQPQHF	1
CASSAALQGFTDTQYF	1
CASSAAGTSGPTDTQYF	1
CASSAGREVANTGELFF	1
CASSAGDSLHEQYF	1
CASSAGTALSYNEQFF	1
CASSAGTGAYEQYF	1
CASSAGTSDETQYF	1
CASSAGTRGRETQYF	1
CASSAGTDNQPQHF	1
CASSAGTTIYNEQFF	1
CASSAGLAGEQFF	1
CASSAGLAGSYEQYF	1
CASSAGPPYEQYF	1
CASSAGAGRRTDTQYF	1
CASSADRFQETQYF	1
CASSADRNTEAFF	1
CASSAIPGTNTGELFF	1
CASSAIAGGGHEQFF	1
CASSAREFGHTDTQYF	1
CASSARTRGLERNEQFF	1
CASSANPLAGINYGYTF	1
CASSANGQETQYF	1
CASSAKKREQYF	1
CASSAFPGQGGGEQFF	1
CASSASEGRGQYF	1
CASSAWGLGYGYTF	1
CASSAWDRRNYEQYF	1
CASSARGTDTYEQYF	1
CASSAASGRETQYF	1
CASSAAGGPTYEQYF	1
CASSAGRTPYEQYF	1
CASSAGEGSPYEQYF	1
CASSAGTGASNQPQHF	1
CASSAGLVFRANEQFF	1
CASSAGLAGLDTQYF	1
CASSAGLAGVDEQFF	1
CASSAGLAGGYNEQFF	1
CASSAGLAELGEQYF	1
CASSAGRPLYEQYF	1
CASSAGRVNTGELFF	1
CASSAGRSLSYNEQFF	1
CASSADTGLYEQYF	1
CASSADFNQPQHF	1
CASSADAYNEQFF	1
CASSADGLGNQPQHF	1
CASSADRGGTDTQYF	1
CASSADRDTEAFF	1
CASSADRDNQPQHF	1
CASSATSTYNEQFF	1
CASSARQGPIRGYTF	1
CASSANRAPDTQYF	1
CASSAWRALNQPQHF	1
CASSAWTSGRSPGELFF	1
CASSAPGTSTDTQYF	1
CASSAPGQQLQETQYF	1
CASSARDGPGNSPLHF	1
CASSAVRGSEQFF	1
CASSAAGTTNKTDTQYF	1
CASSAADGSYNEQFF	1
CASSAGATEAFF	1
CASSAGGRNYGYTF	1
CASSAGIRYEQYF	1
CASSAGLADYNEQFF	1
CASSASGGLDEQFF	1
CASSAREGSDTQYF	1
CASSGWTSSQYADTQYF	1
CASSGLAGTIGGYTGELFF	1
CASSGRSSTDTQYF	1
CASSGVLTGELFF	1
CASSGGLAENNEQFF	1
CASSGTSGSKEFF	1
CASSGTRGLGNQPQHF	1
CASSGSGATYEQYF	1
CASSGSGSTDTQYF	1
CASSGSGRWVTDTQYF	1
CASSGRGGTGELFF	1
CASSGRGASYEQYF	1
CASSGRDRGPRGYTF	1
CASSGAGAGDTQYF	1
CASSGGSLNLSSYEQYF	1
CASSGGDGTAKAFF	1
CASSGISQGPQFF	1
CASSGNEQYF	1
CASSGLTGFSYNEQFF	1
CASSGSGTVKTQYF	1
CASSGYRVSEQFF	1
CASSGPGTLKTGELFF	1
CASSGPGTSTDTQYF	1
CASSGPGNAYEQYF	1
CASSGRWPYNEQFF	1
CASSGRADTQYF	1
CASSGRYEQYF	1
CASSGQRGTEGETQYF	1
CASSGVGGSNQPQHF	1
CASSGVVGGDTEAFF	1
CASSGVTGELFF	1
CASSGAYNEQFF	1
CASSGAGTGANYGYTF	1
CASSGGLGGTQYF	1
CASSGGTGGEKLFF	1
CASSGGTGDLNTEAFF	1
CASSGGLAGTSNGELFF	1
CASSGGLAGNYYEQYF	1
CASSGGQIFTEAFF	1
CASSGDRALYNEQFF	1
CASSGDRELFF	1
CASSGEVQETQYF	1
CASSGTSGYNEQFF	1
CASSGTSGAYNEQFF	1
CASSGTSGSGFNEQFF	1
CASSGTTDTQYF	1
CASSGTRRETQYF	1
CASSGTAKNIQYF	1
CASSGTVYNSPLHF	1
CASSGSGRPRTDTQYF	1
CASSGRGTEPYGYTF	1
CASSGRGGNTEAFF	1
CASSGRGVDEQFF	1
CASSGFSGRASEQFF	1
CASSGYDKSSYEQYF	1
CASSGLAGGPNEQFF	1
CASSGLKSTYEQYF	1
CASSGLTDYGYTF	1
CASSGLAVGEQYF	1
CASSGLAGVPWNEQFF	1
CASSGLAGAWEQFF	1
CASSGPYEQYF	1
CASSGPTSTSYNEQFF	1
CASSGQVQETQYF	1
CASSGQGNTLNSYEQYF	1
CASSGQGSYNEQFF	1
CASSGQKNIQYF	1
CASSGGPGEQFF	1
CASSGGTYEQYF	1
CASSGGQGLRYEQYF	1
CASSGDSYEQYF	1
CASSGIGTSAGGEQFF	1
CASSGTRAV	1
CASSGTQGTEQFF	1
CASSGRMNTEAFF	1
CASSGRVRGEADTQYF	1
CASSDSFTSGRESSYNEQFF	1
CASSDLADRTDTQYF	1
CASSDPGMGANTGELFF	1
CASSDPTGRYEQYF	1
CASSDPGWATSNTEAFF	1
CASSDVPGPQRGYTF	1
CASSDDTGELFF	1
CASSDDSYEQYF	1
CASSDDRVGNQPQHF	1
CASSDILDRSSAKFF	1
CASSDTLDTQYF	1
CASSDSGWSTDTQYF	1
CASSDRGNTQETQYF	1
CASSDLSGSSDEQFF	1
CASSDPLRRADNEQFF	1
CASSDPRGGRTLSGNTIYF	1
CASSDPTSGSSYEQYF	1
CASSDRDRGVDEQYF	1
CASSDRTSGRAEDTQYF	1
CASSDGGFNEQFF	1
CASSDGVEETQYF	1
CASSDGTFDLAGDGYTF	1
CASSDGTAEAFF	1
CASSDGQGRLEQYF	1
CASSDEAGTSVMSSYNEQFF	1
CASSDIRTGDYGYTF	1
CASSDTSVEQYF	1
CASSDTGANEKLFF	1
CASSDTLGRRRGYTDTQYF	1
CASSDSDRPSYGGQYF	1
CASSDRAEPQHF	1
CASSDRGRNEQYF	1
CASSDRQGPDVQETQYF	1
CASSDNRDYEQYF	1
CASSEPRTPIYEQYF	1
CASSERNTNYGYTF	1
CASSERAYEQYF	1
CASSERQGTSGGTGELFF	1
CASSEAAEQYF	1
CASSEAGLAKNIQYF	1
CASSEAGLHNEQFF	1
CASSEGQPVSYEQYF	1
CASSEGFRDEQYF	1
CASSEGDHSYEQYF	1
CASSEGTPNGSPLHF	1
CASSEGTSSYNEQFF	1
CASSEGLAGGELFF	1
CASSEGLGTNEQFF	1
CASSEGQGSYEQYF	1
CASSEGVNLAERTDTQYF	1
CASSEDLAGAYNEQFF	1
CASSEEGARTDTQYF	1
CASSEIAGGYNEQFF	1
CASSETGTRGSMEQFF	1
CASSETGSSYEQYF	1
CASSERTGTSTTAYNEQFF	1
CASSERRGAEQYF	1
CASSERGPDTQYF	1
CASSESGANIAKNIQYF	1
CASSELAAGELFF	1
CASSEAGSDTQYF	1
CASSEGGSLSSYNEQFF	1
CASSEGYNEQFF	1
CASSEGLAPKYEQYF	1
CASSEGLGIQYF	1
CASSETRSSYNEQFF	1
CASSETGYEQYF	1
CASSETTGPGTQYF	1
CASSIFPTDEQFF	1
CASSILSGANTGELFF	1
CASSIRTSGSEQYF	1
CASSIVAGLIYNEQFF	1
CASSIGSQGELFF	1
CASSIGASSYNEQFF	1
CASSIDRATSGNTIYF	1
CASSITNEQFF	1
CASSISGPDGYTF	1
CASSISGRLTDTQYF	1
CASSISGGVYEQFF	1
CASSINAGIGETQYF	1
CASSISQGANTEAFF	1
CASSILAGGLRNEQFF	1
CASSIPGTGADLSSGNTIYF	1
CASSIRRDPIWGNEQFF	1
CASSIAGTSGRDPYNEQFF	1
CASSIGLAGEYEQYF	1
CASSIGQASSYEQYF	1
CASSITGTANTGELFF	1
CASSMQQREEDTQYF	1
CASSMVYLAGESDTQYF	1
CASSMVQGVSYEQYF	1
CASSMGTGSYEQYF	1
CASSMGLAAYNEQFF	1
CASSMDPNNSPLHF	1
CASSMTGGNQPQHF	1
CASSMTGGPGELFF	1
CASSMSIQGKYQETQYF	1
CASSILTQGHSTDTQYF	1
CASSILAGGSADTQYF	1
CASSIPGGLPPYNEQFF	1
CASSIQQGDYGYTF	1
CASSITSSYNEQFF	1
CASSITPGTAYNEQFF	1
CASSITVNTEAFF	1
CASSIRGQVYNEQFF	1
CASSINTGELFF	1
CASSTSATTYEQYF	1
CASSTLGGLYNEQFF	1
CASSTPKGASGGNTIYF	1
CASSTRTGPNQPQHF	1
CASSTGQGETLYEQYF	1
CASSTTGTGSEQYF	1
CASSTSGESSYEQYF	1
CASSTSGTDTQYF	1
CASSTNLGQENDYGYTF	1
CASSTSLEGGTDTQYF	1
CASSTWTAAPEAFF	1
CASSTWTGGLAKNIQYF	1
CASSTWTGPYEQYF	1
CASSTYYEQYF	1
CASSTLGNEQFF	1
CASSTLSVISYEQYF	1
CASSTLGALDEQYF	1
CASSTPGGRDYEQYF	1
CASSTPTGTLRPSGANVLTF	1
CASSTPPGASREQYF	1
CASSTPRVNNEQFF	1
CASSTPPSRTPPYNEQFF	1
CASSTRDRVNTEAFF	1
CASSTRTGGSRETQYF	1
CASSTRLAASTDTQYF	1
CASSTRLAGHNEQFF	1
CASSTRQGRNSPLHF	1
CASSTHARIAGELFF	1
CASSTHGSNTEAFF	1
CASSTQSVYEQYF	1
CASSTQREGLNEQFF	1
CASSTQRESTDTQYF	1
CASSTVGLKLYEQYF	1
CASSTASGSCSPGGLETQYF	1
CASSTGSVSVGGNQPQHF	1
CASSTGTGSQPQHF	1
CASSTGTGSPSLNGYTF	1
CASSTGQGYTGELFF	1
CASSTGQGAQETQYF	1
CASSTGQDVYGYTF	1
CASSTENRGEQYF	1
CASSTTEDRGIEKLFF	1
CASSTRDLNTGELFF	1
CASSTNVGRVPDEQFF	1
CASSTNRDRNPPQHF	1
CASSTKRDPLREQYF	1
CASSTKGGRGRIYNEQFF	1
CASSTSGGRDEKLFF	1
CASSTLRDRGKTQYF	1
CASSTLGYNEQFF	1
CASSTRSGSNYEQYF	1
CASSTQQGPHSGNTIYF	1
CASSTASGSYEQYF	1
CASSTAGGTDTQYF	1
CASSTGGNEQYF	1
CASSTGLAYEQYF	1
CASSTGLAGPDEQFF	1
CASSTGVGRFF	1
CASSTWGKQFF	1
CASSTLAGLSYEQYF	1
CASSTLAGGSETQYF	1
CASSTRTRISDEQFF	1
CASSTHWTEAFF	1
CASSTHTGNQPQHF	1
CASSTAGTGASEQFF	1
CASSTAGLADYNEQFF	1
CASSTGLFSQPQHF	1
CASSTGYPGELFF	1
CASSTGVDEQFF	1
CASSTGGEGTDTQYF	1
CASSTTGFPNYEQYF	1
CASSSLYSNQPQHF	1
CASSSPGTSGNPHNEQFF	1
CASSSVGRTYNSPLHF	1
CASSSGQEGGYTF	1
CASSSTQNTEAFF	1
CASSSSVRATNEKLFF	1
CASSSSGVYNEQFF	1
CASSSSGGVREQFF	1
CASSSSGRAGELFF	1
CASSSRVSSANNEQFF	1
CASSSYTRLNTDTQYF	1
CASSSPGTGSLTQYF	1
CASSSRQDLSYEQYF	1
CASSSQGETQYF	1
CASSSQDSSEKLFF	1
CASSSGIVETQYF	1
CASSSGQGSTEAFF	1
CASSRFSGDYNSPLHF	1
CASSRLGGSTDTQYF	1
CASSRRELGTDTQYF	1
CASSRVGSQFYPPKGEQFF	1
CASSRGLAGGGGYEQYF	1
CASSRGEWHYEQFF	1
CASSRGTAWNSPLHF	1
CASSRGLAGVSYEQYF	1
CASSRGQVGDEAFF	1
CASSRDPGAGDGYTF	1
CASSRDGGTDTQYF	1
CASSRDRWNMGQYF	1
CASSRDRDETQYF	1
CASSREVIAYNEQFF	1
CASSREGEGLYTEAFF	1
CASSRRHGLAGENTGELFF	1
CASSRPADTQYF	1
CASSRVGSEQFF	1
CASSRAGALDEQYF	1
CASSRGAGGGRNEQFF	1
CASSRDTGTYNEQFF	1
CASSRDRGLNYGYTF	1
CASSREEASGNNEQFF	1
CASSRSRAQPSGQYF	1
CASSRRSSYNEQFF	1
CASSNSRDPPYEQYF	1
CASSNPTRGAYNEQFF	1
CASSNASGTSRYEQYF	1
CASSNTGNNEQFF	1
CASSNRGTGARETQYF	1
CASSNRDSREKLFF	1
CASSNLAGRRNEQYF	1
CASSNSLTVDNSPLHF	1
CASSNPWGWNEQFF	1
CASSNPTERETQYF	1
CASSNRDRGNNEQFF	1
CASSNVKSGQVNTEAFF	1
CASSNAGDGRGYTF	1
CASSNGRTANNEQFF	1
CASSNGGEQYF	1
CASSNGGTRDTQYF	1
CASSNGLEGTQYF	1
CASSNGQGRYEQYF	1
CASSNEQNPYEQYF	1
CASSNEGLAGSYEQYF	1
CASSNRLAGENPDEQFF	1
CASSKREGPVQQFF	1
CASSKQTGASYEQYF	1
CASSKVGGTGVSYEQYF	1
CASSKALAGTGEKLFF	1
CASSKGDANTEAFF	1
CASSKGENPQFF	1
CASSKGTSGSHEQFF	1
CASSKGTGPETQYF	1
CASSKGTGDDTDTQYF	1
CASSKGRAVEFTDTQYF	1
CASSKGKLRDGAFF	1
CASSKGLAFTDTQYF	1
CASSKGLAGQHQETQYF	1
CASSKGGYGNQPQHF	1
CASSKDANEQYF	1
CASSKDRVETQYF	1
CASSKDRGLEQYF	1
CASSKETNYGYTF	1
CASSKTSGVYQETQYF	1
CASSKTSGRAYNEQFF	1
CASSKTGIQETQYF	1
CASSKTGGTDTQYF	1
CASSKTGTNSPLHF	1
CASSKFFYDREGNSPLHF	1
CASSKSPKLNTGELFF	1
CASSKSSGLTDTQYF	1
CASSKWLADYNEQFF	1
CASSKLQGQPQHF	1
CASSKLAERDEQFF	1
CASSKLTLGTGEAEAFF	1
CASSKPGLATSYEQYF	1
CASSKPGPSTDTQYF	1
CASSKPGGESLSIQYF	1
CASSKQGPRTEAFF	1
CASSKQTGDNSPLHF	1
CASSKVVAGRSYEQYF	1
CASSKAASSKERGQGSYEQYF	1
CASSKARAGGCHNEQFF	1
CASSKALGPLWAEQFF	1
CASSKAFLAVSSYEQYF	1
CASSKGHWTGGPISETQYF	1
CASSKGGTGDNEQFF	1
CASSKGEDAVLSTYNEQFF	1
CASSKGEGYNEQFF	1
CASSKGTSPQWAQYF	1
CASSKGTSGAYEQYF	1
CASSKGQGGDSPLHF	1
CASSKGQGMGAPIYEQYF	1
CASSKDLVGLT	1
CASSKDRGRGDYEQYF	1
CASSKDRQGGQETQYF	1
CASSKDHRGGISNQPQHF	1
CASSKEGGLRGHTEAFF	1
CASSKERLGQGLHNEQFF	1
CASSKEYDRGRGVAKNIQYF	1
CASSKELATTNEKLFF	1
CASSKTSGSSYNEQFF	1
CASSKRDSVAGEQYF	1
CASSKRTSGHTGELFF	1
CASSKRQGGPDTQYF	1
CASRFRETSYEQYF	1
CASRLAGVLYNEQFF	1
CASRLGQETQYF	1
CASRLGSDTQYF	1
CASRLQGKTEAFF	1
CASRSTYEQYF	1
CASRSTGSYEQYF	1
CASRSRVAGDYEQYF	1
CASRSGTTSYNEQFF	1
CASRSGTGNEKLFF	1
CASRSGTGPYEQYF	1
CASRSGRETQYF	1
CASRSRLGTEAFF	1
CASRSRNHEQYF	1
CASRSGGWTEAFF	1
CASRSTGVSEAFF	1
CASRWSMGGGEKLFF	1
CASRWSGADTIYF	1
CASRWGATDTQYF	1
CASRWDSLSNTEAFF	1
CASRWDSTNEKLFF	1
CASRYSGSTDTQYF	1
CASRLQGAHTGELFF	1
CASRLLPGETQYF	1
CASRLGLAGEANTQYF	1
CASRLEGGVGGYTF	1
CASRLQGAYTEAFF	1
CASRLTGVHEQYF	1
CASRLRGGGDTQYF	1
CASRLAGARNEQFF	1
CASRPLRTSGTNYEQYF	1
CASRPPGLVGNEQFF	1
CASRPDSGAYYGYTF	1
CASRPLGGGTEAFF	1
CASRPPGLAGGTDTQYF	1
CASRPPGQGTNYGYTF	1
CASRPPISGRARFSDTGELFF	1
CASRPQARGTEAFF	1
CASRPQGARLEAFF	1
CASRPQGQGNSYEQYF	1
CASRPVGYEQYF	1
CASRPGTSFEQYF	1
CASRPGTGAPGKGNTEAFF	1
CASRPRGTSKEGEQFF	1
CASRPRTTAPYNEQFF	1
CASRPSTDTQYF	1
CASRPGGKGKNTEAFF	1
CASRPGGEWGFLNSPLHF	1
CASRPGQSAEAFF	1
CASRPGQKETQYF	1
CASRPEGRTYEQYF	1
CASRPTGPNQPQHF	1
CASRPYTGELFF	1
CASRPQGDNQPQHF	1
CASRPEWAPEWEQYF	1
CASRPRGEQQETQYF	1
CASRPNRERETQYF	1
CASRRSTSGGVHYEQYF	1
CASRRWGAEAFF	1
CASRRAGGPYQETQYF	1
CASRRDSYEQYF	1
CASRREAYNEQFF	1
CASRRSGTIYEQYF	1
CASRRQGGEKLFF	1
CASRRQGYSTDTQYF	1
CASRRGTDTQYF	1
CASRRGGATRVGELFF	1
CASRRTRTGVNQPQHF	1
CASRRNRVDIQYF	1
CASRHTTSYEQYF	1
CASRQGFTEQYF	1
CASRQGQATYNEQFF	1
CASRQTENTEAFF	1
CASRQLNYEQYF	1
CASRQLAGGGNEQFF	1
CASRQAGGRQETQYF	1
CASRQRSSGNTGELFF	1
CASRVPRNVQFF	1
CASRVGETFTDTQYF	1
CASRVTSGMGTGELFF	1
CASRATNSRHNEQFF	1
CASRASGRREQYF	1
CASRARLDTIYF	1
CASRAHRGQGGDYGYTF	1
CASRAQAGTEAFF	1
CASRAGTSGRDEQFF	1
CASRAGTRGIPHYNEQFF	1
CASRADRGNTEAFF	1
CASRAGLAVYNEQFF	1
CASRATSGTDTQYF	1
CASRATGIGGTEAFF	1
CASRASGSTYEQYF	1
CASRAFTAVGSYNEQFF	1
CASRAFQANTGELFF	1
CASRAGYSNQPQHF	1
CASRAGVPQETQYF	1
CASRAGEGNQPQHF	1
CASRGWGPQETQYF	1
CASRGRRGQDYNEQFF	1
CASRGAYNSPLHF	1
CASRGGGSRETQYF	1
CASRGGARALTYNEQFF	1
CASRGGGYEQYF	1
CASRGWDPYAFNEQFF	1
CASRGLADTGELFF	1
CASRGAGESYRRDNEQFF	1
CASRGGLNTGELFF	1
CASRGGTGNQPQHF	1
CASRGDLPRPPNEQFF	1
CASRGDRGNSPLHF	1
CASRGENQPQHF	1
CASRGILMRGPPYEQYF	1
CASRGMAQITDTQYF	1
CASRGTTYNEQFF	1
CASRGTSEPQHF	1
CASRGTGTIVEQFF	1
CASRGLAGYNEQFF	1
CASRGLAGGETQYF	1
CASRGQFGSYTF	1
CASRGQVYEQYF	1
CASRGQGLRTEAFF	1
CASRGQGSNTEAFF	1
CASRGQGRSYEQYF	1
CASRGQDDSGSPLHF	1
CASRGVGTDTQYF	1
CASRGAGLETQYF	1
CASRGAGRGRGSYNEQFF	1
CASRGGLAAGSYNEQFF	1
CASRDFGQPQHF	1
CASRDLGYSNQPQHF	1
CASRDRENTEAFF	1
CASRDGQGGETQYF	1
CASRDSGRNYNEQFF	1
CASRDSNQPQHF	1
CASRDRTRVYGYTF	1
CASRDNRGPLDQPQHF	1
CASRDFALDNEQFF	1
CASRDSGYEQYF	1
CASRDWTRSEAFF	1
CASRDHYGYTF	1
CASRDGLEQFF	1
CASRDMGQANTEAFF	1
CASRDTGLGSYEQYF	1
CASRDSNQPQHF	1
CASRDRAHEQYF	1
CASRDRGRVYGYTF	1
CASRDRTYEQYF	1
CASRDNLNTEAFF	1
CASRESYQETQYF	1
CASREGAPTGELFF	1
CASREGGPAEQYF	1
CASRETVNNEQFF	1
CASRENGIQYF	1
CASREWTVSNQPQHF	1
CASRERTSANNEQFF	1
CASREVIAKNIQYF	1
CASREGTGGFYEQYF	1
CASRETSGIGELFF	1
CASRETPGGSTDTQYF	1
CASRISRGAGELFF	1
CASRMWGAKNIQYF	1
CASRMPGKWTSGKNEQFF	1
CASRMAGGETQYF	1
CASRMGQGAEAFF	1
CASRMTGHGYEQYF	1
CASRMTGGGYTF	1
CASRMRERPYYEQYF	1
CASRILAGSSYEQYF	1
CASRIQGGNEQFF	1
CASRIQGGTYEQYF	1
CASRIGLVEYNEQFF	1
CASRTESCYEQYF	1
CASRTSGRSYEQYF	1
CASRTSGEETQYF	1
CASRTSGTHEQYF	1
CASRTYEGRTEQFF	1
CASRTPWSLEASTDTQYF	1
CASRTPGRNEQYF	1
CASRTGDPNYGYTF	1
CASRTGTSGFQYF	1
CASRTSGRAEDEQYF	1
CASRTGPRQFF	1
CASRTGVYEQYF	1
CASRTGNEQFF	1
CASRTGLSYEQYF	1
CASRTLQNTEAFF	1
CASRTQGIQETQYF	1
CASRTVSSYEQYF	1
CASRTGGLYNEQFF	1
CASRTGEAGELFF	1
CASRTSGRQNNEQFF	1
CASRSLAGTYNEQFF	1
CASRSLGSYNEQFF	1
CASRSDSRGNSPLHF	1
CASRRETSTDTQYF	1
CASRRTSGETQYF	1
CASRRTREETQYF	1
CASRRSTDTQYF	1
CASRRQGSPYEQYF	1
CASRRGLAGDGTQYF	1
CASRRGQGNTGELFF	1
CASRRGTDSSYEQYF	1
CASRRKRNQPQHF	1
CASRNGPVGEKLFF	1
CASRNSGGSYEQYF	1
CASRNRGQAPLHF	1
CASRKLRDRGEFTEAFF	1
CASRKAAQGRSYEQYF	1
CASRKTGSSYEQYF	1
CASRKLAGAGELFF	1
CASRKLAGETQYF	1
CASRKHRDRGYEQYF	1
CASRKQDRDFYGYTF	1
CASRKGTSGSGGGELFF	1
CASRKEQGNYEQYF	1
CASRKTRTAYNSPLHF	1
CASRFQGANEQYF	1
CASRFGTGGSETQYF	1
CASRFSGYQETQYF	1
CASRFAPYSNGQIGGYTF	1
CASRFGQGSIKPQHF	1
CASRFRGSDTQYF	1
CASRFRDRLTTSEQFF	1
CASRLGQGARGYTF	1
CASRLTGSDQPQHF	1
CASRLQEADTEAFF	1
CASRLDRAAEAFF	1
CASRSLLRGADTQYF	1
CASRSLRGQDTQYF	1
CASRSRAETYNEQFF	1
CASRSLGGDTGELFF	1
CASRSLSGTLHNEQFF	1
CASRSLAGGPLASTDTQYF	1
CASRSPQGWRNTEAFF	1
CASRSPGRGLNEQFF	1
CASRSGAEQYF	1
CASRSGTGTYEQYF	1
CASRSGHLGVLYGYTF	1
CASRSDRGQETQYF	1
CASRSQGASNEKLFF	1
CASRSGLAGPYEQYF	1
CASRSDRGYNQPQHF	1
CASRSTVNTEAFF	1
CASRSRGDRGYNSPLHF	1
CASRWTSGISETQYF	1
CASRYSGSMDTQYF	1
CASRYDPLSGRAAYNEQFF	1
CASRLFGSGTYNEQFF	1
CASRLIQGRSTDTQYF	1
CASRLRTTDNEQFF	1
CASRLRQTLGTDTQYF	1
CASRLDRVSDTQYF	1
CASRLDRGNQPQHF	1
CASRLRTVSYEQYF	1
CASRLTVRGLYSGHGELFF	1
CASRLAGTGVHEQYF	1
CASRLAGAEQYF	1
CASRLAAYEQYF	1
CASRLGPYNEQFF	1
CASRLGSYEQYF	1
CASRPHPLEGTGELFF	1
CASRPHRGPVTDTQYF	1
CASRPAGAEQFF	1
CASRPNSGRFIGELFF	1
CASRPWEGNEQFF	1
CASRPVDSYTGELFF	1
CASRPAGLSSYEQYF	1
CASRPGFGKAEAFF	1
CASRPGGSDGYTF	1
CASRPEGTYNEQFF	1
CASRPTGANGYTF	1
CASRPNRGLNTEAFF	1
CASRPGTSGYNEQFF	1
CASRPGQGRSSTDTQYF	1
CASRPGQGVRTDTQYF	1
CASRPDGGGNQPQHF	1
CASRPDRIYNEQFF	1
CASRPEGRDTEAFF	1
CASRPTSGRTYNEQFF	1
CASRPTHNTDEAFF	1
CASRPTGTYEQYF	1
CASRPTGSNTEAFF	1
CASRPLAAGENIQYF	1
CASRPPSFDRADTGELFF	1
CASRPGGSYGYTF	1
CASRPGGSNTEAFF	1
CASRRFSGGEYNEQFF	1
CASRRWGHYGYTF	1
CASRRPLSGSNTGELFF	1
CASRRRTGGKTDTQYF	1
CASRRHGLGGNLTTNEKLFF	1
CASRRHNKEYEQYF	1
CASRRVNQPQHF	1
CASRRAPEGSYEQYF	1
CASRRGPSGANVLTF	1
CASRRDPYEQYF	1
CASRRTPRGNQPQHF	1
CASRRLAGGRDTQYF	1
CASRRLAGDGTYEQYF	1
CASRRHENTGELFF	1
CASRRVVGVGFF	1
CASRRNTGPSLMEQYF	1
CASRRNIGTTSSYNSPLHF	1
CASRHLGLSKNIQYF	1
CASRHSTGELFF	1
CASRHQLARLAKNIQYF	1
CASRQSKSGQPMNTEAFF	1
CASRQGASYNSPLHF	1
CASRQLDSTYNEQFF	1
CASRQPKRGVVNYGYTF	1
CASRQQGGTGELFF	1
CASRQVGTEQFF	1
CASRQDVGTGETNEKLFF	1
CASRQDGETQYF	1
CASRVLGELFF	1
CASRVRGTYEQYF	1
CASRARVNEQFF	1
CASRALGGPGNSPLHF	1
CASRAAGGRTQYF	1
CASRAGTGEQFF	1
CASRAASVPSTDTQYF	1
CASRAGSYNEQFF	1
CASRAGQNTEAFF	1
CASRAGGGQLENEQFF	1
CASRAGVVSGKLFF	1
CASRGYGVSKNIQYF	1
CASRGRINEQFF	1
CASRGTGTNEQFF	1
CASRGLAGLKYNEQFF	1
CASRGPRQVNEQYF	1
CASRGRGSGYQETQYF	1
CASRGQRNTEAFF	1
CASRGQGSALSGIQYF	1
CASRGDVAGDLVNEQFF	1
CASRDRQAEAFF	1
CASRDRDSSYNEQFF	1
CASRDTGGYTEAFF	1
CASRDSSGNTIYF	1
CASREGLARGNIQYF	1
CASREDSSYEQYF	1
CASREDSNYGYTF	1
CASRETVENTGELFF	1
CASRESGGRGTGELFF	1
CASREQGSSYNEQFF	1
CASREGGSYNSPLHF	1
CASREGRSNEKLFF	1
CASRITGKSDNEQFF	1
CASRMDRASKNIQYF	1
CASRITGELFF	1
CASRTYRGYGYTF	1
CASRTDRGDEAFF	1
CASRTSGSYNEQFF	1
CASRTNRGMGYEQYF	1
CASRTTGANTEAFF	1
CASRTTTGPAWNEQFF	1
CASRTGGQGSNEQFF	1
CASRTGTGVSNEQFF	1
CASRTIGQLAKNIQYF	1
CASRTGAHNQPQHF	1
CASRTGGSAYEQYF	1
CASRTGLRNTGELFF	1
CASRRQAGRDNSPLHF	1
CASRRVEAFF	1
CASRRAGELFF	1
CASRRGQPGTDTQYF	1
CASRRTSTGELFF	1
CASRRPMRVYGYTF	1
CASRRQNLNYNEQFF	1
CASRRGGGNEQFF	1
CASRNEKLFF	1
CASRNSGPNTGELFF	1
CASRKSSYNEQFF	1
CASRKRTGGAYSPLHF	1
CASRKLGDEQFF	1
CASRKQGSPEQYF	1
CASRKQGAKTGELFF	1
CASRKESGTEETQYF	1
CASNFLGGGGAGTEAFF	1
CASNFAVDDEQYF	1
CASNSRYNEQFF	1
CASNSGTGPYEQYF	1
CASNSGGRGDTQYF	1
CASNLPGQGRETQYF	1
CASNPPGGMETQYF	1
CASNRQGWDEKLFF	1
CASNRQTGYTEAFF	1
CASNQRSSYEQYF	1
CASNVRQKTQYF	1
CASNALAGLDEQFF	1
CASNGAGPQETQYF	1
CASNGGVRRQETQYF	1
CASNGGIPGWGSYEQYF	1
CASNDPGSYEQYF	1
CASNERGIQIYNEQFF	1
CASNEQESTDTQYF	1
CASNTAGTNTFF	1
CASNTGLAWAETQYF	1
CASNRAGGQGPNTEAFF	1
CASNFLAGGPNEQYF	1
CASNLQWSTDTQYF	1
CASNLGTGISNQPQHF	1
CASNLWAGAPDEQYF	1
CASNSPGLVDEQYF	1
CASNSQGTSSGNTIYF	1
CASNSGTGDDEQFF	1
CASNSALETQYF	1
CASNYHGNTGELFF	1
CASNYRVARPGELFF	1
CASNLVPESYNEQFF	1
CASNLDRDQPQHF	1
CASNLIGTGMADTQYF	1
CASNLGGTGVGQPQHF	1
CASNLGQGGTQYF	1
CASNPWARNQPQHF	1
CASNPSGSQTQYF	1
CASNPLAGPYNEQFF	1
CASNPPSGEQYF	1
CASNPRRTGRSYNEQFF	1
CASNRLGTGTYEQYF	1
CASNRATSYEQYF	1
CASNRGYGSNYGYTF	1
CASNRSRGSNQPQHF	1
CASNHKDRGNEQFF	1
CASNQGARGTDTQYF	1
CASNQITDTQYF	1
CASNQFPGQPQHF	1
CASNQGRGTSRHNEQFF	1
CASNVAGFYEQYF	1
CASNALGSSYEQYF	1
CASNAQREFYEQYF	1
CASNGGHANTGELFF	1
CASNGFTQGPFR	1
CASNGRAGDEQFF	1
CASNGLAGSYNEQFF	1
CASNGRSYNSPLHF	1
CASNGQGADTQYF	1
CASNGKGEGIYNEQFF	1
CASNDPPSGYTF	1
CASNDGQTYEQYF	1
CASNDRGFGYGYTF	1
CASNERGRETQYL	1
CASNTIEDRATGELFF	1
CASNSPYEQYF	1
CASNREINQPQHF	1
CASNRQGARGEEQYF	1
CASNRAEGDNEQFF	1
CASNNWGEFQPQHF	1
CASKFGLQKLEYF	1
CASKSPYRGGDDGQPQHF	1
CASKWGNQPQHF	1
CASKWTGAAEQFF	1
CASKPSGLSYEQYF	1
CASKRDETYEQYF	1
CASKRTSTDTQYF	1
CASKHLANLQETQYF	1
CASKVDPGASSYEQYF	1
CASKGRRTQETQYF	1
CASKGGRSSYNEQFF	1
CASKGPNSYEQYF	1
CASKGHSDTQYF	1
CASKGAELRWGNEQFF	1
CASKEGQENSPLHF	1
CASKELVTGELFF	1
CASKERTNEQFF	1
CASKTSGRAGSYNEQFF	1
CASKTGNEQFF	1
CASKRVSQGTDTQYF	1
CASKKRSPNYNEQFF	1
CASKFGGLEWAYEQYF	1
CASKFGRGAYEQYF	1
CASKSLPGDTQYF	1
CASKSGTSDYGYTF	1
CASKLATSGYIVEQYF	1
CASKLAGEAEQFF	1
CASKPGQGRSTNEKLFF	1
CASKPGQGSGGHGYTF	1
CASKRLADTGELFF	1
CASKRTANTGELFF	1
CASKHRTENTEAFF	1
CASKVQGVNEQYF	1
CASKGSRGRETQYF	1
CASKGAGESYNEQFF	1
CASKEATDTQYF	1
CASKEKNTGELFF	1
CASKIIPGTEAFF	1
CASKTFLFDPSTRGYYGYTF	1
CASKTGGTEAFF	1
CASKTGLNTGELFF	1
CASKSLAGNTGELFF	1
CASKRDIRQETQYF	1
CASKNPRSLAGNNEQFF	1
CASKNGRGTVYEQYF	1
CARFPWGNHNEQFF	1
CARSTMAQYF	1
CARYPRGTSGNNEQFF	1
CARESYEQYF	1
CARMTAGGWYEQYF	1
CARTSGRKTDTQYF	1
CARTLGTVYNEQFF	1
CARPGTDVWDEQYF	1
CARRAGRWGSNSSYEQYF	1
CARGQGIAKNIQYF	1
CARDGTAETQYF	1
CARSLERARTGELFF	1
CARSPRRRELFF	1
CANSGTTDNEQFF	1
CANSKQENYGYTF	1
CANPHVRLALRNEQFF	1
CANRQRLTYNEQFF	1
CANGNRLADYNEQFF	1
CANSDSPDKITDTQYF	1
CAKQVVGVVEQFF	1
CAKDSYYEQYF	1
CAKTGTGDYSPLHF	1
CAKTEQYF	1
CAIPYAAGSYNEQFF	1
CASGGPNQPQHF	1
CAAEDRGYEQYF	1
CATGASGTQETQYF	1
CATSSVGNEKLFF	1
CASRLVLLAGVYEQYF	1
CASRLGYRGRFTYEQYF	1
CASRLPETQYF	1
CGSGLGTGELFF	1
CGSSGAGQPQHF	1
CRFPSTDTQYF	1
CVTGGYYGYTF	1
CVGDWREGPADTQYF	1
CASGADPANTGELFF	1
CAWTGTYEQYF	1
CAVRTPGDTIYF	1
CATSPQKTTDTQYF	1
CATSLAGGPYEQYF	1
CATSGGQGYNEQFF	1
CATSTGDRFRGYTF	1
CATALAGGSYNEQFF	1
CATRAGGSAGELFF	1
CATQPAGGPGRQFF	1
CASSMNTEAFF	1
CASSASGSPNTEALF	1
CASSNRGYNEQFF	1
CASLLADTYNEQFF	1
CASQVEASGTGELFF	1
CASTTGLSSTDTQYF	1
CASSGTTAQETQYF	1
CASSPARTDTDTQYF	1
CASSGTGGTDTQYF	1
CASSPERGNTDTQYF	1
CASSGVLSYEQYF	1
CASLALVGTGELFF	1
CASLKDGPTDTQYF	1
CASPRRDREGLAGSYEQYF	1
CASRLNTGELFF	1
CASRREGALPGELFF	1
CASRPGLAGNNEQFF	1
CASRVGGENTGELFF	1
CASQGPNTGELFF	1
CASQWDPEVYEQFF	1
CASVPNEQFF	1
CASVADPSSTDTQYF	1
CASVDSGTGELFF	1
CASVDSPSEQYF	1
CASVNGTSGSYEQYF	1
CASARGENQPQHF	1
CASAGGTTDTQYF	1
CASALAGGPGNEQFF	1
CASARSLNTGELFF	1
CASATGTGELFF	1
CASGYLTGRNTGELFF	1
CASGRDTEVNEQFF	1
CASGLAGVESYNEQFF	1
CASGQVGADTQYF	1
CASGGERPDTQYF	1
CASGGLAAYNEQFF	1
CASGEQNGGDTQYF	1
CASGEGTYEQYF	1
CASGTGGAWGMNTEAFF	1
CASGLRSGANVLTF	1
CASGRSTGNYEQYF	1
CASGQGLSSGANVLTF	1
CASGMDTSYNEQFF	1
CASEITGGSYEQYF	1
CASIRQGPNQPQHF	1
CASIRTGGPTGELFF	1
CASMVISGLFGTEAFF	1
CASMGRDYGYTF	1
CASMGDRSYEQYF	1
CASMGLGGNEQFF	1
CASIEAGLAGPNEQFF	1
CASISSGAREQFF	1
CASTLVASFVPDTQYF	1
CASTPSSGETQYF	1
CASTPWVESTEAFF	1
CASTQGLSGANVLTF	1
CASTTTPSGGEQFF	1
CASTSTTGNEKLFF	1
CASTLTSEGYEQFF	1
CASTLAGTSSYNEQFF	1
CASTPPLDSRRYF	1
CASTPQGPDYSNQPQHF	1
CASTPAPNTGELFF	1
CASTPGQGVTEAFF	1
CASTPPLGGLKNIQYF	1
CASTQQAGGKNIQYF	1
CASTADRGHYGYTF	1
CASTDPGSSYEQYF	1
CASTIAGSAYNEQFF	1
CASTSTSSYNEQFF	1
CASTKTQGEKLFF	1
CASTKNLAGVWNEQFF	1
CASTKNGPVTDTQYF	1
CASTSSPQGSHEQYF	1
CASTSPGLADNEQFF	1
CASTLGQGYNEQFF	1
CASTQTGGYEQYF	1
CASTEVPGAHTEAFF	1
CASTEGVDTQYF	1
CASTRDRESEQFF	1
CASTARERGTAHNSPLHF	1
CASTMTGAYNEQFF	1
CASSFQGDTEAFF	1
CASSFGTQANYGYTF	1
CASSFRVTGGNEQFF	1
CASSFSGSSYNEQFF	1
CASSLAEGTGTDTQYF	1
CASSLDRSRGAEAFF	1
CASSSFNNEQFF	1
CASSSSYNEQFF	1
CASSSPDGADEQFF	1
CASSSGGNTDTQYF	1
CASSSGTSGSNYEQYF	1
CASSSGLLKHGYTF	1
CASSSTGTGAYEQYF	1
CASSSLAVSSYNEQFF	1
CASSSAGGPGEQYF	1
CASSWGPSGDEQFF	1
CASSWDSLGDTQYF	1
CASSYDTTDTQYF	1
CASSYTGGGQPQHF	1
CASSLLGGRANDIQYF	1
CASSLDRSTEAFF	1
CASSLTSGQETQYF	1
CASSLTGYEQYF	1
CASSLQGMDTGELFF	1
CASSLDSSSTDTQYF	1
CASSPWGESSNQPQHF	1
CASSPLSGRAPGELFF	1
CASSPTAGGVSYNSPLHF	1
CASSPVGGLDTEAFF	1
CASSPGTASYEQYF	1
CASSPGTTNYGYTF	1
CASSPPEGKGYFEAFF	1
CASSPPGPGNEKLFF	1
CASSRSVGSSYEQYF	1
CASSRGRDEQFF	1
CASSRDSSNTEAFF	1
CASSRTSQAYNEQFF	1
CASSRTGGSTEAFF	1
CASSRSLVSGELFF	1
CASSRTSVSTDTQYF	1
CASSHLKREGDEQYF	1
CASSHYMTGGNTEAFF	1
CASSHPRTGHSPLHF	1
CASSHRDSFYEQYF	1
CASSHGPKTSGRALGSYNEQFF	1
CASSHTSSREGGDTQYF	1
CASSQAVQETQYF	1
CASSQSAKAGECGTDTQYF	1
CASSQSEMPQTTNEKLFF	1
CASSQSRLALYNEQFF	1
CASSQPPPRGFCTGELFF	1
CASSQVMGAGYEQYF	1
CASSQASSRGNETQYF	1
CASSQGAGELFF	1
CASSQITRDEQYF	1
CASSQMGGNEQFF	1
CASSAWDRKNEFF	1
CASSASQGARNTEAFF	1
CASSAGSGSEQYF	1
CASSADLQNIQYF	1
CASSGQKNTGELFF	1
CASSGPRAGGPPDTQYF	1
CASSGRGDDNEQFF	1
CASSGRGQGKHEQFF	1
CASSGPESSYNEQFF	1
CASSGGVNNEQFF	1
CASSGDTQYF	1
CASSGLASTGELFF	1
CASSGTEETQYF	1
CASSGSGRSDEQFF	1
CASSGKINNNEQFF	1
CASSDLGKGNEQYF	1
CASSDPTSGRETQYF	1
CASSDGGSSYEQYF	1
CASSDTGTGGDEQYF	1
CASSDRRGPGELFF	1
CASSDRAPVTQYF	1
CASSDLGGKGGPYNEQFF	1
CASSDSPTSGSTDTQYF	1
CASSDQAGGSVYEQYF	1
CASSDRTGAKNIQYF	1
CASSELRQGWNEQFF	1
CASSELNPGTGGHEQFF	1
CASSESDTLNTEAFF	1
CASSESGLWDEQFF	1
CASSEWAGSISRVETQYF	1
CASSEWAVETQYF	1
CASSEYIGGGEQYF	1
CASSEYHSGSYNEQFF	1
CASSEQGNTEAFF	1
CASSEVGTGAALSPQHF	1
CASSEGHEQYF	1
CASSEGRPSTDTQYF	1
CASSERRTGYNEQFF	1
CASSEKPGQVEAFF	1
CASSEKPSGTSGSETQYF	1
CASSESMTGTRDEQYF	1
CASSELAVYNEQFF	1
CASSEQDSYEQYF	1
CASSEVGLAFFNEQFF	1
CASSEERDHTQYF	1
CASSEIGTQETQYF	1
CASSENTGELFF	1
CASSIQNNEQFF	1
CASSMGEGGYNEQFF	1
CASSTGNTIYF	1
CASSSGRSTDTQYF	1
CASSRTVNTGELFF	1
CASSNRQLYNEQFF	1
CASSKWGVEQFF	1
CASSKAALSTDTQYF	1
CASSFLQGPYEQYF	1
CASSFLGNYGYTF	1
CASSFSTSGWDEQFF	1
CASSFSYEQYF	1
CASSFSAGPQTTQYF	1
CASSFSGAIENEQFF	1
CASSFSGDYGYTF	1
CASSFWSSMNTEAFF	1
CASSFLLGGTDTQYF	1
CASSFLPGNTEAFF	1
CASSFRGSDYEQYF	1
CASSFRGDYDEQYF	1
CASSFRPDSSYEQYF	1
CASSFQETQYF	1
CASSFVAGPPYNEQFF	1
CASSFASGGYNEQFF	1
CASSFAGRGYEQYF	1
CASSFAGIQNTEAFF	1
CASSFAGQGYNEQFF	1
CASSFGMGTGTYEQYF	1
CASSFGSGGESSYNEQFF	1
CASSFGPLTGELFF	1
CASSFGGNEQFF	1
CASSFGTSKETQYF	1
CASSFGTGSNEQYF	1
CASSFGTGSYEQYF	1
CASSFGSRERLTGELFF	1
CASSFGPTTYEQYF	1
CASSFGQGGNQPQHF	1
CASSFDSTGELFF	1
CASSFDPTPRTGELFF	1
CASSFDPSGSDPNEQFF	1
CASSFDPGQGSDTQYF	1
CASSFDSSYEQYF	1
CASSFERDYEQYF	1
CASSFEGTDTQYF	1
CASSFEGAAGYNEQFF	1
CASSFTGSTDTQYF	1
CASSFSGSTDTQYF	1
CASSFSGSREQFF	1
CASSFSGSGYNEQFF	1
CASSFSTNNEQFF	1
CASSFRTSSYNEQFF	1
CASSFRGPGHNEQFF	1
CASSFFGTDYTGELFF	1
CASSFLRDTQYF	1
CASSFLAGGRSEQFF	1
CASSFSTELNEQYF	1
CASSFSRGETQYF	1
CASSFSGSGELFF	1
CASSFSDRDTNEQFF	1
CASSFYQGRTDTQYF	1
CASSFLRVNEQFF	1
CASSFLSGELFF	1
CASSFLQGHEQYF	1
CASSFLAGASYEQYF	1
CASSFLAGGPEGTDTQYF	1
CASSFPSGRTHTYNEQFF	1
CASSFPDPYGYTF	1
CASSFPTSGRTDTGELFF	1
CASSFRGTSGRGNEQYF	1
CASSFRGRTRANTGELFF	1
CASSFRLAGYEQFF	1
CASSFRPVPSYEQYF	1
CASSFRDRDYEQYF	1
CASSFHPGQYEQYF	1
CASSFVGQGNEQFF	1
CASSFAATAKNEKLFF	1
CASSFAGLNNEQFF	1
CASSFAGHSYNEQFF	1
CASSFGGTDTQYF	1
CASSFGGGGSGTDTQYF	1
CASSFGGGTPLHF	1
CASSFGGVFGYTF	1
CASSFGGTGELFF	1
CASSFGGADVQYF	1
CASSFGGANNEQFF	1
CASSFGDYNEQFF	1
CASSFGTSGGNDEQYF	1
CASSFGTGVHEQYF	1
CASSFGKGGFFGSPLHF	1
CASSFGLAGGIETQYF	1
CASSFGLAGDEQFF	1
CASSFGPSSYEQYF	1
CASSFGQGYNEQFF	1
CASSFGAVVTAGELFF	1
CASSFDGSKRSSPLHF	1
CASSFDSNSPLHF	1
CASSFDRGNQPQHF	1
CASSFDRTYEQYF	1
CASSFEGGGYEQYF	1
CASSFMTSGTDTQYF	1
CASSFTGGSTGELFF	1
CASSFTDTQYF	1
CASSFSNRQGSYEQYF	1
CASSFRYQETQYF	1
CASSFRAGTYEQYF	1
CASSFRGLYEQYF	1
CASSFRGTYNEQFF	1
CASSFRGDEQYF	1
CASSFNSGVEQFF	1
CASSFKGRDSNYEQYF	1
CASSF	1
CASSLFFGGASYEQYF	1
CASSLFGQGGTEAFF	1
CASSLFGDTDTQYF	1
CASSLFTGGTYEQYF	1
CASSLFRTSGSSGNTQYF	1
CASSLFGLAGEFNEQFF	1
CASSLLAFDNEQFF	1
CASSLLAGAPHEQFF	1
CASSLLGGNTEAFF	1
CASSLLGTENEKLFF	1
CASSLLGENTEAFF	1
CASSLLQWNTGELFF	1
CASSLLVQETQYF	1
CASSLLGQLTIPNEQFF	1
CASSLSPGQGYEQYF	1
CASSLSGTGESEQYF	1
CASSLSPGAYEQYF	1
CASSLSPQGTGELFF	1
CASSLSQGPTYEQYF	1
CASSLSAENYEQYF	1
CASSLSASNYGYTF	1
CASSLSAVYGYTF	1
CASSLSGTGAYNEQFF	1
CASSLSGLASYEQYF	1
CASSLSTDVTPAFF	1
CASSLSSISYNEQFF	1
CASSLSQGSYNEQFF	1
CASSLSVVTYEQYF	1
CASSLSAASSYEQYF	1
CASSLSGLGYGYTF	1
CASSLSGITEAFF	1
CASSLWLGSSGYTF	1
CASSLWVGSYNEQFF	1
CASSLWASGYNEQFF	1
CASSLWAGGNQPQHF	1
CASSLWAGDLEQFF	1
CASSLWMSKGYEQYF	1
CASSLWNNEQFF	1
CASSLYPGSPFF	1
CASSLYASGVGDNEQFF	1
CASSLYTGTGGTGELFF	1
CASSLLPGTEAFF	1
CASSLLVANTEAFF	1
CASSLLASEQFF	1
CASSLLPGRSSYEQYF	1
CASSLLPGASYEQYF	1
CASSLLGQGNTEAFF	1
CASSLLTSGANEQFF	1
CASSLLASYEQYF	1
CASSLLGQEPYGYTF	1
CASSLPRTRGVYNEQFF	1
CASSLPLRREMYF	1
CASSLPSGNGNEQFF	1
CASSLPPEWGTPASDTQYF	1
CASSLPPTGQTYEQYF	1
CASSLPATPRTKNIQYF	1
CASSLPKGGMNTEAFF	1
CASSLPTSTFNEQFF	1
CASSLRPAPGSYEQYF	1
CASSLRPRGTPYGNEQFF	1
CASSLRGRPYEQYF	1
CASSLRSSGDTGELFF	1
CASSLRWQGHSYEQYF	1
CASSLRVSASSYEQYF	1
CASSLRAGDVGELFF	1
CASSLREAGTDTQYF	1
CASSLRMNTEAFF	1
CASSLRTSGSHNEQFF	1
CASSLRSGRANEQFF	1
CASSLRSGAYEQYF	1
CASSLRWRGSGELFF	1
CASSLRLAISGELFF	1
CASSLRQGQETQYF	1
CASSLRIDYQETQYF	1
CASSLQGEQFF	1
CASSLQDTQETQYF	1
CASSLQTSGSWSYEQYF	1
CASSLQPSGTGNTEAFF	1
CASSLVSGDYNEQFF	1
CASSLVLNEQFF	1
CASSLVLGAEAFF	1
CASSLVPDQPQHF	1
CASSLVQSYNEQFF	1
CASSLVASGIPGNIQYF	1
CASSLVAGGSGTDTQYF	1
CASSLVAGRTYNEQFF	1
CASSLVGGGATNYGYTF	1
CASSLVTGGKNIQYF	1
CASSLVTSGGHRELFF	1
CASSLVTGLTEAFF	1
CASSLVSGNNEQFF	1
CASSLVLRSSYNEQFF	1
CASSLVPGGIDYEQYF	1
CASSLVQASSYNEQFF	1
CASSLVVGDTEAFF	1
CASSLVGGSTTYEQYF	1
CASSLVGTGELFF	1
CASSLVGPSTTEAFF	1
CASSLVGRDTQYF	1
CASSLVGLAGGQETQYF	1
CASSLVETGFHGYTF	1
CASSLVRTTYNEQFF	1
CASSLVLAYEQYF	1
CASSLVSSGRAYNEQFF	1
CASSLVPGGHEQFF	1
CASSLVRDGNEQFF	1
CASSLVQGPYNEQFF	1
CASSLVVQGTEQYF	1
CASSLVASGFYYNEQFF	1
CASSLVASGTYEQYF	1
CASSLVASNTEAFF	1
CASSLVAGPYNEQFF	1
CASSLVAGSSYEQYF	1
CASSLVGLAVTYNEQFF	1
CASSLVGITNTGELFF	1
CASSLVGLAEISYNEQFF	1
CASSLVGQGGTEAFF	1
CASSLVTSGNNEQFF	1
CASSLVTGTGYNEQFF	1
CASSLVTTGELFF	1
CASSLVSFANTGELFF	1
CASSLVQGGTGELFF	1
CASSLVQNSYNEQFF	1
CASSLVASGRVYEQYF	1
CASSLVAGASNEQFF	1
CASSLVAGGDNEQFF	1
CASSLVAGGNTGELFF	1
CASSLVATSTDTQYF	1
CASSLVGGWDSPLHF	1
CASSLVGGTDEQYF	1
CASSLVGEGTEAFF	1
CASSLVDTQYF	1
CASSLVENTEAFF	1
CASSLVEGTEAFF	1
CASSLAFGPSSYEQYF	1
CASSLAPGTGAYEQYF	1
CASSLAPGPNYEQYF	1
CASSLAPGQGETQYF	1
CASSLARSGETLPNTEAFF	1
CASSLAHGGIMLNTEAFF	1
CASSLAGAYNEQFF	1
CASSLAGNEQYF	1
CASSLATGYGYTF	1
CASSLATGAEQYF	1
CASSLATGAAYEQYF	1
CASSLALFGELFF	1
CASSLALGGTEAFF	1
CASSLASGTEQYF	1
CASSLASRSGGNEKLFF	1
CASSLALQHNEQFF	1
CASSLALRYSEQYF	1
CASSLAPAGERENEKLFF	1
CASSLAPQGIGEKLFF	1
CASSLARGRHYNEQFF	1
CASSLARVGNGADTQYF	1
CASSLARNYQETQYF	1
CASSLARLAVPDTQYF	1
CASSLAVSAGGPTDTQYF	1
CASSLAATDTQYF	1
CASSLAAGANEQFF	1
CASSLAAVKTDISSYEQYF	1
CASSLAATRSNEQFF	1
CASSLAGEQYF	1
CASSLAGRSEQYF	1
CASSLAGNEQFF	1
CASSLAGQGNEKLFF	1
CASSLAGVNTEAFF	1
CASSLAGASYEQYF	1
CASSLAGGLAGGNEQFF	1
CASSLAGTSGRNEQFF	1
CASSLAGTVNQPQHF	1
CASSLAGTGINTEAFF	1
CASSLAGLAVYNEQFF	1
CASSLAGLDIDTQYF	1
CASSLAELVGEQYF	1
CASSLAERVYNEQFF	1
CASSLAEGLASHNEQFF	1
CASSLAIGSRTGELFF	1
CASSLAIAGGYYEQFF	1
CASSLAIGDTEAFF	1
CASSLATAERADTQYF	1
CASSLASSSYGYTF	1
CASSLASVDPSSYNEQFF	1
CASSLARGQENTGELFF	1
CASSLARGNTGELFF	1
CASSLANRGTNTGELFF	1
CASSLAKSGSPTITDTQYF	1
CASSLALEQFF	1
CASSLALASYNEQFF	1
CASSLAPSGQYNEQFF	1
CASSLAPGSSYNEQFF	1
CASSLAGGTDTQYF	1
CASSLAGTDTQYF	1
CASSLAGGAQPQHF	1
CASSLAGQVSYNEQFF	1
CASSLAGAYNEQFF	1
CASSLAGGVVGSGTDTQYF	1
CASSLALATDTQYF	1
CASSLALNNEQFF	1
CASSLAQGAGEQFF	1
CASSLAVAGSEQYF	1
CASSLAAGITDTQYF	1
CASSLAGRRPSEQYF	1
CASSLAGNQPQHF	1
CASSLAGFNTEAFF	1
CASSLAGASGPLPWELFF	1
CASSLAGGQGEQYF	1
CASSLAGGNYNEQFF	1
CASSLAGISGQPQHF	1
CASSLAEEQPQHF	1
CASSLAMSSYNEQFF	1
CASSLGLESTEHEAFF	1
CASSLGSSYEQYF	1
CASSLGSTNEKLFF	1
CASSLGWAANTYNEQFF	1
CASSLGWTGGDTQYF	1
CASSLGLADTDTQYF	1
CASSLGPGNTEAFF	1
CASSLGPNQPQHF	1
CASSLGVSGYNEQFF	1
CASSLGGLGTYTEAFF	1
CASSLGGAEETQYF	1
CASSLGGGVKNIQYF	1
CASSLGGDSPLHF	1
CASSLGGGLNEQYF	1
CASSLGIAESSYEQYF	1
CASSLGTSGRRNIQYF	1
CASSLGTSSSNEQFF	1
CASSLGTGMNTEAFF	1
CASSLGSRTEAFF	1
CASSLGNIQYF	1
CASSLGHSSYGYTF	1
CASSLGVEWANYGYTF	1
CASSLGVNTEAFF	1
CASSLGVAGVADTQYF	1
CASSLGALEGSEQFF	1
CASSLGAGQPYEQYF	1
CASSLGGEETQYF	1
CASSLGGRGSNTEAFF	1
CASSLGDLDRDGNQPQHF	1
CASSLGTGTGMNTEAFF	1
CASSLGTGELFF	1
CASSLGTAYQETQYF	1
CASSLGSGRLSSYNEQFF	1
CASSLGFSGSLAKNIQYF	1
CASSLGSYEQYF	1
CASSLGSANTEAFF	1
CASSLGWQSSYEQYF	1
CASSLGYATRYQETQYF	1
CASSLGYGLGEQFF	1
CASSLGLGSKNQPQHF	1
CASSLGLDSNQPQHF	1
CASSLGLFNEQFF	1
CASSLGLAGRPDTQYF	1
CASSLGLAGPTSDTQYF	1
CASSLGPGISGNTIYF	1
CASSLGPGQGYEQYF	1
CASSLGPSGMSADTQYF	1
CASSLGRNTGELFF	1
CASSLGVRRGVEKLFF	1
CASSLGASGYNEQFF	1
CASSLGASGYNEQFF	1
CASSLGASGTYLRSYNEQFF	1
CASSLGAGGHTEAFF	1
CASSLGAGVVDTQYF	1
CASSLGGYVGYEQYF	1
CASSLGGTDTQYF	1
CASSLGGREAFF	1
CASSLGGPGTGELFF	1
CASSLGGANTEAFF	1
CASSLGGIYEQYF	1
CASSLGGTSGNNEQFF	1
CASSLGGAGVPYEQYF	1
CASSLGGGSYEQYF	1
CASSLGGIYNEQFF	1
CASSLGDIAGNTIYF	1
CASSLGDSPYEEQYF	1
CASSLGDRDTDTQYF	1
CASSLGTYNEQFF	1
CASSLGTEGKLFF	1
CASSLGTSGHQETQYF	1
CASSLGTSGIGDEQFF	1
CASSLGTSDNEQFF	1
CASSLGTFPQHF	1
CASSLGTSYEQYF	1
CASSLGTSYNEQFF	1
CASSLGTGAIEAFF	1
CASSLGTGAYEQYF	1
CASSLGTGAYEQYF	1
CASSLGTDQPQHF	1
CASSLGTENTGELFF	1
CASSLGTTDYEQYF	1
CASSLGTNNEQFF	1
CASSLGSGDNEQFF	1
CASSLGRDTEAFF	1
CASSLGRQGAYEQYF	1
CASSLGLIYSYEQYF	1
CASSLGLGGSYEQYF	1
CASSLGLTSGRASADTQYF	1
CASSLGLVNEQFF	1
CASSLGLAGGNSYNEQFF	1
CASSLGLAGGTDTQYF	1
CASSLGLAGDSEQFF	1
CASSLGLDTYEQYF	1
CASSLGPTDSEQFF	1
CASSLGPGTYEQYF	1
CASSLGQVQIF	1
CASSLGQGFYEQYF	1
CASSLGQIDEQFF	1
CASSLGVRGASPEAFF	1
CASSLGVTSTDTQYF	1
CASSLGAGGPDEQYF	1
CASSLGGSVLANEQFF	1
CASSLGGLDNEKLFF	1
CASSLGGQAEAFF	1
CASSLGGAYNEQFF	1
CASSLGGQAYEQYF	1
CASSLGTGYEQFF	1
CASSLGTGPYEQYF	1
CASSLDFSGTATYEQYF	1
CASSLDLTGNYGYTF	1
CASSLDLRGKDTQYF	1
CASSLDCCTGGADQPQHF	1
CASSLDWGQGSNSPLHF	1
CASSLDWDHVLSKLFF	1
CASSLDYPGELFF	1
CASSLDLASGIYEQYF	1
CASSLDPPGTGGYQPQHF	1
CASSLDPVRGGYNEQFF	1
CASSLDPGNNEQFF	1
CASSLDPAYDSPLHF	1
CASSLDHYTGELFF	1
CASSLDQGKASPLHF	1
CASSLDALSSYNEQFF	1
CASSLDADPREQYF	1
CASSLDGGTGELFF	1
CASSLDGSVYEQYF	1
CASSLDGAAKNIQYF	1
CASSLDGTGELFF	1
CASSLDGGFEELFF	1
CASSLDGGPAFF	1
CASSLDGLAGNRQFF	1
CASSLDDNSPLHF	1
CASSLDEGFGYTF	1
CASSLDTAGSSYEQYF	1
CASSLDSVVGQFF	1
CASSLDRGGTEAFF	1
CASSLDSDLTYNEQFF	1
CASSLDWFSRNEQFF	1
CASSLDWASENNEQFF	1
CASSLDPSNPQETQYF	1
CASSLDPGGAEQFF	1
CASSLDPTGTNSPLHF	1
CASSLDPLAGGPGEQFF	1
CASSLDPPPAQGSDTQYF	1
CASSLDPAVGTGELFF	1
CASSLDPDRHQPYGYTF	1
CASSLDHPASGEQYF	1
CASSLDHAPSGYEQYF	1
CASSLDQGGYGYTF	1
CASSLDVKVANYGYTF	1
CASSLDVAGYGYTF	1
CASSLDGRGRYSNQPQHF	1
CASSLDGWGEQFF	1
CASSLDGAPSYEQYF	1
CASSLDGGSPTEKLFF	1
CASSLDGTYEQYF	1
CASSLDTSSYGELFF	1
CASSLDTGGTDTQYF	1
CASSLDSVWEQFF	1
CASSLDRVSDTQYF	1
CASSLDRGNTEAFF	1
CASSLDRGTDGYTF	1
CASSLDRNYEQYF	1
CASSLESGTAHEKLFF	1
CASSLEVDQSYEQYF	1
CASSLEADPNTGELFF	1
CASSLEASSSYNEQFF	1
CASSLEAGLGNTIYF	1
CASSLEGLYEQYF	1
CASSLEGYGYTF	1
CASSLEGRREKLFF	1
CASSLEGPGSAGELFF	1
CASSLEGAQYF	1
CASSLEGADYQPQHF	1
CASSLEGGPPTSMSYTF	1
CASSLEGGQLNYGYTF	1
CASSLEGGQNQPQHF	1
CASSLEGTTSTDTQYF	1
CASSLEGLAADTQYF	1
CASSLEGLAGGGRHNEQFF	1
CASSLEGQVNYEQYF	1
CASSLEGQASYEQYF	1
CASSLEGQGGTEAFF	1
CASSLEGQDFYEQYF	1
CASSLEDGEGETQYF	1
CASSLETGAGTGELFF	1
CASSLETGGPSYNEQFF	1
CASSLETTKGSGPFAEYF	1
CASSLESTDTQYF	1
CASSLESAHEQFF	1
CASSLELAVISTDTQYF	1
CASSLELAGGVEQFF	1
CASSLELAGEYNEQFF	1
CASSLEPSSDTQYF	1
CASSLEPRTSGRTGELFF	1
CASSLERLAGEGEQFF	1
CASSLEQFYNEQFF	1
CASSLEQGGSFNQPQHF	1
CASSLEGSDTEAFF	1
CASSLEGSSYEQYF	1
CASSLEGNGYTF	1
CASSLEGFYEQYF	1
CASSLEGGNEQYF	1
CASSLEGTAGEKLFF	1
CASSLEGQGNTIYF	1
CASSLEGQNTAFF	1
CASSLEGAGGHEQYF	1
CASSLESTAYEQYF	1
CASSLENRGNGYTF	1
CASSLIPSGSYEQYF	1
CASSLIRAQWGGRTQETQYF	1
CASSLIPESYEQYF	1
CASSLIRSQETQYF	1
CASSLITASTDTQYF	1
CASSLMSGAHYEQYF	1
CASSLMPDLAKNIQYF	1
CASSLMVGATDTQYF	1
CASSLMAPNTGELFF	1
CASSLMGLAPTGWADTQYF	1
CASSLMTDGETQYF	1
CASSLILAGDNEQFF	1
CASSLIQGRRTEAFF	1
CASSLTGQGVGTGELFF	1
CASSLTTENTEAFF	1
CASSLTSGLNEQFF	1
CASSLTPTGEASYNSPLHF	1
CASSLTPSGSQTDTQYF	1
CASSLTFGNTEAFF	1
CASSLTASGRSDGELFF	1
CASSLTGRHRASPLHF	1
CASSLTNNEQFF	1
CASSLTLAGGPVGQYF	1
CASSLTGSYNSPLHF	1
CASSLTGGRDTGELFF	1
CASSLTGGLVEAFF	1
CASSLTGGDQPQHF	1
CASSLTGNTGELFF	1
CASSLTGQVTDTQYF	1
CASSLSSGFNYEQYF	1
CASSLSWRSYNEQFF	1
CASSLRQYTDTQYF	1
CASSLRGDPYNEQFF	1
CASSLRGNSPLHF	1
CASSLRDRGQTEAFF	1
CASSLREAGELFF	1
CASSLRETQYF	1
CASSLRTSYEQYF	1
CASSLRLEPDTQYF	1
CASSLRQGDSEAFF	1
CASSLRGVQGSSYEQYF	1
CASSLNFEDTQYF	1
CASSLNTGPTEAFF	1
CASSLNTDTQYF	1
CASSLNAGTGGDEQFF	1
CASSLNGPSSEQYF	1
CASSLNTDTQYF	1
CASSLNSPLNEQFF	1
CASSLKPVNTEAFF	1
CASSLKTVANTGELFF	1
CASSLKQGGTEAFF	1
CASSLKGRVGYGYTF	1
CASSLSSGRENEQFF	1
CASSLSVPPSGYTF	1
CASSLWTSGRSGDTQYF	1
CASSLLAGANNEQFF	1
CASSLLGEKLFF	1
CASSLPWAGGASYEQYF	1
CASSLPGQATDTQYF	1
CASSLRLAVTGELFF	1
CASSLRRTGDNEQFF	1
CASSLQGPNTEAFF	1
CASSLQGASNQPQHF	1
CASSLQGADNEQFF	1
CASSLAAGNTEAFF	1
CASSLAGPHYNEQFF	1
CASSLGLTDTIYF	1
CASSLGDRYNEQFF	1
CASSLGPGAYEQYF	1
CASSLGGRYNEQFF	1
CASSLGLQPYNEQFF	1
CASSLGDSSYNEQFF	1
CASSLGTSGSYEQYF	1
CASSLGTGSYNEQFF	1
CASSLGLAVTGELFF	1
CASSLGLAGGIDEQFF	1
CASSLGGKNYGYTF	1
CASSLGTGTGVSYEQYF	1
CASSLDPGSYEQYF	1
CASSLEGTEAFF	1
CASSLEVPTDTQYF	1
CASSLMGGTEAFF	1
CASSLMGQGIADTQYF	1
CASSLISDTEAFF	1
CASSLTTHNEQFF	1
CASSLTSGSYEQYF	1
CASSLTLSTNEKLFF	1
CASSLTGTYNEQFF	1
CASSLTGTGGRNEQFF	1
CASSLTGGASNEQFF	1
CASSLTGGDYEQYF	1
CASSLSGAPGNEQFF	1
CASSLSPYEQYF	1
CASSLRYRAYEQYF	1
CASSLRGESPYNEQFF	1
CASSLRGTSGTDTDTQYF	1
CASSLRQVSNTGELFF	1
CASSLRAYNEQFF	1
CASSLNRVFYEQYF	1
CASSLKGARVTEAFF	1
CASSLKLAANTGELFF	1
CASSSWDDRIGTEAFF	1
CASSSLGQGNHEQYF	1
CASSSPQGADTQYF	1
CASSSGWTGRIYEQYF	1
CASSSIANTGELFF	1
CASSSTGDEQYF	1
CASSSRGRVNEKLFF	1
CASSSRGTLTDTQYF	1
CASSSFGLAEYNEQFF	1
CASSSLSGGTFPSGNTIYF	1
CASSSLRSGEQFF	1
CASSSLAGISYEQYF	1
CASSSSSSVAGGGELFF	1
CASSSSPSTISYEQYF	1
CASSSLPGTRYGNEQFF	1
CASSSPTGSSYNEQFF	1
CASSSRLVPPYNEQFF	1
CASSSHKPRQAHRGYTDTQYF	1
CASSSQGNNEQFF	1
CASSSQGGNEQFF	1
CASSSQTGNYEQYF	1
CASSSQRRGPETQYF	1
CASSSVGESGQPQHF	1
CASSSVTSGRALSYNEQFF	1
CASSSGGTDTQYF	1
CASSSGDRPLNTEAFF	1
CASSSGTVSSYEQYF	1
CASSSGLAGVQTQYF	1
CASSSGQSRYGYTF	1
CASSSGQGRMNTEAFF	1
CASSSEFGGVPLEQYF	1
CASSSELAGGYEQFF	1
CASSSEGRSGSTDTQYF	1
CASSSTSGRNEQYF	1
CASSSTSEGIQYF	1
CASSSTGTDSHSPLHF	1
CASSSTGLTDTQYF	1
CASSSSGYQETQYF	1
CASSSSGSPYNEQFF	1
CASSSSGRAGEQYF	1
CASSSNTGELFF	1
CASSSKDRATDTQYF	1
CASSSLAGGYEQYF	1
CASSSSARLNNEQFF	1
CASSSLIQEAGELFF	1
CASSSPRDSGASTDTQYF	1
CASSSRQGGTEAFF	1
CASSSQTGSYNEQFF	1
CASSSGLAGADTQYF	1
CASSSGLAGGWGNEQFF	1
CASSSGRLNEKLFF	1
CASSSDSNTGELFF	1
CASSSDSSYEQYF	1
CASSSDSNQPQHF	1
CASSSDRMDYGYTF	1
CASSSDRTSTDTQYF	1
CASSSDRNTEAFF	1
CASSSEGQDVNEQFF	1
CASSSTSGRNTGELFF	1
CASSSTGLYTGELFF	1
CASSSTGRNTDTQYF	1
CASSSSGKTYNEQFF	1
CASSSRPGNYGYTF	1
CASSSKSSYNEQFF	1
CASSSSQGPGDTQYF	1
CASSSSGTANYEQYF	1
CASSSLAGFSYNEQFF	1
CASSSPGLAGDWNEQFF	1
CASSSPGLAASETQYF	1
CASSSQGTNTEAFF	1
CASSSVPPSGIPDEQYF	1
CASSSAGERYNEQFF	1
CASSSGMGDYGYTF	1
CASSSGTSGGPDTQYF	1
CASSSDPGTGELFF	1
CASSSDRTYEQYF	1
CASSSMTETYEQYF	1
CASSSTTPGEQFF	1
CASSSSQGEQYF	1
CASSWRQISSSEQFF	1
CASSWGAVTGDNVQFF	1
CASSWGTGGGLTDTQYF	1
CASSWGQGTYEQYF	1
CASSWGGDSNQPQHF	1
CASSWGGTNEQFF	1
CASSWGTGSEQFF	1
CASSWDRGGRNQPQHF	1
CASSWDRKNQPQHF	1
CASSWEGRTELFF	1
CASSWEGDNSPLHF	1
CASSWTSARTYEQYF	1
CASSWTSGVNEQFF	1
CASSWTVGDRTMAHGYTF	1
CASSWSGATYNEQFF	1
CASSYSSGAYEQYF	1
CASSYWTTNEQFF	1
CASSYGRRETQYF	1
CASSYTRNNEQFF	1
CASSYSPGQLTTEAFF	1
CASSYRTGEGELFF	1
CASSYQGGTEAFF	1
CASSYGEALPYNEQFF	1
CASSYGTKDTQYF	1
CASSYGTGMETQYF	1
CASSYDGQNTGELFF	1
CASSYSVSGRNQPQHF	1
CASSLLAGELFF	1
CASSLSGQGAGNIQYF	1
CASSLYPGDNEQFF	1
CASSLPDRQGNTEAFF	1
CASSLRLGGRAPNEQFF	1
CASSLDILENTGELFF	1
CASSLRRAWGQGWTEAFF	1
CASSLKQWGRQTNNEQFF	1
CASSLSGPTNTGELFF	1
CASSLSSYNEQFF	1
CASSLLAAGELFF	1
CASSLLAGANEQFF	1
CASSLPRSSNDEQYF	1
CASSLRDSNEKLFF	1
CASSLRTSGSHAYNEQFF	1
CASSLRTGRSDEQFF	1
CASSLRPSGGQETQYF	1
CASSLAPQETQYF	1
CASSLARQETQYF	1
CASSLGPLAGDSDTQYF	1
CASSLGGLPPLYEQYF	1
CASSLGGQGSANEKLFF	1
CASSLGTQETQYF	1
CASSLGLAGSEQFF	1
CASSLGPGGLDLNTGELFF	1
CASSLGQGANTEAFF	1
CASSLGASGISGELFF	1
CASSLGTQETQYF	1
CASSLEQGRTHSGNEQFF	1
CASSLTGTGMNEQYF	1
CASSLTTVEDSPLHF	1
CASSLRLAGVTGELFF	1
CASSLNLAPYNEQFF	1
CASSLLLAVYNEQFF	1
CASSLLGQGKNEQYF	1
CASSLPARAYEQYF	1
CASSLRSDTQYF	1
CASSLHSSGRRNEQFF	1
CASSLVGNGELFF	1
CASSLAPGPRSSYEQYF	1
CASSLAGGDTGELFF	1
CASSLGGGPEQPQHF	1
CASSLGGEQFF	1
CASSLGESYNEQFF	1
CASSLGTEAFF	1
CASSLGTGGRGETQYF	1
CASSLGLAGVIYEQFF	1
CASSLGLAGVVENIQYF	1
CASSLGLADFYEQYF	1
CASSLGQLNEQFF	1
CASSLGQGAEPQHF	1
CASSLDLGNEQFF	1
CASSLDRGTDTQYF	1
CASSLMGLAVSTDTQYF	1
CASSLTSGRAYEQYF	1
CASSLTGYQPQHF	1
CASSLLTHSYEQYF	1
CASSLLYAGELFF	1
CASSLLAGGETQYF	1
CASSLPGTITAEQFF	1
CASSLPKSGRVSYNEQFF	1
CASSLQGAFTDTQYF	1
CASSLQGASTDTQYF	1
CASSLQEGGNEQFF	1
CASSLQRTGSNEQFF	1
CASSLVTGETQYF	1
CASSLAGPYEQYF	1
CASSLGRGGYEQYF	1
CASSLGTDGTEAFF	1
CASSLGLITGELFF	1
CASSLGQGRSYNEQFF	1
CASSLEVYSGGADTQYF	1
CASSLEGLGSSRKLFF	1
CASSLIAGTSASYEQYF	1
CASSLRTSGRNSYEQYF	1
CASSLRLAGTYEQYF	1
CASSLKAVALTYNEQFF	1
CASSPFGGNEQFF	1
CASSPFLVLAKNIQYF	1
CASSPLPGLAKETQYF	1
CASSPPPGNEQFF	1
CASSPRTGVGTEAFF	1
CASSPRLGTGAYEQYF	1
CASSPQDPDNEQFF	1
CASSPQTGGTEAFF	1
CASSPVLGATNEKLFF	1
CASSPAPTDRRGQKLFF	1
CASSPGPGPSGVTDTQYF	1
CASSPGGANTEAFF	1
CASSPGTENEKLFF	1
CASSPGTGGTYEQYF	1
CASSPGFSYEQYF	1
CASSPGQQTDTQYF	1
CASSPGQVHGYEQYF	1
CASSPGQGAGTNEKLFF	1
CASSPGQGNYEQYF	1
CASSPGGTSGIEQYF	1
CASSPDRGTYNEQFF	1
CASSPDTFSYGYTF	1
CASSPDRVYNEQFF	1
CASSPDRVGGNTIYF	1
CASSPIPNQPQHF	1
CASSPTLSSYNEQFF	1
CASSPTLAGGGTDTQYF	1
CASSPTVGDTQYF	1
CASSPTAGYHEQYF	1
CASSPTGGPPGTEAFF	1
CASSPSGATAFFRTGSYEQYF	1
CASSPSGRAYGGGQYF	1
CASSPRTSGSHEQFF	1
CASSPNAGSNSPLHF	1
CASSPKGTSGTADTQYF	1
CASSPFGNTGELFF	1
CASSPFPGTGYNYEQFF	1
CASSPLVGAYEQYF	1
CASSPLGGRTGELFF	1
CASSPLTGYTGGDNTGELFF	1
CASSPLGGLGTEAFF	1
CASSPLGTANTGELFF	1
CASSPLRHEQYF	1
CASSPSQARTGNTIYF	1
CASSPSSGRSDEQFF	1
CASSPSSGVSYNEQFF	1
CASSPSWGLRQETQYF	1
CASSPSGSGGYNEQFF	1
CASSPWGRVGYNEQFF	1
CASSPWGGSYNEQFF	1
CASSPYADRVVNEQFF	1
CASSPLAGGSAFQETQYF	1
CASSPLTASGTDNYGYTF	1
CASSPLSGSRNEQFF	1
CASSPLQLGLADTQYF	1
CASSPLRGDEKLFF	1
CASSPLGLAGAGDNEQFF	1
CASSPLGLAGTDTQYF	1
CASSPLRGRIDNEQFF	1
CASSPPGAGELFF	1
CASSPRHRRITRHEQYF	1
CASSPRRIWNNSPLHF	1
CASSPRVRSTDTQYF	1
CASSPRDTYEQYF	1
CASSPRDSSYEQYF	1
CASSPRTSGAYEQYF	1
CASSPRTGGDEQYF	1
CASSPRLVLAKNIQYF	1
CASSPRQGNLGLTGNTIYF	1
CASSPRQNQPQHF	1
CASSPRGLAGVNEQFF	1
CASSPHPAYEQYF	1
CASSPHGTGGFHEQYF	1
CASSPHGGNQPQHF	1
CASSPQGGEQATQYF	1
CASSPQGQGGEQYF	1
CASSPQSPFGGKQETQYF	1
CASSPAGVLNYGYTF	1
CASSPAGGTDTQYF	1
CASSPATSGIYEQYF	1
CASSPGTGGRETQYF	1
CASSPGGSGTYEQYF	1
CASSPGTTISSYNEQFF	1
CASSPGPGTGYFSTEAFF	1
CASSPGPAGIYEQYF	1
CASSPGQENSPLHF	1
CASSPGGPYSNEQFF	1
CASSPGGGEQFF	1
CASSPGTAESYEQYF	1
CASSPGTSGDEQFF	1
CASSPGTSGQSTDTQYF	1
CASSPGTSGNNEQFF	1
CASSPGTGLYEQYF	1
CASSPGTGPYEQYF	1
CASSPGLAVSYEQYF	1
CASSPGQGAGYTF	1
CASSPGQGNTGELFF	1
CASSPDPGQGTDTQYF	1
CASSPDRSGSYEQYF	1
CASSPDREGTEAFF	1
CASSPEGETQYF	1
CASSPEQVYNEQFF	1
CASSPIRGLAVNNEQFF	1
CASSPMTGGPFNSPLHF	1
CASSPTSGSPLGTDTQYF	1
CASSPTYTGELFF	1
CASSPTGRGATDTQYF	1
CASSPRGSLRTGELFF	1
CASSPRQGRNEQFF	1
CASSPRGPLALGNTGELFF	1
CASSPNPQGSTGELFF	1
CASSPNVGGGSYEQYF	1
CASSPNRGGGNEQFF	1
CASSPKIPTSTDTQYF	1
CASSPSSGRALDEQFF	1
CASSPWGSGGVQYF	1
CASSPLSQPQHF	1
CASSPPKEPQHF	1
CASSPPPALGNTEAFF	1
CASSPRGAGELFF	1
CASSPQGGPNQPQHF	1
CASSPQTGGGADTQYF	1
CASSPAGTPSYEQYF	1
CASSPAPGQGLNEQFF	1
CASSPGPLEENIQYF	1
CASSPGPNTEAFF	1
CASSPGQGYQPQHF	1
CASSPGQHNEQFF	1
CASSPGIGNNQPQHF	1
CASSPGTSGPTGELFF	1
CASSPGTGSIYNEQFF	1
CASSPGTGGSNEKLFF	1
CASSPGTGGTSQPQHF	1
CASSPGLAVAKNIQYF	1
CASSPGLAGVYTGELFF	1
CASSPGLAGAEDTQYF	1
CASSPGLAIHNEQFF	1
CASSPGLGEDSSSYEQYF	1
CASSPGQVNTEAFF	1
CASSPGQGVGNTIYF	1
CASSPGQGWTDTQYF	1
CASSPGQGIYGYTF	1
CASSPGQVGNTIYF	1
CASSPGGANEKLFF	1
CASSPDPRSDTQYF	1
CASSPDREETQYF	1
CASSPEASGRVEQFF	1
CASSPEGYEQYF	1
CASSPEGREETQYF	1
CASSPETSGLSGELFF	1
CASSPEPGQAYEQYF	1
CASSPMSGGGYEQYF	1
CASSPTSGRANEQFF	1
CASSPTPSRGEQYF	1
CASSPTGTYEQYF	1
CASSPRGISITGELFF	1
CASSPRTVDGAGLHF	1
CASSPRTGRTGELFF	1
CASSPRAGGSVYGYTF	1
CASSPKGEPDYEQYF	1
CASSPFTGLEETQYF	1
CASSPSGTGGYNEQFF	1
CASSPSPGSYGYTF	1
CASSPPGLTNTEAFF	1
CASSPPTGRGTGELFF	1
CASSPRQGPSPLHF	1
CASSPQYTGELFF	1
CASSPQGWGYTF	1
CASSPVGASEQYF	1
CASSPAAGYEQYF	1
CASSPGVALNTGELFF	1
CASSPGPPSLSGANVLTF	1
CASSPGGSGNTIYF	1
CASSPGTVLAKNIQYF	1
CASSPGLVFYEQYF	1
CASSPGPAPSSYEQYF	1
CASSPGQKGQETQYF	1
CASSPDSAAYNEQFF	1
CASSPIAGEGDTQYF	1
CASSPTEYTYEQYF	1
CASSPSYNEQFF	1
CASSPSEVGYNEQFF	1
CASSPRQPGLSEAFF	1
CASSPNQGGSYNEQFF	1
CASSPNSQETQYF	1
CASSPNDGSYEQYF	1
CASSPNIDSEQFF	1
CASSRSTGTAAVFQYF	1
CASSRRGSGVNEQYF	1
CASSRASGRAGEQFF	1
CASSRDRATGELFF	1
CASSRSGSTYEQYF	1
CASSRRLDTRNNEQFF	1
CASSRNRGLTEAFF	1
CASSRFYPREYNEQFF	1
CASSRLPQETQYF	1
CASSRLQETQYF	1
CASSRLAGGRNEQFF	1
CASSRRDQETQYF	1
CASSRVLNTEAFF	1
CASSRVGGGRHRPGELFF	1
CASSRAPGLAGGPTDTQYF	1
CASSRGGGRAGLTDTQYF	1
CASSRGGSANTGELFF	1
CASSRGTSGRMGNEQFF	1
CASSRGTGGMNTEAFF	1
CASSRGLAGETQYF	1
CASSRGLAGELYNEQFF	1
CASSREQRTGNTEAFF	1
CASSRTPRTVDYEQYF	1
CASSRRGGEETQYF	1
CASSRSASGRSEQFF	1
CASSRYGNEQFF	1
CASSRGLAGLARSTDTQYF	1
CASSRGERTSTDTQYF	1
CASSRGSRNHTEAFF	1
CASSRGADTQYF	1
CASSRDAQGVGGYTF	1
CASSRDGQGRYSPLHF	1
CASSRDRALNEQFF	1
CASSRDSSYEQYF	1
CASSRDSYEQYF	1
CASSRDRPPYEQYF	1
CASSRDRGVNTEAFF	1
CASSRTSGSQAGELFF	1
CASSRTSGRDEQYF	1
CASSRTRSSYNEQFF	1
CASSRTGVNEQFF	1
CASSRTGGHPNTEAFF	1
CASSRTGRVDTQYF	1
CASSRRGGGDTEAFF	1
CASSRLADSTDTQYF	1
CASSRSRLRSDTQYF	1
CASSRLAGSTDTQYF	1
CASSRPGFGDTEAFF	1
CASSRQAGDTQYF	1
CASSRAGAVAYNEQFF	1
CASSRGYTEAFF	1
CASSRGTSGSITYEQYF	1
CASSRGLAEETQYF	1
CASSRGQGGETQYF	1
CASSRGQGAGNEQFF	1
CASSRDSWNNEQFF	1
CASSRDRGSGRDTGELFF	1
CASSRDPPRGTQYF	1
CASSRETSGIFEQYF	1
CASSREPYYEQYF	1
CASSRETQGTGELFF	1
CASSRILLTGPNQPQHF	1
CASSRILGTDTQYF	1
CASSRTGELFF	1
CASSRTIAGVETQYF	1
CASSRRLAGDSVYNEQFF	1
CASSRRPRTDTQYF	1
CASSHLGTTAAGELFF	1
CASSHWTGEAGELFF	1
CASSHYQGNQPQHF	1
CASSHLQGPGEKLFF	1
CASSHPGLAGDETQYF	1
CASSHPSGPLDDEQFF	1
CASSHHTAGVNTDTQYF	1
CASSHAPGLGDNEQFF	1
CASSHGPLSLTQYF	1
CASSHEDRVTEAFF	1
CASSHTSGRTSYNEQFF	1
CASSHTGGQPEAFF	1
CASSHFSDPSYEQYF	1
CASSHLAGAQREQYF	1
CASSHLGVGDEQFF	1
CASSHSGTRGDTQYF	1
CASSHSRAEWDGELFF	1
CASSHLSGTSYTGELFF	1
CASSHLATNTGELFF	1
CASSHLDRGGYSPLHF	1
CASSHPDPSRGLGLASTDTQYF	1
CASSHPPRGKNTEAFF	1
CASSHPRGDSNEQFF	1
CASSHPAQGRYNEQFF	1
CASSHPKGAGTGELFF	1
CASSHPILAGFRNEQFF	1
CASSHPQQGARGAFF	1
CASSHRRVGEQYF	1
CASSHQRGELFF	1
CASSHQLAAANTGELFF	1
CASSHVGGSNEQFF	1
CASSHVGTSSDTQYF	1
CASSHASTTGELFF	1
CASSHGQTGRYEQYF	1
CASSHGPQRYNEQFF	1
CASSHGTGSTDTQYF	1
CASSHGLAGPYEQYF	1
CASSHDFLRDRQETQYF	1
CASSHDGTGSYEQYF	1
CASSHIQGGVETQYF	1
CASSHTLTNSPLHF	1
CASSHTGWNEQFF	1
CASSHRGSRTEAFF	1
CASSHNLGRTAIYEQYF	1
CASSQLGEEQFF	1
CASSQSGEAYEQYF	1
CASSQSDHLQFF	1
CASSQWGGRASYNEQFF	1
CASSQWGTAVSRQYF	1
CASSQWTSGSKYEQFF	1
CASSQYPNTGELFF	1
CASSQYSGSQETQYF	1
CASSQYSGGNEQFF	1
CASSQLVGTEAFF	1
CASSQLAEPSYEQYF	1
CASSQPPGQETLAKNIQYF	1
CASSQPGRREEQFF	1
CASSQPGGWIYEQYF	1
CASSQRGGASTYEQYF	1
CASSQQGNSNQPQHF	1
CASSQQTSGRAPEQFF	1
CASSQVQGYEQYF	1
CASSQVGSGANVLTF	1
CASSQVGNEQFF	1
CASSQATSGRAYNEQFF	1
CASSQASGEYEQYF	1
CASSQALAGGTDTQYF	1
CASSQAPGGRRSYNEQFF	1
CASSQAPLAGDTQYF	1
CASSQARAAPYNEQFF	1
CASSQAGGRSYEQYF	1
CASSQAIAGVADTQYF	1
CASSQAKSVQGGELFF	1
CASSQGFTLYGYTF	1
CASSQGPGYQETQYF	1
CASSQGGSQPTDTQYF	1
CASSQGGQGVYYEQYF	1
CASSQGEVFSTDTQYF	1
CASSQGTPSREQYF	1
CASSQGLLYEQYF	1
CASSQGLAGGVSYNEQFF	1
CASSQDSEYEQYF	1
CASSQDPSYEQYF	1
CASSQDGRGYNEQFF	1
CASSQDTSGNYNEQFF	1
CASSQDRDDEKLFF	1
CASSQETGGEKLFF	1
CASSQIPSRGSGLAGGRNEQFF	1
CASSQIGQNQPQHF	1
CASSQIAGDTQYF	1
CASSQTSGPSDEQFF	1
CASSQTSGGVYNEQFF	1
CASSQTSGSGSYNEQFF	1
CASSQTGGAGTDTQYF	1
CASSQTNAGPYEQYF	1
CASSQTGAGANEQYF	1
CASSQSSGTGYEQYF	1
CASSQRGTSTDTQYF	1
CASSQRQGDPGNTIYF	1
CASSQFSGPEAFF	1
CASSQFEMIQNTEAFF	1
CASSQLPTGAGGYTF	1
CASSQLNNSPLHF	1
CASSQSSGRGGNEQFF	1
CASSQSPTSSNQPQHF	1
CASSQSDIYEQYF	1
CASSQSTGRPQHF	1
CASSQSLDYEQYF	1
CASSQSQGSGYTF	1
CASSQSQRTGEWNEQFF	1
CASSQSGWMRETQYF	1
CASSQSITSRGNEQFF	1
CASSQWLAGAGQYF	1
CASSQWDDAGEQYF	1
CASSQWEEQYF	1
CASSQYFRSLVASNTGELFF	1
CASSQYPAQRAYNEQFF	1
CASSQYSPGTTYSPLHF	1
CASSQLSGSQETQYF	1
CASSQLTGVDGYTF	1
CASSQLSSGSAEQYF	1
CASSQLLARTYEQYF	1
CASSQLLAAQETQYF	1
CASSQLAGAIYEQYF	1
CASSQLGGAQETQYF	1
CASSQLGGQGWDEQYF	1
CASSQLEGPSSYEQYF	1
CASSQPSGTNEQFF	1
CASSQPPGTGGPGELFF	1
CASSQPSGRAKNIQYF	1
CASSQPKSGGRNQPQHF	1
CASSQPLGGARSYEQYF	1
CASSQPLTYPGNTIYF	1
CASSQPRAGPAGPNYGYTF	1
CASSQPRDRVGNEQFF	1
CASSQPTSTSEQFF	1
CASSQPKDRANTGELFF	1
CASSQPGENTGELFF	1
CASSQPERLAGVTGELFF	1
CASSQRPGSSPEQYF	1
CASSQRPGQVNYEQYF	1
CASSQRTSEADTQYF	1
CASSQRTGSSYEQYF	1
CASSQRLDWETQYF	1
CASSQRLAGGEQFF	1
CASSQRQGNEKLFF	1
CASSQHSNRDRGLISYNSPLHF	1
CASSQHPWEKDYNEQFF	1
CASSQHRDSPYNEQFF	1
CASSQQSTSAPYEQYF	1
CASSQQQTGGAEGWSTEAFF	1
CASSQQGSWTDTQYF	1
CASSQQTYEGQYF	1
CASSQQPTSGHSYNEQFF	1
CASSQQQGASNQPQHF	1
CASSQVLTGGNQPQHF	1
CASSQVSAGSHEQFF	1
CASSQVWGSGRYEQYF	1
CASSQVWTGTVETGELFF	1
CASSQVLASTYEQYF	1
CASSQVLRGQDTQYF	1
CASSQVLAGETQYF	1
CASSQVLADYNEQFF	1
CASSQVPGPNQPQHF	1
CASSQVPGSPLHF	1
CASSQVPDGRAVEQFF	1
CASSQVRTGASGNTIYF	1
CASSQVQGARDGYTF	1
CASSQVVWDRVIGNTIYF	1
CASSQVGGGNEQFF	1
CASSQVEGYEQYF	1
CASSQVSGGGTQYF	1
CASSQVSGRASYEQYF	1
CASSQVNTEAFF	1
CASSQVSEGPTLSTDTQYF	1
CASSQVWGISDYEQYF	1
CASSQVLVGQPQHF	1
CASSQVLRSSYEQYF	1
CASSQVPMGNQPQHF	1
CASSQVRSGQPQHF	1
CASSQVRTSAPTDTQYF	1
CASSQVVAGGPKNEQFF	1
CASSQVGHSPGEQYF	1
CASSQVGGRIAEQYF	1
CASSQVGGVADTQYF	1
CASSQVIRDSPLHF	1
CASSQVRQGAGYGYTF	1
CASSQVNLAGSYNEQFF	1
CASSQVFTDTQYF	1
CASSQVPSSYEQYF	1
CASSQVPSGGTDTQYF	1
CASSQVREGRGEQFF	1
CASSQVQGSNQPQHF	1
CASSQVAQGSYEQYF	1
CASSQVAGETYEQYF	1
CASSQVGRDTQYF	1
CASSQVGRNNYEQYF	1
CASSQVEDYEQYF	1
CASSQVTPANRPGELFF	1
CASSQVSARGNEQFF	1
CASSQVFGVITDTQYF	1
CASSQVLPMDEQYF	1
CASSQVRQGATNEKLFF	1
CASSQVVVGTDTQYF	1
CASSQVAGTSAYEQYF	1
CASSQVAGGSDTQYF	1
CASSQVGQASTNEKLFF	1
CASSQVGTGTSVGGADTQYF	1
CASSQVIIGQGARYGGEKLFF	1
CASSQVIGGLSNQPQHF	1
CASSQVTSGSNEQFF	1
CASSQASSGRYEQYF	1
CASSQASGQGAYEQYF	1
CASSQAWASWGYTF	1
CASSQALKEDTGELFF	1
CASSQAQGGDYEQYF	1
CASSQAVGTSGTNEQFF	1
CASSQAMDSWDGYTF	1
CASSQASGNTAETQYF	1
CASSQANRGSYEQYF	1
CASSQALAPGDEQYF	1
CASSQALATQPGQFF	1
CASSQASLSGNIQYF	1
CASSQAWTANAPYEQYF	1
CASSQAPRGAGELFF	1
CASSQAPHGGALDTQYF	1
CASSQAPVFGEAFF	1
CASSQAPTSGRATGEQFF	1
CASSQAQSYEQYF	1
CASSQAGQGYGYTF	1
CASSQAGIKGGYEQYF	1
CASSQASGNTEAFF	1
CASSQARAQGPYGYTF	1
CASSQAREGQETQYF	1
CASSQARGASTDTQYF	1
CASSQAAGASFGLAGYNEQFF	1
CASSQAAGSYEQYF	1
CASSQADGYTGELFF	1
CASSQAMGGYTF	1
CASSQATSWRYEQYF	1
CASSQALAGTYNEQFF	1
CASSQALGGGELFF	1
CASSQARGSNQPQHF	1
CASSQAGVSYEQYF	1
CASSQGSYNSPLHF	1
CASSQGWGDNSPLHF	1
CASSQGYLLSPEQFF	1
CASSQGLAGFSYEQYF	1
CASSQGPGLSSYEQYF	1
CASSQGPGTSGDNEQFF	1
CASSQGPDLAGMGDTQYF	1
CASSQGPGTNWDEQYF	1
CASSQGPFGSDTQYF	1
CASSQGPQQLSYNEQFF	1
CASSQGRLPGIAKNIQYF	1
CASSQGASGHLNTEAFF	1
CASSQGGPYEQYF	1
CASSQGGGVTPYEQYF	1
CASSQGKGTYEQYF	1
CASSQGLRTASTEAFF	1
CASSQGLSGRARDIQYF	1
CASSQGLAGHSYEQYF	1
CASSQGPWARASYNEQFF	1
CASSQGPGLAGHEQFF	1
CASSQGAQGYEQYF	1
CASSQGGRPSYEQYF	1
CASSQGGLALTSTDTQYF	1
CASSQGSYEQYF	1
CASSQGSTGGLNQPQHF	1
CASSQGYALHYNEQFF	1
CASSQGLAASTDTQYF	1
CASSQGPPGLAYDEQYF	1
CASSQGPGIPSYEQYF	1
CASSQGQGAGTGELFF	1
CASSQGQGMSNQPQHF	1
CASSQGVPGLAGGFSYEQYF	1
CASSQGVRTEWNTEAFF	1
CASSQGVAESSYEQYF	1
CASSQGALGGNTIYF	1
CASSQGAGRGYEQYF	1
CASSQGGSSGETQYF	1
CASSQGGTGFNTEAFF	1
CASSQGGQYNEQFF	1
CASSQGDSIQYF	1
CASSQGDIYNSPLHF	1
CASSQGDYNEQFF	1
CASSQGDRAGELFF	1
CASSQGEPYEQYF	1
CASSQGIGTDTQYF	1
CASSQGMGQPNHLYEQYF	1
CASSQGTSGTNNEQFF	1
CASSQGTNSPLHF	1
CASSQGTTSYNEQFF	1
CASSQGTAKPYNEQFF	1
CASSQGNSHNEQFF	1
CASSQGWREMNEQFF	1
CASSQGLSSSGNTIYF	1
CASSQGLATYEQYF	1
CASSQGLAGPSSTDTQYF	1
CASSQGLAGGSTDTQYF	1
CASSQGLANNEQFF	1
CASSQGPSSGYEQFF	1
CASSQGQAGYEQYF	1
CASSQGQGYEQYF	1
CASSQGQGAIIPTNEKLFF	1
CASSQGVGSVGVNEQFF	1
CASSQGVTSGDQETQYF	1
CASSQGETIYNEQFF	1
CASSQGTGIDQPQHF	1
CASSQDFGYEQYF	1
CASSQDFRQAYNEQFF	1
CASSQDLWDRANFGKNIQYF	1
CASSQDLASGSYEQYF	1
CASSQDLAGQGFYEQYF	1
CASSQDLIREQYF	1
CASSQDLTSGSLIDHEQFF	1
CASSQDLRLDNEQFF	1
CASSQDSRYTEAFF	1
CASSQDSSGRNEQFF	1
CASSQDSLPRLAGGPMTYNEQFF	1
CASSQDSASGRAYSTDTQYF	1
CASSQDSIAGSYEQYF	1
CASSQDSATTDTQYF	1
CASSQDSDHLPYGYTF	1
CASSQDWHANTGELFF	1
CASSQDWASGRSSTDTQYF	1
CASSQDWAGGDGYTF	1
CASSQDWNSGRYNEQYF	1
CASSQDYYETQYF	1
CASSQDYPGGGDTQYF	1
CASSQDLGPYEQYF	1
CASSQDLVGTGLNTEAFF	1
CASSQDLAGASNYGYTF	1
CASSQDLEAEQYF	1
CASSQDLIRFDGYTF	1
CASSQDLRGSNQPQHF	1
CASSQDLVEDPTTGELFF	1
CASSQDLVASDEQFF	1
CASSQDLEIEAFF	1
CASSQDLGGLAVNEQFF	1
CASSQDLGTGLGQYF	1
CASSQDPVGTSRLNEQFF	1
CASSQDPAGVHNEQFF	1
CASSQDPKGLAVF	1
CASSQDPPGSSYNEQFF	1
CASSQDPPGGANYGYTF	1
CASSQDPPWAGALYNEQFF	1
CASSQDPPMAEGHEQFF	1
CASSQDPVSTDTQYF	1
CASSQDPASEQYF	1
CASSQDPGSYEQYF	1
CASSQDPEDEQYF	1
CASSQDPEETQYF	1
CASSQDPRASEAFF	1
CASSQDPGAPGTDTQYF	1
CASSQDPKGGWAFF	1
CASSQDPIPPDEQFF	1
CASSQDRGGAFAYEQYF	1
CASSQDRSGRAHEQYF	1
CASSQDRQTQYF	1
CASSQDRGGLREQYF	1
CASSQDRGTGVYEQYF	1
CASSQDRGQGADTQYF	1
CASSQDRGGRGEQYF	1
CASSQDRTRAQDEQFF	1
CASSQDRSGSRNEQFF	1
CASSQDRPGGAYGTQYF	1
CASSQDRQGSNEQFF	1
CASSQDREGWGDEQFF	1
CASSQDQWAYEQYF	1
CASSQDQPAYEQYF	1
CASSQDQVGAGTGELFF	1
CASSQDQVRVAGTDTQYF	1
CASSQDQWGWVDSGTEAFF	1
CASSQDVRWDLRSQPQHF	1
CASSQDVEETQYF	1
CASSQDVTSGSPDTQYF	1
CASSQDVTDTQYF	1
CASSQDVGRGNQPQHF	1
CASSQDVGKGSDTQYF	1
CASSQDAPYDNEQFF	1
CASSQDAASGTSYEQYF	1
CASSQDASGRSNEQFF	1
CASSQDALGKRNEQYF	1
CASSQDGSGVYNEQFF	1
CASSQDGTSGSYEQYF	1
CASSQDGYTEAFF	1
CASSQDGLSSYNEQFF	1
CASSQDGLAGRKQYF	1
CASSQDGQAYEQYF	1
CASSQDGQEGLYEQYF	1
CASSQDGVKPQFF	1
CASSQDGGWAESSYNEQFF	1
CASSQDGDIGETQYF	1
CASSQDGETQYF	1
CASSQDGRGNEKLFF	1
CASSQDGYRGEAFF	1
CASSQDGQGTQETQYF	1
CASSQDDRTVYSNQPQHF	1
CASSQDDRPYEQYF	1
CASSQDEGPYEQYF	1
CASSQDEDTRPLYNEQFF	1
CASSQDEKQGHNEQYF	1
CASSQDIGQQETQYF	1
CASSQDTRQGTVPQHF	1
CASSQDTALDTQYF	1
CASSQDTAGAGTYEQYF	1
CASSQDTGASEQYF	1
CASSQDTSYEQYF	1
CASSQDTTRRETQYF	1
CASSQDSTDIYGYTF	1
CASSQDSREKSGLNTEAFF	1
CASSQDSGNEAPYEQYF	1
CASSQDSEENEQFF	1
CASSQDRGEYTEAFF	1
CASSQDRTGAYEQYF	1
CASSQDRLPDPGQGYSGELFF	1
CASSQDRAGGPDIQYF	1
CASSQDRTSGEETQYF	1
CASSQDRTGSGQPQHF	1
CASSQDNHPSGNTDTQYF	1
CASSQDKSDGQYNSPLHF	1
CASSQDFSMTSYEQYF	1
CASSQDLYYEQYF	1
CASSQDPSEGTQYF	1
CASSQDPHGGTGELFF	1
CASSQDPAGSYNEQFF	1
CASSQDPGHEQFF	1
CASSQDHRLSGWRNTEAFF	1
CASSQDQRGSSSYEQYF	1
CASSQDQNTGELFF	1
CASSQDGVPVSNEQFF	1
CASSQDGGRVNTQYF	1
CASSQDGTPGYEQYF	1
CASSQDGTNSYEQYF	1
CASSQDGQYNEQFF	1
CASSQDGAGDEQFF	1
CASSQDEQGYEQYF	1
CASSQDEQGTGELFF	1
CASSQDTRGRTEAFF	1
CASSQDTGGLTEAFF	1
CASSQDTRSNQPQHF	1
CASSQELVSGDEQFF	1
CASSQESTGSSYGYTF	1
CASSQEREGRNEQFF	1
CASSQEVGLYEQYF	1
CASSQEARVYGYTF	1
CASSQEASPYGYTF	1
CASSQEATVSYEQYF	1
CASSQEGSGRANEQFF	1
CASSQEGGRSYNEQFF	1
CASSQEGYEQYF	1
CASSQEGREAGGSYEQYF	1
CASSQEGDGAEAFF	1
CASSQEGLAGVPSAYNEQFF	1
CASSQEGGTDTQYF	1
CASSQEGELVGYEQYF	1
CASSQEDRGYEQYF	1
CASSQEDREKFF	1
CASSQEDRTEETQYF	1
CASSQEDNHNEQFF	1
CASSQEERTEAFF	1
CASSQEEAYEQFF	1
CASSQEILGGNSPLHF	1
CASSQEIALTDTQYF	1
CASSQETSGPYNEQFF	1
CASSQETKQFF	1
CASSQETPGVPYNEQFF	1
CASSQETGQGFGQYF	1
CASSQETGTYEQYF	1
CASSQETTGMYGYTF	1
CASSQERGSYEQYF	1
CASSQERGLSYGYTF	1
CASSQERTSGRNEQFF	1
CASSQENRDDSPTDTQYF	1
CASSQEKDMYKNIQYF	1
CASSQEFLITGELFF	1
CASSQEFRIGRGTYEQYF	1
CASSQELISGYNEQFF	1
CASSQELAGAYEQYF	1
CASSQELGETQYF	1
CASSQESSSIVSYNEQFF	1
CASSQESTQYF	1
CASSQEWPSVSGRMDEQYF	1
CASSQEWVDTVAWYEQYF	1
CASSQEYRTSGSETQYF	1
CASSQELRGEQFF	1
CASSQEPFYNEQFF	1
CASSQEPSGIANYGYTF	1
CASSQERGRSYEQYF	1
CASSQERGRTEAFF	1
CASSQERETSANYEQYF	1
CASSQEQGLYGYTF	1
CASSQEQGTEAFF	1
CASSQEVTGELFF	1
CASSQEVTSGSWNEQFF	1
CASSQEAGVADTQYF	1
CASSQEAGNNEQFF	1
CASSQEANEQFF	1
CASSQEGYRVPEKLFF	1
CASSQEGGAGFQETQYF	1
CASSQEGIAACNEQFF	1
CASSQEGNSPLHF	1
CASSQEGPWTDTQYF	1
CASSQEGGGLALRETQYF	1
CASSQEDLRQKKYF	1
CASSQEETSGSDKDTQYF	1
CASSQEIETGELFF	1
CASSQETGQPQHF	1
CASSQETGGAYGYTF	1
CASSQETRREGIYEQYF	1
CASSQERLSYNEQFF	1
CASSQERALEQYF	1
CASSQERAGGTGELFF	1
CASSQERGENYGYTF	1
CASSQENTETQYF	1
CASSQIRGETQYF	1
CASSQMLAEFNEQFF	1
CASSQIQGVTYEQYF	1
CASSQIGGRAPYNEQFF	1
CASSQTYGETQYF	1
CASSQTLDWYGYTF	1
CASSQTLRGSGRSTDTQYF	1
CASSQTPSRQGADTQYF	1
CASSQTGNFYGYTF	1
CASSQTTGPISLNNSPLHF	1
CASSQTTTSLEYEQYF	1
CASSQTSTSGRGGELFF	1
CASSQTQHYGYTF	1
CASSQTVTSTDTQYF	1
CASSQTPTEGSDEKLFF	1
CASSQSRLAGNNEQFF	1
CASSQRQGADTQYF	1
CASSQRGAPNEQFF	1
CASSQRIAGGPYVSYNEQFF	1
CASSQRRTGSSYEQYF	1
CASSQRLAGGLAKNIQYF	1
CASSQRAPPQGEQYF	1
CASSQRDSNTGELFF	1
CASSQNAPGGWAGELFF	1
CASSQNRQGLRAEAFF	1
CASSQNLQGPYYNEQFF	1
CASSQNPPSAQNIQYF	1
CASSQKLPGRIGEQFF	1
CASSQKSAGPNEQFF	1
CASSQKAEGYEQYF	1
CASSQKETSGSRTDTQYF	1
CASSQKTGGGSYNEQFF	1
CASSVSSGSLDEQYF	1
CASSVRETDTQYF	1
CASSVPDRTNTEAFF	1
CASSVQGREEKLFF	1
CASSVGGNTGELFF	1
CASSVYPSGISYEQYF	1
CASSVGQGFGYTF	1
CASSVGGDQPQHF	1
CASSVGQGYEQYF	1
CASSVDYTDTQYF	1
CASSVDMTTSGNTIYF	1
CASSVDRGPYNEQFF	1
CASSVTSGEYNEQFF	1
CASSVTGPGNSPLHF	1
CASSVTEAYNNEQFF	1
CASSVWTGMNTGELFF	1
CASSVLAGGYNEQFF	1
CASSVPGQSVYEQYF	1
CASSVAGGPVNEQFF	1
CASSVGYQGFDRNTIYF	1
CASSVGLAGYEQYF	1
CASSVRVAGDSYEQYF	1
CASSARGSAGYTQYF	1
CASSALPSHNNNEQFF	1
CASSAPGTGTGYTF	1
CASSAPGRNEQFF	1
CASSARGTNYGYTF	1
CASSAQPGTSGFEQYF	1
CASSAVTSMGELFF	1
CASSAGLTMTDTQYF	1
CASSAGTSSHEQFF	1
CASSAGTIPYNEQFF	1
CASSADRPTEAFF	1
CASSAARGMGYGYTF	1
CASSAGLRSTGELFF	1
CASSAGLAGASYNEQFF	1
CASSAGPMNTEAFF	1
CASSAGQNTEAFF	1
CASSADYSAHTTRTRLYNEQFF	1
CASSATSGGDNEQFF	1
CASSATYSNQPQHF	1
CASSALAGETQYF	1
CASSAPGGDTQYF	1
CASSARLRQGDQPQHF	1
CASSARTSGGPFSYNEQFF	1
CASSAHVGGAYEQYF	1
CASSAGQSSYEQYF	1
CASSARLAGPGELFF	1
CASSARRSLNTEAFF	1
CASSGSSGSFYEQYF	1
CASSGLAGVRNEQYF	1
CASSGTESDTQYF	1
CASSGSGLAVSYNEQFF	1
CASSGLPGQVDGYTF	1
CASSGGTLDTQYF	1
CASSGTSGLSYEQYF	1
CASSGRRNLIYNEQFF	1
CASSGFSGLEQFF	1
CASSGSGQGSNEKLFF	1
CASSGLAGDSYEQYF	1
CASSGLTSGTDTQYF	1
CASSGADSPITYEQYF	1
CASSGGGRESSYNEQFF	1
CASSGGYRDYNEQFF	1
CASSGGAYEQYF	1
CASSGGTGWTEAFF	1
CASSGGLAGASSYEQYF	1
CASSGGQGNSNTEAFF	1
CASSGGQIYEQYF	1
CASSGDPNTEAFF	1
CASSGDGSQYF	1
CASSGDKQNYGYTF	1
CASSGMGQGTDTQYF	1
CASSGTGGFGTGELFF	1
CASSGTGNTGELFF	1
CASSGREGETYEQYF	1
CASSGRTGTGELFF	1
CASSDTAWFSGELFF	1
CASSDLRATTYGYTF	1
CASSDRLSGRINEQFF	1
CASSDQREGPYEQYF	1
CASSDTQGAASKNIQYF	1
CASSDSPSGIGTGELFF	1
CASSDRVTYEQYF	1
CASSEVNNEQFF	1
CASSEGTGGINEQFF	1
CASSEGLDGVGELFF	1
CASSEGQVWYTGELFF	1
CASSEGRGRRYEQYF	1
CASSERTSAYEQYF	1
CASSERLADGELFF	1
CASSEFRGLAGADTQYF	1
CASSEQGAYEQYF	1
CASSEQGQGNTEAFF	1
CASSEGSSSEQYF	1
CASSEGGGNYGYTF	1
CASSEGTGFGYTF	1
CASSEGTSGSTDTQYF	1
CASSETTSGTDTQYF	1
CASSERLAGGTGELFF	1
CASSISVTYEQYF	1
CASSIRDLYTGELFF	1
CASSIRDRGVAEAFF	1
CASSIGLSGELFF	1
CASSIGQAYEQYF	1
CASSMPTTYRTGLDNEQFF	1
CASSMDGENTEAFF	1
CASSMDGIREQYF	1
CASSMTVNTGELFF	1
CASSILASGSSYNEQFF	1
CASSIRTGNYGYTF	1
CASSTRDRGQGNTEAFF	1
CASSTGGSAPRYGYTF	1
CASSTSGMSSYNEQFF	1
CASSTPLGLPVIDTQYF	1
CASSTPTGRWFGSTGELFF	1
CASSTQVGVNEQFF	1
CASSTVGEQYF	1
CASSTAPAGEQFF	1
CASSTAGASYNEQFF	1
CASSTGTANEKLFF	1
CASSTGLGHQDSPLHF	1
CASSTDHYTGELFF	1
CASSTTSGSTNEQFF	1
CASSTTGGDTGELFF	1
CASSTRGPDPRGYTF	1
CASSTRTGSQRELFF	1
CASSTYVGSAATGELFF	1
CASSTGPPGAEQYF	1
CASSTGEGSYEQYF	1
CASSTGTGRVDEQYF	1
CASSTIRLAGGLADTQYF	1
CASSTTSGRYNEQFF	1
CASSTTGAKDTQYF	1
CASSTLRGGNPNTGELFF	1
CASSTQGPYEQYF	1
CASSTQRADEQYF	1
CASSTALQGGSNQPQHF	1
CASSTGTSGWTDTQYF	1
CASSTGTIAYEQYF	1
CASSTGQVGYTF	1
CASSTGQGSYNEQFF	1
CASSTRTGDSGNTIYF	1
CASSSGTNYEQYF	1
CASSSGRFSGELFF	1
CASSSDRGRRSTEQYF	1
CASSRRELAAGNYEQYF	1
CASSRASGIGGELFF	1
CASSRGLAGDYNEQFF	1
CASSRGQGAYEQYF	1
CASSRDLSNQPQHF	1
CASSRDSASAEAFF	1
CASSRTSGSSYNEQFF	1
CASSRTGADEQYF	1
CASSRTGGFTEAFF	1
CASSRQPQETQYF	1
CASSRGLAGVGAGELFF	1
CASSREPGQSRNF	1
CASSRSVNTEAFF	1
CASSRRGDRGIFNEQFF	1
CASSNGTSGSYEQYF	1
CASSNGQSNEKLFF	1
CASSNSGHANTGELFF	1
CASSNSGSTSTDTQYF	1
CASSNSQGGYDGYTF	1
CASSNPPRDSEQFF	1
CASSNGQGTPYQETQYF	1
CASSNDRAGVNEQFF	1
CASSKQGYNEQFF	1
CASSKGLAYNEQFF	1
CASSKGQGNEQYF	1
CASSKGQGGNTGELFF	1
CASSKDRGDEQYF	1
CASSKIKTLSYEQYF	1
CASSKKGGLGQETQYF	1
CASSKLAGGSDTQYF	1
CASSKPLAPQETQYF	1
CASSKDYGYTF	1
CASRFSGSAYNEQFF	1
CASRSWTSGLVAFF	1
CASRYAEARTGELFF	1
CASRPNTGELFF	1
CASRPTGGSNTIYF	1
CASRRLANSDTQYF	1
CASRRVQNTEAFF	1
CASRQGGTGYNEQFF	1
CASRQGPAVNQPQHF	1
CASRQTATDTQYF	1
CASRVSDYLNEQFF	1
CASRVLGTNEKLFF	1
CASRVEGPTDTQYF	1
CASRVILAGGPVGEQYF	1
CASRAPSYEQYF	1
CASRAGLAGGGEQFF	1
CASRAGQGPWNEQFF	1
CASRGEAASTDTQYF	1
CASRGIADSHLAYNEQFF	1
CASRGLAVTYEQYF	1
CASRGLAGGTDTQYF	1
CASRGLETEQYF	1
CASRDGQDAQYF	1
CASREIAGVTYEQYF	1
CASRERGLVGIGELFF	1
CASRINLSGSYEQYF	1
CASRTSGSSYNEQFF	1
CASRTSGRDTGELFF	1
CASRTRAGELFF	1
CASRTPGQLTGELFF	1
CASRTLTGGHYEQYF	1
CASRSPRGTGELFF	1
CASRSGSNEQYF	1
CASRRQGGTEAFF	1
CASRRVGEDIQYF	1
CASRRAESYEQYF	1
CASRNGLAGVYEQYF	1
CASRNRGRFTDTQYF	1
CASRFQRDSYEQYF	1
CASRLAGLDNEQFF	1
CASRLDGPNTGELFF	1
CASRLSSASSYNEQFF	1
CASRSVGLITGELFF	1
CASRSGSENTEAFF	1
CASRSTVNTGELFF	1
CASRSTGDTEAFF	1
CASRSSGNSNQPQHF	1
CASRLQGLARETQYF	1
CASRPGSSGYNEQFF	1
CASRPDRGLTGELFF	1
CASRPHHRETWANEQFF	1
CASRPGTGSNEQYF	1
CASRPIAGGTGELFF	1
CASRPGLQDVSQYF	1
CASRPGPNTMSSSSGEFF	1
CASRPARGGTGELFF	1
CASRRGPSYGYTF	1
CASRRGGGGNEQFF	1
CASRHGTATGELFF	1
CASRHTTSGRYNEQFF	1
CASRQGHPGTEAFF	1
CASRQTSGNTDTQYF	1
CASRGFRSNEQFF	1
CASRGRGQGAREQYF	1
CASRTSSSNTGELFF	1
CASRRLAQPIYEQYF	1
CASRRVGTGELFF	1
CASRNRGDDTEAFF	1
CASRKADFQETQYF	1
CASRKVFSEWDRGRNEQFF	1
CASNLGGALNTEAFF	1
CASNDRNEQFF	1
CASNSRGVEYNEQFF	1
CASNPGTAKETQYF	1
CASNPGNTGELFF	1
CASNGQVGDQPQHF	1
CASNILASGETQYF	1
CASKPGRLREGNTEAFF	1
CASKGLAGGYEQYF	1
CASKDQYEQYF	1
CASKIQGVTDTQYF	1
CASKTGAAVNTEAFF	1
CASKKQATNEKLFF	1
CASKSLVRGTDEQYF	1
CASKATSGRRPYNEQFF	1
CASKAGTGAGELFF	1
CASKGHPESHEQYF	1
CASKETGFGEQYF	1
CANPAGAFF	1
CANRLEETQGAGELFF	1
CAKSGKRMETQYF	1
CAKRHKVVDPVAKNTEAFF	1
CAKQGAGNEQYF	1
CAYPGLAGGQFF	1
CGRGTEAFF	1
CEQGQGGADTQYF	1
CIPNF	1
CTLGSLSSYNEQFF	1
CTLYSPGQGNNSPLHF	1
CTSSLPDREGADQPQHF	1
CSLLQGYEQYF	1
CSSRLGTGADEKLFF	1
CSSNRQGVGYTF	1
CSSFRLVSGRASETQYF	1
CSSTYGTGEQFF	1
CSLPKAGDETQYF	1
CSPLVHPYEQYF	1
CSPRERPTWYQETQYF	1
CSPTRRAEYNEQFF	1
CSRRRGETQYF	1
CSVPGPSYEQYF	1
CSVGTGKFEAFF	1
CSVSGGGYGYTF	1
CSVRHSNQPQHF	1
CSVKDRRTGGRNEQFF	1
CSVCGGTDTQYF	1
CSVPDIPEQFF	1
CSVRGGGYTEAFF	1
CSVRRTGHSYEQYF	1
CSVTEGQETQYF	1
CSVRGGGRQPQHF	1
CSVNPAAGEGTDTQYF	1
CSVYNRDYNEQFF	1
CSVTVNTEAFF	1
CSVPRGGYEQYF	1
CSVVPPDYEQYF	1
CSVDMGLAYNEQFF	1
CSVSPRTGGMYGYTF	1
CSAFPAGTGKVEQYF	1
CSAFREGAETEAFF	1
CSAFMSGWETQYF	1
CSAFFSEKGGSFYGYTF	1
CSAFRTAYNEQFF	1
CSAFACCGRAGDTQYF	1
CSAFTSGRLNEQFF	1
CSALGAKNIQYF	1
CSALTGGRTEAFF	1
CSALAGGPLNEQFF	1
CSASSRTKDTQYF	1
CSASPDTYEQYF	1
CSASPIPRGGPLTDTQYF	1
CSASVLNYGYTF	1
CSASGIQKGSYNSPLHF	1
CSASTWDQPQHF	1
CSASTGTENSPLHF	1
CSASSGRLPKNIQYF	1
CSASRGTNEKLFF	1
CSASGRTSSYNEQFF	1
CSASTGWENTEVFF	1
CSAWGQTTIKEQYF	1
CSAWTSGREETQYF	1
CSAWTGGDQPQHF	1
CSAYKQAALLAGETLAKNIQYF	1
CSAYSETGLHIQYF	1
CSAYPSGRMQETQYF	1
CSAYRTGSSYEQYF	1
CSAYRGPGELFF	1
CSAYRGRFSYGYTF	1
CSAYRDRNSPLHF	1
CSAYREGVSYEQYF	1
CSALPGLAVYEQYF	1
CSALRLRSLTEAFF	1
CSALTGGGYNEQFF	1
CSALLAGLAGVNEQFF	1
CSALLGAALETQYF	1
CSALPGNTEAFF	1
CSALRDRGGEKLFF	1
CSALSTWGQFF	1
CSALYNEQFF	1
CSALPGQGVTEAFF	1
CSALAESSYEQYF	1
CSALGFTRDFFSNTGELFF	1
CSAPPWTSLLNEQFF	1
CSAPHLSGRAYNEQFF	1
CSAPIAGEDTQYF	1
CSAPTYTQYF	1
CSAPRQGTNLFF	1
CSAPKITGGAGYGYTF	1
CSAPLAVRQGAFF	1
CSAPSHRAVNSPLHF	1
CSAPSLGGRAYEQYF	1
CSAPYIEAKNIQYF	1
CSAPPPGAGGYTF	1
CSAPPRFAWGTEAFF	1
CSAPPPGQGAQQYF	1
CSAPPRRGRNTEAFF	1
CSAPRGPRTDTQYF	1
CSAPVTPDQPQHF	1
CSAPGWGLNEQFF	1
CSAPGTSVYNEQFF	1
CSAPGLAGVFGYEQYF	1
CSAPGLAGGDEQFF	1
CSAPDTGEAYNEQFF	1
CSAPTLGRLTDTQYF	1
CSAPTVTSDYNEQFF	1
CSAPSLAGRTDTQYF	1
CSAPYYQGTGELFF	1
CSAPRKGGRAPNIQYF	1
CSAPVRVDYGYTF	1
CSAPGTSASTDTQYF	1
CSAPGLAGVNEQFF	1
CSAPEGGDYYSNQPQHF	1
CSAPIAGGNEQFF	1
CSAPRASGSMEQFF	1
CSAPKKFSGESYEQYF	1
CSAPLTVEQYF	1
CSAPGSNTEAFF	1
CSAPGLAGVGEQYF	1
CSARRLGGRAGDTDTQYF	1
CSARPPGTGAFGETQYF	1
CSARPQRLAPTEQYF	1
CSARPGRGRTDTQYF	1
CSARSLRTPRYEQYF	1
CSARWTGSYNEQFF	1
CSARQAQRGTEAFF	1
CSARGGGRTSYEQYF	1
CSARDVNSNQPQHF	1
CSARDSYEQFF	1
CSARDRVYEQYF	1
CSARTSFTGELFF	1
CSARTGYGYTF	1
CSARSNEQGFADGYTF	1
CSARLRSGSQETQYF	1
CSARHDPRAFF	1
CSARGTSPPYEQYF	1
CSAHPPLNTEAFF	1
CSAHQGNTEAFF	1
CSAHTVYSGNTIYF	1
CSAHSKGPGTYGYTF	1
CSAHQGAETQYF	1
CSAHQRNNSPLHF	1
CSAHVFGEKLFF	1
CSAHRGSSYNEQFF	1
CSAQPGLAVATDTQYF	1
CSAQDRNTEAFF	1
CSAQTTAYGYTF	1
CSAQTSRNPYEQYF	1
CSAQPGWDGEQYF	1
CSAQQGTNEQFF	1
CSAQAGLDYGYTF	1
CSAQERELYNEQFF	1
CSAVPGQGGHEQYF	1
CSAVPSGRSPDTQYF	1
CSAVQRAGVQYF	1
CSAVLGQTYEQYF	1
CSAVGFGQPQHF	1
CSAVDPGFATDTQYF	1
CSAADQAGPYNEQFF	1
CSAASGRNSYEQFF	1
CSAALVASGLQETQYF	1
CSAALTYEQYF	1
CSAAPWEEQFF	1
CSAAATSGSNEQFF	1
CSAAGTVNEKLFF	1
CSAAGNTDTQYF	1
CSAADRDTQYF	1
CSAAGLAGATDTQYF	1
CSAGPDIYEQYF	1
CSAGHRLAISYEQYF	1
CSAGGTYGYTF	1
CSAGRGPKETQYF	1
CSAGRDLRSYEQYF	1
CSAGHSGTQYF	1
CSAGLGTGEKLFF	1
CSAGLTGQGVYEQYF	1
CSAGRQGIAKNIQYF	1
CSAGAGSAQPQHF	1
CSAGGPGQGIYGYTF	1
CSAGTRDTYEQYF	1
CSAGTREETQYF	1
CSAGSGSGRALAYNEQFF	1
CSAGLAGGPHNEQFF	1
CSAGPGTGPYGYTF	1
CSAGRAGDFYNEQFF	1
CSAGGLTEAFF	1
CSAGGMAEAFF	1
CSAGEAGTDYGYTF	1
CSADPGLRNTEAFF	1
CSADHSDTQYF	1
CSADQLETYEQYF	1
CSADAGRDRGAGTEAFF	1
CSADGPPAAAYNEQFF	1
CSADNGQGAGGYTF	1
CSAELAGVDEQYF	1
CSAERFSSYEQYF	1
CSAEQYF	1
CSAEDRPEGYTF	1
CSAEDRGLATFYEQYF	1
CSAEIRQGKYENTEAFF	1
CSAETSGRQYF	1
CSAETENTEAFF	1
CSAENPGLAGGPVYF	1
CSAERNSPLHF	1
CSAISGTTESQYF	1
CSAIIAGYEQFF	1
CSAILVAGGPGEQFF	1
CSAILGRTGELFF	1
CSAIWTSGAYEQFF	1
CSAILRAYWANQPQHF	1
CSAILRQNRLHEQFF	1
CSAIPTAFREQYF	1
CSAIQREGLADTQYF	1
CSAIVRYYGYTF	1
CSAIGSPRNEQFF	1
CSAMPQGSSYEQYF	1
CSAMGSVHKDYGYTF	1
CSAMIPSLDTQYF	1
CSAMTSGRGYEQYF	1
CSAMTGFSNQPQHF	1
CSAITGSSYNSPLHF	1
CSAIRQVEEQYF	1
CSATLPGTNYGYTF	1
CSATGTSGYNEQFF	1
CSATDPRNNQPQHF	1
CSATTGSNQPQHF	1
CSATFTGTGSRDGNQPQHF	1
CSATLLRGDQPQHF	1
CSATSRASYNEQFF	1
CSATYRQANRFNEQFF	1
CSATRSGMASYEQYF	1
CSATRGSGRYIQYF	1
CSATRGPMNTEAFF	1
CSATHGGRKTQYF	1
CSATVKGRDGYTF	1
CSATAPGTGSAGELFF	1
CSATGDNEKLFF	1
CSATGTSGSYEQYF	1
CSATSYNEQFF	1
CSATSGRGYNEQFF	1
CSATRSGEAGILNEQFF	1
CSATNRLAGFTDTQYF	1
CSATNRENTGELFF	1
CSATKRDLPLGNQPQHF	1
CSATRGVTEAFF	1
CSATVGALFNQPQHF	1
CSATGHDWDEQFF	1
CSATGGQETQYF	1
CSATGAYNSPLHF	1
CSATTGASNYEQFF	1
CSATTQGNYGYTF	1
CSATSFAGGEQPQHF	1
CSATLRQGGRAGQPQHF	1
CSATLGSTNTEAFF	1
CSATVIGQETQYF	1
CSATAVGIANTIYF	1
CSASLLANTDTQYF	1
CSASSGTGDTIYF	1
CSASSGSHEQYF	1
CSASSASGKTDTQYF	1
CSASSASGYNEQFF	1
CSASSGEGRETQYF	1
CSASSTPTGELFF	1
CSASSAGWTEAFF	1
CSASSGLNNSPLHF	1
CSASSIEFSGRLYEQYF	1
CSASWVGNYEQYF	1
CSASWANTEAFF	1
CSASWGGVQPQHF	1
CSASYQGYEQYF	1
CSASYGSTGEKLFF	1
CSASYGPQETQYF	1
CSASLRTGQETQYF	1
CSASLGDFSYEQYF	1
CSASPGGLAGYNEQFF	1
CSASPDRTHTF	1
CSASPSTDTQYF	1
CSASPSGTNEKLFF	1
CSASPWGVKTQYF	1
CSASPPWPNSYNEQFF	1
CSASPRRSGRAYEQYF	1
CSASPQAEEPQHF	1
CSASPGSNTEAFF	1
CSASPNEKLFF	1
CSASPTSGSSYEQYF	1
CSASPTGTAYNSPLHF	1
CSASRVPGGTDTQYF	1
CSASRARGRETQYF	1
CSASRGSTVSQETQYF	1
CSASRREEEQYF	1
CSASRTGYSNQPQHF	1
CSASRNKPQETQYF	1
CSASHLGGGTEAFF	1
CSASHLSSYNSPLHF	1
CSASHGGYEQYF	1
CSASHRVLVF	1
CSASQGWDEKLFF	1
CSASQGVAGSPLHF	1
CSASQTDYGYTF	1
CSASVSSLQPQHF	1
CSASARTSGMDEQFF	1
CSASASRYTGELFF	1
CSASARGRPNQPQHF	1
CSASASGTNEAFF	1
CSASAGRISQPQHF	1
CSASAGETQYF	1
CSASGLLAGEQYF	1
CSASGLAGSFSYEQYF	1
CSASGLYPGEETQYF	1
CSASGGPNTEAFF	1
CSASGGNYEQYF	1
CSASGGGSNYGYTF	1
CSASGTRSSYEQYF	1
CSASGYRSSYNEQFF	1
CSASDGGSSYNEQFF	1
CSASDSGTFDNEQFF	1
CSASDSESSYNEQFF	1
CSASDPAARRSSYNEQFF	1
CSASDGGTQYF	1
CSASDRLPNTEAFF	1
CSASILAGAYNSPLHF	1
CSASIPGLAEETQYF	1
CSASIRGLDYGYTF	1
CSASIQETQYF	1
CSASISSGSSETQYF	1
CSASILGNEQFF	1
CSASIEESNQPQHF	1
CSASTLHRYRGYGYTF	1
CSASTLGQGYGYTF	1
CSASTPWEGNIQYF	1
CSASTGTSGRGTQYF	1
CSASTGVTEAFF	1
CSASSNQGPLGNEQFF	1
CSASSSYNSPLHF	1
CSASSPGLSDTQYF	1
CSASSAASYEQYF	1
CSASRAGANTEAFF	1
CSASRTGGGNQHF	1
CSASRLAGVGEQYF	1
CSASRSGSRDEQFF	1
CSASNPSTDTQYF	1
CSASKAQGGGTEAFF	1
CSASKGQRRDYEQYF	1
CSASFRLLASGGYTF	1
CSASLADTIYF	1
CSASLGEGYTF	1
CSASSPSNYNEQFF	1
CSASSATNTEAFF	1
CSASSSAPEQFF	1
CSASSWADEQYF	1
CSASSAEISNQPQHF	1
CSASSGVSNQPQHF	1
CSASSGTHSQPQHF	1
CSASSRVDEQYF	1
CSASWTGRANQPQHF	1
CSASLPGSQETQYF	1
CSASLSGDYNEQFF	1
CSASLRTSVYNEQFF	1
CSASLSNLYYEQYF	1
CSASLAGSFLDTQYF	1
CSASPSGRENEQYF	1
CSASPSGGGGNEQFF	1
CSASPWIASPYEQYF	1
CSASPQPSGRETQYF	1
CSASPGTIAETQYF	1
CSASPRAPQETQYF	1
CSASPGAQETQYF	1
CSASPAASKNGDTQYF	1
CSASPGGLERDTQYF	1
CSASRLAALLSYNEQFF	1
CSASRRFSDYNEQFF	1
CSASRDSQETQYF	1
CSASRTLGTGELFF	1
CSASRTRSNTEAFF	1
CSASQAWLRQNIQYF	1
CSASQGLNEKLFF	1
CSASQGWGLAGGIQETQYF	1
CSASVPGSGEQYF	1
CSASVVGDVNTEAFF	1
CSASVGTAYGYTF	1
CSASAPSDTQYF	1
CSASATGGAFF	1
CSASAPGTGTYEQYF	1
CSASARGAGLYEQYF	1
CSASAGGPWYNEQFF	1
CSASALLAGDYNEQFF	1
CSASALAGARSYNEQFF	1
CSASAGLIQPQHF	1
CSASATEKYEAFF	1
CSASGGAGGNTIYF	1
CSASGGTGGFYGYTF	1
CSASGTSGIYEQYF	1
CSASGTLNSYNSPLHF	1
CSASGRAKNIQYF	1
CSASGRGYEQYF	1
CSASGRGGTDTQYF	1
CSASGNTYNEQFF	1
CSASGLAGGRGTDTQYF	1
CSASGQGLAKNIQYF	1
CSASDGNEQFF	1
CSASDRATGTDTQYF	1
CSASDRANTEAFF	1
CSASEQVSETQYF	1
CSASEVTSSYNEQFF	1
CSASTTRGATDTQYF	1
CSASTGRNTDTQYF	1
CSASRGVHSNQPQHF	1
CSASRDEQFF	1
CSASNYNEQFF	1
CSASKGATSGTWNEQFF	1
CSARLGGNSNQPQHF	1
CSARLMEFRRADTQYF	1
CSARSGTGLAGELFF	1
CSARSRSRSYEQYF	1
CSARSATRETYNEQFF	1
CSARSGMSSYEQYF	1
CSARWGLAGFHNEQFF	1
CSARYWGTSYEQYF	1
CSARYRQETQYF	1
CSARLGTYGYTF	1
CSARLQGADGYTF	1
CSARPLSYSGRARYEQYF	1
CSARPRASGTDTQYF	1
CSARPEIQFF	1
CSARPRGLRDTQYF	1
CSARPIRGRYEQYF	1
CSARPTGAATNEKLFF	1
CSARPDPYNEQFF	1
CSARRSGNLGQPQHF	1
CSARRNSGKGDTQYF	1
CSARRLRGQETQYF	1
CSARRIKQGIREAFF	1
CSARRSSGANVLTF	1
CSARRLAGGPDEQYF	1
CSARHSNQPQHF	1
CSARVWLAGLDEQYF	1
CSARVGVNIQYF	1
CSARVPSAGEQYF	1
CSARVGNQPQHF	1
CSARVTGDFGYTF	1
CSARAGRLGNQPQHF	1
CSARASGSSAYEQYF	1
CSARAQGPQGNTIYF	1
CSARAGSARGEQFF	1
CSARADASYEQYF	1
CSARGRLDYGYTF	1
CSARGSTGASNTEAFF	1
CSARGLTPNQETQYF	1
CSARGGDSYTGELFF	1
CSARGGSSYNEQFF	1
CSARGREGGSGEQYF	1
CSARGLLAGGTSTDTQYF	1
CSARGWENSNQPQHF	1
CSARGLSLSEAFF	1
CSARGQDIQYF	1
CSARGVAGGFYNEQFF	1
CSARGGSNTGELFF	1
CSARGGYYGYTF	1
CSARGGSPTDTQYF	1
CSARGTSGITDTQYF	1
CSARGTGGLDTEAFF	1
CSARGTDSNQPQHF	1
CSARGLDILETQYF	1
CSARGLVYNEQFF	1
CSARGLAQETQYF	1
CSARGLAASYEQYF	1
CSARGLAGGDRSYEQYF	1
CSARGQLAYNSPLHF	1
CSARDSGGVAPYF	1
CSARDWGQGNTEAFF	1
CSARDSETQYF	1
CSARDSNSNQPQHF	1
CSAREVVGNQPQHF	1
CSAREVAKGSQFF	1
CSAREGYEQYF	1
CSAREASNQPQHF	1
CSAREGTVDNQPQHF	1
CSAREDGNTEAFF	1
CSARENRGRNTEAFF	1
CSARIFLAKNIQYF	1
CSARIYGTYADIQYF	1
CSARTGESDYEQYF	1
CSARTTGRTEAFF	1
CSARTSYNEQFF	1
CSARTSGSTDTQYF	1
CSARTPQRGTEAFF	1
CSARTGSNSYNEQFF	1
CSARTAGRGSRNTIYF	1
CSARTGPINYGYTF	1
CSARTGQGNYGYTF	1
CSARSGGYGYTF	1
CSARSYGYTF	1
CSARRGFTGNQPQHF	1
CSARRIESMNTEAFF	1
CSARRTGKTDTQYF	1
CSARNLVNSYNSPLHF	1
CSARKAGGPGDTQYF	1
CSARKGADTGELFF	1
CSARKGTGGADSNYGYTF	1
CSARKQGVAKNIQYF	1
CSARFTRTSGTYEQYF	1
CSARFSGRSFYNEQFF	1
CSARFPSPANTGELFF	1
CSARFRGAPYEQYF	1
CSARFGGSGNTIYF	1
CSARLGYGYTF	1
CSARLDRGLGEQFF	1
CSARSGGSSNEQFF	1
CSARSGRWAKNIQYF	1
CSARSYIETQYF	1
CSARSLAGPPTDTQYF	1
CSARSGYKNIQYF	1
CSARSKERNGYTF	1
CSARWLGGEQYF	1
CSARWSNQPQHF	1
CSARYGGLAGGNQETQYF	1
CSARYSYTNTGELFF	1
CSARLVGYTF	1
CSARLRGEYTGELFF	1
CSARLDLTGSTEAFF	1
CSARLAPIRGETQYF	1
CSARLTPRTDTQYF	1
CSARLPGQGIRPQHF	1
CSARLQNGYGYTF	1
CSARPASATYEQYF	1
CSARPTPTLVYGYTF	1
CSARPTGEGQPQHF	1
CSARPWTGPFYGYTF	1
CSARPLRAGGDVTQYF	1
CSARPGSSNQPQHF	1
CSARPLASSEQFF	1
CSARPRRDRGWNQPQHF	1
CSARPLAGGFFYEQYF	1
CSARPRTSPSTDTQYF	1
CSARPRQGLFGYTF	1
CSARRPLSWGQGDNEQFF	1
CSARRSGRDGTGELFF	1
CSARRSSGLYEQYF	1
CSARRREDADTQYF	1
CSARRVSGSSYNEQFF	1
CSARRTLSNQPQHF	1
CSARRGYNEQFF	1
CSARRGTGIVDTQYF	1
CSARRDREEEQFF	1
CSARRTSDGYTF	1
CSARHSYYGYTF	1
CSARHSKGLGDRERNTIYF	1
CSARHSGAQPQHF	1
CSARHGSAGELFF	1
CSARQSPTDTQYF	1
CSARQWENNEQFF	1
CSARQVPYGYTF	1
CSARQGLGGELFF	1
CSARQGANQPQHF	1
CSARQGAMDSPLHF	1
CSARQGGTEAFF	1
CSARQPGQGGTEAFF	1
CSARQAPTDTQYF	1
CSARQRGTEAFF	1
CSARVSGFGGYTF	1
CSARVLRGGRYSSYEQYF	1
CSARVLQGNKAFF	1
CSARVLSSYNEQFF	1
CSARVPGGETQYF	1
CSARVAGGGSYNEQFF	1
CSARVGLVAQQPQHF	1
CSARVGSGREWYEQYF	1
CSARVGGTTNEKLFF	1
CSARVDGGVSSYNEQFF	1
CSARVSGRGEQYF	1
CSARVKNDEQFF	1
CSARVLAPGTEAFF	1
CSARVLRDRRTDTQYF	1
CSARVLTGYGNTIYF	1
CSARVPSGTSYNEQFF	1
CSARVPVDSNQPQHF	1
CSARVRTRGVEQYF	1
CSARVGPYNSPLHF	1
CSARVGGRENYGYTF	1
CSARVSGRPEQFF	1
CSARVNEQFF	1
CSARVPGREFIGEQFF	1
CSARVRADTQYF	1
CSARVHRAGVEYEQYF	1
CSARVQGADNEQFF	1
CSARVARGTQYF	1
CSARVGTEAFF	1
CSARVGARSSGNSPLHF	1
CSARVGTEAQPQHF	1
CSARVDRNTEAFF	1
CSARVITGTQVEAFF	1
CSARVTTAYEQYF	1
CSARVKQGVLEQYF	1
CSARVSKREPDTQYF	1
CSARVLAGLHNEQFF	1
CSARVLGAGVSTDTQYF	1
CSARVPGGEGQNTEAFF	1
CSARVGLAGGWSKNIQYF	1
CSARVGYTGELFF	1
CSARVGTPETYEQYF	1
CSARVGTGELFEKLFF	1
CSARVTGVDTEAFF	1
CSARVRDGNQPQHF	1
CSARAFDSGEGETQYF	1
CSARAPYEQYF	1
CSARAGPGASYEQYF	1
CSARAGSGRANEQFF	1
CSARAFPGLAYEQYF	1
CSARALDRVNKYEQYF	1
CSARALSGSSYNEQFF	1
CSARALRGPYEQYF	1
CSARALTGAGETQYF	1
CSARAPRDTQYF	1
CSARARGGAPTNYGYTF	1
CSARAGPGYGYTF	1
CSARAIAGGLYEQYF	1
CSARARLAEYNEQFF	1
CSARASGRSYGYTF	1
CSARAWEPPDTQYF	1
CSARAPGQSYEQYF	1
CSARAVLLGEQYF	1
CSARAASGRNTGELFF	1
CSARAGSYGYTF	1
CSARAGGTGNTGELFF	1
CSARAGGYYNEQFF	1
CSARATSPNTGELFF	1
CSARARGANSPLHF	1
CSARALSGANVLTF	1
CSARAVGQGGQPQHF	1
CSARAVMGARWNEQFF	1
CSARAETGDDTEAFF	1
CSARAIPRGRGREQYF	1
CSARAKRGAGGLNEQFF	1
CSARAKGIHRDTQYF	1
CSARGLAGESTDTQYF	1
CSARGSLREGLDEQFF	1
CSARGRSGTAYNEQFF	1
CSARGRASPYEQYF	1
CSARGVWNEQYF	1
CSARGGGRSYNEQFF	1
CSARGDRVEFYEQYF	1
CSARGIRDPVNYGYTF	1
CSARGPQGQPQHF	1
CSARGPPNSGNSYEQYF	1
CSARGPGKNIQYF	1
CSARGRTGTTNTGELFF	1
CSARGQGGIAAKNIQYF	1
CSARGVAGGATDTQYF	1
CSARGGGEAFF	1
CSARGTGNQPQHF	1
CSARGRARKIDNEQFF	1
CSARGLIWNTEAFF	1
CSARGYF	1
CSARGPAGVETQYF	1
CSARGRYPGPDYGYTF	1
CSARGQAAYEQYF	1
CSARGQGWQPQHF	1
CSARGQGEVQPQHF	1
CSARGVGPNSPLHF	1
CSARGAFWVSYNEQFF	1
CSARGGLDTEAFF	1
CSARGGRDYGYTF	1
CSARGGLNTEAFF	1
CSARGGANTEAFF	1
CSARGGSNQPQHF	1
CSARGGARNQPQHF	1
CSARGGDRSTNEKLFF	1
CSARGDSVQETQYF	1
CSARGDRALQPQHF	1
CSARGDRDYEQYF	1
CSARGDREPYEQYF	1
CSARGTSGSTDTQYF	1
CSARGTRYYEQYF	1
CSARGTHTDTQYF	1
CSARGTSGRATEQFF	1
CSARGTGPNQPQHF	1
CSARGLAGLNEQFF	1
CSARGLAGETEQYF	1
CSARGLDLSYEQYF	1
CSARGPLRGNEKLFF	1
CSARGPTPRPPYEQFF	1
CSARGAFGGPGTQYF	1
CSARGGDGETQYF	1
CSARGGTSGILDEQYF	1
CSARGGTGDSYEQYF	1
CSARGGKTLSPLHF	1
CSARGGRANTEAFF	1
CSARGTLTGLAGGVQFF	1
CSARDFGTANSPLHF	1
CSARDFGPQGNEKLFF	1
CSARDLGLANTGELFF	1
CSARDLSKTSTDTQYF	1
CSARDLRLITDTQYF	1
CSARDSPGGNIQYF	1
CSARDSQPRYGYTF	1
CSARDSAVTYEQYF	1
CSARDSGVGYTF	1
CSARDSYRDTGELFF	1
CSARDSGRQLRGYTF	1
CSARDWRQGSTDTQYF	1
CSARDWAGVNQPQHF	1
CSARDWGTNYGYTF	1
CSARDWGGALNQPQHF	1
CSARDWGTGTEAFF	1
CSARDWTGRRNQPQHF	1
CSARDYTGVSPLHF	1
CSARDYRGGDEQFF	1
CSARDLHRDYEQYF	1
CSARDLVSGNTIYF	1
CSARDLGLADYNEQFF	1
CSARDLSLAGLPSTDTQYF	1
CSARDLSTSGSYEQYF	1
CSARDLRADTF	1
CSARDLRTSGSYEQYF	1
CSARDLFFSSGSPNEQFF	1
CSARDLSRGGYTEAFF	1
CSARDLLWTSGNEQFF	1
CSARDLPTTKNIQYF	1
CSARDLRDRVEKLFF	1
CSARDLVYEQYF	1
CSARDLARGDEKLFF	1
CSARDLPGHQPQHF	1
CSARDLAGENYGYTF	1
CSARDLGGLAGASYEQYF	1
CSARDLDTYEQYF	1
CSARDLDRASLNTEAFF	1
CSARDLTRSTDTQYF	1
CSARDLRTGYNEQFF	1
CSARDLRSSSYNSPLHF	1
CSARDLRVTGELFF	1
CSARDLAGGPYEQFF	1
CSARDLGGENIQYF	1
CSARDLETGGASYGYTF	1
CSARDLKGGKDNEQFF	1
CSARDPRQGRAGELFF	1
CSARDPSTSGSYEQYF	1
CSARDPRTGRSTEAFF	1
CSARDPPGGNSPLHF	1
CSARDPRENQPQHF	1
CSARDPRVAGTEQFF	1
CSARDPGTDEKLFF	1
CSARDPDVNTEAFF	1
CSARDPESGQPQHF	1
CSARDPTSGGYEQYF	1
CSARDPSRGYEQYF	1
CSARDPVGPSAATQYF	1
CSARDPGLASYNEQFF	1
CSARDPGLAGFSGETQYF	1
CSARDPGRGGEQYF	1
CSARDPGGRDNEQFF	1
CSARDPTATNQPQHF	1
CSARDPNTEAFF	1
CSARDPPGLGDIDTQYF	1
CSARDRRQGNQPQHF	1
CSARDRRTGVDQPQHF	1
CSARDRGSIREQYF	1
CSARDRTGLQETQYF	1
CSARDRRLGDQPQHF	1
CSARDRVGPREQYF	1
CSARDRGAGGHGYTF	1
CSARDRRVGNYGYTF	1
CSARDRLREWSYEQYF	1
CSARDRSGGYTF	1
CSARDRLMGEGGKLFF	1
CSARDRARQGGTNEKLFF	1
CSARDRAWEQFF	1
CSARDRGVYGYTF	1
CSARDRGDTEAFF	1
CSARDRGAPEAFF	1
CSARDRSGRTNEKLFF	1
CSARDRRLGVQPQHF	1
CSARDRVGTETQYF	1
CSARDRASGNEQFF	1
CSARDRGAASTDTQYF	1
CSARDRTPVSGRSTDTQYF	1
CSARDRTREYF	1
CSARDRREQTYEQYF	1
CSARDHGSHADTQYF	1
CSARDHISGDYNEQFF	1
CSARDQSRGSTYGYTF	1
CSARDQRTGHTEAFF	1
CSARDQVGQARVNTEAFF	1
CSARDQVVGPDTQYF	1
CSARDQASGDTGELFF	1
CSARDQGGANEKLFF	1
CSARDQGRGNTIYF	1
CSARDQGRYNEQFF	1
CSARDQRGASGYTF	1
CSARDVRSASGNTIYF	1
CSARDVGLSYGYTF	1
CSARDVGGASYNEQFF	1
CSARDVDSDTQYF	1
CSARDVWLAGGPGEQFF	1
CSARDVREGRNEQYF	1
CSARDVRQGENTEAFF	1
CSARDAVRDSTGELFF	1
CSARDAGGPSYEQYF	1
CSARDGTQYF	1
CSARDGGRALSADTQYF	1
CSARDGGRQVNEQFF	1
CSARDGWNEQFF	1
CSARDGASGSAEQYF	1
CSARDGGLDTGELFF	1
CSARDGDTDTQYF	1
CSARDGTSGSGGEQFF	1
CSARDGKRVGNEQFF	1
CSARDDGTSPTGAQYF	1
CSARDDQIMNTEAFF	1
CSARDERAEAFF	1
CSARDEDRGNIFSSPLHF	1
CSARDIGQPQHF	1
CSARDIGQPQQF	1
CSARDMGSSYEQYF	1
CSARDIGSLRTDTQYF	1
CSARDIRGTGEKLFF	1
CSARDTSGAYTIYF	1
CSARDTGAQSDTEAFF	1
CSARDTGRESSNQPQHF	1
CSARDTGNSPLHF	1
CSARDTGAGNGEQYF	1
CSARDTTRGLANEKLFF	1
CSARDTGRGLSQYF	1
CSARDSGSTDTQYF	1
CSARDSGSGETQYF	1
CSARDRGMNTEAFF	1
CSARDRGQGMARNTEAFF	1
CSARDRTYETYEQYF	1
CSARDRTFNQPQHF	1
CSARDRLAGNNEQFF	1
CSARDNAGETYNEQFF	1
CSARDNGFARSTEAFF	1
CSARDKTEISYEQYF	1
CSARDKSRSSGNTIYF	1
CSARDFAGTGATSNQPQHF	1
CSARDLSKYNEQFF	1
CSARDLPSGRKYEQYF	1
CSARDSSRGTTTQPQHF	1
CSARDSQDWVGETQYF	1
CSARDWDRGFEQYF	1
CSARDWMDDNEQFF	1
CSARDYGLAESTDTQYF	1
CSARDLLGYEQYF	1
CSARDLGGNEQFF	1
CSARDLMGTGTLHRSSYNSPLHF	1
CSARDLTGGTDTQYF	1
CSARDLAGAYNEQFF	1
CSARDPQRESGEQYF	1
CSARDPSGRGETQYF	1
CSARDPKGAWVGSEKLFF	1
CSARDPRLVWEQYF	1
CSARDPGTEDQPQHF	1
CSARDPGLGEQYF	1
CSARDPSGRTDTQYF	1
CSARDRGQGEVDKETQYF	1
CSARDRTVNTEAFF	1
CSARDRTGANTGELFF	1
CSARDRGGTQYF	1
CSARDADRGLGEQFF	1
CSARDAATGEETQYF	1
CSARDAGGLNTEAFF	1
CSARDGGRPTDTQYF	1
CSARDGVRETQYF	1
CSARDGQGAINF	1
CSARDTPGTSGSWEQYF	1
CSARDRVSANTGELFF	1
CSARDRAGYEQYF	1
CSARDRRGGTDTQYF	1
CSARELGADTIYF	1
CSARELARSFNEQYF	1
CSAREPGLATGELFF	1
CSAREHETGVFEQYF	1
CSAREHAGGVNIQYF	1
CSAREVSYEQYF	1
CSAREVGTGNEKLFF	1
CSAREAYEQYF	1
CSAREAVVGVAYEQYF	1
CSAREAMTMNTEAFF	1
CSAREGYRGPQETQYF	1
CSAREGREPYEQYF	1
CSAREGVAKNIQYF	1
CSAREGGTEYNSPLHF	1
CSAREGRVYEQYF	1
CSAREDRASNQPQHF	1
CSARERKIYNSPLHF	1
CSAREFGNYEQYF	1
CSAREWIAKNIQYF	1
CSAREPLGRGTASYEQYF	1
CSAREPGAWKPQHF	1
CSAREQAARGHDTEAFF	1
CSAREASNYGYTF	1
CSAREGQRESETQYF	1
CSAREGLGSTYNEQFF	1
CSAREGGILEKLFF	1
CSAREGTGWNGYTF	1
CSAREGTENEKLFF	1
CSAREGQGLAKNIQYF	1
CSAREGAGVGEQFF	1
CSAREDSPNQPQHF	1
CSAREIRGGTEAFF	1
CSAREILAGRGDTQYF	1
CSARIPEGRVRTEAFF	1
CSARIGNTEAFF	1
CSARILAGGPRELFF	1
CSARTLGVDSPNEQFF	1
CSARTPKTGRGYEQYF	1
CSARTQGTGELFF	1
CSARTGTTNQPQHF	1
CSARTGRPTEQFF	1
CSARTPGVIWTQYF	1
CSARTGAGTEAFF	1
CSARRVGGQNQPQHF	1
CSARRGPPGPANYEQYF	1
CSARRGSTSGRETQYF	1
CSARRGPGRTEAFF	1
CSARRTPLETDTQYF	1
CSARRSGSKETQYF	1
CSARRRQQNTEAFF	1
CSARRQGADTQYF	1
CSARRTGLEAFF	1
CSARNYPGGDSPLHF	1
CSARNQRSGKGTQYF	1
CSARNAERQGRNSPLHF	1
CSARNGTEKNQPQHF	1
CSARNRGPEAFF	1
CSARNREVEAFF	1
CSARKTLPSWGNEQFF	1
CSARKQGGNTEAFF	1
CSARKGGTGGFGTEAFF	1
CSARKGEASFVSYNSPLHF	1
CSARKRTGGYEQYF	1
CSANREGRETQYF	1
CSANSGSRSYEQYF	1
CSANNRVHEAFF	1
CSANYRDRGLGYTF	1
CSANPRGGPSYNEQFF	1
CSANRDRYSPLHF	1
CSANRDNNQPQHF	1
CSANAVGGTDTQYF	1
CSANGLAGSQETQYF	1
CSANNYRGGNEKLFF	1
CSAKPGGSYEQYF	1
CSAKGRQSYEQYF	1
CSAKGTAANYGYTF	1
CSAKGTGPYEQYF	1
CSAKGLEWEQYF	1
CSAKGVYSYEQYF	1
CSAKESGKGTDTQYF	1
CSAKTSGRARTDTQYF	1
CSAKTDHSYNSPLHF	1
CSAKNPGTYEQYF	1
CSAKPHPGNEKLFF	1
CSAKPDPRGWFSYGYTF	1
CSAKRNGMNTEAFF	1
CSAKHPAGGSETQYF	1
CSAKQGAGQYF	1
CSAKGYVGNEQFF	1
CSAKGTTQYF	1
CSAKGQLNTEAFF	1
CSAKGQGLAFF	1
CSAKRSAGQGLHF	1
CSAKRTSGYEQYF	1
CSAKNYRENNEQFF	1
CSAKNDEVETQYF	1
CSAKNGNEKLFF	1
CSAFRTGEVEQYF	1
CSALGGRTGTKETQYF	1
CSASVGPLSTDTQYF	1
CSASPGLAGGPTPYEQYF	1
CSASPLQSGQEGTQYF	1
CSASGLTGHNQPQHF	1
CSASTTSSYEQYF	1
CSASPGHVYEQYF	1
CSASQGNGYTF	1
CSAWWNSGNTIYF	1
CSAWPLSYEQYF	1
CSAWDRGTGELFF	1
CSAWTSGSGETQYF	1
CSAWTGTGYEQYF	1
CSAYPGLAGVMHEQYF	1
CSAYRAQGGGKLFF	1
CSALATWRHVRTDTQYF	1
CSALDSGTVNTEAFF	1
CSALTSGSTDTQYF	1
CSALLDSNQPQHF	1
CSALPGRGDTDTQYF	1
CSALATARFNQPQHF	1
CSALGFGYEQYF	1
CSALTSGQETQYF	1
CSALSGRAINTQYF	1
CSALSASGSYEQYF	1
CSALYLAGVRNEQFF	1
CSALRPASNQPQHF	1
CSALAGDYNEQFF	1
CSALGGPTYEQYF	1
CSAPFVDEQYF	1
CSAPLGGLRNEQFF	1
CSAPSHSTPWSEAFF	1
CSAPSGALDEQYF	1
CSAPRAGSTDTQYF	1
CSAPVGSTNEKLFF	1
CSAPGSYNEQFF	1
CSAPSGSSETQYF	1
CSAPLAKGPSYEQYF	1
CSAPSGGTGRAFF	1
CSAPSDRGRRYTF	1
CSAPLALRETQYF	1
CSAPLGGNTGELFF	1
CSAPLAGLYEQYF	1
CSAPPGLVIVNEQFF	1
CSAPGLAGYNEQFF	1
CSAPTSGSGSYNEQFF	1
CSAPLAGGSTETQYF	1
CSAPLGAFEQYF	1
CSAPRRFNEQFF	1
CSAPRGGLAAYNEQFF	1
CSAPAAGVETQYF	1
CSAPGTSSREQYF	1
CSAPIHRAGGPSYEQYF	1
CSAPSIVRVEGENYGYTF	1
CSAPWTLQLGNEQYF	1
CSAPVLAGGAYEQYF	1
CSAPIIQGLNEKLFF	1
CSAPISGSNQPQHF	1
CSARPGTFFTDTQYF	1
CSARARSVSNGNTIYF	1
CSARYSGTSGDYEQYF	1
CSARAASGSTNGYEQYF	1
CSARGGYNEQFF	1
CSARGQRNTEAFF	1
CSARDSANYGYTF	1
CSARDRDNTEAFF	1
CSARTSGYIDEQFF	1
CSARSGVTDTQYF	1
CSARSSGRADTQYF	1
CSARVGTGYNYEKLFF	1
CSARGLAGAYEQYF	1
CSARGGKNTEAFF	1
CSARSPRGPNMNTEAFF	1
CSARKDGHNSPLHF	1
CSAHPDRDGYEQYF	1
CSAHPDRVSYNSPLHF	1
CSAHRGGETQYF	1
CSAHQRRGNREKLFF	1
CSAHGGAGTDTQYF	1
CSAHGGDFSYEQYF	1
CSAQREGFYNEQFF	1
CSAQRNPSYEQYF	1
CSAQGLQNYNEQFF	1
CSAQGLEETQYF	1
CSAQDRFETQYF	1
CSAQNHGGVNEKLFF	1
CSAQRGAGGLFAKNIQYF	1
CSAVFAGGGAETQYF	1
CSAVRGAGKLFF	1
CSAVPSPGELFF	1
CSAAFPNNEQFF	1
CSAAALGVNSPLHF	1
CSAAGTSGTQETQYF	1
CSAARLAVYEQYF	1
CSAANALGAAFF	1
CSAADRSMGAGELFF	1
CSAGATGFNEQFF	1
CSAGDRGSGNTIYF	1
CSAGTGDSYEQYF	1
CSAGTSGWETQYF	1
CSAGTGGRYEQYF	1
CSAGTESSPLHF	1
CSAGLASAYEQYF	1
CSAGGSLGFIYEQYF	1
CSADGTGNYEQYF	1
CSADSGESYNEQFF	1
CSADGLEGTSEQFF	1
CSADSATNEKLFF	1
CSADRSPSGTIYF	1
CSAEPSGAWTEAFF	1
CSAEDRRKNIQYF	1
CSAERTSGRIRQYF	1
CSAELGIGFF	1
CSAEGGALDTEAFF	1
CSAESRDSPSYEQYF	1
CSAIKQGANTEAFF	1
CSAIDTYSTDTQYF	1
CSAMVGTYGYTF	1
CSAILPGQRKEKLFF	1
CSAIGETGHMNTEAFF	1
CSATPGGTEAFF	1
CSATPRLALYEQYF	1
CSATRSSGSNQPQHF	1
CSATRLAEQFF	1
CSATQDFYEQYF	1
CSATREEMGWATDTQYF	1
CSATNSGRRVGNIQYF	1
CSATKAETQYF	1
CSATDDVRPYEQYF	1
CSATMRGVPGNTIYF	1
CSATPGTGYRYEQYF	1
CSATRKSPYYGEQYF	1
CSASSGRSSTDTQYF	1
CSASQGTQETQYF	1
CSASQRGGSLNTQYF	1
CSASKGRGIQYF	1
CSARDIRSTDTQYF	1
CSARTGPYGYTF	1
CSARTGGIGINNEQFF	1
CSARPEKGLAGKGSYNEQFF	1
CSARVGDREDTQYF	1
CSARATREQYF	1
CSARGTRLSYNEQFF	1
CSANRLVSV	1
CSANLLDRVYGYTF	1
CSANRQGPVSPLHF	1
CSAKSDRQASGLWETQYF	1
CSAKAGEDTGELFF	1
CSASPGPGGGNEQFF	1
CSALPSGRRYNEQFF	1
CSALPGHVPNQPQHF	1
CSALPSGRETQYF	1
CSAPRTSGSSRESEQFF	1
CSAPNRGYEQYF	1
CSAPRRGTGYGYTF	1
CSAPIGTGWHYTF	1
CSAPHPGTGNSPLHF	1
CSARDPTGELFF	1
CSARTGDTEAFF	1
CSAQFRGLREKLFF	1
CSAQRQGQPNIYEQYF	1
CSAVVGGISPLHF	1
CSAVHGYEQFF	1
CSAVGQPNTEAFF	1
CSAVEWHFYNSPLHF	1
CSAVWRARDSPLHF	1
CSAVTGGAGNQPQHF	1
CSAAVSGRANEQFF	1
CSAAGTASYNEQFF	1
CSAAGGTSTDTQYF	1
CSAGLAGGTEAFF	1
CSAGGSGAGNTIYF	1
CSAGTGTPNYGYTF	1
CSAGPQRRPQETQYF	1
CSAGQGRDTQYF	1
CSAGQSFNYGYTF	1
CSAGVADTQYF	1
CSAGTSGRVYEQYF	1
CSADADTYEQYF	1
CSADRGGYTF	1
CSADPVVGRYEQYF	1
CSAEAWASGRIMETQYF	1
CSAIAGAVDTQYF	1
CSATLAGAAYQETQYF	1
CSATVAGAGYEQFF	1
CSATAGTGSSPLHF	1
CSATTNEQYF	1
CSASKAGGPYEQYF	1
CSARPSTSYEQYF	1
CSARDGYGYTF	1
CSARDRLPGQPQHF	1
CSARQEYSYEQYF	1
CSARESSYNEQFF	1
CSARRGEVANEKLFF	1
CSANPADRVKEAFF	1
CSANRGGAEAFF	1
CSAKTSGSDTGELFF	1
CSAKTVSGPYNEQFF	1
CSAKTLGEQYF	1
CSAKGTSDYPGYF	1
CSAKGQGALSNQPQHF	1
CSALGEETQYF	1
CSAWTGSYNEQFF	1
CSAWTYAGDIQYF	1
CSAYDPRGNEQFF	1
CSALSGGTLGYTF	1
CSALRVYEQYF	1
CSALSGGATDTQYF	1
CSAPYSEGSYEQYF	1
CSAPPGTGGSSYEQYF	1
CSAPLASLSYNEQFF	1
CSAPTSREFSDTQYF	1
CSARSQGSNQPQHF	1
CSARTVGLAQHF	1
CSARQGYSYNSPLHF	1
CSAQTGNYGYTF	1
CSAVQFSRGGIAVSYNEQFF	1
CSAVEDGKGNQPQHF	1
CSAVRDRERNSNQPQHF	1
CSAVMGGYPTDTQYF	1
CSAAGGANVLTF	1
CSAAGGAYYGYTF	1
CSAGTELNTEAFF	1
CSAGAEGIWDEQYF	1
CSAGGTSGSTDTQYF	1
CSADSSQGGNEQFF	1
CSADRGITDTQYF	1
CSAEAGTSNEKLFF	1
CSAEGGGDEQFF	1
CSAEIPVNTGELFF	1
CSAMGLAGVETQYF	1
CSAILGPKETQYF	1
CSATSGGYEQYF	1
CSATRTSAIYNEQFF	1
CSATAGLLKYEQYF	1
CSATGTTWSDEQFF	1
CSATTSLQHYEQYF	1
CSARDKDGQPQHF	1
CSARQGASIGELFF	1
CSANRREGPKNIQYF	1
CSAKRTGSLVF	1
CSAKGGREAFF	1
CSGNLAGVQEQYF	1
CSGSKTGTNSPLHF	1
CSGLFGLDEQFF	1
CSGPISGDYTF	1
CSGRYQGAYEQYF	1
CSGGGNTEAFF	1
CSGGRGVTEAFF	1
CSGVGDRVYEQYF	1
CSGAGTTHNEQFF	1
CSGAGRAGEQYF	1
CSGGRDPYNEQFF	1
CSGGAPNTGELFF	1
CSGDFSYNEQFF	1
CSGTVGTRGLGEQFF	1
CSGHDRSSYNEQFF	1
CSGGKGRTEAFF	1
CSGGGNSGSTDTQYF	1
CSGNSGDYEQYF	1
CSGNSGTPSYTQYF	1
CSIAGGPTDTQYF	1
CSIGRYGGELFF	1
CSTQSPSGGVYEQYF	1
CSTIQGFNQPQHF	1
CSTKPRSGGYNEQFF	1
CSTWDGELFF	1
CSTLYNEQFF	1
CSTTTYPRNNSPLHF	1
CSTTSVETIKNIQYF	1
CSTKGTSGYNEQFF	1
CSKPVQSSYNEQFF	1
CSFTPVFTDNEQFF	1
CSFTGLAETQYF	1
CSSSETEGDTQYF	1
CSSTPLAGAGYTQYF	1
CSSRTIQETQYF	1
CSCWGQDGDNEQFF	1
CSCGRTDTQYF	1
CSLIPQGIGYTF	1
CSLQRDREQETQYF	1
CSLAHEQFF	1
CSLGGSSYNEQFF	1
CSLGQGQETQYF	1
CSPKGVQGADGELFF	1
CSPLRREQYF	1
CSPSTQRDRGVYGYTF	1
CSVFSQGGVNTEAFF	1
CSVLRADRGSTGELFF	1
CSVLAGLTGELFF	1
CSVLTGIHEQYF	1
CSVSGTSGATYEQYF	1
CSVSGGSDTQYF	1
CSVYSGTVYEQYF	1
CSVLPSLAYDEQFF	1
CSVLTGAQETQYF	1
CSVLRQGLDTQYF	1
CSVLSGGNEQFF	1
CSVLGRGTDTQYF	1
CSVLGEKLFF	1
CSVLTSMNTGELFF	1
CSVLLAGDAGELFF	1
CSVPLAGGSSGELFF	1
CSVPNPYQETQYF	1
CSVRGDLRYNEQFF	1
CSVRPEGSHSYEQYF	1
CSVRKGANYGYTF	1
CSVRSANEKLFF	1
CSVRREKETQYF	1
CSVRQGADTQYF	1
CSVRGRSTDTQYF	1
CSVRTGSPFSYNEQFF	1
CSVQGTGHEKLFF	1
CSVQANLGNTEAFF	1
CSVVLAPTLEGEQYF	1
CSVVSRLTAYQLQETQYF	1
CSVVLSWGRTDTQYF	1
CSVVGSGRAAETQYF	1
CSVVGRSGTQYF	1
CSVVGNFYEQYF	1
CSVVGTGIYEQFF	1
CSVVDSWYNEQFF	1
CSVVEQLNTGELFF	1
CSVVSGNTGELFF	1
CSVVFLAGSNEQFF	1
CSVVSQRTSYEQYF	1
CSVVYRELDTQYF	1
CSVVLSRGPQHF	1
CSVVAPRIPGLAGGRLGETQYF	1
CSVVGQGAWGYTF	1
CSVVGLDSYEQYF	1
CSVVGGSNEKLFF	1
CSVVGHQTRETQYF	1
CSVVIARGTEAFF	1
CSVVSGTDTQYF	1
CSVVFRASSYNEQFF	1
CSVVGGSSSYEQYF	1
CSVVGGRYNEQFF	1
CSVVGPGYPTDTQYF	1
CSVVGGPFTDTQYF	1
CSVVGAGSYNEQFF	1
CSVVTGSLSQYF	1
CSVVRTVYTDTQYF	1
CSVVYGTQYF	1
CSVVPREGATGELFF	1
CSVVPGLAVDEQFF	1
CSVVRGATGEQFF	1
CSVVGREGPRETQYF	1
CSVVGGQGINEQFF	1
CSVVTDNEQFF	1
CSVVSGSSYEQYF	1
CSVVKPGPNYEQYF	1
CSVAWPDGNTIYF	1
CSVALRGPNYGYTF	1
CSVARAGAWRETQYF	1
CSVAGRFNSYNEQFF	1
CSVAGEGTYEQYF	1
CSVAGLDEQYF	1
CSVADPGQGRNEQYF	1
CSVATAGTQNEQFF	1
CSVARTEYEQYF	1
CSVASGTPYEQYF	1
CSVAPSRGGEQYF	1
CSVAGGRADTQYF	1
CSVASSSASFDEQFF	1
CSVAGLPYNEQFF	1
CSVAGAVQETQYF	1
CSVAGAYEQYF	1
CSVAGLAGTEEQYF	1
CSVAGQGNAYGYTF	1
CSVATGEETQYF	1
CSVARQGIYNEQFF	1
CSVAWGSSYEQYF	1
CSVATPENYGYTF	1
CSVATFRGRGYEQFF	1
CSVGWSGDYQETQYF	1
CSVGGYDSYNEQFF	1
CSVGGLSYEQYF	1
CSVGDSNYGYTF	1
CSVGPWEGPLGNEQFF	1
CSVGPGGNTGELFF	1
CSVGRVSTDTQYF	1
CSVGRGLNYEQYF	1
CSVGGLREGSYNEQFF	1
CSVGRLAGGGEQYF	1
CSVGLAGGHGELFF	1
CSVGPGGARETQYF	1
CSVGPDRRNTEAFF	1
CSVGADRILNTEAFF	1
CSVGATINNEQFF	1
CSVGARPGETYEQYF	1
CSVGGGVPEAFF	1
CSVGGLAGEYEQYF	1
CSVGGGAETQYF	1
CSVGDRGDQPQHF	1
CSVGDLNGKLFF	1
CSVGDRGFPSYEQYF	1
CSVGTRGQGLSNTEAFF	1
CSVGTGANTGELFF	1
CSVGTNGETQYF	1
CSVGRGLYTDTQYF	1
CSVGQGTSGYNEQFF	1
CSVGQIRYNEQFF	1
CSVGQTREQYF	1
CSVGGLAGGSGEQYF	1
CSVGGSNYGYTF	1
CSVGGPYNEQFF	1
CSVGDRGDEQYF	1
CSVGEGSLDYGYTF	1
CSVGEGESYNEQFF	1
CSVGITDGYEQYF	1
CSVGMGSDNEQFF	1
CSVGKSGQPIYEQYF	1
CSVDFWDRGLSTDTQYF	1
CSVDSSSQETQYF	1
CSVDWDNSSGNTIYF	1
CSVDRQGGQYF	1
CSVDREGTSGTYNEQFF	1
CSVDRTTSRTQYF	1
CSVDGLAGVSSVDTQYF	1
CSVDGLAGGGSYEQYF	1
CSVDEASGRVNEQFF	1
CSVDTSRGGGEQYF	1
CSVDNGDYEQYF	1
CSVDLGGHDTQYF	1
CSVDSPGGYNEQFF	1
CSVDPWTSGTTDTQYF	1
CSVDPKWGFVDEQFF	1
CSVDPRGRPSTDTQYF	1
CSVDRGIQETQYF	1
CSVDRQEKETQYF	1
CSVDATVGNEQFF	1
CSVDGRTSGSGETQYF	1
CSVDGHHNEQFF	1
CSVDGGLYNEQFF	1
CSVDGGQGETYEQYF	1
CSVDDGTDTQYF	1
CSVDTSAQETQYF	1
CSVESIGREGEQFF	1
CSVESNSGTFYEQYF	1
CSVEYRGAYEQYF	1
CSVEPGASTDTQYF	1
CSVERDRGGNTEAFF	1
CSVERDNYEQYF	1
CSVEQSGGVRYQETQYF	1
CSVEQTGTSSTYEQYF	1
CSVEVSSYNEQFF	1
CSVEAGTRTDTQYF	1
CSVEAVSTDTQYF	1
CSVEGWMNTEAFF	1
CSVEGVVGYGYTF	1
CSVEGAGLMGSYEQYF	1
CSVEGTMNTEAFF	1
CSVEGLAGGSSYNEQFF	1
CSVEGLAGGPIYNEQFF	1
CSVEGGRGNTEAFF	1
CSVEGLQETQYF	1
CSVEGLAGETGPNGGLQETQYF	1
CSVEGQGSYNEQFF	1
CSVEDSGADEQFF	1
CSVEDRAQETQYF	1
CSVEEFGDTQYF	1
CSVEEAGLPYEQYF	1
CSVEEGDPDTQYF	1
CSVEESQGMTYNEQFF	1
CSVEIGNTIYF	1
CSVETSGSRTDTQYF	1
CSVETGAVEQFF	1
CSVETGRDTGELFF	1
CSVERGLGGIQYF	1
CSVEKFTSGPSSSYNEQFF	1
CSVEFSTGQLYEQYF	1
CSVELGVGELFF	1
CSVESLGQDSYNSPLHF	1
CSVESRQATEAFF	1
CSVESGSLHTGELFF	1
CSVELVRAEQYEQYF	1
CSVELGGGYTF	1
CSVEPRTGQETQYF	1
CSVEPGYGYTF	1
CSVEPQERTGGRGETQYF	1
CSVEPVSSYNEQFF	1
CSVERLTDYNSPLHF	1
CSVERQGNYGYTF	1
CSVEQGEETQYF	1
CSVEQGLAGLAYEQYF	1
CSVEVGGTYEQYF	1
CSVEVNRGNEQFF	1
CSVEVEGYEQYF	1
CSVEVAGGITGELFF	1
CSVEVSAVATGYTF	1
CSVEVPPGVGTGELFF	1
CSVEAVDKWTQYF	1
CSVEALQGVSGNTIYF	1
CSVEAVAGDSYNEQFF	1
CSVEARAGYEQYF	1
CSVEAGGTEAFF	1
CSVEAGAYNEQFF	1
CSVEAIAGNEQFF	1
CSVEGSPGMNTEAFF	1
CSVEGPSDYEQYF	1
CSVEGHSRDLPYEQYF	1
CSVEGGQGPQYF	1
CSVEGFVSSYNEQFF	1
CSVEGWGPGEQYF	1
CSVEGLGGGKGYNEQFF	1
CSVEGLVAGKLQYF	1
CSVEGLAAYNEQFF	1
CSVEGHVGSYNEQFF	1
CSVEGGGLYNEQFF	1
CSVEGGLADYEQYF	1
CSVEGDETSPVDEQFF	1
CSVEGDRTDTQYF	1
CSVEGTSVEDEQFF	1
CSVEGTSGSSFGTYNEQFF	1
CSVEGTAFTYNEQFF	1
CSVEGTGIYGYTF	1
CSVEGRKQLNEQFF	1
CSVEGQSSSQYF	1
CSVEDFGPGTGPEKLFF	1
CSVEDFGTSGYNEQFF	1
CSVEDFRGLANNEQFF	1
CSVEDWDRGEETQYF	1
CSVEDLRASWNEQFF	1
CSVEDLRENIQYF	1
CSVEDPSGRYYEQYF	1
CSVEDPRDRQTDTQYF	1
CSVEDPGQAPNLGAFF	1
CSVEDRAGRAFF	1
CSVEDRTAFSTEAFF	1
CSVEDHWEGTYNEQFF	1
CSVEDMGGRFYNEQFF	1
CSVEDTGGPQETQYF	1
CSVEDRRSHYNEQFF	1
CSVEDRTSGSTDTQYF	1
CSVEDKAVEPYNEQFF	1
CSVEDSGTGSYEQYF	1
CSVEDPSGRPGELFF	1
CSVEDRPEETQYF	1
CSVEDRDHYEQYF	1
CSVEDTGSPYF	1
CSVEDRGFYGYTF	1
CSVEEPSGSYNEQFF	1
CSVEERLAGGVSYEQYF	1
CSVEEGVTQETQYF	1
CSVEEDRWETQYF	1
CSVEEEASGDSSYNEQFF	1
CSVEEMMGYEQYF	1
CSVEESYETQYF	1
CSVEEPLAGRYEQYF	1
CSVEEAGASYEQYF	1
CSVEEGPYYEQYF	1
CSVEEIESTTEAFF	1
CSVEIWGRSGETQYF	1
CSVEMVGSYGYTF	1
CSVETSGRTGELFF	1
CSVETFNYGYTF	1
CSVETGEETQYF	1
CSVESATNEKLFF	1
CSVERGIGEQYF	1
CSVERRTVQYF	1
CSVERVNEQFF	1
CSVENPSGSVYEQYF	1
CSVENVLGREQFF	1
CSVENGLEAETQYF	1
CSVEKSSGMDNEQFF	1
CSVEKYRGALYEQYF	1
CSVIRSGSSYNEQFF	1
CSVMSEYYEQYF	1
CSVMPGVSQYF	1
CSVTSGTIYNEQFF	1
CSVTANLAKNIQYF	1
CSVTGTSGSRGFYNEQFF	1
CSVTGRLNTEAFF	1
CSVTGSGEQYF	1
CSVTSSGSQNEQYF	1
CSVRAGQETQYF	1
CSVRQGFSEQYF	1
CSVRTDSTDTQYF	1
CSVNRDRGYEQYF	1
CSVNRDTGELFF	1
CSVKGAGVTDTQYF	1
CSVKLQGNTGELFF	1
CSVFGTSGPLNEQFF	1
CSVLQGGAYQETQYF	1
CSVSVGLATGEQYF	1
CSVSTGGNEQFF	1
CSVSRLGTGELFF	1
CSVWGTSNTGELFF	1
CSVYGLAGANEQFF	1
CSVYDRVPLNTEAFF	1
CSVLSGGETQYF	1
CSVLGLAGSSTDTQYF	1
CSVLAGADTQYF	1
CSVLERPRYEQYF	1
CSVLFLETQYF	1
CSVLGRGRGGDTQYF	1
CSVPWGYTDTQYF	1
CSVPIREETQYF	1
CSVPAGTSYEQFF	1
CSVRESSYEQYF	1
CSVRTSGSSSYEQYF	1
CSVRTGSYEQYF	1
CSVRTGQFYEQYF	1
CSVRRFLPARAQETQYF	1
CSVHLGYEQYF	1
CSVQGFDEQYF	1
CSVVPYRVEETQYF	1
CSVAWSLGQNEQFF	1
CSVATGYRSEAFF	1
CSVAPGDYSSSYNEQFF	1
CSVAGQGMQPQHF	1
CSVAPSQETQYF	1
CSVADRGQDTQYF	1
CSVGGTSGMYEQFF	1
CSVGIYTQETQYF	1
CSVGTSGYNEQFF	1
CSVGLAEQFF	1
CSVGQGPNSPLHF	1
CSVGQGVGELFF	1
CSVDSSGNSYEQYF	1
CSVDRGTYGYTF	1
CSVEGPDTEAFF	1
CSVEGGTGELFF	1
CSVEGTGGLYEQYF	1
CSVEGTSGSYEQFF	1
CSVERGGPTQETQYF	1
CSVTGLAGGRQETQYF	1
CSVSGANKDEQYF	1
CSVRQYNEQFF	1
CSVNPQGVAEGYTF	1
CSVNTGPGELFF	1
CSVNKGDTQYF	1
CSVNAGVQGHEQYF	1
CSVKNRGRREKLFF	1
CSVLDRKTYEQYF	1
CSVLVYYGYTF	1
CSVLGDRANYGYTF	1
CSVLTSGSGETQYF	1
CSVLWTGAYEQYF	1
CSVRTVNTGELFF	1
CSVQLDPGELFF	1
CSVQGTSGGNNEQFF	1
CSVATGGHSSEQYF	1
CSVAVVRGELFF	1
CSVAGTGNEQYF	1
CSVGREIDEQFF	1
CSVGAGNQPQHF	1
CSVGDRGGPLQETQYF	1
CSVGQGITDTQYF	1
CSVGQGDQPQHF	1
CSVDPSGTDTQYF	1
CSVDREYNEQFF	1
CSVEGGGNNEQFF	1
CSVERTGGNEQFF	1
CSVERMDTQYF	1
CSVMTSGIYEQYF	1
CSVSPGQGAYEQYF	1
CSVRGTGRGDTQYF	1
CSVRTRVSNTEAFF	1
CSVRLAGRTDTQYF	1
CSVRGLAGDSRGTQYF	1
CSVLTSGSPYEQYF	1
CSVLTGDTEAFF	1
CSVPSGSTYNEQFF	1
CSVRDRGRGYGYTF	1
CSVRTDSNQPQHF	1
CSVHGQGGYEQYF	1
CSVQGSYEQYF	1
CSVQDSYEQYF	1
CSVVGLVGNEQFF	1
CSVVRTGTRTEQYF	1
CSVADRLNTGELFF	1
CSVARGSSYEQYF	1
CSVGAGGYEQYF	1
CSVGTETYNEQFF	1
CSVDRGEGTEAFF	1
CSVDRGANTGELFF	1
CSVEQSYEQYF	1
CSVEGASESYEQYF	1
CSVEGTDGYTF	1
CSVIGSTNTGELFF	1
CSVIPVEGTDTQYF	1
CSVTSGRAYNEQFF	1
CSALGTGDAYEQYF	1
CSARTMTGELFF	1
CSAGGLHTDTQYF	1
CSAGTGRGETQYF	1
CSAGQGAYNEQFF	1
CSAERGAKNIQYF	1
CSAIAGAPSYEQYF	1
CSANSQGADNEQFF	1
CSANSGQEETQYF	1
CSAKPVGRNEQYF	1
CSAFVGQVVSYEQYF	1
CSAFMGDAVYEQYF	1
CSAFRAGGGNEQFF	1
CSASGTGYGYTF	1
CSACQEGPNEKLFF	1
CSAYRDPQETQYF	1
CSALTVFPGNTIYF	1
CSALAGVDEQFF	1
CSAPAVWVDEQYF	1
CSARSGSYNEQFF	1
CSARSGYEQYF	1
CSARVRGETQYF	1
CSARGSYEQYF	1
CSARDRVYSGEQYF	1
CSARTGQGLETQYF	1
CSARTGDNQPQHF	1
CSAQRDRTYNEQFF	1
CSAQGGRNYEQYF	1
CSAQRGTGNEQFF	1
CSAADARRGTQYF	1
CSAGGESYNEQFF	1
CSAGTSSYEQYF	1
CSAGTVYGYTF	1
CSAGTATSTDTQYF	1
CSAGSYMNTEAFF	1
CSAGTYNEQFF	1
CSAGRDRYNEQFF	1
CSADLFSEQFF	1
CSADPGSDNEQFF	1
CSAEPNRGTWAFF	1
CSATRSYEQYF	1
CSATGLADSSYNEQFF	1
CSASGGEETQYF	1
CSARSTGGYEQYF	1
CSAAPGTGSDEQYF	1
CSAAEVYGYTF	1
CSADDGERRNEQFF	1
CSATDPSYEQYF	1
CSASGTDTGELFF	1
CSAYASGRKPYEQYF	1
CSAYGDFYGYTF	1
CSALGLAGGPSEQFF	1
CSAGVGGTEAFF	1
CSAGGSGGSSYEQYF	1
CSATGIYEQYF	1
CSASPRDSYEQYF	1
CSAKGGDNGEQFF	1
CSGRTSGNTDTQYF	1
CSGASLFNEQFF	1
CSGGWRGAPYNEQFF	1
CSGRGNSYEQYF	1
CSGSGPYEQYF	1
CSGLSGRKTGELFF	1
CSGLGTDNEKLFF	1
CSGLKPQADSTDTQYF	1
CSGRAPGATGELFF	1
CSGHGAEIEQFF	1
CSGGRGDTQYF	1
CSGEPRAVVHNEQFF	1
CSGRVNEQFF	1
CSGGGTYGYTF	1
CSGGGNEQFF	1
CSGDGMGLAGTNEQFF	1
CSGETGGRETQYF	1
CSGTVNEQFF	1
CSGRGGRTEAFF	1
CSGKAQYF	1
CSGYGGDEAFF	1
CSGQGLAVYNEQFF	1
CSGQGGDEKLFF	1
CSGTQGNQANTEAFF	1
CSGRGLAGTNEQFF	1
CSGKQGATQYF	1
CSDWLTSGYGYTF	1
CSEIAGGTHTQYF	1
CSIYRAGNEQFF	1
CSTPRTGYNEQFF	1
CSTLGPAEAFF	1
CRPQANTEAFF	1
CRADDYEQYF	1
CRGTSGSTDTQYF	1
CRGRKSRTYEQYF	1
CRGLGRMNTEAFF	1
CRPRSGVPRGYEQYF	1
CRDQETQYF	1
CNEMTKLSYEQYF	1
CKAGWGDEQYF	1
CASSFVKFYGYTF	3
CASSDVSGRYFF	3
CASSLDRGTSKRELFF	3
CASSLDYGYTF	3
CSARGVVGGQPQHF	3
SASSQTPQSSYEQYF	2
CASSRQGSEELFF	2
CASSLAGRETQYF	2
CAWSTGDNTEAFF	2
CAWRASGRAEEQFF	2
CAGRRETSSYNEQFF	2
CAISGWTAPLGYTF	2
CAISESETSGRAYEQYF	2
CAISESAGTSGIGNEQFF	2
CAISESKLNEQFF	2
CAISETWWSRMGEEQFF	2
CATSESSGDNEQFF	2
CATAPGNWGEAFF	2
CATGPGQMNTEAFF	2
CATDRGYNEQFF	2
CATSDFEGASYNEQFF	2
CATSDRGNEQFF	2
CATSDATSLEQFF	2
CATSDSGSFHNEQFF	2
CATSTTGTAVGETQYF	2
CATSPRDSYNEQFF	2
CATSIRRRTNTGELFF	2
CATSIGSALGGELFF	2
CATSRGLFRDRRSGNTIYF	2
CATSRDLSSGGTGELFF	2
CATSRDLGLAGSYNEQFF	2
CATSREGGAGYEKLFF	2
CATSRTRQGGDGYTF	2
CATSKTGRNYNEQFF	2
CATRGNRGRTGELFF	2
CATDTNYEQYF	2
CASAGGPTDTQYF	2
CASDIGTRSEQFF	2
CASEDPRVDEQFF	2
CASTKDRGIPTSYEQYF	2
CASSSQGAGTGELFF	2
CASSPRQGHYNEQFF	2
CASRSTGAKNQPQHF	2
CASLRTGTGTYNEQFF	2
CASSAGTGYEQYF	2
CASSPLSRVSNEQYF	2
CASSPYSRSPLHF	2
CASSPGIAGIIEQYF	2
CASSPLPDRPSGNTIYF	2
CASSPIAGIFNEQFF	2
CASSGQGTTDTQYF	2
CASLFDTGTEAFF	2
CASVKGGETGELFF	2
CASGLAGADTQYF	2
CASDRRTSYNEQFF	2
CASDDSGSEQFF	2
CASISTGTVGNTLYF	2
CASTLGTGKYEQYF	2
CASTLTGTKDTQYF	2
CASTLGFSYEQYF	2
CASTLRGAYEQYF	2
CASTPSHRGDTQYF	2
CASTPGRNLYEQYF	2
CASTRTPGTESYEQYF	2
CASTDRVGEQYF	2
CASSFGTDTQYF	2
CASSFTTRRETQYF	2
CASSLASGRGSEQFF	2
CASSLADPYEQYF	2
CASSLGETQYF	2
CASSLTSSYEQYF	2
CASSLFGQGRANEQFF	2
CASSLSSRVNGYTF	2
CASSLSGFRAFF	2
CASSLSAGGPGETQYF	2
CASSLLGRHSPLHF	2
CASSLRGYYNEQFF	2
CASSLAGADYTDTQYF	2
CASSLGGAGETQYF	2
CASSLGVLGTDTQYF	2
CASSLGYGDLYEQYF	2
CASSLRDAAYEQYF	2
CASSSISSGTQYF	2
CASSSREKLFF	2
CASSSLGTSGTHIHEQYF	2
CASSSRHYEAFF	2
CASSSGTSSYEQYF	2
CASSSGTDLNTGELFF	2
CASSSSFSGTFSYNEQFF	2
CASSSQGITEAFF	2
CASSSAGTRAGEELFF	2
CASSWATSGRANEQFF	2
CASSYWTGGYEQYF	2
CASSYSTHRGAGVRYEQYF	2
CASSYSTGGTHGELFF	2
CASSYPPKTQYF	2
CASSYGGEVYEQYF	2
CASSYDSLAASQGDTQYF	2
CASSYRENIQYF	2
CASSYRGEQYF	2
CASSLGSGAYEQYF	2
CASSLAGVYNEQFF	2
CASSPSGVWWTEAFF	2
CASSPHRDRKFNEQYF	2
CASSPRLTNTGELFF	2
CASSPGTSGRTTGELFF	2
CASSPGQVRETQYF	2
CASSPGTSGTYEQYF	2
CASSPQSGYEQYF	2
CASSPQGDYSYEQYF	2
CASSPGGPTVKQFF	2
CASSPTPGTSGYNEQFF	2
CASSQDRETQYF	2
CASSQRDNEQFF	2
CASSVRDYRTDTQYF	2
CASSVAKEQFF	2
CASSGPSGSGAGELFF	2
CASSGPEAGHTGELFF	2
CASSDSNQPQHF	2
CASSDFSGRAGAKNIQYF	2
CASSDSPLRGTEAFF	2
CASSEELAGAGEQYF	2
CASSTSALEETQYF	2
CASSRQGWSYEQYF	2
CASSFPLTSGRDITDTQYF	2
CASSFGQVATNEKLFF	2
CASSFRLPSETQYF	2
CASSFPAGELFF	2
CASSLPGGNYGYTF	2
CASSLVLAENEQFF	2
CASSLASEAQYF	2
CASSLARNRGNEQFF	2
CASSLGTSGRGYEQYF	2
CASSLGTGAYEQYF	2
CASSLGLAGVSEQFF	2
CASSLGQAGNTIYF	2
CASSLGTSPKRDEQFF	2
CASSLDGGSGFEQYF	2
CASSLERGLAGGYSYNEQFF	2
CASSLTRIQGNSPLHF	2
CASSLSLEKLFF	2
CASSLRDSSIQETQYF	2
CASSLSSGSGEQYF	2
CASSLSHSSYEQYF	2
CASSLLSGQGGELFF	2
CASSLRQSETQYF	2
CASSLVASGRPDTQYF	2
CASSLVGQKLNTEAFF	2
CASSLASGYNEQFF	2
CASSLASTSPQQFF	2
CASSLALSGLWYF	2
CASSLAGTGKEKLFF	2
CASSLARGSNTQYF	2
CASSLGGVTEQYF	2
CASSLGFNYNEQFF	2
CASSLGLAGRYNEQFF	2
CASSLGLAGTSDTQYF	2
CASSLGGTPRGEQFF	2
CASSLGRLAGLSSYNEQFF	2
CASSLDLYEQYF	2
CASSLDGWGWGYGYTF	2
CASSLDGNGYTF	2
CASSLEIPGLAAYEQYF	2
CASSLISVGSLLRNEQFF	2
CASSLTNNEQFF	2
CASSLTSNSDTQYF	2
CASSLTQGTETQYF	2
CASSLRGWSQSNGNEQFF	2
CASSLRKGRDTQYF	2
CASSLNWAGVLAYEQYF	2
CASSSRDLEQYF	2
CASSSGTGDYGYTF	2
CASSSGGLAGGLGETQYF	2
CASSSRGRMDEQYF	2
CASSSKPGQGTLLDEQFF	2
CASSSQGGPAYNEQFF	2
CASSSGGTEEKLFF	2
CASSSEAPDEQYF	2
CASSSSGGATDTQYF	2
CASSSKGGTTEGYEQYF	2
CASSSTGTEGDTQYF	2
CASSCRTDYNEQFF	2
CASSWTSDEQYF	2
CASSYPGDTDTQYF	2
CASSLSWNTGELFF	2
CASSLYGGGTPR	2
CASSLGQGATEAFF	2
CASSLEAEQFF	2
CASSLILTSDSSYNEQFF	2
CASSLTSSYNEQFF	2
CASSLGLAGDYNEQFF	2
CASSPLASSYNEQFF	2
CASSPPTAGSGYEQYF	2
CASSPRMSADTQYF	2
CASSPFHEQYF	2
CASSPLEGSGNTIYF	2
CASSPQFGEQFF	2
CASSPGTDFYEQYF	2
CASSPGWYQETQYF	2
CASSPGQGGREKLFF	2
CASSPTPGTYTEAFF	2
CASSPTGTDTQYF	2
CASSPSLHPQYF	2
CASSPGETQYF	2
CASSPEGLGVSGELFF	2
CASSPISAGETQYF	2
CASSPTGADEQFF	2
CASSPTGIAYNEQFF	2
CASSPPGLAVQETQYF	2
CASSPRTSGRRNEQFF	2
CASSPGGTEAFF	2
CASSPGTAQYEQYF	2
CASSPTDTQYF	2
CASSRRQGGTEAFF	2
CASSRDLPINQPQHF	2
CASSRLTDRSYEQYF	2
CASSRPGQGTGELFF	2
CASSRQGYEQYF	2
CASSRQTTNEKLFF	2
CASSRAGGSSYNEQFF	2
CASSHLTDTQYF	2
CASSQGTTRSYNEQFF	2
CASSQGLAGNNEQFF	2
CASSQDRDNEQFF	2
CASSQSSLIRMGVAKNIQYF	2
CASSQVGLDQETQYF	2
CASSQVGGQETQYF	2
CASSQVGSSYEQYF	2
CASSQAHLNTGELFF	2
CASSQAGEQYF	2
CASSQEGDTDTQYF	2
CASSQELAGGMGTDTQYF	2
CASSQEGQYF	2
CASSQNVRTALDGETQYF	2
CASSVGGGGGYEQYF	2
CASSVGTSGQETQYF	2
CASSVPGQGAAEQYF	2
CASSVAGGTGRELFF	2
CASSVSGHQGSYNEQFF	2
CASSVWARASYEQYF	2
CASSVVGRSDEQYF	2
CASSVAVTGYEQYF	2
CASSVGSGKTNEQFF	2
CASSANSGGNSPLHF	2
CASSARGENTGELFF	2
CASSAGPRGQLFF	2
CASSATGSDEQYF	2
CASSAQGHTEAFF	2
CASSGGTSGNNEQFF	2
CASSGRLGHTGELFF	2
CASSGGLSYEQYF	2
CASSGGRGSTDTQYF	2
CASSIQGGLREEKLFF	2
CASSTEYGYTF	2
CASSTGGQPNYEQYF	2
CASSNWVGVYEQYF	2
CASSKPRGSDEQFF	2
CASSKGDPGTGANVLTF	2
CASSKLPPSTDTQYF	2
CASRRPQETQYF	2
CASRQRGGNQPQHF	2
CASRGTDTQYF	2
CASRGREQFF	2
CASRGDHHEQYF	2
CASRTGTTYEQYF	2
CASRTAGYYGYTF	2
CASRTTGRTQYF	2
CASRFSGSSYNEQFF	2
CASRLGPAGDTIYF	2
CASRPGLAGLPLLDTQYF	2
CASRRPDPYNEQFF	2
CASRQDREYGYTF	2
CASRGSLAIHEQFF	2
CASRTGQYYNSPLHF	2
CASNYIAGLATNEQFF	2
CASNRDSPGNEQFF	2
CASNTPGQGYEQYF	2
CASNSKSPGDSNQPQHF	2
CASNPGEGYQPQHF	2
CASNRRGADTQYF	2
CASKLDWTDTQYF	2
CASKMGQTFYNEQFF	2
CASTPTSLNTEAFF	2
CASSRTGSGANVLTF	2
CASSFQYRGLGADTQYF	2
CASSFDGGSSYTF	2
CASSLSSVDTQYF	2
CASSLYSYEQYF	2
CASSLVANSYNEQFF	2
CASSLVGGYEQYF	2
CASSLVAGLAYEQYF	2
CASSLAGTTEETQYF	2
CASSLGTSEDTQYF	2
CASSLGLEYNEQFF	2
CASSLDSGTGDPSYNEQFF	2
CASSLELEQVQETQYF	2
CASSLEGYEQYF	2
CASSLITSFIYGQGVVSEQYF	2
CASSLRASGTNEQYF	2
CASSLSGGDGANVLTF	2
CASSLWTGTNTGELFF	2
CASSSLEAQSYNEQFF	2
CASSSPYNEQFF	2
CASSSGGYNEQFF	2
CASSYSGSPGVDTQYF	2
CASSLGTGSAGELFF	2
CASSLGTTPTYEQYF	2
CASSLHLGGSTEAFF	2
CASSLGLAGTRQFF	2
CASSPGTPRPNEQFF	2
CASSPRTSDTDTQYF	2
CASSPGQGPSYEQYF	2
CASSPWTGNSGANVLTF	2
CASSRIADTDTQYF	2
CASSRGQGAYEQYF	2
CASSRDRHYEQYF	2
CASSHLAGWRDTQYF	2
CASSQYLGGYEQYF	2
CASSQQPVGLAGAYEQYF	2
CASSQEDGPSYEQYF	2
CASSQVSGGSYEQYF	2
CASSQGGGAENRQPQHF	2
CASSQGRGRADTQYF	2
CASSQDLYRSDDQIYEQYF	2
CASSQDEADLAKNIQYF	2
CASSQDTPSGMVTGELFF	2
CASSQDKSQSYEQYF	2
CASSQESGGDYNEQFF	2
CASSQETTRRRGELFF	2
CASSQETRTDTQYF	2
CASSARDSGTDTQYF	2
CASSDRDSYEQYF	2
CASSERRSSYNEQFF	2
CASRPDGGRTLTDTQYF	2
CASRTEGADTQYF	2
CASRPGLAGIQETQYF	2
CASRPLAPSSYEQYF	2
CASRQDRGLNYGYTF	2
CASRISGELFF	2
CASKTSSNSYEQYF	2
CSPLAEWGTDTQYF	2
CSPGGGTGRNEQYF	2
CSVYPSRGSGEETQYF	2
CSALGTYTDTQYF	2
CSAPGPRREVYF	2
CSAPSGRVETQYF	2
CSAPREGRHNEQFF	2
CSARDQRMKETQYF	2
CSAHMTAGTQYF	2
CSAQRGDSQKIQETQYF	2
CSAQKTVYYEQYF	2
CSAAHRSHYEQYF	2
CSAGQGVDTGELFF	2
CSAIRLGANTGELFF	2
CSAISGTSTDTQYF	2
CSASQSFRYEQYF	2
CSASGRGSYEQYF	2
CSASTSSYEQYF	2
CSARATISYEQYF	2
CSARDATGYQETQYF	2
CSARDDTQYF	2
CSARSSERGIRNEQFF	2
CSARWDGGGGYTF	2
CSARLANEQFF	2
CSARVLPAYEQYF	2
CSARVLAGEQYF	2
CSARAKGSSYEQYF	2
CSARARDSPYNEQFF	2
CSARADGTQETQYF	2
CSARGGGRGDIQYF	2
CSARGDRVGGELFF	2
CSARGQGEQPQHF	2
CSARDWLGRETQYF	2
CSARDPTLSYNEQFF	2
CSARDRGNEQFF	2
CSARDVFIGNEQFF	2
CSARDAGDSTDTQYF	2
CSARDSTSGTYEQYF	2
CSARELAGHNEQFF	2
CSARERRHSTDTQYF	2
CSAREARGYTDTQYF	2
CSARKFGDGHQPQHF	2
CSAKGVSYNSPLHF	2
CSASTGTWEKLFF	2
CSASPGLAVGELFF	2
CSAPGLAEPYEQYF	2
CSADPAGRTDTQYF	2
CSATGTSSFYEQYF	2
CSARLAGDNEQFF	2
CSARTESSYNSPLHF	2
CSAPLLAEGVSSYNEQFF	2
CSGSSGSTNEQFF	2
CSQTGQTSREQYF	2
CSVSQLGQGLYEQYF	2
CSVRGQGGETQYF	2
CSVRSGRAQLAETQYF	2
CSVVSREGNNEQFF	2
CSVVSRGYYGYTF	2
CSVVPASGGTDTQYF	2
CSVALDRDEQYF	2
CSVAGGRAGDTQYF	2
CSVGPGRADTQYF	2
CSVDTLVGPQETQYF	2
CSVEYGRETQYF	2
CSVEVGNPLTDTQYF	2
CSVEASGPTDTQYF	2
CSVEDRRSYEQYF	2
CSVEDREGTDTQYF	2
CSVEMRGFTDTQYF	2
CSVTLGGDEQYF	2
CSVRGPYEQYF	2
CSVSGQGIEQFF	2
CSVEAFF	2
CSAIWYRDDQETQYF	2
CSTTAGVVTDTQYF	2
CRLRGSNEQFF	2
YASSSEGGLAKNIQYF	2
FPDQRSYNEQFF	1
LQAPYEQYF	1
CFKQNTDTQYF	1
CSSSVGVGNEQFF	1
CCPPGTASSYEQYF	1
CLWAYNQPQHF	1
CPSSRQGSYNEQFF	1
CPSSLGTSGSIKNIQYF	1
CVRILGNQPQHF	1
CVSSRGTDTQYF	1
CVSAGPADYEQYF	1
CASGGPSTDTQYF	1
CAYNLADTQYF	1
CAIARDGDQPQHF	1
CATKPGQGYNEQFF	1
CASANRGTDTQYF	1
CASGFSAGVQFF	1
CASGFLTGGLSNQPQHF	1
CASGLSFGQGDFGTQYF	1
CASGLSQGEETQYF	1
CASGLVDRAQETQYF	1
CASGLVNNSNQPQHF	1
CASGLVRRAPGLVGEQFF	1
CASGLVGLAGGRTYNEQFF	1
CASGLVNGEQFF	1
CASGLEVGRDFYTGELFF	1
CASGLTSGEQFF	1
CASGLTLAGGRYDTGELFF	1
CASGLTIGSVNTEAFF	1
CASGLNTGELFF	1
CASGSSSGSYNEQFF	1
CASGSGHGEAGELFF	1
CASGLGTEQETQYF	1
CASGPSTDTQYF	1
CASGHTGSYNNEQFF	1
CASGGQGRGGETQYF	1
CASGLSGSGDTQYF	1
CASGPTRFREDQPQHF	1
CASGPWTGFYEQFF	1
CASGPPLTRAQIF	1
CASGPGGTEAFF	1
CASFQSLLLAGVGNEQFF	1
CASSLSGQVQETQYF	1
CASSLVGQGEQYF	1
CASSLAGSQETQYF	1
CASSLAPRGRTGELFF	1
CASSLAVGYEQYF	1
CASSLAGRNEQFF	1
CASSLAVLAGVVREQFF	1
CASSLGVPGELFF	1
CASSLGLAGDPLQETQYF	1
CASSLDLSGSYEQYF	1
CASSLDAGELFF	1
CASSLNIGSTDTQYF	1
CASSSGLAGLNEQFF	1
CASSSKLAGEWETQYF	1
CASSLGTAYEQYF	1
CASSPLRGQPSETQYF	1
CASSPGRGAYNEQFF	1
CASSPGTGSYEQYF	1
CASSPVADQETQYF	1
CASSPRGPPTRVEQYF	1
CASSRRPGDTQYF	1
CASSRGTANTGELFF	1
CASSRTSGTTDTQYF	1
CASSISSGTSAHQETQYF	1
CASSTRTGVYGYTF	1
CASSKGLAGVYEQYF	1
CAFTGAGAPFDEQFF	1
CALQNGDRVAGELFF	1
CALDISSYNEQFF	1
CALDRDGHLDGYTF	1
CASSPSGANVLTF	1
CASRKNNEQFF	1
CASRRLAGADEQYF	1
CASLPGHLRGYTF	1
CASPTGTSGSSKNEQFF	1
CASRTGSREKLFF	1
CASRGGIYQETQYF	1
CASQGGSVARSTDTQYF	1
CASESYLRGQNTEAFF	1
CASSPGGDEQFF	1
CASGGGSYNEQFF	1
CASESLASNEQFF	1
CACYSTGVQETQYF	1
CACSERETPNYEQYF	1
CACSDFLTEAFF	1
CAWSGTGGPDTQYF	1
CAWCRRQAATNEKLFF	1
CAWQGRVEADTQYF	1
CAWGIRGGDTQYF	1
CAWGTGWGGYTF	1
CAWIGLAGGETQYF	1
CAWTQGGDTEAFF	1
CAWTANSNQPQHF	1
CAWSSGGSYEQYF	1
CAWSWAGGQPQHF	1
CAWSLGQGDEKLFF	1
CAWSPPGLVGNEQFF	1
CAWSPLAGDPYNEQFF	1
CAWSPGGGQPQHF	1
CAWSRTDSYQPQHF	1
CAWSHPRQGSAEAFF	1
CAWSHGGSMNTEAFF	1
CAWSVSRPGDTQYF	1
CAWSVPPTGRYGYTF	1
CAWSVVDSLHGYTF	1
CAWSVRGLRLGAFF	1
CAWSVGQSTDTQYF	1
CAWSVGAGAGNTIYF	1
CAWSVRLAGEGPYF	1
CAWSVNGNYEQYF	1
CAWSVLGTRHEQYF	1
CAWSVPPGQGFYNYGYTF	1
CAWSVRHGDTEAFF	1
CAWSVGRLGTEAFF	1
CAWSVGTGSQPQHF	1
CAWSVNFWEPRDTEAFF	1
CAWSVNGINEQFF	1
CAWSASGATEAFF	1
CAWSAPFRGSNQPQHF	1
CAWSAWETSGTDTQYF	1
CAWSGYTATEQYF	1
CAWSGAVISGELFF	1
CAWSDRPPTNYGYTF	1
CAWSDGTGVAFF	1
CAWSETGVSPLHF	1
CAWSEGTQQPQHF	1
CAWSIGRGGYTF	1
CAWSSGDNEQFF	1
CAWSKTPGNTIYF	1
CAWSFKPRTGEKGYTF	1
CAWSLHRGGNEKLFF	1
CAWSVPDRGLRQYF	1
CAWSDLGTGYSYEQYF	1
CAWSIGRRYGYTF	1
CAWSTSWDVAKLFF	1
CAWRATGNYWGYTF	1
CAWRGANSPLHF	1
CAWREGLAGGRSSYNEQFF	1
CAWRTTDRATNEKLFF	1
CAWRKELTPNTEAFF	1
CAWRLSGSYEQYF	1
CAWRVPGTGVTPLHF	1
CAWRAGTGTYQPQHF	1
CAWRDKSGRSPYEQYF	1
CAWNYGTPRGEQYF	1
CAWNRETEAFF	1
CAWNILENTEAFF	1
CAWNIRGPHEQFF	1
CAWKGRKLHF	1
CAWKSGAGKDTQYF	1
CALSSKGTGIYNEQFF	1
CALGGTDTQYF	1
CAPRTLDYNEQFF	1
CAPGGDHTDTQYF	1
CARSPTGTSTDTQYF	1
CARQGKNTDTQYF	1
CAHIARDYRTDTQYF	1
CAQGPIKPNQPQHF	1
CAQGRTSTDTQYF	1
CAVVSNNEQFF	1
CAVAQGQGLYGYTF	1
CAVQGAEDTEAFF	1
CAVDNEQFF	1
CAVEDYFGEQFF	1
CAVRGRFALTGELFF	1
CAVGGGQPEDEQFF	1
CAAYRVNTGELFF	1
CAAREGLGGYTF	1
CAARDRAKNIQYF	1
CAAGLTGRETQYF	1
CAAGRGPTGDGYTF	1
CAGHRTSGGELFF	1
CAGGLKNEQFF	1
CAGRDVRDNEQFF	1
CAGRDSYEQFF	1
CAGGTGIEQYF	1
CAGTRPGSDTQYF	1
CAGSDSLNEKLFF	1
CAGREWGSYEQYF	1
CAGQGEDYEQYF	1
CAGGADSGFQETQYF	1
CADTGGLTDTQYF	1
CAEQYF	1
CAISNGQGNTEAFF	1
CAILATSGRAGNEQFF	1
CAIATTGLALNEQFF	1
CAIARGPGYEQYF	1
CAIAQGDTQYF	1
CAITLGEQFF	1
CAITGTSGRGEQFF	1
CAISSYNEQFF	1
CAISLGLAGADTQYF	1
CAISGYQETQYF	1
CAIWDSSYNEQFF	1
CAIYHGNEQFF	1
CAIPSEDYEQYF	1
CAIPDPPGEKLFF	1
CAIRGLAESETQYF	1
CAIAQGLTPYEQYF	1
CAIAPGHSLNTQYF	1
CAIAGQGSYEQYF	1
CAIGYSNQPQHF	1
CAIGLAGVETQYF	1
CAIGASGSYNEQFF	1
CAIGARATGIYEQYF	1
CAIGDYAAKFF	1
CAIGRGGDTEAFF	1
CAIGLAVSYEQYF	1
CAIGQGYQETQYF	1
CAIGGNSFEQFF	1
CAIESAGSSYNEQFF	1
CAIETGPYEQYF	1
CAIMAGQGADTQYF	1
CAITPRGDRETQYF	1
CAITRQLEGEAFF	1
CAITAGAGETQYF	1
CAITGTVNQPQHF	1
CAITGGTSGSISYEQYF	1
CAITGTSGGEQYF	1
CAITGNTGELFF	1
CAISLAGELNEQYF	1
CAISSSGSETQYF	1
CAISSYGQGGSPLHF	1
CAISSETTDTQYF	1
CAISSTGKDTQYF	1
CAISYPGQGLYEQYF	1
CAISLAGNSYEQYF	1
CAISLRGQDEAFF	1
CAISPGTSGRARETQYF	1
CAISPAVGETQYF	1
CAISPGLAGEKTGELFF	1
CAISRLAGDEQFF	1
CAISQGVFPDTQYF	1
CAISVGQGYEQYF	1
CAISVQGAAYEQYF	1
CAISASSETQYF	1
CAISASGLAGRYEQYF	1
CAISALWERGLTGELFF	1
CAISAPGTGSYEQYF	1
CAISARKDTDTQYF	1
CAISAQQAGELFF	1
CAISAQGASGNQPQHF	1
CAISAGQGGETQYF	1
CAISGSGKETQYF	1
CAISGGSSTDTQYF	1
CAISGSTGLPKETQYF	1
CAISGPGTSREEQYF	1
CAISGPKGFYEQYF	1
CAISGAEVETQYF	1
CAISGAKSSYEQYF	1
CAISGGTGRDEQFF	1
CAISGTPGQGDYEQYF	1
CAISGTSGRAFGNEQFF	1
CAISGTNSGNTIYF	1
CAISGQGYEQYF	1
CAISGGQGGTDTQYF	1
CAISGGDRLYEQYF	1
CAISDLLADTQYF	1
CAISDSPAPYEQYF	1
CAISDSGTGKAYEQYF	1
CAISDPREGREEAFF	1
CAISDGQGAISQPQHF	1
CAISDGEANTGELFF	1
CAISDGTSLYEQYF	1
CAISDENTEAFF	1
CAISDSGPIMNTEAFF	1
CAISDLPNYGYTF	1
CAISDLHGSTDTQYF	1
CAISDPGTSGGVMGEQFF	1
CAISDPGSYEQYF	1
CAISDPGQVYEQYF	1
CAISDQSYEQYF	1
CAISDQRESGETQYF	1
CAISDGTSTDTQYF	1
CAISDGTAYEQYF	1
CAISEFVVLNYGYTF	1
CAISEFAGTNSPLHF	1
CAISEFRQGSTDTQYF	1
CAISELASSGELFF	1
CAISELGLAGYNEQFF	1
CAISESLYEQYF	1
CAISESSNQPQHF	1
CAISESQAPNEKLFF	1
CAISESQMRDKNIQYF	1
CAISESGENRDTQYF	1
CAISESETSGYNEQFF	1
CAISESSYEQFF	1
CAISESNWDRLYF	1
CAISESPNGGSSYEQYF	1
CAISESRDSYTGELFF	1
CAISESQGGPGEQYF	1
CAISESGSLAYEQYF	1
CAISESGTGGTDTQYF	1
CAISESSGTFLREQYF	1
CAISESLAFTYEQYF	1
CAISESPSGNNEQFF	1
CAISESPLAGNTDTQYF	1
CAISESAYEQYF	1
CAISESAALSSYNSPLHF	1
CAISESGTYYGYTF	1
CAISESGNEQFF	1
CAISESGDVQPQHF	1
CAISESERHEQYF	1
CAISESITGHIVYEQYF	1
CAISESTRAETQYF	1
CAISESTGGGQPQHF	1
CAISESRGYQNTQYF	1
CAISESGVNEQFF	1
CAISESDGRTDTQYF	1
CAISESDTQYF	1
CAISESTSGASTDTQYF	1
CAISEWGEAFF	1
CAISEWDKEGYEQYF	1
CAISEYATSGSRWEQFF	1
CAISELGQGETGELFF	1
CAISEPSWTNEQFF	1
CAISEPEQAYEQYF	1
CAISEPGLADTQYF	1
CAISEVGNTIYF	1
CAISEVYNEQFF	1
CAISEAPDSQETQYF	1
CAISEAGSGWNEQFF	1
CAISEGSGAYEQYF	1
CAISEGAYEQYF	1
CAISEGANSPLHF	1
CAISEGDFSTSTDTQYF	1
CAISEGLAGGDDEQYF	1
CAISEEQGERNEQYF	1
CAISEEAHRDQYF	1
CAISEEGMTQYF	1
CAISEEGVGPNTEAFF	1
CAISEEGGNTQYF	1
CAISEEQGGQPQHF	1
CAISEMVAQETQYF	1
CAISEIGLVLADTQYF	1
CAISETSRGPWGEQYF	1
CAISESVGQETQYF	1
CAISERDTEAFF	1
CAISEREASGSYEQYF	1
CAISERTSGTYEQYF	1
CAISENADTQYF	1
CAISESSLDYEQYF	1
CAISESRVFADTQYF	1
CAISESVEGSYEQYF	1
CAISEYGSKPGELFF	1
CAISEPGWTSGRSYNEQFF	1
CAISEPKGPYNEQFF	1
CAISEPGRVNTEAFF	1
CAISEATPSQETQYF	1
CAISEGLAGGYEQYF	1
CAISEETSGSSYNEQFF	1
CAISEMDRGLYNEQFF	1
CAISERGRGNTIYF	1
CAISERGADYNEQFF	1
CAISENIAGGPFEQYF	1
CAISTLVAGDYNEQFF	1
CAISRTSVNTGELFF	1
CAISRQGDWHF	1
CAISKGQSSYEQYF	1
CAISLGQGVENIQYF	1
CAISYPTSGNPDTQYF	1
CAISPQGYEQYF	1
CAISPGPREQFF	1
CAISRDPFRGDTQYF	1
CAISQPGQANEQYF	1
CAISGTSGAYEQYF	1
CAISGTSGSVVDEQFF	1
CAISNFGGLETQYF	1
CAIRSERESYNEQFF	1
CAIRPGGDYGYTF	1
CAIRPGLTDGEQFF	1
CAIRRELTEQFF	1
CAIRGLEGTEAFF	1
CAIRGLASTDTQYF	1
CAIRGGENTGELFF	1
CAIRTSGQETQYF	1
CAIRTGSYEQYF	1
CAIRTTIGAPDGQYF	1
CAIRKGGENEETQYF	1
CAIRPSGYNEQFF	1
CAIRGQGHTDTQYF	1
CAIRDSGTGATGELFF	1
CAIREASGRLDNEQFF	1
CAINERESSYEQYF	1
CAINPSGSVTDTQYF	1
CAIKSRSNEQYF	1
CAIKGARQETQYF	1
CAIKNPGTSSYEQYF	1
CAIKYAPGTGELFF	1
CAIKPTGANTEAFF	1
CAIKDSAPSYEQYF	1
CAISPTGLGNIQYF	1
CAISTPGTWRGRDNEQFF	1
CAILRGTEAFF	1
CAIGQEITDTQYF	1
CAISKGARWTDTQYF	1
CATSWPGGYNEQFF	1
CATSPVNTGELFF	1
CATWGGRYNQPQHF	1
CATYGIAGGMDTQYF	1
CATHATVADEQYF	1
CATQTSGSNEQFF	1
CATVGDSYEQYF	1
CATVAGGADTQYF	1
CATAETTQREVLLSEQYF	1
CATAKGTGSSYEQYF	1
CATGTSEAGELFF	1
CATMNRDRGLEDTQYF	1
CATTRTEPSTDTQYF	1
CATTPGQGYYEQYF	1
CATRGSAGGYDTQYF	1
CATRLAGGPSNEQFF	1
CATRQTSGCSGELFF	1
CATNHPGGPTDTQYF	1
CATKDVMNGNTIYF	1
CATKDRAYEDTEAFF	1
CATFGTSGPLDEQFF	1
CATFGGGHNEQFF	1
CATLHSGNSYNEQFF	1
CATLGLNSYNEQFF	1
CATLTGETQYF	1
CATSSGTIYEQYF	1
CATSPGGSSYEQYF	1
CATSHPGGETQYF	1
CATSASGPGGEQYF	1
CATSGTENQPQHF	1
CATSYSSGPSYEQYF	1
CATSTHRGRSYNEQFF	1
CATSTDNQPQHF	1
CATSRDFSGRSSYNEQFF	1
CATSGGWAYEQYF	1
CATSDWGGPETQYF	1
CATSESGAKNIQYF	1
CATSSKGLPLAKNIQYF	1
CATSNRGLNEQFF	1
CATCLDEYQPQHF	1
CATWDRGAYEQYF	1
CATWTSGSNEQFF	1
CATLGWNTEAFF	1
CATLGLAANNEQFF	1
CATLDRKNQPQHF	1
CATPPGTFTYEQYF	1
CATPGRGLTGELFF	1
CATRSGATIYEQYF	1
CATRLAGGPLDTQYF	1
CATRYSSNEQFF	1
CATRLAGAGEQYF	1
CATRGLSYEQYF	1
CATRDPMAGELFF	1
CATRDRVATDTQYF	1
CATRDRVTDTQYF	1
CATRWGRGDYF	1
CATRLSGGEQYF	1
CATRGDSEKLFF	1
CATHSGLSVSGELFF	1
CATHRAGGLHEQYF	1
CATQLSGYEQYF	1
CATQGGGTYEQYF	1
CATQQTGVDSPLHF	1
CATQIFGSYEQYF	1
CATQSGQGYEQYF	1
CATVDRETQYF	1
CATAPVGSYNEQFF	1
CATAVYTDTQYF	1
CATAPGSGREETQYF	1
CATAALAGTYNEQFF	1
CATAADTQYF	1
CATAGTSGYNEQFF	1
CATAAGGINTGELFF	1
CATGVWGTDTQYF	1
CATGATSNTGELFF	1
CATGAHAYEQYF	1
CATGGSGNTIYF	1
CATGGASTEAFF	1
CATGDSPHGEQYF	1
CATGTAENSPLHF	1
CATGTALSYEQYF	1
CATGSSGVLQETQYF	1
CATGALAGGNEQYF	1
CATGGTSETQYF	1
CATGDRSHEQYF	1
CATDGLSGIDEQYF	1
CATEDRGYNEQFF	1
CATMLGTEAFF	1
CATMGVAKNIQYF	1
CATMGLSNEQFF	1
CATMGLPETQYF	1
CATIQGDEQYF	1
CATTSGASYEQYF	1
CATTPSWGTDTQYF	1
CATTEGRAGNSPLHF	1
CATTRSGTTAGNTIYF	1
CATTNGGGTVTEKLFF	1
CATTSGGYEQYF	1
CATTRGAADTQYF	1
CATTKGGTNTGELFF	1
CATTSGTGNTIYF	1
CATTGSYQPQHF	1
CATSFTGRGTDTQYF	1
CATSLGGDTDTQYF	1
CATSSHPGESETQYF	1
CATSSLINSYEQYF	1
CATSSGAGELFF	1
CATSSNRGFTGELFF	1
CATSSDSYTDTQYF	1
CATSYSTGAQETQYF	1
CATSYPGAEMFF	1
CATSYTGLAGNEQFF	1
CATSLQDTQYF	1
CATSPTRQITGELFF	1
CATSPSGVGYEQYF	1
CATSPSGVETQYF	1
CATSPPPAGEGADTQYF	1
CATSRTGEWETQYF	1
CATSRGSSYNEQFF	1
CATSHGKLGTSGTNPKETQYF	1
CATSQQGAADQYF	1
CATSQGGGEQYF	1
CATSVTGNYLEDTQYF	1
CATSVTGLGGYEQFF	1
CATSVSDGDEQFF	1
CATSVQALDTQYF	1
CATSVGKEQFF	1
CATSVLPRSDTQYF	1
CATSVGARDTQYF	1
CATSASLLEEGEYKNEQFF	1
CATSAPGEAEGETQYF	1
CATSALGGLENEQFF	1
CATSAPKQGHQPQHF	1
CATSAPTGAQETQYF	1
CATSAQGQGGSYEQYF	1
CATSAVQGLPSYEQYF	1
CATSADVLGEQYF	1
CATSAIDSFGGDEQFF	1
CATSANRGQEQETQYF	1
CATSAGDRSQPQHF	1
CATSAGGVASNEQFF	1
CATSADSYNEQFF	1
CATSGSSGSRNEQFF	1
CATSGPDREKGRWRNNEQFF	1
CATSGRRGDRITTDTQYF	1
CATSGTGESYEQYF	1
CATSGSSWETQYF	1
CATSGYRTGEDEQFF	1
CATSGLAGEQFF	1
CATSGRSSDEQFF	1
CATSGGTGLNTDTQYF	1
CATSGETGTGQFF	1
CATSGSTGVVQPQHF	1
CATSGETSGMGNAF	1
CATSGTLIQETQYF	1
CATSGTADNEQFF	1
CATSGTGNTEAFF	1
CATSGSSGTSGSHEQFF	1
CATSGQDSNQPQHF	1
CATSGKTGTGAPEQYF	1
CATSDFLHFSNQPQHF	1
CATSDFSASGSEETQYF	1
CATSDFLAVAYEQYF	1
CATSDFAGLGETQYF	1
CATSDFGQLGDEQYF	1
CATSDFGDEQYF	1
CATSDFTLETQYF	1
CATSDFRSRTDTQYF	1
CATSDFKQGRTEAFF	1
CATSDFKTTSVDTQYF	1
CATSDFLGTEQYF	1
CATSDFLAGGPGTDTQYF	1
CATSDFRGRGYNEQFF	1
CATSDLLGNTGELFF	1
CATSDLLSGSADTQYF	1
CATSDLPLQLDGTLTNTITGELFF	1
CATSDLPGTGRPYNEQFF	1
CATSDLREGKRADTQYF	1
CATSDLRLGAYNEQFF	1
CATSDLHSGGRETQYF	1
CATSDLQPSSYNEQFF	1
CATSDLARSAKPGELFF	1
CATSDLGGGDDTYNEQFF	1
CATSDLGQGNEQFF	1
CATSDLEGGPAGTQYF	1
CATSDLTAEETQYF	1
CATSDLRDNEQFF	1
CATSDLNRDSTDTQYF	1
CATSDLLAGPPAQYF	1
CATSDLRGNTIYF	1
CATSDLQGGYNEQFF	1
CATSDLASGLTNEQFF	1
CATSDLAGAGETQYF	1
CATSDLAGGTLEEQFF	1
CATSDLGGFPYNEQFF	1
CATSDLSGDYNEQFF	1
CATSDLSRQLYEQYF	1
CATSDSQGLGTGELFF	1
CATSDSTGDEQFF	1
CATSDSRVRQPQHF	1
CATSDSSTGSYEQYF	1
CATSDSPAKTGGSETQYF	1
CATSDSRGSRYEQYF	1
CATSDSRAGGNEQFF	1
CATSDSRERGELFF	1
CATSDSQGDQPQHF	1
CATSDSDSSYEQYF	1
CATSDSEREQFF	1
CATSDSRQGGLNTEAFF	1
CATSDSVGEINEQFF	1
CATSDSGAAGQREQYF	1
CATSDSRINTQYF	1
CATSDSKYGTSGSSGDTQYF	1
CATSDSLAYDWETQYF	1
CATSDSAPTSGSSYNEQFF	1
CATSDSGEARYGYTF	1
CATSDWGLAGGPIRQFF	1
CATSDWTSQSYNEQFF	1
CATSDWTGDEAGKNIQYF	1
CATSDWTEGQETQYF	1
CATSDYGGDTDTQYF	1
CATSDYDRAGTGELFF	1
CATSDYGSQDETQYF	1
CATSDLRAGETQYF	1
CATSDLAGPTGELFF	1
CATSDPATTSYEQYF	1
CATSDPGAGQETQYF	1
CATSDPSTEQETQYF	1
CATSDPLGEFGEKLFF	1
CATSDPLHEQFF	1
CATSDPPSGTSSYEQYF	1
CATSDPRGAGETQYF	1
CATSDPQDRIGNEQFF	1
CATSDPAGPKNIQYF	1
CATSDPGTGDYEQYF	1
CATSDPTSELFF	1
CATSDPRRGLTSTDTQYF	1
CATSDPKPTSGMVNEQFF	1
CATSDPSGAETTKNIQYF	1
CATSDPPQGPHEQYF	1
CATSDPAMTGGSTDTQYF	1
CATSDPGLAGALGNEQFF	1
CATSDPGLGQDTQYF	1
CATSDPGPPNTGELFF	1
CATSDPGQGAGEQFF	1
CATSDPLRDRYQETQYF	1
CATSDPTRPQETQYF	1
CATSDPTGGWGTDTQYF	1
CATSDPSGLSTDTQYF	1
CATSDRNRDTGELFF	1
CATSDRTSGTNEQFF	1
CATSDRTGGASGTQYF	1
CATSDRRQKPLYEQYF	1
CATSDRQASGLAKNIQYF	1
CATSDRKGSYNEQFF	1
CATSDQGTSGELFF	1
CATSDVDGKETQYF	1
CATSDVQGAGETQYF	1
CATSDAGTSGYEQYF	1
CATSDAGTGDTEAFF	1
CATSDAQGGVNEQFF	1
CATSDATGLSYNEQFF	1
CATSDATGGPLYNEQFF	1
CATSDGFMDNEQFF	1
CATSDGGTTNRGEQFF	1
CATSDGGTSGSDEQFF	1
CATSDGTSHQPQHF	1
CATSDGLAGANEQFF	1
CATSDGRRDRADTQYF	1
CATSDDREDYETQYF	1
CATSDETSGRMHEQFF	1
CATSDETASGITDTQYF	1
CATSDISGSSTDTQYF	1
CATSDMRLGATGELFF	1
CATSDTTLAGGRTDTQYF	1
CATSDTRTISYNEQFF	1
CATSDTGTGAYNEQFF	1
CATSDTRQGKNIQYF	1
CATSDTMSRNTYNEQFF	1
CATSDRLAGGRNEQFF	1
CATSDNDRVPDTQYF	1
CATSDFQGQQETQYF	1
CATSDSSRENTGELFF	1
CATSDSRQGGYNEQFF	1
CATSDSGQGWNIQYF	1
CATSDWTADSNQPQHF	1
CATSDLGTGFDNEQFF	1
CATSDLDSPEVETQYF	1
CATSDLAGAGNEQFF	1
CATSDLDSNQPQHF	1
CATSDPSRGGYNEQFF	1
CATSDPLSSGRNTDTQYF	1
CATSDPSGSPQETQYF	1
CATSDPRGQGRNEQFF	1
CATSDPRTSGNEQYF	1
CATSDPGGHVLAGPHEQFF	1
CATSDPGGPQDTQYF	1
CATSDPTTGEGKLFF	1
CATSDPTSDQETQYF	1
CATSDPTRGNEQFF	1
CATSDPPSDTQYF	1
CATSDPRHPQETQYF	1
CATSDHREQDTGELFF	1
CATSDQDLAGGPRQYF	1
CATSDAGTTHEQYF	1
CATSDATSANTGELFF	1
CATSDAQTGSMYF	1
CATSDGYKRTGELFF	1
CATSDGLRGEQPQHF	1
CATSDGTDSYNEQFF	1
CATSDGPSADTQYF	1
CATSDIQNREGTEAFF	1
CATSDTTSGKETQYF	1
CATSDTTVGETQYF	1
CATSDRAITDTQYF	1
CATSDNSFGVENTGELFF	1
CATSELGTGANEQFF	1
CATSESGTSGSSDTQYF	1
CATSEQTSGSSNEQFF	1
CATSEALAGEDEQFF	1
CATSEGPPAYNEQFF	1
CATSEGSRDPKNSPLHF	1
CATSEGGQAITYEQYF	1
CATSEGTGKGRETQYF	1
CATSEGTDEAFF	1
CATSEGQGFPDTQYF	1
CATSEGQTGYTF	1
CATSEGDTQYF	1
CATSETGSSTDTQYF	1
CATSETGTANQPQHF	1
CATSETGGDYEQYF	1
CATSERNEQFF	1
CATSELGGVEETQYF	1
CATSESHTQYF	1
CATSEWTDQETQYF	1
CATSEPPGNTDTQYF	1
CATSEQGYEQFF	1
CATSEVRANEQFF	1
CATSEGGHQETQYF	1
CATSEGTSGLSSYNEQFF	1
CATSEDKIPDTQYF	1
CATSETSGNWNEQFF	1
CATSETDRASATQYF	1
CATSENRGGTDTQYF	1
CATSTGTGEEKLFF	1
CATSTIAGSGVNEQFF	1
CATSTPERQTGELFF	1
CATSSVGEVWNTEAFF	1
CATSRGSYNEQFF	1
CATSRLAGDEQFF	1
CATSKTGSTEAFF	1
CATSFLLAGKYNEQFF	1
CATSLGETEAFF	1
CATSSARAGELGNTQYF	1
CATSSSGRVTDTQYF	1
CATSSSGTGLADTQYF	1
CATSSIAGYEQYF	1
CATSSRGAILVTGELFF	1
CATSSVGPGEQYF	1
CATSSGLAESSYNEQFF	1
CATSSTSSTGELFF	1
CATSYQPGQEIYEQYF	1
CATSLRAGAFNEQFF	1
CATSLTARLGLNEQFF	1
CATSLGSAGGEDTQYF	1
CATSLKGSNQPQHF	1
CATSLRRDRPREQYF	1
CATSLAGASGTGELFF	1
CATSLEPGGEQYF	1
CATSLTPEAQGGTQYF	1
CATSPGTSGEQFF	1
CATSPSGRASEQYF	1
CATSPLLDSSCEKLFF	1
CATSPPGAESTDTQYF	1
CATSPRGQSNEQYF	1
CATSPGTSPGNEQFF	1
CATSPGTANTGELFF	1
CATSPTTQGMDYGYTF	1
CATSPTRTAKNIQYF	1
CATSPRGDSYEQYF	1
CATSPRGGPSTDTQYF	1
CATSPTDSNQPQHF	1
CATSPTGTLQETQYF	1
CATSPKGTSYNEQFF	1
CATSPQRGSSYEQYF	1
CATSPTGYNEQFF	1
CATSRRLGQETQYF	1
CATSRGSYEQYF	1
CATSRTGSTDTQYF	1
CATSRWGQENTGELFF	1
CATSRLAGVENEQFF	1
CATSRASYNEQFF	1
CATSRALGGTASYEQYF	1
CATSRGPAGVVNEQFF	1
CATSRGRQSTWQYF	1
CATSRSLAENNEQFF	1
CATSRSPVRETQYF	1
CATSHPASLSYNEQFF	1
CATSQGNGELFF	1
CATSQDSEDKGYTF	1
CATSQSGYEQYF	1
CATSQEGSNQPQHF	1
CATSVYRDRDNEQFF	1
CATSVTGEGEQFF	1
CATSVKDSNQPQHF	1
CATSADGSSYEQYF	1
CATSAGTSGRNEQFF	1
CATSAGTGEGLDPNEQFF	1
CATSAARNGRGANSPLHF	1
CATSADRAQETQYF	1
CATSADSWQVETQYF	1
CATSAIRDSSYEQYF	1
CATSAGLAGISEQFF	1
CATSGAGELVADTQYF	1
CATSGNYNEQFF	1
CATSGPPSYEQYF	1
CATSGRRDSGELFF	1
CATSGRDRGSRANEQYF	1
CATSGRHLLYQETQYF	1
CATSGGTRGSGELFF	1
CATSGPGGNQPQHF	1
CATSGDSNQPQHF	1
CATSGSDRGNDEQYF	1
CATSGPWAPYGYTF	1
CATSGQGATDTQYF	1
CATSGTGYNEQFF	1
CATSGRTSTYNEQFF	1
CATSDPRRTPGELFF	1
CATSDTGNTQYF	1
CATSDPTRFAGELFF	1
CATSDRGQGNNEQFF	1
CATSDRLAGGVLKETQYF	1
CATSESTGSYEQYF	1
CATSEGRGTSNEQFF	1
CATSEGTAGPGNEQFF	1
CATSEGTGVYEQYF	1
CATSETGIEQFF	1
CATSISPGQANYEQYF	1
CATSMLSSYRGLGNTEAFF	1
CATSMRDLADTQYF	1
CATSMGLVKNIQYF	1
CATSITWGMNTEAFF	1
CATSTPLKGSGNSPLHF	1
CATSTGLAGGPIGELFF	1
CATSTGRDENEQFF	1
CATSTTLGGGTEAFF	1
CATSTSRRGNTGELFF	1
CATSTQTSGNTDTQYF	1
CATSTGGSTDTQYF	1
CATSTRNRGEETQYF	1
CATSTSLQGYEQYF	1
CATSTGYNEQFF	1
CATSTGQDPSYEQYF	1
CATSTTGTGAVEQYF	1
CATSTKGAYEQYF	1
CATSSLDEKLFF	1
CATSSLLAGGRETQYF	1
CATSSSSAGELFF	1
CATSSSGTGNTEAFF	1
CATSSLAGGNYNEQFF	1
CATSSPDSGIEAFF	1
CATSSRVAAGTDTQYF	1
CATSSAFEANEQFF	1
CATSSASSYEQYF	1
CATSSGRGNIQYF	1
CATSSGQNNEQFF	1
CATSSEGTSGNYEQFF	1
CATSSETNVGYEQYF	1
CATSSEPGQGANYGYTF	1
CATSSTGGELFF	1
CATSSSGETQYF	1
CATSSSAQETQYF	1
CATSSNRDRAYEQYF	1
CATSSLAGVPTDTQYF	1
CATSSSGQEETQYF	1
CATSSSSGPYEQYF	1
CATSSSLWASGRAGETQYF	1
CATSSLMRDEQFF	1
CATSSLAGVSNEQFF	1
CATSSPGSTRTDTQYF	1
CATSSPGTSRIPFF	1
CATSSRGRLAGAYEQYF	1
CATSSRGAGNQPQHF	1
CATSSQGAGSAGELFF	1
CATSSAGRGFYEQYF	1
CATSSGPVPDTQYF	1
CATSSGENTEAFF	1
CATSSGTPILPVGYTF	1
CATSSGATSYEQYF	1
CATSSDLTWGTNEKLFF	1
CATSSDSSQETQYF	1
CATSSTSGTSSYNEQFF	1
CATSSTERANEKLFF	1
CATSSRRGNNEQFF	1
CATSSNREQFF	1
CATSRLAGLYQETQYF	1
CATSRSQGTGRNTEAFF	1
CATSRSGHEQYF	1
CATSRYGVSYEQYF	1
CATSRLSGTNEQFF	1
CATSRPSTGGDTQYF	1
CATSRPDRALYEQYF	1
CATSRRVDTQYF	1
CATSRRGLSYEQYF	1
CATSRVDRGQDTQYF	1
CATSRAPGTSTDTQYF	1
CATSRAGTGNNEKLFF	1
CATSRAGLAEDNEQFF	1
CATSRARKSGNQPQHF	1
CATSRGLGYQAFF	1
CATSRGSDNSPLHF	1
CATSRGSGVRYEQYF	1
CATSRGVPPYQETQYF	1
CATSRGGREFMDTQYF	1
CATSRGGDTIEFF	1
CATSRGDPASGSYEQYF	1
CATSRGEGTSDLEQYF	1
CATSRGTATNEKLFF	1
CATSRGTGRETQYF	1
CATSRGLAGSYNEQFF	1
CATSRGLAGVGETQYF	1
CATSRGRTGSETQYF	1
CATSRGQFSYEQYF	1
CATSRDPRDPQYF	1
CATSRDGLAGVINIQYF	1
CATSRDIREDEQYF	1
CATSRDTRQPQHF	1
CATSRDRASYEQYF	1
CATSRDRGSNQPQHF	1
CATSREGPQETQYF	1
CATSRETGLSTDTQYF	1
CATSRIIPAGELFF	1
CATSRTASSQPQHF	1
CATSRFTGTGGKARSYEQYF	1
CATSRFSSDVAKNIQYF	1
CATSRLGPSYEQYF	1
CATSRLGQGRSEQFF	1
CATSRSTWEYETQYF	1
CATSRSGEGHNEQFF	1
CATSRSYGTGGIETQYF	1
CATSRSGRGKQETQYF	1
CATSRSKGTGTNEQFF	1
CATSRWDRANQPQHF	1
CATSRWTVNTGELFF	1
CATSRYRVDEQYF	1
CATSRYGGGGGELFF	1
CATSRLASSTDTQYF	1
CATSRLTGTAQPQHF	1
CATSRPLEGLAAQYF	1
CATSRPQGSGLGHNEQFF	1
CATSRPTTYSYNEQFF	1
CATSRPGDQETQYF	1
CATSRPTGAWGREQYF	1
CATSRRDGSYEQYF	1
CATSRRDTADEQYF	1
CATSRRTEGIYEQYF	1
CATSRRLAGEGDTQYF	1
CATSRQGGTGELFF	1
CATSRVPGLAAHEQYF	1
CATSRVQDRDSYGYTF	1
CATSRVETSGRKEDEQFF	1
CATSRVTEGDGTEAFF	1
CATSRVGAGELFF	1
CATSRVGQGTDTQYF	1
CATSRVTGGQPQHF	1
CATSRVSQETQYF	1
CATSRVKGSYEQYF	1
CATSRVASGRTNEQFF	1
CATSRVGGRGTDTQYF	1
CATSRVGTGKGQPQHF	1
CATSRVWDSNQPQHF	1
CATSRVYGGAYTQYF	1
CATSRVGGGEQYF	1
CATSRVGGAETQYF	1
CATSRVEGELFF	1
CATSRAFGGVSTDTQYF	1
CATSRAPRSPYEQYF	1
CATSRAPGELTGELFF	1
CATSRAGSFDNEQFF	1
CATSRAGAYEQYF	1
CATSRAGTSGRYEQYF	1
CATSRASPSTDTQYF	1
CATSRANGRAVEQFF	1
CATSRAPQGPGEKLFF	1
CATSRAPGPQFNNQPQHF	1
CATSRAPGVNTEAFF	1
CATSRANFEGDEQYF	1
CATSRARYQDQYF	1
CATSRAATYGYTF	1
CATSRAGVGETQYF	1
CATSRAGVGEDQPQHF	1
CATSRATNHYNEQFF	1
CATSRATLVAGLHEQFF	1
CATSRALAGVETQYF	1
CATSRGSGGDMAYNEQFF	1
CATSRGLTDTQYF	1
CATSRGPSPQGIPYEQYF	1
CATSRGGTGGVFF	1
CATSRGEQLSYEQYF	1
CATSRGPEGHTDTQYF	1
CATSRGRGTQETQYF	1
CATSRGRTGGYNQPQHF	1
CATSRGSQSSYEQYF	1
CATSRGVRLGTSGTSFSYEQYF	1
CATSRGAGRATETQYF	1
CATSRGAHGEQFF	1
CATSRGGVQLAGRNTGELFF	1
CATSRGGHQPQHF	1
CATSRGGDASEQYF	1
CATSRGGETDTQYF	1
CATSRGGGETQYF	1
CATSRGDRVREQYF	1
CATSRGDRGNEQYF	1
CATSRGERYNEQFF	1
CATSRGTSGSYEQYF	1
CATSRGTGAYGEQYF	1
CATSRGREDSGYTF	1
CATSRGRKGQPQHF	1
CATSRGFSEGADTQYF	1
CATSRGWGSEAFF	1
CATSRGPGYNSPLHF	1
CATSRGHRGGSYEQYF	1
CATSRGVTSERDEQFF	1
CATSRGAAYEQYF	1
CATSRGAGEGETQYF	1
CATSRGAGRPGEQYF	1
CATSRGGV	1
CATSRGGGTTGELFF	1
CATSRGGGDTQYF	1
CATSRDFLGSSQETQYF	1
CATSRDFLDSSLWGYTF	1
CATSRDFLEGTQETQYF	1
CATSRDFRLGPEQFF	1
CATSRDFVRTSGQETQYF	1
CATSRDLYEQYF	1
CATSRDLASKETQYF	1
CATSRDLDRPYEQYF	1
CATSRDLAGVGNIQYF	1
CATSRDSQTGRISYEQYF	1
CATSRDSGSADTQYF	1
CATSRDSSGSSYNEQFF	1
CATSRDSSGSEQYF	1
CATSRDSGGYKQFF	1
CATSRDSGETDTQYF	1
CATSRDSDATGNTIYF	1
CATSRDSGPRDEKLFF	1
CATSRDWGQGEGNQPQHF	1
CATSRDWIDRNTGELFF	1
CATSRDWTVQETQYF	1
CATSRDYLGRNTIYF	1
CATSRDYDSGRATDTQYF	1
CATSRDYTNEQFF	1
CATSRDYNGGSYNSPLHF	1
CATSRDLAGGSDTQYF	1
CATSRDLGDSEQFF	1
CATSRDLWEVNTEAFF	1
CATSRDLTLQETQYF	1
CATSRDLSTGELFF	1
CATSRDLALETNEKLFF	1
CATSRDLGFGEKLFF	1
CATSRDLSGQETQYF	1
CATSRDPTTDTQYF	1
CATSRDPYNEQFF	1
CATSRDPKSEQFF	1
CATSRDPASPQYF	1
CATSRDPAGGWYEQYF	1
CATSRDPGSHEQFF	1
CATSRDPGQGETQYF	1
CATSRDPSFIRVGRSGAEYNEQFF	1
CATSRDPLADNEQFF	1
CATSRDPVGGPNYEQYF	1
CATSRDPAGDRRFF	1
CATSRDPGETQYF	1
CATSRDRGQGLGKLFF	1
CATSRDRIRTTRTYEQYF	1
CATSRDRGRMNEQFF	1
CATSRDRRGVDIQYF	1
CATSRDRSGFPDTQYF	1
CATSRDRQGRYGYTF	1
CATSRDRQETQYF	1
CATSRDRGGSGYNEQFF	1
CATSRDRGTGNEKLFF	1
CATSRDRGQPQHF	1
CATSRDREDRVADTQYF	1
CATSRDRTGGGEQYF	1
CATSRDRSWASQETQYF	1
CATSRDRKTEAFF	1
CATSRDRREGGEQFF	1
CATSRDRVVAAEQFF	1
CATSRDRAGAVYGYTF	1
CATSRDRGTSGRGNHNEQFF	1
CATSRDQAGGPREQYF	1
CATSRDQGTEVF	1
CATSRDVVAGVNYGYTF	1
CATSRDVGELHNEQFF	1
CATSRDVFTSGPTYEQYF	1
CATSRDVGIGTNEKLFF	1
CATSRDAAGGELFF	1
CATSRDAAVPYNEQFF	1
CATSRDGGRREAFF	1
CATSRDGSADTQYF	1
CATSRDGLGDRLWDEQFF	1
CATSRDGPSGELVSEQYF	1
CATSRDGRSYTF	1
CATSRDGGQGNSPLHF	1
CATSRDGESNEQYF	1
CATSRDGTGDYNEQFF	1
CATSRDGRYTGELFF	1
CATSRDGTGELFF	1
CATSRDDQGRTIYF	1
CATSRDDGYFHSTDTQYF	1
CATSRDIGPIQYF	1
CATSRDIGDTQYF	1
CATSRDMAVLYNEQFF	1
CATSRDMGTYEQYF	1
CATSRDMESSGSTPSNEQFF	1
CATSRDTDWNQPQHF	1
CATSRDSAWSAKNIQYF	1
CATSRDRPENTGELFF	1
CATSRDRRDPYEQYF	1
CATSRDRQPQHF	1
CATSRDRVRGLAGAEQYF	1
CATSRDRTGAYEQYF	1
CATSRDRTGGYEQYF	1
CATSRDNSPLHF	1
CATSRDNSYNSPLHF	1
CATSRDKQLRKQPQHF	1
CATSRDKGASGGTDTQYF	1
CATSRDFSVQYF	1
CATSRDFAGEQYF	1
CATSRDFGGSTDTQYF	1
CATSRDSTWTSPQETQYF	1
CATSRDLAGSYEQYF	1
CATSRDPLTGAIETQYF	1
CATSRDRRNFNTEAFF	1
CATSRDHRTGLTYEQYF	1
CATSRDGRRITNEKLFF	1
CATSRDGLADGTDTQYF	1
CATSRDGTDGYTF	1
CATSRDIDRLGGYTF	1
CATSRDSGNEQFF	1
CATSRDRVQTYEQYF	1
CATSRDRAAKNIQYF	1
CATSRDRGNIQYF	1
CATSRDRGKAFF	1
CATSRDRTSFSTDTQYF	1
CATSRELAVQETQYF	1
CATSRESGPSYEQYF	1
CATSREPSGTYEQYF	1
CATSRERRTGGFSYNEQFF	1
CATSRERSTSYEQYF	1
CATSREREISGELFF	1
CATSREAITDAREQFF	1
CATSREGSPAYEQYF	1
CATSREGQGADAYNEQFF	1
CATSREDSQSYEQYF	1
CATSREDRLGEQYF	1
CATSRETGNSYNEQFF	1
CATSRETGSTDTQYF	1
CATSRERASAAYNEQFF	1
CATSRERAGELFF	1
CATSREKGLAVTYEQYF	1
CATSREKPHRFPWQFF	1
CATSREVARGNEQFF	1
CATSREGDNEQFF	1
CATSREGREGSPLHF	1
CATSREDGMYQETQYF	1
CATSREEVGAYEQYF	1
CATSRETRIGEQYF	1
CATSRIAASGRYYNEQFF	1
CATSRTVQDTQDF	1
CATSRTGTENQPQHF	1
CATSRTVGNEQFF	1
CATSRTTPGTGTDTQYF	1
CATSRSVRERQETQYF	1
CATSRRLKYGTDTQYF	1
CATSRNIGQYGELFF	1
CATSRNRGRETQYF	1
CATSNPVEPELASDEQFF	1
CATSNHPGSEQYF	1
CATSNTRGDRAPSGSLTGGEQFF	1
CATSNLRPRNTGELFF	1
CATSNAGTQASEQYF	1
CATSNAADTQYF	1
CATSNGTMPMETQYF	1
CATSNDRGYEQYF	1
CATSNNLGGTGKGEQYF	1
CATSKSRFPTDTQYF	1
CATSKPGPASSPLHF	1
CATSKGTSGDTDTQYF	1
CATSKTRNPTEQYF	1
CATSKLRQGDEQFF	1
CATSKQGYEQYF	1
CATSKGVLNTEAFF	1
CATSKGGYNEQFF	1
CATSKGEQGAMETQYF	1
CATSKTGTSVEQYF	1
CATSKKRQMNTEAFF	1
CATSKKLAVSSYNEQFF	1
CATRLSGSAQFF	1
CATRQGTSGNNEQFF	1
CATRAGHYNEQFF	1
CATRDRETDTQYF	1
CATREGPSYNSPLHF	1
CATRTGSDEQYF	1
CATRRDRGPGELFF	1
CATRKGEAGGFNEQFF	1
CATRKTSGRTDTQYF	1
CATRSTEGTNNEQFF	1
CATRLAGGPIYEQYF	1
CATRADSGRDEQFF	1
CATRASEPVGYTF	1
CATRGENTDTQYF	1
CATRGGTGELFF	1
CATRDRGASNQPQHF	1
CATRDATYNEQFF	1
CATRKGRDRDRGRNEQYF	1
CATNPPGGQGLSTGELFF	1
CATNRPAGARKAEQYF	1
CATNQTGRFNQPQHF	1
CATNDIGGGRTYNEQFF	1
CATKVVGSQETQYF	1
CATKGLLADEQFF	1
CATKDRATGELFF	1
CATKDRGRRFF	1
CATKETGYNEQFF	1
CATKTSRYNEQFF	1
CATKTGQGSNEQFF	1
CATKLAISTDTQYF	1
CATLDRDASGELFF	1
CATSLLSGRGEQFF	1
CATSLQGYEQFF	1
CATLRGLAWHEQFF	1
CATQGAGAPYEQYF	1
CATASGTYEQYF	1
CATASLGANVLTF	1
CATAETANTGELFF	1
CATATGAADTQYF	1
CATAGTTNEKLFF	1
CATGRDPEQFF	1
CATGPVGIDEQYF	1
CATTQNTGELFF	1
CATSRTEDYEQYF	1
CATWEESGGYYEQYF	1
CATEGQGQETQYF	1
CATTGLAGEGETQYF	1
CATSRDLSYEQYF	1
CATNYDRSYEQYF	1
CATKLPGTVKNNEQFF	1
CATKRWTSGRAAINTGELFF	1
CATKIPTGTDTQYF	1
CASFLGGYTF	1
CASFRNTGGSYEQYF	1
CASLGRVRGYEQFF	1
CASLGRRGGTYNEQFF	1
CASSEGSTQPQHF	1
CASSLVGGYNEQFF	1
CASSLGGNEQFF	1
CASSGGGAREKLFF	1
CASSGTGGEQYF	1
CASSGTDKFF	1
CASSRWGQPQHF	1
CASSDRNTGELFF	1
CASWVVPGEQYF	1
CASYREITQYF	1
CASPPGTYPTDTQYF	1
CASPGQGALGYEQYF	1
CASPGQGAEIDTGELFF	1
CASRLSGLNEKLFF	1
CASRSTGAAPLHF	1
CASRQEDSYNEQFF	1
CASRPGQGYQPQHF	1
CASHTDTGELFF	1
CASHRNRAREQYF	1
CASHYGQGAAGELFF	1
CASHPGDFGEQYF	1
CASQKTWARNTDTQYF	1
CASAPGLWTEAFF	1
CASAHRDDTEAFF	1
CASAGTGAHNEQFF	1
CASATSGRAQNEQFF	1
CASAPSTDTQYF	1
CASGPRGGYYEQYF	1
CASGDPYNEQFF	1
CASGTALYNEQFF	1
CASGSLAGGPPKTQYF	1
CASDLGISNQPQHF	1
CASDGTGGNTEAFF	1
CASELRREAFF	1
CASISKGTGANTGELFF	1
CASIPTGGAKPQHF	1
CASIPYGGHEQFF	1
CASMTTREQYF	1
CASTLAGPEGVYQPQHF	1
CASTLRGGRKYF	1
CASTSGQGAIGTEAFF	1
CASTPGQGADQPQHF	1
CASTPGQYNEQFF	1
CASTQGSQPQHF	1
CASTLARSGNTIYF	1
CASTPYSNQPQHF	1
CASTPGQANTEAFF	1
CASTPSPTRVIEQFF	1
CASTRGAGAFEQYF	1
CASTRDNYGYTF	1
CASTAFVDRSNYGYTF	1
CASTGSLTSGTNQPQHF	1
CASTGTGVFPQHF	1
CASTTGRGNGELFF	1
CASTGQGSSPLHF	1
CASTSSQYYGYTF	1
CASTRDRGHLYGYTF	1
CASTGSQETQYF	1
CASTGIGAEAFF	1
CASSFREAAGELFF	1
CASSFREENTEAFF	1
CASSFASGRFNEQFF	1
CASSFFNGRKYEQYF	1
CASSFSGKDQPQHF	1
CASSFPLRQDTEAFF	1
CASSSSLNQPQHF	1
CASSSASSGEQFF	1
CASSSGTSGLGEQFF	1
CASSSGQGGTEAFF	1
CASSWDRSYNEQFF	1
CASSLRQGRSYEQYF	1
CASSLRTGVRNQPQHF	1
CASSPLSGGKNIQYF	1
CASSPRRDQPQHF	1
CASSPHRIQNTEAFF	1
CASSPTGVGYTF	1
CASSPGDSYNEQFF	1
CASSPWKGGSPNEQFF	1
CASSPRQGANTEAFF	1
CASSPQGESQPQHF	1
CASSRTGTGHYGYTF	1
CASSHGMNQPQHF	1
CASSHRGLAEAFF	1
CASSHRGSNEKLFF	1
CASSHKTGDYGYTF	1
CASSVSGGQPQHF	1
CASSVGQGSYGYTF	1
CASSATLNTEAFF	1
CASSAQRGNGYTF	1
CASSGRQRSSYNSPLHF	1
CASSGTRGYEQFF	1
CASSGLPGDHGNTIYF	1
CASSDSRGSYGYTF	1
CASSDEGRSGTGELFF	1
CASSDRGNTEAFF	1
CASSIFEGDETQYF	1
CASSIFGGRLGTEAFF	1
CASSISPGYGYTF	1
CASSIRTVNYGYTF	1
CASSIQIMGNQPQHF	1
CASSIGGGNEQFF	1
CASSIGTGASGALHF	1
CASSIEGQPYGYTF	1
CASSIIGQVSNQPQHF	1
CASSIMGSSSYNEQFF	1
CASSITGLGYTF	1
CASSISGLGTDTQYF	1
CASSIRLAGAHNEQFF	1
CASSISRSRQGWNGYTF	1
CASSIPPNEQFF	1
CASSIPGQGVAEAFF	1
CASSIRAYGYTF	1
CASSIHRDDNEQFF	1
CASSIQTGYEQYF	1
CASSIGYGYTF	1
CASSIEYTTEQFF	1
CASSITTPNTEAFF	1
CASSITETGGHEQYF	1
CASSISENTEAFF	1
CASSMRGTAYEQYF	1
CASSMRGQTSYGYTF	1
CASSMVFGRNTIYF	1
CASSMVTSYNEQFF	1
CASSMGEQYF	1
CASSMSSGSTDTQYF	1
CASSIFREQFF	1
CASSILIGRGYPEAFF	1
CASSISTPGESEAFF	1
CASSISGRGDTQYF	1
CASSILGQGARKDTEAFF	1
CASSILAGGYNEQFF	1
CASSIQGASQPQHF	1
CASSIVLWHGEAFF	1
CASSIVLASMFGDYGYTF	1
CASSIVGLAGGQNNEQFF	1
CASSIVAKGYYGYTF	1
CASSIVSGTTPYNEQFF	1
CASSIARDSPNTEAFF	1
CASSIGYSNQPQHF	1
CASSIDFDQPQHF	1
CASSIDPGTRNEQFF	1
CASSIDRQYYGYTF	1
CASSIDHRYSNQPQHF	1
CASSIDTGNEQFF	1
CASSIDTNTQYF	1
CASSIEFASGRNEQFF	1
CASSIERAKDTQYF	1
CASSIIHRGTSNQPQHF	1
CASSITGGNTEAFF	1
CASSTSGSTYEQYF	1
CASSTSGRPYEQYF	1
CASSTPFGRYSNQPQHF	1
CASSTPGVRAEAFF	1
CASSTGTGNIYEQYF	1
CASSTGLAGADTQYF	1
CASSTFLGSETQYF	1
CASSTQGRDQPQHF	1
CASSSLAGEETQYF	1
CASSSQAGDIYNEQFF	1
CASSSGRSYGYTF	1
CASSRPGTGETQYF	1
CASSRQGATGSNQPQHF	1
CASSRGRTSGMNEQFF	1
CASSKLAAYNEQFF	1
CASSKASGTTDTQYF	1
CASSKLMAGDTSYNEQFF	1
CASSKGGALAGEGEQFF	1
CASSKTGGGQGAQPQHF	1
CASSSRVGELFF	1
CASSSQGGQPQHF	1
CASSLGQGMSYEQYF	1
CASSLMLGSSYEQYF	1
CASSLTRVQPQHF	1
CASSPGLSGYTF	1
CASSRTVDQPQHF	1
CASSRLAGSEETQYF	1
CASSRGGRNSGNTIYF	1
CASSQGQGRTDTQYF	1
CASSVGGQVSYEQYF	1
CASSVQGSDNSPLHF	1
CASSGWANTEAFF	1
CASSDGTPNYGYTF	1
CASSSWDMANEQFF	1
CASSRNNEKLFF	1
CASRLWDQGGNQPQHF	1
CASRLQSQETQYF	1
CASRRDGSSGNTIYF	1
CASRAPGQYNQPQHF	1
CASRGGAFYEQYF	1
CASRDSSTDTQYF	1
CASRQDRASRYTF	1
CASRAHSTEANTEAFF	1
CASRGPAGAPGELFF	1
CASRGLVERELFF	1
CASRIVGDTEAFF	1
CASRNLGELFF	1
CASNSLGRNQPQHF	1
CASNGGQRYEQYF	1
CASNRQAGYNEQFF	1
CASNQVEGTGELFF	1
CASNIAGVGQFF	1
CASNRGLNTGELFF	1
CASKLAGLSSEQYF	1
CASKGQGAQPQHF	1
CASKPQENQNQPQHF	1
CASKGRPSDEQFF	1
CASKGQGGLAGQNEQFF	1
CASKEDRGYNSPLHF	1
CASKTVSTDSYEQYF	1
CASKTTGRNTEAFF	1
CASFPKGSTDTQYF	1
CASFQDRGLGEAFF	1
CASFDGYEQYF	1
CASFDRANTEAFF	1
CASFGESYNEQFF	1
CASFEPGQNSPLHF	1
CASFSGLSYEQYF	1
CASLLAGFNEQFF	1
CASLGWRTDTQYF	1
CASLGTHRQPGSNQPQHF	1
CASLGTPRYEQYF	1
CASLETSSYNEQFF	1
CASLSSYNEQFF	1
CASSSQPGTDTQYF	1
CASSLLAGEGEQYF	1
CASSHKGGRAYEQYF	1
CASSQAGKYNEQFF	1
CASSQGDGYGYTF	1
CASSQATGGAGEKLFF	1
CASSQGRNEKLFF	1
CASSGGGTGELFF	1
CASSGQGPSNTGELFF	1
CASSEDRNYGYTF	1
CASSMTRSYNEQFF	1
CASSRVSYTGELFF	1
CASSFSYGVGNEQFF	1
CASSSRTGPEQYF	1
CASSSEAGGGEQYF	1
CASSLAGQANYGYTF	1
CASSLGQGQETQYF	1
CASSLGGPYEQYF	1
CASSLDRSQPQHF	1
CASSPYMSGKFDEQFF	1
CASSPLTEENQPQHF	1
CASSPRGQGVQPQHF	1
CASSPGLEQSYEQYF	1
CASSPGSYEQYF	1
CASSPGAEAFF	1
CASSPGSGHNEQFF	1
CASSRAGVDKNIQYF	1
CASSRVTDTQYF	1
CASSRELTRWGETQYF	1
CASSHMTSGGYNEQFF	1
CASSHGGTHTEAFF	1
CASSQSRAGGPGEQYF	1
CASSQYLLGTGEEKLFF	1
CASSQQGSYEQYF	1
CASSQDRGDSPLHF	1
CASSVGGKNIQYF	1
CASSGAGGPKYF	1
CASSGTGWINEQFF	1
CASSIGGQLNYGYTF	1
CASSTVGLGQDQETQYF	1
CASSTGGSYEQYF	1
CASSTGPSYEQYF	1
CASSSSQPQHF	1
CASSKRTSFETQYF	1
CASSSNRGDYGYTF	1
CASSLRDTSNSPLHF	1
CASSPSFVLQETQYF	1
CASSRYDPGTLPSPLHF	1
CASSQDTSLYGYTF	1
CASSQQVSSYNEQFF	1
CASSQQETQYF	1
CASSVDRDNYGYTF	1
CASSAGTGELFF	1
CASSANEQYF	1
CASSGLPYNEQFF	1
CASSGQGVGELFF	1
CASSGQMNTEAFF	1
CASSGGPINEQFF	1
CASSGGGPYEQYF	1
CASSDTYEQYF	1
CASSDRRDNYGYTF	1
CASSDKPESSADTQYF	1
CASSTGVGTGELFF	1
CASSTGGANTEAFF	1
CASSSQAGPTDTQYF	1
CASSRTSDVDEQFF	1
CASSNGEGVVEQYF	1
CASSLLDYWEGFF	1
CASSSTDRVRNEQFF	1
CASSSTGKTNEKLFF	1
CASSSSSGRRDEQFF	1
CASSSAQATSPLHF	1
CASSSTVDTQYF	1
CASSSNLRQGPNYGYTF	1
CASSLSKDGQNTGELFF	1
CASSLPGQGNYGYTF	1
CASSLVNLGQQETQYF	1
CASSLPSGNEQFF	1
CASSLHPSSYEQYF	1
CASSLAERGSEAFF	1
CASSLGLAGSTDTQYF	1
CASSLSKGTEAFF	1
CASSLYTGTPRDYGYTF	1
CASSLRGGRAVSTDTQYF	1
CASSLAILTNTGELFF	1
CASSLIKTGNTEAFF	1
CASSPWENQPQHF	1
CASSPYPQGMRQPQHF	1
CASSPPQERYEQFF	1
CASSPRRGSYEQYF	1
CASSPGTEFYTF	1
CASSPGAIGPRGSEQFF	1
CASSPGTGGGEQFF	1
CASSPGQAAEQFF	1
CASSPPSSGSGGEQYF	1
CASSPPVGLWDF	1
CASSPPGYGYTF	1
CASSPRPGAVSVNTGELFF	1
CASSPRQGLASGEAFF	1
CASSPQTGGDEKLFF	1
CASSPQTDTQYF	1
CASSPVKAYSYEQYF	1
CASSPAGTAKDTQYF	1
CASSPANEQFF	1
CASSPGGRLYNEQFF	1
CASSPGADSPLHF	1
CASSPGTTSYEQYF	1
CASSPGTGWQETQYF	1
CASSPGTGLEKLFF	1
CASSPGTGPGYTF	1
CASSPGTGGPGQPQHF	1
CASSPGTGGHQPQHF	1
CASSPGSPYNEQFF	1
CASSPGLAGYEQYF	1
CASSPGQGGGAEAFF	1
CASSPDRADTQYF	1
CASSPDRTEAFF	1
CASSPTILDGTGELFF	1
CASSPTGTVAADTQYF	1
CASSPRQATDTQYF	1
CASSPRKLLVLGNTEAFF	1
CASSPKRSGGHNEQFF	1
CASSPFDLRNTIYF	1
CASSPSHSNQPQHF	1
CASSPLEWVTEAFF	1
CASSPPLPRGAFF	1
CASSPPRGGNTEAFF	1
CASSPRGTSANNEQFF	1
CASSPVPNQPQHF	1
CASSPVGLSGYTF	1
CASSPVRGLQETQYF	1
CASSPAQNTEAFF	1
CASSPGPRGEQFF	1
CASSPGTDTEAFF	1
CASSPGLAGVETQYF	1
CASSPGQDTDTQYF	1
CASSPGGMAHEQYF	1
CASSPDRGSNEQFF	1
CASSPEITSGNTIYF	1
CASSPETGSSYEQYF	1
CASSPIRGTEEAFF	1
CASSPILGDEQYF	1
CASSPIEATSTDTQYF	1
CASSPTSGSVGEQFF	1
CASSPTALAVLREQYF	1
CASSPTSSRVWGYEQYF	1
CASSPTDRGETQYF	1
CASSPNTGELFF	1
CASSPKLAGLSWADTQYF	1
CASSPFSGSYNEQFF	1
CASSPLGSPTNEKLFF	1
CASSPSGQETQYF	1
CASSPSVRWNEQFF	1
CASSPSGLPPEKGLFF	1
CASSPSGQGREQYF	1
CASSPSRGYGYTF	1
CASSPSKGQGAPRVYNEQFF	1
CASSPWSSEKLFF	1
CASSPWSESAGELFF	1
CASSPLSGGAVTEAFF	1
CASSPLDLGSYNEQFF	1
CASSPLTGLNTEAFF	1
CASSPLLGGNTEAFF	1
CASSPLVAGSGETQYF	1
CASSPLADSYNEQFF	1
CASSPLRDEIFGQFF	1
CASSPLDSSSGNTIYF	1
CASSPLAGGRDEQFF	1
CASSPLGSRASEQFF	1
CASSPLGPRTGELFF	1
CASSPPSSPDTQYF	1
CASSPPWASGSHEQFF	1
CASSPPLATGEQYF	1
CASSPPRQSNYEQYF	1
CASSPPGATEAFF	1
CASSPPGLQNEKLFF	1
CASSPPDQGAYEQYF	1
CASSPPPGNYGYTF	1
CASSPPVRSNYGYTF	1
CASSPPVRAKNIQYF	1
CASSPPAQGWDEQYF	1
CASSPPAGAVTGELFF	1
CASSPPGPLSNQPQHF	1
CASSPPGRERAEQYF	1
CASSPPGAGSNQPQHF	1
CASSPPGQQETQYF	1
CASSPPESLSSYNEQFF	1
CASSPPEASHAFF	1
CASSPPETGRYGYTF	1
CASSPPIGGRNTEAFF	1
CASSPPTGMMRTEAFF	1
CASSPPSTDTQYF	1
CASSPPRGWGNYSGNTIYF	1
CASSPPRSGRAREQYF	1
CASSPPSYEQYF	1
CASSPPQGAITDTQYF	1
CASSPPGITEKLFF	1
CASSPPGQGGDYGYTF	1
CASSPPTNPYGYTF	1
CASSPRPETDTQYF	1
CASSPRHVWGQGRINEQFF	1
CASSPRNSYEQYF	1
CASSPRGNYEQYF	1
CASSPRGGFFTEAFF	1
CASSPRGGGASEQYF	1
CASSPRMDPDDVQYF	1
CASSPRQAKENSPLHF	1
CASSPQVSQRDQFF	1
CASSPQALSSGNTIYF	1
CASSPQGGQETQYF	1
CASSPQGGKNTGELFF	1
CASSPQGTGAYNEQFF	1
CASSPQELNTEAFF	1
CASSPQTPGDEQFF	1
CASSPQTGDNEQFF	1
CASSPQSGDQPQHF	1
CASSPQAVSNQPQHF	1
CASSPQGPNEKLFF	1
CASSPQKGRYGYTF	1
CASSPVEGRGGYTF	1
CASSPASGYEQYF	1
CASSPGLRGLYEQYF	1
CASSPGGPATNEKLFF	1
CASSPGRTNEKLFF	1
CASSPGKNTEAFF	1
CASSPGLPPDTIYF	1
CASSPGSDLYEQYF	1
CASSPGDSNQPQHF	1
CASSPGLYYGELFF	1
CASSPGQGSSYEQYF	1
CASSPGAGGRNEQFF	1
CASSPGGRPYEQYF	1
CASSPGMGGTSGDYNEQFF	1
CASSPDRGRNYGYTF	1
CASSPEGLVPYNEQFF	1
CASSPIGSGSTETQYF	1
CASSPMNPRTDTQYF	1
CASSPTTGLDTEAFF	1
CASSPSTGDQPQHF	1
CASSPSNQGRSYEQYF	1
CASSPRGNKDSPLHF	1
CASSPRTGTSGNTIYF	1
CASSPNFPGTGDEQYF	1
CASSPNSGYSYEQYF	1
CASSPNLANSYNEQFF	1
CASSPNGGSDQPQHF	1
CASSPNTVATNEKLFF	1
CASSPNRADIQYF	1
CASSPKQGQPQHF	1
CASSPKTSGATDTQYF	1
CASSPKQGSHEQFF	1
CASSRPTVEETQYF	1
CASSRQDRNNEQFF	1
CASSRDRANTEAFF	1
CASSRTDNYGYTF	1
CASSRTGGETEAFF	1
CASSRAGAASIVETQYF	1
CASSRRTDSYEQYF	1
CASSHPTVGNEKLFF	1
CASSHGTGVKPQHF	1
CASSQGTSGKALHEQFF	1
CASSQDRLNTEAFF	1
CASSQRGMIYEQYF	1
CASSQQGTVSNQPQHF	1
CASSQTGTVNNEQFF	1
CASSAWSGGNYGYTF	1
CASSAQGWTYTQYF	1
CASSGTIEQYF	1
CASSGSSNQPQHF	1
CASSGTLADEQYF	1
CASSGTSGRGSYEQYF	1
CASSDWGAHQPQHF	1
CASSDGTGSNGAFF	1
CASSETIPPYEQYF	1
CASSETANTGELFF	1
CASSETGRSYEQYF	1
CASSEGQPNQPQHF	1
CASSEGRMNTEAFF	1
CASSETGTGNEKLFF	1
CASSIGPGLAEDTQYF	1
CASSIRGDTEAFF	1
CASSMTVPGYTF	1
CASSTLDTLEAFF	1
CASSTQSSPESPLHF	1
CASSTDRPLSGANVLTF	1
CASSRTSGTSREQYF	1
CASSNDRDYGYTF	1
CASCPQGAPYEQYF	1
CASCEGPKEQFF	1
CASCLTGERTDTQYF	1
CASCPLPGRGTGELFF	1
CASCAAGFYNEQFF	1
CASWLNLGNTGELFF	1
CASWAGHNQPQHF	1
CASWGGGNQYF	1
CASWGHFDEQYF	1
CASWDSQRNTIYF	1
CASWERQALDYEQYF	1
CASYGTYNEQFF	1
CASYMGGFGNQPQHF	1
CASYNQGRRETQYF	1
CASYKTGASTDTQYF	1
CASYPGQGWRKEQYF	1
CASYRLGEGSYEQYF	1
CASYQGRVNEQFF	1
CASYQVGETQYF	1
CASYERVAKNIQYF	1
CASLSGRAGTLVFLTEYF	1
CASLRGDGTGELFF	1
CASLVSPNQPQHF	1
CASLSSGLTGNTIYF	1
CASLRGISGISPYNEQFF	1
CASLYVGGAGETQYF	1
CASLLAGGRPDTQYF	1
CASLPKSVGLRYNEQFF	1
CASLRTVYEQYF	1
CASLTRSKNIQYF	1
CASLNIKRRSSTDTQYF	1
CASLKAAGAIRNTEAFF	1
CASLGGGQETQYF	1
CASLTGGGEKLFF	1
CASLPTDINTGELFF	1
CASLPAGPYNEQFF	1
CASLPGQGAEEQYF	1
CASLRAGATYNEQFF	1
CASPPGRRQPQHF	1
CASPSPDRGTDQPQHF	1
CASPPGGYEQYF	1
CASPRQGVYNEQFF	1
CASPDREKNIQYF	1
CASPRQETQYF	1
CASPLGASGNSHEQYF	1
CASRPLGGTRGEQYF	1
CASRREGDEQFF	1
CASRKTQSITGELFF	1
CASRLAGEYNEQFF	1
CASRRDGTYNEQFF	1
CASRRDIFYNEQFF	1
CASRQPRDLTQYF	1
CASRGTGSYEQYF	1
CASRGTGGETQYF	1
CASRGSYRDTGELFF	1
CASRTRGYTGELFF	1
CASRTGGSYNEQFF	1
CASRLGSDTQYF	1
CASRPPEGQNNSPLHF	1
CASRPGKRQPQHF	1
CASRGLNEQFF	1
CASRGLPSYEQYF	1
CASRGLAGWHEQFF	1
CASRGAGYSNQPQHF	1
CASRGSEAFF	1
CASRDRGDMNLQETQYF	1
CASREGGANEKLFF	1
CASRTSGRYTGELFF	1
CASRSGGRREKLFF	1
CASRRTGGETQYF	1
CASRLEGGPYNEQFF	1
CASRSMGQGKETQYF	1
CASRGLGTQYF	1
CASRGTSGSSYEQYF	1
CASREVTYNSPLHF	1
CASRILAGNNEQFF	1
CASRTFSGGVVWEQYF	1
CASRRTAADTQYF	1
CASRRLAGDEQFF	1
CASHWSEASSYNEQFF	1
CASHHGSSWEQFF	1
CASHITGSYEQYF	1
CASQRETYTGELFF	1
CASQQQGGGEKLFF	1
CASQVSGSGNEQFF	1
CASQAGGHTEAFF	1
CASQGQLNSYNEQFF	1
CASQGSSTDTQYF	1
CASQGPGQRLETQYF	1
CASQGHSSYNEQFF	1
CASQGIVEAFF	1
CASQGLASTGELFF	1
CASQGQSQETQYF	1
CASQIAGGISNEQFF	1
CASQPSGGPNEKLFF	1
CASQQGNTEAFF	1
CASQAVAKNIQYF	1
CASQGGYEQYF	1
CASQGLAGGRFTDTQYF	1
CASQRGGEMAGELFF	1
CASVGRAETQYF	1
CASVSGRVNEQFF	1
CASVFGETQYF	1
CASVPSPGYEQYF	1
CASVAYPISYEQYF	1
CASVGYNEQFF	1
CASVELSGTHTEAFF	1
CASVLAGAYEQYF	1
CASVPDRDKGWLINF	1
CASVGQDRPNYGYTF	1
CASVKGRGPYEQYF	1
CASASGGYNEQFF	1
CASAPRTATTDTQYF	1
CASARRGPSYEQYF	1
CASARPPQGAGYTF	1
CASAQVGHPSLVNEQFF	1
CASAVKQGGEQYF	1
CASAGAVGGELFF	1
CASATAGGTEAFF	1
CASASTTSGDSSTDTQYF	1
CASALLAAGATYEQYF	1
CASAPRDNEQFF	1
CASAPHVPRVQPQHF	1
CASAPRGGLAADTQYF	1
CASAPRTGAQPQHF	1
CASARGRATDTQYF	1
CASARAGGRRDTQYF	1
CASAQEFGTEAFF	1
CASAVAGEATEAFF	1
CASAALGGYNEQFF	1
CASAGTGDQPQHF	1
CASAGTGSEQYF	1
CASAGQGQLDTQYF	1
CASAEQGINGYTF	1
CASAEGFF	1
CASATRYADYEQYF	1
CASASGGGGYNEQFF	1
CASARGYNEQFF	1
CASARSEDTQYF	1
CASAGPLSNQPQHF	1
CASAPRGPEDEQYF	1
CASAGLASGELFF	1
CASADYTGELFF	1
CASAKQGAVGNEQFF	1
CASGFSGNTIYF	1
CASGSGTRGYEQYF	1
CASGSRQRSTDTQYF	1
CASGYSPDRGYF	1
CASGLSGTQYF	1
CASGPAGGTDTQYF	1
CASGRGDYEQYF	1
CASGRGGAEGNEQFF	1
CASGVAVHSYEQYF	1
CASGAYEQYF	1
CASGDPNGKTQYF	1
CASGDRLNTEAFF	1
CASGEGTHEEYF	1
CASGRTSTTEAFF	1
CASGNAPYSYEQYF	1
CASGFSGGSSYEQYF	1
CASGFFWDTQYF	1
CASGYRGAEDTQYF	1
CASGLGMQQETQYF	1
CASGPYEQYF	1
CASGPELGFGNTIYF	1
CASGPTGRRTEAFF	1
CASGRNDGNTIYF	1
CASGRTSGDQETQYF	1
CASGHLEQFF	1
CASGAAGNTIYF	1
CASGGSGGQIGELFF	1
CASGGPQGIDGYTF	1
CASGEQGGETQYF	1
CASGISGRRNTGELFF	1
CASGTTAGSYSNQPQHF	1
CASGSTGQGTPYEQYF	1
CASGRLGQGPSGDTQYF	1
CASGRPGLAGASGGELFF	1
CASGKPEQVNTGELFF	1
CASGKRGTDTQYF	1
CASGFFNTGELFF	1
CASGFAKNIQYF	1
CASGFSGPNTGELFF	1
CASGLAGLPSTDTQYF	1
CASGSGDHNEQFF	1
CASGWREPSSTDTQYF	1
CASGWNYGYTF	1
CASGLGGNTGELFF	1
CASGLAGESSYEQYF	1
CASGPGGGAISYEQYF	1
CASGPGLSYEQYF	1
CASGPGAAYEQYF	1
CASGRASTDTQYF	1
CASGATDRHVTTDTQYF	1
CASGGWETQYF	1
CASGGPASGEQYF	1
CASGGQRSDTGELFF	1
CASGDGAAEAFF	1
CASGDSPINQPQHF	1
CASGDYRGDTQYF	1
CASGDRALGEQFF	1
CASGDRGTYEQYF	1
CASGEGTGYYNEQFF	1
CASGIPGTRPYNEQFF	1
CASGILLTGVGEQYF	1
CASGMGSNTEAFF	1
CASGITSGSYNEQFF	1
CASGTSLDSYNEQFF	1
CASGTGSNEKLFF	1
CASGTGDQPQHF	1
CASGSNLYNEQFF	1
CASGSSYNEQFF	1
CASGSGLAGTDTQYF	1
CASGKGSVYEQYF	1
CASGSGGALSSNQPQHF	1
CASGSLGPGSYEQYF	1
CASGSGLAYEQYF	1
CASGSGPTYEQYF	1
CASGWTAEQYF	1
CASGLGPYRNSPLHF	1
CASGLPQGGYTF	1
CASGLADLQYF	1
CASGLARHEQYF	1
CASGLGGAYEQYF	1
CASGRTEVYEQYF	1
CASGRNEQFF	1
CASGHPSYEQYF	1
CASGQGWVADEQYF	1
CASGVPEAFF	1
CASGAYTDTQYF	1
CASGGLQETQYF	1
CASGGSSYNEQFF	1
CASGTGGISEAFF	1
CASGTGTDTQYF	1
CASGKGTSRWDTQYF	1
CASDLGGNYGNQPQHF	1
CASDRNTIYF	1
CASDNKGSTAGELFF	1
CASDLASTDTQYF	1
CASDGTSGTNEQFF	1
CASDMGGRSYEQYF	1
CASESPVGNTIYF	1
CASEQGQPKQFF	1
CASEGQETQYF	1
CASEELFF	1
CASEMGTNTGELFF	1
CASERTGANTEAFF	1
CASESTGAINTGELFF	1
CASERPGLLYNEQFF	1
CASEDGQGAIDEQFF	1
CASEDTPNEQFF	1
CASENFGVVGTGELFF	1
CASILQGVSTGELFF	1
CASISGTSGRNEQFF	1
CASISGGGLNTEAFF	1
CASIYPVPGTSGSATQYF	1
CASILETGSNTEAFF	1
CASIPRSERAGEQFF	1
CASIPRTSVYEQYF	1
CASIPSGRALHEQYF	1
CASIQGARGAGELFF	1
CASIGSTGELFF	1
CASIGSGRLIDNEQFF	1
CASIDYTYNEQFF	1
CASIETGRRDEQYF	1
CASITSGPFDTQYF	1
CASIKLAGSNNEQFF	1
CASIFDGTSYNEQFF	1
CASILGDREWGYNEQFF	1
CASISGTSGTDTQYF	1
CASISDEDGELFF	1
CASILTGANEQFF	1
CASILTGGTSNEQFF	1
CASILTGISMTTEAFF	1
CASILSGSDTQYF	1
CASIPPGLAGIGQYF	1
CASIPSGRSLYEQYF	1
CASIPDRESYNEQFF	1
CASIRRASGGDYEQYF	1
CASIRRSYEQYF	1
CASIRLGQSSTDTQYF	1
CASIQRERSAYNEQFF	1
CASIAQPRGSYNEQFF	1
CASIGYLWTGAYEQYF	1
CASIGSDRGAGELFF	1
CASIGLAGPSTDTQYF	1
CASIIGRGHTGELFF	1
CASITPETGTHNEQFF	1
CASIRHRGRQPQHF	1
CASMLSGANVLTF	1
CASMSSGSYEQYF	1
CASMSWDNEQFF	1
CASMPTSGSFDIQYF	1
CASMPTPPYNEQFF	1
CASMRGRYNEQFF	1
CASMVYYEQYF	1
CASMARGREAFF	1
CASMGTRAGNTIYF	1
CASMGLLYGEQYF	1
CASMGGRVQETQYF	1
CASMGGLAINEQFF	1
CASMGTDYEQYF	1
CASMGQGVSGGNTIYF	1
CASMTSGATDTQYF	1
CASMTSGSSNEQFF	1
CASMTGKTGANVLTF	1
CASMTGPQETQYF	1
CASMRYYGYTF	1
CASMRLAIGELFF	1
CASILMSADTQYF	1
CASISGLSTGANEQFF	1
CASIDGAFRLAVSYEQYF	1
CASTFGPTGSYEQYF	1
CASTLPDRVSEQYF	1
CASTSFAPTDTQYF	1
CASTSGGRDGYTF	1
CASTYSTNQPQHF	1
CASTLRAVDYGYTF	1
CASTLHPGGDRDTQYF	1
CASTLLGTADTQYF	1
CASTPGGENYNEQFF	1
CASTPGGTQYF	1
CASTPGVGGELFF	1
CASTPLPLGRSEQYF	1
CASTPTDSSYEQYF	1
CASTPNLGGRATGELFF	1
CASTRVGGETQYF	1
CASTRQLMGTTGELFF	1
CASTVTGGGETQYF	1
CASTAGQGNTGELFF	1
CASTAGGITGELFF	1
CASTGGSTYNEQFF	1
CASTGPGTANYNEQFF	1
CASTERETDTQYF	1
CASTTAGSATNEKLFF	1
CASTTAGTSGLLGVTQYF	1
CASTTGPSYEQYF	1
CASTSWGGETQYF	1
CASTSYNEQFF	1
CASTSPDRANQPQHF	1
CASTSHSPNEQFF	1
CASTRTGGAAYEKLFF	1
CASTKDRGTDTQYF	1
CASTFGSGSSYEQYF	1
CASTFGGDTQYF	1
CASTFATGLDQETQYF	1
CASTFGLVENEQFF	1
CASTFGHRNEQFF	1
CASTFIDRDQPQHF	1
CASTLSVRADTQYF	1
CASTLGGSVNEQFF	1
CASTLVTAKNIQYF	1
CASTSPHEQYF	1
CASTSQARGTQYF	1
CASTSAGGRTDTQYF	1
CASTSIGGLNQPQHF	1
CASTSSSGPPQETQYF	1
CASTSPGRLSYEQYF	1
CASTSQFGDTQYF	1
CASTSGDGSSYEQYF	1
CASTSGTGNREQYF	1
CASTSARRRKPQHF	1
CASTSTVGYEQYF	1
CASTSTSGVNNEQFF	1
CASTSGGGRGNTEAFF	1
CASTSTEVSSYGYTF	1
CASTWVAGAGEQYF	1
CASTWGSSYNEQFF	1
CASTYRLIPRADTQYF	1
CASTYTGNQPQHF	1
CASTYGLLAKNIQYF	1
CASTYINEQFF	1
CASTLPVGGPNEKLFF	1
CASTLRTGLNSPLHF	1
CASTLVRVGTGELFF	1
CASTLAGTGVFGTDTQYF	1
CASTLGASGYNEQFF	1
CASTLGTAANEKLFF	1
CASTLGLAITEQYF	1
CASTLTGSPYEQYF	1
CASTLSGSYYEQYF	1
CASTLLTEQFF	1
CASTLPSGLAGVGEQYF	1
CASTLRGSSTDTQYF	1
CASTLRGLAGPGGELFF	1
CASTLHRTGGGRETQYF	1
CASTLGSGSLYEQYF	1
CASTLGPTPGYTQYF	1
CASTLGPGQPQHF	1
CASTLGEYNEQFF	1
CASTLGLAGGVGELFF	1
CASTLWAGYEQYF	1
CASTLWGAGELFF	1
CASTLGGGTGELFF	1
CASTLGQAAYEQYF	1
CASTLGGQITDTQYF	1
CASTLEGETQYF	1
CASTLIAGYNEQFF	1
CASTLSGAATNEKLFF	1
CASTLSNEQFF	1
CASTLNQGADTEAFF	1
CASTLNNEQFF	1
CASTLSGPYEQYF	1
CASTLLAEEEGEQYF	1
CASTLRHTGELFF	1
CASTLGTGGTYEQYF	1
CASTLGRRNEQFF	1
CASTLEGTQETQYF	1
CASTLRGRGPGEQYF	1
CASTPFTGTSSYEQYF	1
CASTPPETSGKPGTQYF	1
CASTPVGLAGADEQYF	1
CASTPLAGAYEQYF	1
CASTPLGRRETQYF	1
CASTPCRAAYSNQPQHF	1
CASTPLWAGGIKETQYF	1
CASTPPRLAGVAGELFF	1
CASTPRREFNQPQHF	1
CASTPRDYGYTF	1
CASTPHQSYNEQFF	1
CASTPGGPNTGELFF	1
CASTPGPANEQFF	1
CASTPGPIGANVLTF	1
CASTPGGEETQYF	1
CASTPGRKNTDTQYF	1
CASTPTPGSSADTQYF	1
CASTPTGTNSPLHF	1
CASTPFWGGSDYGYTF	1
CASTPSEGGDEQFF	1
CASTPGQSSYEQYF	1
CASTPGGYRGNLGYEQFF	1
CASTPGLTAYEQYF	1
CASTPGLAASYNEQFF	1
CASTPGLAGLGSYNEQFF	1
CASTPGLGNYEQYF	1
CASTPGQSTDTQYF	1
CASTPDLLNEQFF	1
CASTPDTSSSLRETQYF	1
CASTPEEANEQFF	1
CASTPINSLGELFF	1
CASTPTDYSYEQYF	1
CASTPSLRDTQYF	1
CASTPSPAPPGEQYF	1
CASTPPGGGGDSYEQYF	1
CASTPVSTDNYGYTF	1
CASTPTWRDTQYF	1
CASTPSQQRNQPQHF	1
CASTPSMGTQYF	1
CASTPNRAANYGYTF	1
CASTRFIGSPPYEQYF	1
CASTRPGTVSNSPLHF	1
CASTRPNQETQYF	1
CASTRGPNTEAFF	1
CASTRGWGNNEQFF	1
CASTRGAQGDKPNEQFF	1
CASTRDLNDEQYF	1
CASTRDISYEQYF	1
CASTRTSNTGELFF	1
CASTRTGGSYEQYF	1
CASTRTGGGNSPLHF	1
CASTRTGRESPLHF	1
CASTRAGEYQETQYF	1
CASTRGQGSGVLHF	1
CASTRNARGAGGLSYEQYF	1
CASTRNGELNQPQHF	1
CASTHPGVRDNEQFF	1
CASTHRGNTGELFF	1
CASTHHRQGFFGEQYF	1
CASTQVGLAGRNEQFF	1
CASTQGPGGNEQFF	1
CASTQGRNSPLHF	1
CASTQESSYNEQFF	1
CASTQSSNTGELFF	1
CASTQSGTGNQPQHF	1
CASTQLSVGEQFF	1
CASTQLAGVADTQYF	1
CASTQPGTSPYEQYF	1
CASTQPGLAYTGELFF	1
CASTQRPPAGRDYGYTF	1
CASTQAGSGNEQFF	1
CASTQGREGSYNEQFF	1
CASTQGEAGELFF	1
CASTQRVSNQPQHF	1
CASTVSGRNEQFF	1
CASTVGGRSQETQYF	1
CASTVDRGVNTEAFF	1
CASTVHTGELFF	1
CASTVAGGAREQYF	1
CASTVANTGELFF	1
CASTASSGSRTPRRYEQYF	1
CASTAIGGRDQETQYF	1
CASTAHPGELFF	1
CASTAGTTYQETQYF	1
CASTAPAKPNTEAFF	1
CASTGGTSGSYEQYF	1
CASTGDGSSYEQYF	1
CASTGDTRRNYGYTF	1
CASTGISEQFF	1
CASTGTYTDTQYF	1
CASTGTSGYNEQFF	1
CASTGRSMSSTGELFF	1
CASTGQGGDIQYF	1
CASTDPDSKYEQYF	1
CASTEGGTENTEAFF	1
CASTEGQGGQPQHF	1
CASTEQGSLYQPQHF	1
CASTEGQGGYNEQFF	1
CASTIGRTAGDEQFF	1
CASTIEGETQYF	1
CASTISHGVWAGELFF	1
CASTMGSTDTQYF	1
CASTIGSGAQYF	1
CASTIGGGTIYEQYF	1
CASTIRQGTGELFF	1
CASTTRRGPGYEQYF	1
CASTTRRLGPAHNEQFF	1
CASTTGTGMYEQYF	1
CASTTDKWDYNEQFF	1
CASTTLGGQETQYF	1
CASTTAGDIQYF	1
CASTTGAREQFF	1
CASTTGASGNNEQFF	1
CASTTGWGGNQPQHF	1
CASTTELTSYEQYF	1
CASTSGSYNEQFF	1
CASTRGESNEQFF	1
CASTRDTYNEQFF	1
CASTRTGLDTEAFF	1
CASTRRTADTQYF	1
CASTRWGPGTEAFF	1
CASTRRLAGGSLAKNIQYF	1
CASTRQGAFGELFF	1
CASTRTSNQPQHF	1
CASTNLERGWETQYF	1
CASTNQGYEQYF	1
CASTNTGELFF	1
CASTKGGEYNEQFF	1
CASTKGLAVDTQYF	1
CASTKDRGDHNEQFF	1
CASTKTGGRDEQFF	1
CASTKERGGWGYF	1
CASTKKAGAGHEQYF	1
CASTSFGSPLHF	1
CASTPVGLGRYEQYF	1
CASTVRLAGVSYNEQFF	1
CASTAAFGDEQFF	1
CASTGGSYEQYF	1
CASTGLALSRGELFF	1
CASTGQGSYEQYF	1
CASTGQGTSPLHF	1
CASTGQNSYEQYF	1
CASTGQPDTGELFF	1
CASTDRVTRNTGELFF	1
CASTDGREAQYF	1
CASTIEAQENEQFF	1
CASTITEGAGELFF	1
CASTTRTSGDSYEQYF	1
CASTTRQGNTEAFF	1
CASTTVSGNTIYF	1
CASTTSLSSGNTIYF	1
CASTLAESTDTQYF	1
CASTLESRVGNSPLHF	1
CASTPIGSSYEQYF	1
CASTPTGRTRYGYTF	1
CASTHGRIRSYEQYF	1
CASTHDPGLALTNTGELFF	1
CASTQGQNTEAFF	1
CASTQPQGLADTDTQYF	1
CASTAGTFSPYEQYF	1
CASTGGRASREQYF	1
CASTGSGYEQYF	1
CASTETSAYNEQFF	1
CASTTGTSYNEQFF	1
CASTKGAASGETQYF	1
CASTKGSSTDTQYF	1
CASSFFSQQETQYF	1
CASSFFPPGQGNTGELFF	1
CASSFFRDSFTETQYF	1
CASSFFETQYF	1
CASSFLWAGELFF	1
CASSFLLRLGEAVDEQFF	1
CASSFLSSGRNEQFF	1
CASSFLQGAEQYF	1
CASSFLGEGVQETQYF	1
CASSFLTWTGNPLETQYF	1
CASSFSLGPSQETQYF	1
CASSFSRATGGFEQFF	1
CASSFSSTDTQYF	1
CASSFSPFAGGLTDTQYF	1
CASSFSSGSSGEQFF	1
CASSFSRVGAYEQYF	1
CASSFSNRGNLLYEQYF	1
CASSFSGLAGGGEQFF	1
CASSFSGEDYNEQFF	1
CASSFSGSSYNEQFF	1
CASSFSGQLYNEQFF	1
CASSFSGQGAIEQYF	1
CASSFSLAVATGELFF	1
CASSFWGTTGELFF	1
CASSFYQGAYGTYEQYF	1
CASSFYANTGELFF	1
CASSFLAGTDTQYF	1
CASSFLEKLFF	1
CASSFLILETQYF	1
CASSFLARTGELFF	1
CASSFLGETQYF	1
CASSFPSAYDGEQFF	1
CASSFPRWYEQYF	1
CASSFPPGTLPYEQYF	1
CASSFPARGSYEQYF	1
CASSFPGRRSYNEQFF	1
CASSFPGQNYGYTF	1
CASSFPGETQYF	1
CASSFRLGITDTQYF	1
CASSFRGTGMNEQFF	1
CASSFRDRGSDEQYF	1
CASSFRTGSSYEQYF	1
CASSFRSGRLAGSQETQYF	1
CASSFRSLGDTQYF	1
CASSFRLVSYNEQFF	1
CASSFRLAVRTDTQYF	1
CASSFRGGELFF	1
CASSFRGWEYEQYF	1
CASSFRGDEQYF	1
CASSFRDQPQHF	1
CASSFRETQYF	1
CASSFRTSGRSGPYNEQFF	1
CASSFHLNEQFF	1
CASSFHPLAGGQEDEQYF	1
CASSFQLSYNEQFF	1
CASSFQVLNQPQHF	1
CASSFQGSGTEAFF	1
CASSFQGATDGYTF	1
CASSFQGPYEQYF	1
CASSFQPGQTYEQYF	1
CASSFQRSSFAYEQYF	1
CASSFQHAGKSYEQYF	1
CASSFVGELFF	1
CASSFVGGTQHF	1
CASSFARLGEQFF	1
CASSFAGQGTDTQYF	1
CASSFAGGGETQYF	1
CASSFAGGQFTLHF	1
CASSFAGSSTDTQYF	1
CASSFGQDNSPLHF	1
CASSFGAENNEQFF	1
CASSFGGSFTDTQYF	1
CASSFGSLYEQYF	1
CASSFGRDYEQYF	1
CASSFGYNEQFF	1
CASSFGLVGERDEQFF	1
CASSFGLAENTGELFF	1
CASSFGRDTGELFF	1
CASSFGAGGEETQYF	1
CASSFGGGTGELFF	1
CASSFGGWNTGELFF	1
CASSFGGGPYEQYF	1
CASSFGGTGELFF	1
CASSFGDSSYEQYF	1
CASSFGERTGYEQYF	1
CASSFGTTYEQYF	1
CASSFGLAGGFNEQFF	1
CASSFGLAGGPVTGELFF	1
CASSFGQHSNQPQHF	1
CASSFGSGTEAFF	1
CASSFGKASPLHF	1
CASSFDSYEQYF	1
CASSFDQETQYF	1
CASSFDGSNQPQHF	1
CASSFDTRNIQYF	1
CASSFESPLHF	1
CASSFEAGRANEQFF	1
CASSFEATGEQYF	1
CASSFEEGLSNQPQHF	1
CASSFIRTEYGYTF	1
CASSFIQGRETQYF	1
CASSFMRGAYNEQFF	1
CASSFMTRPGTQYF	1
CASSFMTDYNEQFF	1
CASSFMSNQPQHF	1
CASSFIPDNQETQYF	1
CASSFTSGDEQYF	1
CASSFTGREKLFF	1
CASSFTGPETQYF	1
CASSFSSSYEQYF	1
CASSFSLDSPQHF	1
CASSFSTNYGYTF	1
CASSFSPGGGNQPQHF	1
CASSFSGYNEQFF	1
CASSFRQGRTEAFF	1
CASSFRAGAPTDTQYF	1
CASSFRAAGPPNEQFF	1
CASSFRGRAETQYF	1
CASSFRDGRNTEAFF	1
CASSFRTGTDTQYF	1
CASSFRQGGATYNEQFF	1
CASSFRGLRGYEQYF	1
CASSFREGPLHF	1
CASSFNAEKYNEQFF	1
CASSFNMGQGYEQYF	1
CASSFNQGSYTGELFF	1
CASSFNSNQPQHF	1
CASSFKDTQYF	1
CASSFFLTDTQYF	1
CASSFFVGQGGNQPQHF	1
CASSFFSSYNEQFF	1
CASSFFTDTQYF	1
CASSFLVGPSYEQYF	1
CASSFLAPQDTQYF	1
CASSFLEGNYEQYF	1
CASSFLSGEETQYF	1
CASSFLAGGTDTQYF	1
CASSFSRDRQFF	1
CASSFSGRIDQPQHF	1
CASSFSSGRETQYF	1
CASSFSSEQYF	1
CASSFSSINEQFF	1
CASSFSRAISYNEQFF	1
CASSFSFWGGTDTQYF	1
CASSFSSNTEAFF	1
CASSFSQGASYEQYF	1
CASSFSGGVYNEQFF	1
CASSFSGGSNEKLFF	1
CASSFSGTGDPLYEQYF	1
CASSFSDRVVYEQYF	1
CASSFSGGPLTGELFF	1
CASSFSRQGESPLHF	1
CASSFWQGHQPQHF	1
CASSFWAPHSNEKLFF	1
CASSFWGRTNTEAFF	1
CASSFYSGRGTDTQYF	1
CASSFYSGELFF	1
CASSFYNEQFF	1
CASSFLSVGELFF	1
CASSFLLYNEQFF	1
CASSFLPAYEQYF	1
CASSFLEGEYNEQFF	1
CASSFLASLEGGYNEQFF	1
CASSFLPPGLVWETQYF	1
CASSFLAGEVNEQFF	1
CASSFLASDEQFF	1
CASSFPLSSQYF	1
CASSFPTSGIHNEQFF	1
CASSFPLDSGYTF	1
CASSFPERGAF	1
CASSFPGTSGFGEQFF	1
CASSFPGLAAYEQYF	1
CASSFPGLAGYNEQFF	1
CASSFPDSLSYEQYF	1
CASSFPRRTGELFF	1
CASSFPQGNQPQHF	1
CASSFPGDEQYF	1
CASSFRVGGDEQFF	1
CASSFRSGTGREVQYF	1
CASSFRPSGRMYF	1
CASSFRVYNSPLHF	1
CASSFRGLGTGELFF	1
CASSFRGKYEQYF	1
CASSFRDRGLHEQFF	1
CASSFRTGRLNNEQFF	1
CASSFRGGGITGELFF	1
CASSFHSSYEQYF	1
CASSFHRVGDTEAFF	1
CASSFHKGSYNEQFF	1
CASSFQLSYEQYF	1
CASSFQREGVDNEQFF	1
CASSFQGREQYF	1
CASSFQGGETQYF	1
CASSFQGQTNYGYTF	1
CASSFQGTGSNTF	1
CASSFQTSSYNEQFF	1
CASSFVGGPTDTQYF	1
CASSFVNEQFF	1
CASSFVGGTKNIQYF	1
CASSFVSNINEKLFF	1
CASSFVGRSSYNEQFF	1
CASSFVQGPWALDSEQFF	1
CASSFVDSLNTEAFF	1
CASSFASDDTGELFF	1
CASSFAPGGGKNIQYF	1
CASSFAGGDTQYF	1
CASSFAGLNEQFF	1
CASSFGPSYEQYF	1
CASSFGHQGSPYEQYF	1
CASSFGGGGPQETQYF	1
CASSFGGQVAYEQYF	1
CASSFGFPNEYSNQPQHF	1
CASSFGLYSNQPQHF	1
CASSFGLASDTQYF	1
CASSFGPGGAGELFF	1
CASSFGHGNQPQHF	1
CASSFGGRSYEQYF	1
CASSFGDRSYNEQFF	1
CASSFGRERAQPQHF	1
CASSFGQGALRELFF	1
CASSFGVYNEQFF	1
CASSFGARGGQETQYF	1
CASSFGGEQFF	1
CASSFGGVAETQYF	1
CASSFGGRSEQYF	1
CASSFGTSNEQFF	1
CASSFGTGELFF	1
CASSFGTDSNQPQHF	1
CASSFGTGWSPLHF	1
CASSFGSPHEQYF	1
CASSFGRISGTDTQYF	1
CASSFGLEQYF	1
CASSFGLAGPETQYF	1
CASSFGQGDPSYNEQFF	1
CASSFGQETQYF	1
CASSFGGPETQYF	1
CASSFGGPLSGNTIYF	1
CASSFDEQFF	1
CASSFDLSGGDTGELFF	1
CASSFDASGGQPQHF	1
CASSFDGSHNGELFF	1
CASSFDRVGTEAFF	1
CASSFDRVTGELFF	1
CASSFDRETQYF	1
CASSFDNSRDTGELFF	1
CASSFDKDYEQYF	1
CASSFEGPDYNEQFF	1
CASSFEDNLYEQYF	1
CASSFEQARDTQYF	1
CASSFEAGEQFF	1
CASSFEGYGQPQHF	1
CASSFEDWDSLKNIQYF	1
CASSFTSVGDTQYF	1
CASSFTSGRKLFF	1
CASSFTYEQYF	1
CASSFTLLWGRFQETQYF	1
CASSFTGTRTDTQYF	1
CASSFTGTGRLEQYF	1
CASSFTVVTGELFF	1
CASSFSFSQPQHF	1
CASSFSGIVNEQFF	1
CASSFSTDTQYF	1
CASSFSRKQFF	1
CASSFRSGGSPLHF	1
CASSFRLAGTYEQYF	1
CASSFRGAIGGGYTF	1
CASSFRPFYEQYF	1
CASSFNWNEQYF	1
CASSFNGRVLDQETQYF	1
CASSFNPRLGANEQFF	1
CASSFNREEQFF	1
CASSFKPGSDEKLFF	1
CASSFKRDQQFF	1
CASSFKGFFAGELFF	1
CASSFKGSGYGYTF	1
CASSLLSSGNNEQFF	1
CASSLLQGVYNSPLHF	1
CASSLLAAQETQYF	1
CASSLLAGGPETQYF	1
CASSLLAAGELFF	1
CASSLLGPGELFF	1
CASSLLTSDTQYF	1
CASSLSLAGGGGLNEQFF	1
CASSLSGGGTEAFF	1
CASSLSRRELFF	1
CASSLSATSSYEQYF	1
CASSLSDRAYEQYF	1
CASSLSGSSYEQYF	1
CASSLSGLAGRDTQYF	1
CASSLWQGYNEQFF	1
CASSLWASGSLREETQYF	1
CASSLWGGKNIQYF	1
CASSLWGQRNTIYF	1
CASSLWGESYNEQFF	1
CASSLWELDTDTQYF	1
CASSLLGTDTQYF	1
CASSLLSEQFF	1
CASSLLNEQFF	1
CASSLLGNQPQHF	1
CASSLLGQGTDTQYF	1
CASSLPRDRAGNTIYF	1
CASSLPGTGNQPQHF	1
CASSLPAGSFYNEQFF	1
CASSLRSNTEAFF	1
CASSLRDGYNEQFF	1
CASSLRESSYEQYF	1
CASSLRTTATDTQYF	1
CASSLRTSGSGSYEQYF	1
CASSLHRNTEAFF	1
CASSLQAGGPLDTQYF	1
CASSLQADSYEQYF	1
CASSLVTEDTQYF	1
CASSLVGGTEAFF	1
CASSLVAGANTGELFF	1
CASSLVASSYNEQFF	1
CASSLAGADEQYF	1
CASSLAYNEQFF	1
CASSLAGQPQHF	1
CASSLAGTANEKLFF	1
CASSLATGELFF	1
CASSLAGSHEQYF	1
CASSLGVGGQYF	1
CASSLGGGNEQFF	1
CASSLGGGYNEQFF	1
CASSLGPSNQPQHF	1
CASSLGRAAYEQYF	1
CASSLGGSFADTQYF	1
CASSLGTSYEQYF	1
CASSLGRRYEQYF	1
CASSLGRITYEQYF	1
CASSLGNFAGVSNEQFF	1
CASSLGLAGPNEQFF	1
CASSLGLDNTGELFF	1
CASSLGRDNGEQFF	1
CASSLGVDYEQYF	1
CASSLGVIEQYF	1
CASSLGASTDTQYF	1
CASSLGGNYGYTF	1
CASSLGGYNSPLHF	1
CASSLGGLLSYNEQFF	1
CASSLGGRETQYF	1
CASSLGDTQYF	1
CASSLGTDNQPQHF	1
CASSLGLGAGEQYF	1
CASSLGLSWTQYF	1
CASSLGLTDTQYF	1
CASSLGHHEAFF	1
CASSLGQGPQFF	1
CASSLGQGALETQYF	1
CASSLGQGKNEKLFF	1
CASSLGDTQYF	1
CASSLGIGELFF	1
CASSLDGGGETQYF	1
CASSLDPANTGELFF	1
CASSLDQYTGELFF	1
CASSLDGTSKETQYF	1
CASSLDGKNQPQHF	1
CASSLDSYTGELFF	1
CASSLDSNNEQFF	1
CASSLDRGFGEQYF	1
CASSLDRGSGTEAFF	1
CASSLIRNEQFF	1
CASSLIGGSSYNEQFF	1
CASSLIGGRRYF	1
CASSLIGGNYEQYF	1
CASSLIGRGEQFF	1
CASSLMPSGLTDTQYF	1
CASSLMVDNSPLHF	1
CASSLMNIPDTQYF	1
CASSLIGWRPPGYEQYF	1
CASSLTSGLAYTGELFF	1
CASSLTSGIFPDTQYF	1
CASSLTSGRSTQYF	1
CASSLTREETQYF	1
CASSLTGRFYTF	1
CASSLTGGYEQYF	1
CASSLTGTSGSYNEQFF	1
CASSLTEDNTEAFF	1
CASSLTGGPLEAFF	1
CASSLTTGAYEQYF	1
CASSLTGGDIQYF	1
CASSLTGDEQYF	1
CASSLTGNYGYTF	1
CASSLTESYEQYF	1
CASSLTIHTGGEQYF	1
CASSLSGMRDTQYF	1
CASSLRLAYEQYF	1
CASSLRPYSTDTQYF	1
CASSLRTDGNTGELFF	1
CASSLRTGQNQPQHF	1
CASSLRTGVNEQFF	1
CASSLRAVSYNEQFF	1
CASSLNPAGQPGTDTQYF	1
CASSLNSPNTEAFF	1
CASSLKGGASEKLFF	1
CASSLKISTDTQYF	1
CASSLFWAKPGLAGGGYNEQFF	1
CASSLFPLVNEQFF	1
CASSLFPGQNTDTQYF	1
CASSLFGDTQYF	1
CASSLFTSGGNIQYF	1
CASSLFPDRGTYNEQFF	1
CASSLFPRGEQYF	1
CASSLFPGLGEQFF	1
CASSLFPRELPTDTQYF	1
CASSLFPGVGYEQYF	1
CASSLFATSGRVNEQFF	1
CASSLFGTSGINEQFF	1
CASSLFDPVRNSYNEQFF	1
CASSLFRGRDTGELFF	1
CASSLFRESYEQYF	1
CASSLLSGGTDTQYF	1
CASSLLSTDTQYF	1
CASSLLLAGGPKLLEQYF	1
CASSLLPGNTGELFF	1
CASSLLPKGGYQETQYF	1
CASSLLPVGAVTSTDTQYF	1
CASSLLRGVDTEAFF	1
CASSLLAGLDTQYF	1
CASSLLGGVHEQYF	1
CASSLLDRTYEQYF	1
CASSLLTTSGRNNEQFF	1
CASSLLTGGYEQYF	1
CASSLLKRGLPTDTQYF	1
CASSLLSSGRANEQFF	1
CASSLLLNTGELFF	1
CASSLLRGPNTGELFF	1
CASSLLAPPGELFF	1
CASSLLAGDLYEQYF	1
CASSLLGLAGSYNEQFF	1
CASSLLGRTGDGYTF	1
CASSLLGDSSYEQYF	1
CASSLSYGTGTYEQYF	1
CASSLSPSGSTDTQYF	1
CASSLSRRADTQYF	1
CASSLSVNTEAFF	1
CASSLSAGGGPSSYEQYF	1
CASSLSGALGGTQYF	1
CASSLSGGGEQYF	1
CASSLSFYQPQHF	1
CASSLSWVGENF	1
CASSLSLRLAGRNEQFF	1
CASSLSLTGELFF	1
CASSLSLVYNEQFF	1
CASSLSPGTGGFEAFF	1
CASSLSPGPRPYEQYF	1
CASSLSPDLTYEQYF	1
CASSLSPDYYEQYF	1
CASSLSPETQYF	1
CASSLSPVGRINEKLFF	1
CASSLSPASDTQYF	1
CASSLSRGLALHTDTQYF	1
CASSLSRVPGSCFF	1
CASSLSQGQETQYF	1
CASSLSVDLTQYF	1
CASSLSVGAGNEQFF	1
CASSLSGGSLDTQYF	1
CASSLSGGRDNEQFF	1
CASSLSGIANTGELFF	1
CASSLSGIGNTIYF	1
CASSLSGTSGSAQYF	1
CASSLSDRGNTEAFF	1
CASSLSMGDRGLYEQYF	1
CASSLSRRNIQYF	1
CASSLSRNQQFF	1
CASSLSLQDRWQRQYF	1
CASSLSSGANTEAFF	1
CASSLSYRRLAGDGSYNEQFF	1
CASSLSPLALYEQYF	1
CASSLSPPPWGEANEQFF	1
CASSLSPGIGEQFF	1
CASSLSREEWREQFF	1
CASSLSQPWPEKLFF	1
CASSLSQGETPYEQYF	1
CASSLSVLWNGPETDTQYF	1
CASSLSVGEETQYF	1
CASSLSVKQSYEQYF	1
CASSLSASRVGTGELFF	1
CASSLSASTDTQYF	1
CASSLSAGDYEQYF	1
CASSLSAVTLAGRKNIQYF	1
CASSLSAGDYEQYF	1
CASSLSADSSNQPQHF	1
CASSLSAPGTSVWDTQYF	1
CASSLSAVAGDEQYF	1
CASSLSAGGILETQYF	1
CASSLSAELSYNEQFF	1
CASSLSGNSPLHF	1
CASSLSGLARTDTQYF	1
CASSLSGPGPDTQYF	1
CASSLSGGRNPYSNEQFF	1
CASSLSGADTQYF	1
CASSLSGGPTEAFF	1
CASSLSGFYEQYF	1
CASSLSGLAGGSEQYF	1
CASSLSGLADTYEQYF	1
CASSLSGRQETQYF	1
CASSLSGQGSYNEQFF	1
CASSLSGQTPYTF	1
CASSLSDYPQETQYF	1
CASSLSDRGGELFF	1
CASSLSEGNIQYF	1
CASSLSTVAYNEQFF	1
CASSLSTTDSNQPQHF	1
CASSLSTGGYEQYF	1
CASSLSSGAWVYEQYF	1
CASSLSKGGREQYF	1
CASSLSFVFGSNIQYF	1
CASSLSGAGELFF	1
CASSLSSTDTQYF	1
CASSLSNEQFF	1
CASSLSKGLKYGYTF	1
CASSLWQGSGNTIYF	1
CASSLWQGAGELFF	1
CASSLWASGYNEQFF	1
CASSLWAGTGNPRVVNEQFF	1
CASSLWAGLLDTGELFF	1
CASSLWAGGNTGELFF	1
CASSLWGQETQYF	1
CASSLWGGSTDTQYF	1
CASSLWGGLETQYF	1
CASSLWGTGGGDEQFF	1
CASSLWGNTDTQYF	1
CASSLWGFADTQYF	1
CASSLWGLDNEQFF	1
CASSLWGLPGYNEQFF	1
CASSLWGQPEQYF	1
CASSLWGTGGSYEQYF	1
CASSLWGSYEQYF	1
CASSLWDYMQFF	1
CASSLWDEDEQFF	1
CASSLWDNQPQHF	1
CASSLWETSGIDEQYF	1
CASSLWTSGYNEQFF	1
CASSLWTRRSYNEQFF	1
CASSLWSGRASLF	1
CASSLYLQGSKLFF	1
CASSLYSRGVYEQYF	1
CASSLYSASSSRETQYF	1
CASSLYLGGGPGNEQFF	1
CASSLYPSGRPDSYEQYF	1
CASSLYQDRGREQYF	1
CASSLYATEAFF	1
CASSLYGDMRNNEQFF	1
CASSLYGNMDIDSGANVLTF	1
CASSLYSSYEQYF	1
CASSLYLAGHESDTQYF	1
CASSLYPGSSGNTIYF	1
CASSLYREFYEQYF	1
CASSLYQRWGRGVNNEQFF	1
CASSLYQYTDTQYF	1
CASSLYQETQYF	1
CASSLYAGAAHEQYF	1
CASSLYGGPYEQYF	1
CASSLYGGGSYNEQFF	1
CASSLYTGGRSSYNEQFF	1
CASSLYREPVYEQYF	1
CASSLLQGGGSYNEQFF	1
CASSLLDTEAFF	1
CASSLLFRGAGKDEQYF	1
CASSLLPLYEQYF	1
CASSLLGSGELFF	1
CASSLLLNTEAFF	1
CASSLLAGGSYNEQFF	1
CASSLLGPSYEQYF	1
CASSLLTGGHGYTF	1
CASSLLAGTYEQYF	1
CASSLLAGGYYGTDTQYF	1
CASSLLAGGPINEQFF	1
CASSLLAGGPGEQYF	1
CASSLLAGGPKEQYF	1
CASSLLAGGETQYF	1
CASSLLDSYNEQFF	1
CASSLLSGSGTDTQYF	1
CASSLLRTQETQYF	1
CASSLPSEGVISYEQYF	1
CASSLPGTGGREQYF	1
CASSLPLAGVEQFF	1
CASSLPSSAGGPDEQFF	1
CASSLPPPSGAGEQYF	1
CASSLPPHRVPSYEQYF	1
CASSLPGDEQFF	1
CASSLPGTGGTDTQYF	1
CASSLPDREKETQYF	1
CASSLPRLPQHF	1
CASSLPNYEQYF	1
CASSLPKEHTEAFF	1
CASSLPASQETQYF	1
CASSLPGGYEQYF	1
CASSLPGLAGVGELFF	1
CASSLPLRDKLVETQYF	1
CASSLPAETQYF	1
CASSLPGSPVDTQYF	1
CASSLRWNTEAFF	1
CASSLRRGSADFNSPLHF	1
CASSLRGTSGSTDTQYF	1
CASSLRSQGLPYF	1
CASSLRWLAVDTQYF	1
CASSLRLGEQYF	1
CASSLRRTSGRGTGELFF	1
CASSLRYEQYF	1
CASSLRAPAELFF	1
CASSLRASTHEQFF	1
CASSLRGGETQYF	1
CASSLRGAPPDTQYF	1
CASSLRSASGIEQYF	1
CASSLRQTYEQYF	1
CASSLRAGGGNEQFF	1
CASSLRGQGYRTGELFF	1
CASSLRRYTDTEAFF	1
CASSLHLQGDTQYF	1
CASSLHDVNEQFF	1
CASSLQRGRSDTQYF	1
CASSLQRGYEQYF	1
CASSLQASVNSPLHF	1
CASSLQGLISGELFF	1
CASSLQGQGEAFF	1
CASSLQGAHYYGQFF	1
CASSLQGVEVGAYEQYF	1
CASSLQENTEAFF	1
CASSLQLALSEQFF	1
CASSLQRGGYSRFTDTQYF	1
CASSLVLGDEQYF	1
CASSLVLEYEQYF	1
CASSLVGRGMNTEAFF	1
CASSLVGYEQYF	1
CASSLVGGNQPQHF	1
CASSLVTSSTEAFF	1
CASSLVSGKAYEQYF	1
CASSLVSNQPQHF	1
CASSLVLADTGELFF	1
CASSLVLAGSYNEQFF	1
CASSLVAPPGDEQFF	1
CASSLVGLPSYNEQFF	1
CASSLVGTDTQYF	1
CASSLVGGPYEQYF	1
CASSLVGLAGGELFF	1
CASSLVSAIGYNSPLHF	1
CASSLVPGFGELFF	1
CASSLVVGRDIYNEQFF	1
CASSLVAGNEQFF	1
CASSLVGPYEQYF	1
CASSLVGQGVQPQHF	1
CASSLVRGGAYEQYF	1
CASSLVGQGWDSNQPQHF	1
CASSLVGQKLFF	1
CASSLVGGENEQYF	1
CASSLVGTGGGGELFF	1
CASSLVGRDGSYEQYS	1
CASSLVESGDRANTEAFF	1
CASSLASGSIYEQYF	1
CASSLAPDLFVGSYEQYF	1
CASSLADSTYEQYF	1
CASSLATGLAVDYNEQFF	1
CASSLARVNTQYF	1
CASSLAYWGPGNQPQHF	1
CASSLALASGDTQYF	1
CASSLAPNEQFF	1
CASSLAPGQGLYEQFF	1
CASSLARRDRVSNEQFF	1
CASSLAAGGPSETQYF	1
CASSLAGGGETQYF	1
CASSLAGTRSETQYF	1
CASSLAEGLGDTQYF	1
CASSLANRGGGQPQHF	1
CASSLALGTYEQYF	1
CASSLASSGFAYEQYF	1
CASSLAVHDTQYF	1
CASSLAGSGYNEQFF	1
CASSLAGSGTQGDTQYF	1
CASSLAGPDNEQFF	1
CASSLAGKYEQYF	1
CASSLAGVSYEQYF	1
CASSLAGVGTTEAFF	1
CASSLAGGYNEQFF	1
CASSLAGGRVAKNIQYF	1
CASSLAGGNQPQHF	1
CASSLAGLNTGELFF	1
CASSLAGGPETQYF	1
CASSLAGGLAGGNEQFF	1
CASSLADSSYEQYF	1
CASSLASWGTGNTIYF	1
CASSLAKRHNEQFF	1
CASSLAKTSRANEQFF	1
CASSLALAGGPYEQYF	1
CASSLAAGRTGELFF	1
CASSLAGWRRPNTEAFF	1
CASSLAGSPLNQPQHF	1
CASSLAGISNQPQHF	1
CASSLAGGLETQYF	1
CASSLGFRGETQYF	1
CASSLGLAGYNEQFF	1
CASSLGSSLPDTQYF	1
CASSLGLAVEQYF	1
CASSLGLAGAGDTQYF	1
CASSLGGYEQYF	1
CASSLGGYEQYF	1
CASSLGGGGAQETQYF	1
CASSLGGRPDTQYF	1
CASSLGIGGEQFF	1
CASSLGTGTGSPGNTIYF	1
CASSLGNGLMEYF	1
CASSLGYRSSYEQYF	1
CASSLGLAPYEQYF	1
CASSLGPRLEQYF	1
CASSLGRAQETQYF	1
CASSLGRIDTQYF	1
CASSLGHLNEQFF	1
CASSLGVFYEQYF	1
CASSLGGTNSPLHF	1
CASSLGGSPYNEQFF	1
CASSLGISTDTQYF	1
CASSLGRGSSYNEQFF	1
CASSLGRDPLNEQFF	1
CASSLGYRDTQYF	1
CASSLGLNTGELFF	1
CASSLGLAAQPSTDTQYF	1
CASSLGPPGNIQYF	1
CASSLGPAYSNQPQHF	1
CASSLGPAGGDNEQFF	1
CASSLGRNQETQYF	1
CASSLGHKGYEQFF	1
CASSLGQGGEQYF	1
CASSLGQGYAEAFF	1
CASSLGQGILLSWQYF	1
CASSLGQGAGELFF	1
CASSLGVATDTQYF	1
CASSLGVTGGQETQYF	1
CASSLGASGRAGRNEQFF	1
CASSLGARGPQHF	1
CASSLGGFQPQHF	1
CASSLGGGPGFNTGELFF	1
CASSLGGGETQYF	1
CASSLGGSTDTQYF	1
CASSLGGLQPYEQYF	1
CASSLGGREVNTEAFF	1
CASSLGGAGELFF	1
CASSLGGTQNIQYF	1
CASSLGTRSVFTYEQYF	1
CASSLGTSGSGEQYF	1
CASSLGTFNEQFF	1
CASSLGTGAFTGELFF	1
CASSLGSNTEAFF	1
CASSLGSWQFF	1
CASSLGSTDTQYF	1
CASSLGRQWVGETQYF	1
CASSLGNRFLPSYEQYF	1
CASSLGLLNTEAFF	1
CASSLGPLYGYTF	1
CASSLGRIEAFF	1
CASSLGQPQHF	1
CASSLGAYNEQFF	1
CASSLGGTNEQFF	1
CASSLGGPRGGELFF	1
CASSLGGSQETQYF	1
CASSLGGPGELFF	1
CASSLGGASNQPQHF	1
CASSLGGEGETQYF	1
CASSLGGSNIQYF	1
CASSLGTYSNQPQHF	1
CASSLGRWGTNYGYTF	1
CASSLGRGLNYGYTF	1
CASSLDWAGLYNEQFF	1
CASSLDRVTQETQYF	1
CASSLDEGARETQYF	1
CASSLDYYSYEQYF	1
CASSLDQSLAGAQNKLFF	1
CASSLDQGRSPEQYF	1
CASSLDRDQETQYF	1
CASSLEFGGGYEQYF	1
CASSLERNEQFF	1
CASSLEVYEQYF	1
CASSLEVPPYEQYF	1
CASSLEASGPYEQYF	1
CASSLEGNEKLFF	1
CASSLEGGGRIYNEQFF	1
CASSLETAVETQYF	1
CASSLESYEQFF	1
CASSLEWEDTQYF	1
CASSLERVNEQFF	1
CASSLEAGPTYEQYF	1
CASSLEGEIAKNIQYF	1
CASSLEGTGSYEQYF	1
CASSLIGSPYEQYF	1
CASSLIPLALPGELFF	1
CASSLIGGADTQYF	1
CASSLITADTQYF	1
CASSLINEQFF	1
CASSLMHPSYNEQFF	1
CASSLMQGAYEQYF	1
CASSLMGGTEAFF	1
CASSLMGGEQYF	1
CASSLMDPQGDTQYF	1
CASSLMDSSYEQYF	1
CASSLMTTIGGEQYF	1
CASSLIAYNEQFF	1
CASSLIAGVEQFF	1
CASSLIGANYEQYF	1
CASSLIGNEKLFF	1
CASSLIDTQYF	1
CASSLIRGQGNEQFF	1
CASSLTPELAANEQFF	1
CASSLTGLSSGELFF	1
CASSLTSASYNEQFF	1
CASSLTSGTEQFF	1
CASSLTSGREGADTQYF	1
CASSLTSSANTGELFF	1
CASSLTLGQGAFSYEQYF	1
CASSLTLLRDSSSYNEQFF	1
CASSLTPDRDHEQYF	1
CASSLTHSYNSPLHF	1
CASSLTGGAEKLFF	1
CASSLTGTRALF	1
CASSLTGTGYIQYF	1
CASSLTHTQFF	1
CASSLTQGRQYF	1
CASSLTGTTNTDTQYF	1
CASSLTGLSSYEQYF	1
CASSLTGQSYEQYF	1
CASSLTTGGVETQYF	1
CASSLTTSGYEQYF	1
CASSLTSPTSTDTQYF	1
CASSLTWRNQPQHF	1
CASSLTGAYNEQFF	1
CASSLTGTGANVLTF	1
CASSLSSKTGPGELFF	1
CASSLSWGNEQFF	1
CASSLSAVNEQFF	1
CASSLSGIIAYNEQFF	1
CASSLSGTATGELFF	1
CASSLSGGDIQYF	1
CASSLSGRASYEQYF	1
CASSLSETQYF	1
CASSLRLAGSYEQYF	1
CASSLRPSGHEQYF	1
CASSLRRSTDTQYF	1
CASSLRQDHEQYF	1
CASSLRVEKLFF	1
CASSLRALQETQYF	1
CASSLRGFREASGEQYF	1
CASSLRGRHQPQHF	1
CASSLRGALGEKLFF	1
CASSLRDSYNSPLHF	1
CASSLRDHRRDEQFF	1
CASSLREDTQYF	1
CASSLRESNQPQHF	1
CASSLRMRDRHSIGAGELFF	1
CASSLRSGSVGETQYF	1
CASSLRRGREAFF	1
CASSLRWAQETQYF	1
CASSLRLALNNEQFF	1
CASSLRVTDTQYF	1
CASSLNPTSGFDNEQFF	1
CASSLNGSSYNEQFF	1
CASSLNNQPQHF	1
CASSLNRGVRAFF	1
CASSLKYEQFF	1
CASSLKAGAPYEQYF	1
CASSLKGPGQGFYNEQFF	1
CASSLKGPLAGYNEQFF	1
CASSLKPPGARNSPLHF	1
CASSSFTLGQGNSNQPQHF	1
CASSSFNMNTEAFF	1
CASSSLGGGRSYNEQFF	1
CASSSSSYEQYF	1
CASSSSVTEAFF	1
CASSSSTSGRNTQYF	1
CASSSYFNTGELFF	1
CASSSLYYRGRRDGYTF	1
CASSSLAGEQFF	1
CASSSLAGSISYEQYF	1
CASSSPGTGFYEQYF	1
CASSSPGQGRYHEQYF	1
CASSSPGSDTQYF	1
CASSSRSGRLDTQYF	1
CASSSRRASETQYF	1
CASSSRTGTDTQYF	1
CASSSQRDYTDTQYF	1
CASSSQLNEQFF	1
CASSSQRSSYNEQFF	1
CASSSVRITGELFF	1
CASSSVLAGEVTDTQYF	1
CASSSVSGPLYNEQFF	1
CASSSASYEQYF	1
CASSSGGDTQYF	1
CASSSGQGEQFF	1
CASSSGTGGAYEQYF	1
CASSSGQGQETQYF	1
CASSSGQSTDTQYF	1
CASSSDKYSYNEQFF	1
CASSSISSGRILEQFF	1
CASSSIRYGDEQYF	1
CASSSTRGLTVYEQYF	1
CASSSSRDRGNQETQYF	1
CASSSSGSSYEQYF	1
CASSSSGRALEQYF	1
CASSSSGKNYEQYF	1
CASSSSGNLYEQYF	1
CASSSSILAQETQYF	1
CASSSNSGGEQYF	1
CASSSNRASATNEQFF	1
CASSSKRLAGTLSYNEQFF	1
CASSSKTGGSYEQYF	1
CASSSFTPVDTQYF	1
CASSSFGTAQFF	1
CASSSLAGEETQYF	1
CASSSSHAEQYF	1
CASSSSGTGENIQYF	1
CASSSSGTEKINEQFF	1
CASSSSRRGEAFF	1
CASSSSWIQYF	1
CASSSSPPGLAASYNEQFF	1
CASSSCPSAGPTPREQYF	1
CASSSYLAVRRYEQYF	1
CASSSYQSSYNEQFF	1
CASSSYWGALAKNIQYF	1
CASSSYRDRHQPQHF	1
CASSSLWTSGRTDTQYF	1
CASSSLRGAEAYEQYF	1
CASSSLLASSYNEQFF	1
CASSSLGGGYNEQFF	1
CASSSLAGAHPSSYNEQFF	1
CASSSLLGELFF	1
CASSSLRGEQFF	1
CASSSLQGYGYTF	1
CASSSLQQGEGETQYF	1
CASSSLAGVPDTQYF	1
CASSSLAEPYEQYF	1
CASSSPSRDNTGELFF	1
CASSSPLLLNTEAFF	1
CASSSPGLIFTDTQYF	1
CASSSPSYEQYF	1
CASSSPHRAEAFF	1
CASSSPGRGRAYNEQFF	1
CASSSPGTSGTNEQFF	1
CASSSPGTGLYEQYF	1
CASSSPGSFPDTQYF	1
CASSSPGQGVNEKLFF	1
CASSSPDYLKFF	1
CASSSPAGGVETQYF	1
CASSSPGPLEPGNTIYF	1
CASSSPGDTQYF	1
CASSSPGIGYEQYF	1
CASSSPDGYTGELFF	1
CASSSPESAYNEQFF	1
CASSSPTGGLETQYF	1
CASSSPSTGIRELFF	1
CASSSPPASGSYEQYF	1
CASSSPALPGNTIYF	1
CASSSPEGGIYEQYF	1
CASSSRRGQGRAYEQYF	1
CASSSRQGSDTQYF	1
CASSSRSNGNQPQHF	1
CASSSRGPGGLFF	1
CASSSRDRVSEQYF	1
CASSSRDRSYEQYF	1
CASSSRTGHYEQYF	1
CASSSRSGMDIQYF	1
CASSSRPLGGELFF	1
CASSSRPPSYTF	1
CASSSRRNTGELFF	1
CASSSRGGLAGRRGKLYAYF	1
CASSSRTSGRTREQYF	1
CASSSRKNQPQHF	1
CASSSHGTGSEQFF	1
CASSSHGRGQQPQHF	1
CASSSHGRIYEQYF	1
CASSSHSGSGAYEQYF	1
CASSSHYYEQYF	1
CASSSHRTLSYEQYF	1
CASSSQYNEQFF	1
CASSSQANTEAFF	1
CASSSQGADTGELFF	1
CASSSQGDIQYF	1
CASSSQGREQYF	1
CASSSQLRTSRDETQYF	1
CASSSQPSRANNEQFF	1
CASSSQQGYEQYF	1
CASSSQMAGPNSPLHF	1
CASSSQNDYEQYF	1
CASSSAGSYNEQFF	1
CASSSAGDYNEQFF	1
CASSSAGLGGYGYTF	1
CASSSGHRSGEQYF	1
CASSSGYNEQFF	1
CASSSGRDSNNEKLFF	1
CASSSGVNQPQHF	1
CASSSGAEGGPTDTQYF	1
CASSSGGLTDTQYF	1
CASSSGTPLGQFF	1
CASSSGTISYEQYF	1
CASSSGTTYEQYF	1
CASSSGTSGSRETQYF	1
CASSSGTSGSTDTQYF	1
CASSSGTSNTGELFF	1
CASSSGTVYEQYF	1
CASSSGTGLQETQYF	1
CASSSGTRPYEQYF	1
CASSSGLSYEQYF	1
CASSSGRDTEAFF	1
CASSSGQPTFF	1
CASSSGQAPNEQFF	1
CASSSGQGATEAFF	1
CASSSGQEETQYF	1
CASSSGGRAYEQYF	1
CASSSDPSRAGSSYNEQFF	1
CASSSDPQGNEQYF	1
CASSSEGGPSYEQYF	1
CASSSISGRAAETQYF	1
CASSSIRLAGVDEQFF	1
CASSSTRRAQPQHF	1
CASSSTSGLGYEQYF	1
CASSSTAGVDYNEQFF	1
CASSSTGELFF	1
CASSSTGTSGSYEQYF	1
CASSSTGQAYGYTF	1
CASSSSGGARYEQYF	1
CASSSSDRGTDTQYF	1
CASSSRGEYNEQFF	1
CASSSRTGAENEQFF	1
CASSSRYGTRNYNEQFF	1
CASSSRQAGARYNEQFF	1
CASSSNNQPQHF	1
CASSSKLATHYNEQFF	1
CASSSKAYEQYF	1
CASSSFGSYNEQFF	1
CASSSFRAGTGELFF	1
CASSSSGRAHYEQYF	1
CASSSSASTDTQYF	1
CASSSSISEQFF	1
CASSSYWDSLFYEQYF	1
CASSSYNEQFF	1
CASSSLAGYRDEQYF	1
CASSSPNEPNRRTFWNEQFF	1
CASSSPYEQYF	1
CASSSPGTGGSGYTF	1
CASSSRTTTDTQYF	1
CASSSVTNYEQYF	1
CASSSVGTSGTREQFF	1
CASSSAGGVGEKLFF	1
CASSSAKGPYSNQPQHF	1
CASSSAGGGADTQYF	1
CASSSASFSANTGELFF	1
CASSSAGGVRSEQFF	1
CASSSGGPYGYTF	1
CASSSGISYEQYF	1
CASSSGWGAKNIQYF	1
CASSSGVSGNQPQHF	1
CASSSGGTYEQYF	1
CASSSGLPYEQYF	1
CASSSGLAVYEQYF	1
CASSSDSEQYF	1
CASSSDLYLETQYF	1
CASSSDPSGAGNEQFF	1
CASSSDRSGNEQFF	1
CASSSDRDRDSYEQYF	1
CASSSDGTETGELFF	1
CASSSIGRAELDNEQFF	1
CASSSMRGETQYF	1
CASSSIEEKLFF	1
CASSSTSGYEQYF	1
CASSSTSGSYNEQFF	1
CASSSTSGRDTQYF	1
CASSSTSGGPYEQYF	1
CASSSTAKLAGVQFF	1
CASSSTGVAFSYEQYF	1
CASSSTGVENIQYF	1
CASSSTGADNEQFF	1
CASSSRTDLYGYTF	1
CASSSRLAGAYEQYF	1
CASSSFLLAGPYNEQFF	1
CASSSYELPYNEQFF	1
CASSSYPLGSSISGNTIYF	1
CASSSYRDRTSYEQYF	1
CASSSYATDTQYF	1
CASSSYTGISTDTQYF	1
CASSSLNRVRANVLTF	1
CASSSLAPTMNEQFF	1
CASSSPGLAGAYEQYF	1
CASSSPGNEQFF	1
CASSSPREGRGSYEQYF	1
CASSSPLSGKIDTQYF	1
CASSSRDRVLYEQFF	1
CASSSRQGWEKLFF	1
CASSSHGGSQETQYF	1
CASSSQGGNQPQHF	1
CASSSAGGGYEQYF	1
CASSSAGGQETQYF	1
CASSSAGGSYEQYF	1
CASSSGGQPQHF	1
CASSSGDSRYNEQFF	1
CASSSGSHNEQFF	1
CASSSTRWGTGGYEEKLFF	1
CASSSTRGSPLHF	1
CASSSSWATNYGYTF	1
CASSSSGTGSGELFF	1
CASSSSPGEEQYF	1
CASSSSGRSHSYEQYF	1
CASSSRGHLSNQPQHF	1
CASSSRLDRGRGYTF	1
CASSSKGSGLLDNEQFF	1
CASSSKDRDPYEQYF	1
CASSWLQTQETQYF	1
CASSWSPQLAADYNEQFF	1
CASSWSGGEQYF	1
CASSWYWDEQFF	1
CASSWRTSGPSVNEQFF	1
CASSWAGTSYNEQFF	1
CASSWADRGPTEAFF	1
CASSWAGQGANGYTF	1
CASSWAGVTKTQYF	1
CASSWGRLLDEQYF	1
CASSWGSYNEQFF	1
CASSWGGYEQYF	1
CASSWGGRYNEQFF	1
CASSWGLNTGELFF	1
CASSWGGSGANVLTF	1
CASSWGGETQYF	1
CASSWGRRTKTNYGYTF	1
CASSWGNTGELFF	1
CASSWGKSYNEQFF	1
CASSWGLAGVNTGELFF	1
CASSWGHREQFF	1
CASSWGQGGLSEQYF	1
CASSWGQGLYNEQFF	1
CASSWGQGLTNEQPQHF	1
CASSWDSPAPFEQFF	1
CASSWDRWETQYF	1
CASSWDTPSPLHF	1
CASSWDTRNQPQHF	1
CASSWDRGSYNEQFF	1
CASSWDRTGQPQHF	1
CASSWDRYKNIQYF	1
CASSWEGGNTEAFF	1
CASSWEGRGTGELFF	1
CASSWESTGYNEQFF	1
CASSWTPGSTDTQYF	1
CASSWTSPLSGLNQPQHF	1
CASSWTSGRVEQFF	1
CASSWTGTGRNEQFF	1
CASSWTGTGGEQYF	1
CASSWTENTEAFF	1
CASSWTSPGNQPQHF	1
CASSWTATNDEQYF	1
CASSWTGFVYNEQFF	1
CASSWTGKAAEETQYF	1
CASSWRRERWDEQFF	1
CASSWRDWGGNQPQHF	1
CASSYFSGGYEQYF	1
CASSYSPELAQQYF	1
CASSYSTVVQGGYTF	1
CASSYWLPGNQPQHF	1
CASSYYRGHTEAFF	1
CASSYLDSNQPQHF	1
CASSYLTGGTEAFF	1
CASSYLAQETQYF	1
CASSYLESSYNEQFF	1
CASSYPAFIEQYF	1
CASSYRVLNNEQFF	1
CASSYRGSNQPQHF	1
CASSYHEPAGVADTQYF	1
CASSYQNTDTQYF	1
CASSYVAGNTYNEQFF	1
CASSYAGANEQYF	1
CASSYALDYEQYF	1
CASSYALSYGYTF	1
CASSYGTYEQYF	1
CASSYGREQTGELFF	1
CASSYGVKAYEQYF	1
CASSYGGRVEQYF	1
CASSYGTDYEQYF	1
CASSYDGYNEQFF	1
CASSYDRNQPQHF	1
CASSYEGVSSYEQYF	1
CASSYMGSTGNEQFF	1
CASSYIAGGTQYF	1
CASSYTSGSYEQYF	1
CASSYSSGSLGGEQYF	1
CASSYSGSRGEQYF	1
CASSYSGVTSYEQYF	1
CASSYSGRAYEQYF	1
CASSYRLETQPQHF	1
CASSYRVAGELFF	1
CASSYNGGSYNEQFF	1
CASSYKVTDTQYF	1
CASSYKAYVGYTF	1
CASSYKGLVSEQYF	1
CASSYKDNEQFF	1
CASSYFPTDRGEGYTF	1
CASSYFAASSYEQYF	1
CASSYFGDHSYEQYF	1
CASSYFGSPSKETQYF	1
CASSYLGTGGTGELFF	1
CASSYLGQQETQYF	1
CASSYLGQGKDTQYF	1
CASSYLPTSGSTDTQYF	1
CASSYLQGAYEQYF	1
CASSYLGPVAYNEQFF	1
CASSYLMKAGVTYEQYF	1
CASSYLTAGTGELFF	1
CASSYSFRSGELFF	1
CASSYSSLGPATNEKLFF	1
CASSYSWEGRTEQFF	1
CASSYSPSPVDNEQFF	1
CASSYSPQGPQHF	1
CASSYSRTGQPQHF	1
CASSYSRISSSYEQYF	1
CASSYSGAMNTEAFF	1
CASSYSGGGTEAFF	1
CASSYSGGREYTF	1
CASSYSGTGKYEQYF	1
CASSYSSGSPDTQYF	1
CASSYSSGRAEETQYF	1
CASSYSRGSRNEQFF	1
CASSYSSGEKLFF	1
CASSYSLSGSRYNEQFF	1
CASSYSLLQGNTGELFF	1
CASSYSLGGRETGELFF	1
CASSYSLAGTDTQYF	1
CASSYSPQRGTYEQYF	1
CASSYSPGPYEQYF	1
CASSYSPGEVRNEQFF	1
CASSYSPPNYGYTF	1
CASSYSPGGAYTGELFF	1
CASSYSRTARDTDTQYF	1
CASSYSQVGDETQYF	1
CASSYSVEGELFF	1
CASSYSVRRNTEAFF	1
CASSYSVGEQFF	1
CASSYSATASYEQYF	1
CASSYSAGVLEKLFF	1
CASSYSGSPDNEQFF	1
CASSYSGEQFF	1
CASSYSDTTDTQYF	1
CASSYSSGGNEQFF	1
CASSYSFPTTEKLFF	1
CASSYSSSGATKSPLHF	1
CASSYSSRGFTDTQYF	1
CASSYSSLAGLSSYNEQFF	1
CASSYSWGDTGELFF	1
CASSYSYPSEQYF	1
CASSYSYGEGVNTEAFF	1
CASSYSLAGGREQYF	1
CASSYSPPEQYF	1
CASSYSVRAAYNEQFF	1
CASSYSASGMVPYNEQFF	1
CASSYSARPYEQYF	1
CASSYSGGRVDNEQFF	1
CASSYSGDPNEQFF	1
CASSYSGDGQGYTF	1
CASSYSGEVPSYEQYF	1
CASSYSGLVVTGELFF	1
CASSYSGLDGETQYF	1
CASSYSGAYEQYF	1
CASSYSDEQFF	1
CASSYSESKQFF	1
CASSYSIWGSEAFF	1
CASSYSILRTEAFF	1
CASSYSMSHSGNTIYF	1
CASSYSMAFNTGELFF	1
CASSYSTSGDGVAYEQYF	1
CASSYSTSGRSPDTQYF	1
CASSYSTAHEQFF	1
CASSYSTGELFF	1
CASSYSTEGETQYF	1
CASSYSTGSEAFF	1
CASSYSTGLSTDTQYF	1
CASSYSTNQPQHF	1
CASSYSSGTVTYEQYF	1
CASSYSSADNSYEQYF	1
CASSYSRVDPNTGELFF	1
CASSYSRLAGGANTGELFF	1
CASSYSRQFNQPQHF	1
CASSYSRGLGSAQYF	1
CASSYSRTGIRIEAFF	1
CASSYSNFVVGAHYEQYF	1
CASSYSNLNFRNEQFF	1
CASSYSNYEQYF	1
CASSYSNPRQGSGRNEKLFF	1
CASSYSNRGQHEQYF	1
CASSYSNGYEQYF	1
CASSYSKGYNEQFF	1
CASSYSKMAGEQFF	1
CASSYSSGESEQYF	1
CASSYSYLGSPLHF	1
CASSYSYEQYF	1
CASSYSQGQSVFGEKLFF	1
CASSYSGQGLPFF	1
CASSYSGAGSEAFF	1
CASSYSGGLGYTF	1
CASSYSIREQFF	1
CASSYSTSPGDEQFF	1
CASSYSTRVDTGELFF	1
CASSYSSSRNTEAFF	1
CASSYSRTGSEKLFF	1
CASSYSRQPNTEAFF	1
CASSYWSAQETQYF	1
CASSYWSDDQPQHF	1
CASSYWPQGGSGGYTF	1
CASSYWGGGLFF	1
CASSYWDRVHFRYEQFF	1
CASSYWREEETQYF	1
CASSYYSTISYEQYF	1
CASSYYSPRDGGEKLFF	1
CASSYYPGTRVVDTQYF	1
CASSYYRDNQPQHF	1
CASSYLEALLYNEQFF	1
CASSYLGTGSYNEQFF	1
CASSYLGAQGGGGELFF	1
CASSYLETQYF	1
CASSYLGGSSYEQYF	1
CASSYLSGSTDTQYF	1
CASSYPRTGSSYEQYF	1
CASSYPFTSRLNTGELFF	1
CASSYPLAGSTGELFF	1
CASSYPPNEQFF	1
CASSYPPIWEGPHEQFF	1
CASSYPRAAYTEAFF	1
CASSYPGELFF	1
CASSYPGTGRDEQYF	1
CASSYPGQTGYTF	1
CASSYPIDILMNTEAFF	1
CASSYPSGVGTDTQYF	1
CASSYPRDLREGVYEQYF	1
CASSYPAQVAVADTQYF	1
CASSYPGGRALRTGELFF	1
CASSYPGQVIYEQYF	1
CASSYPDSRGNTIYF	1
CASSYPSYEQYF	1
CASSYPTTSDYEQYF	1
CASSYRSGYNRDEQFF	1
CASSYRTSGYNEQFF	1
CASSYRLVREQYF	1
CASSYRRVQETQYF	1
CASSYRPSGLGEQFF	1
CASSYRQNQPQHF	1
CASSYRGGHEQYF	1
CASSYRGTGSFTDTQYF	1
CASSYRDSYNEQFF	1
CASSYRDGDYNEQFF	1
CASSYRESYNEQFF	1
CASSYRTGNYGYTF	1
CASSYRRGSTGELFF	1
CASSYRQSFRGYTF	1
CASSYRVPGGDFF	1
CASSYRGYNEQFF	1
CASSYRGSGVEQFF	1
CASSYRRTSGRYQETQYF	1
CASSYHYEQFF	1
CASSYHLNYGYTF	1
CASSYHGGRNTEAFF	1
CASSYQAPLLTDTQYF	1
CASSYQAYNEQFF	1
CASSYQGLAGVRDYEQYF	1
CASSYQMNTQYF	1
CASSYQSREETQYF	1
CASSYQPGTSYANEQFF	1
CASSYQPDPIEYGYTF	1
CASSYQITGNEQYF	1
CASSYVQGGRNTGELFF	1
CASSYVAGQGAWDTQYF	1
CASSYVAGGPVNTQYF	1
CASSYVAQNTEAFF	1
CASSYVIQNTGELFF	1
CASSYAGTIDQPQHF	1
CASSYATQPAYNEQFF	1
CASSYAYGFSYEQYF	1
CASSYAGKGLAGDGELFF	1
CASSYAGTGYNEQFF	1
CASSYAGLAGALEQYF	1
CASSYAGLATGELFF	1
CASSYADRGNTEAFF	1
CASSYAEGTYEQYF	1
CASSYAGGQFRSPEAFF	1
CASSYGGTEAFF	1
CASSYGSGDRTDTQYF	1
CASSYGFYTDTQYF	1
CASSYGGSRDNEQFF	1
CASSYGGRAGAFTDTQYF	1
CASSYGSSGNEQFF	1
CASSYGWSTDTQYF	1
CASSYGWGTYEQYF	1
CASSYGWDRERNEQFF	1
CASSYGLQGKTGELFF	1
CASSYGLILGELFF	1
CASSYGPGKGNSPLHF	1
CASSYGRRRSGNTIYF	1
CASSYGAGVTEAFF	1
CASSYGAGSLETQYF	1
CASSYGGLRSLYEQYF	1
CASSYGGGTDYGYTF	1
CASSYGGETQYF	1
CASSYGGTGKETQYF	1
CASSYGDEQFF	1
CASSYGDSYNSPLHF	1
CASSYGDRPYEQYF	1
CASSYGTSEQYF	1
CASSYGTPSSYEQYF	1
CASSYGTQETQYF	1
CASSYGTSGSPYEQYF	1
CASSYGTHQYF	1
CASSYGTGSYEQYF	1
CASSYGTGPEAFF	1
CASSYGRGVHEQFF	1
CASSYGPTDTQYF	1
CASSYGPFSEQFF	1
CASSYGPAEAFF	1
CASSYGAGEQETQYF	1
CASSYGGRGTYQETQYF	1
CASSYGGVEQFF	1
CASSYGTGGTYEQYF	1
CASSYGRGPYEQYF	1
CASSYDSENQPQHF	1
CASSYDYYFYEQYF	1
CASSYDPSGSGNYNEQFF	1
CASSYDRTTYF	1
CASSYDAGYGYTF	1
CASSYDGTSGSLFF	1
CASSYDELQQYF	1
CASSYDSSNQPQHF	1
CASSYDSSSLREYF	1
CASSYEPSYEQYF	1
CASSYEVNTEAFF	1
CASSYEAGGRNNEQFF	1
CASSYEAGGSGYTF	1
CASSYEGNTEAFF	1
CASSYETGGRTDTQYF	1
CASSYELRKNIQYF	1
CASSYELAGSYEQYF	1
CASSYEAGGETQYF	1
CASSYESWFGANVLTF	1
CASSYIGTAYEQYF	1
CASSYMGQYTGELFF	1
CASSYMSGAAYEQYF	1
CASSYIPVDPYEQYF	1
CASSYTRRGGDQPQHF	1
CASSYTSGPPYEQYF	1
CASSYTLRGGGNEQFF	1
CASSYTALSSYNEQFF	1
CASSYTRADTQYF	1
CASSYTDGGYGYTF	1
CASSYTETSGGTDTQYF	1
CASSYTEYYGYTF	1
CASSYTNTGELFF	1
CASSYTFSEQFF	1
CASSYTASSYEQYF	1
CASSYTITGVEQYF	1
CASSYSLAGAEQYF	1
CASSYSSGAYNEQFF	1
CASSYSLAGVATGELFF	1
CASSYSGYNEQFF	1
CASSYRSPVDNEQFF	1
CASSYRATVLSYEQYF	1
CASSYRGYDNEQFF	1
CASSYRGLYSYEQYF	1
CASSYRNTEAFF	1
CASSYRNGELFF	1
CASSYNWLGTSKRTMNTEAFF	1
CASSYNGMNTEAFF	1
CASSYNEYGTANQPQHF	1
CASSYKLFEAFF	1
CASSYKLIQETSGSIYNEQFF	1
CASSYKGEGPNIQYF	1
CASSYKELYEQYF	1
CASSYKTGTGDLGSTEAFF	1
CASSLSEGRHEQYF	1
CASSLHSGLSTDTQYF	1
CASSLVSSGRALEQFF	1
CASSLAGPLYEQYF	1
CASSLGVRYPYEQYF	1
CASSLGTSGTYEQYF	1
CASSLGRSGELFF	1
CASSLGGSEAFF	1
CASSLIIPDHSGNTIYF	1
CASSLTGGWIGELFF	1
CASSLSGWKNIQYF	1
CASSLNSGSPDTQYF	1
CASSLWETSYEQYF	1
CASSLLYNQPQHF	1
CASSLLPRLAGSTDTQYF	1
CASSLLGTPTDTQYF	1
CASSLLRGVFQYF	1
CASSLPPLPLGYEQYF	1
CASSLPGPSGANVLTF	1
CASSLRDTTGELFF	1
CASSLRDRASEQYF	1
CASSLRTSGSTDTQYF	1
CASSLRASQNNEQFF	1
CASSLHFAGGSYNEQFF	1
CASSLHSFSGSQGVQYF	1
CASSLQYVELFF	1
CASSLAGEQFF	1
CASSLASGLYNEQFF	1
CASSLGLSYEQYF	1
CASSLGTGYEQYF	1
CASSLGLAGAGTDTQYF	1
CASSLGLAGGVWETQYF	1
CASSLSGGQETQYF	1
CASSLNRGLTDTEAFF	1
CASSLSGDEQYF	1
CASSLLQETQYF	1
CASSLLRGKSGYTF	1
CASSLAGAQETQYF	1
CASSLGPGVETQYF	1
CASSLGYRSTDTQYF	1
CASSLGLAGGPAYEQYF	1
CASSLDNDGAFF	1
CASSLTPGGAFLTQYF	1
CASSLTGNSSPQHF	1
CASSLTGVYGEQYF	1
CASSLTGPYEQYF	1
CASSLSSYNEQFF	1
CASSLRAGPSYEQYF	1
CASSLKGSTDTQYF	1
CASSLKGGSSYNEQFF	1
CASSLLAGTVSKQYF	1
CASSLSSYSNQPQHF	1
CASSLSGTTSYEQYF	1
CASSLSSSYNEQFF	1
CASSLWGSYEQYF	1
CASSLYEQYF	1
CASSLLGVREQYF	1
CASSLPPGTSGKGDTQYF	1
CASSLRDQPPGEQFF	1
CASSLRSGVAETQYF	1
CASSLVGYTDNEQFF	1
CASSLAGAYEQYF	1
CASSLAGGPNSGELFF	1
CASSLAGGNTGELFF	1
CASSLAGEVDTQYF	1
CASSLDTISSNTGELFF	1
CASSLTQGGSGEQFF	1
CASSLTSGGPAEQYF	1
CASSLTGTNYGYTF	1
CASSLRGLAGTDTQYF	1
CASSLNYEQYF	1
CASSLKAGGAYEQYF	1
CASSLKGTRNGEQYF	1
CASSPFSGSQPQHF	1
CASSPFRSNYEQYF	1
CASSPLAGVQETQYF	1
CASSPLLRGQETQYF	1
CASSPSSGRNEQYF	1
CASSPSQGPVTYEQYF	1
CASSPSGQGVPSKETQYF	1
CASSPYSNQPQHF	1
CASSPYRGLAGVRDYEQYF	1
CASSPLGLLGDNEQFF	1
CASSPLSGTYNEQFF	1
CASSPLAGARNEQFF	1
CASSPLAGGPETQYF	1
CASSPLRGTSEFF	1
CASSPPPLGNEQFF	1
CASSPPGLTFNEQFF	1
CASSPRQGSTEAFF	1
CASSPRSGPGSEQFF	1
CASSPRGAETQYF	1
CASSPRDREPQHF	1
CASSPREPRSSYNEQFF	1
CASSPRSGAPTDTQYF	1
CASSPRNGRSGYEQYF	1
CASSPRLAGGRNNEQFF	1
CASSPRQGSYGYTF	1
CASSPHSNQPQHF	1
CASSPQRYSYEQYF	1
CASSPGGDQPQHF	1
CASSPGILSTDTQYF	1
CASSPGTSGTQYF	1
CASSPGLNSYEQYF	1
CASSPGLAGGLLYEQYF	1
CASSPGQGAETQYF	1
CASSPGGTDKNIQYF	1
CASSPDRSSYEQYF	1
CASSPIAGSVNEQFF	1
CASSPTSPTTDTQYF	1
CASSPTRDDGNQPQHF	1
CASSPTRPEQFF	1
CASSPTGNTEAFF	1
CASSPTGPGLAYDNEQFF	1
CASSPSNTGELFF	1
CASSPSGTPYNEQFF	1
CASSPSGSTGELFF	1
CASSPRGPFF	1
CASSPRGSGGTDTQYF	1
CASSPRLAETSYNEQFF	1
CASSPRRGQGDYNEQFF	1
CASSPRQGLVETQYF	1
CASSPNGRGNIQYF	1
CASSPNGIEQFF	1
CASSPNRDQEQYF	1
CASSPKGGGPYEQYF	1
CASSPFFLEAGVPDTQYF	1
CASSPFASLSYNEQFF	1
CASSPFPDSYEQYF	1
CASSPLAGGPTHEQYF	1
CASSPSFCRPQYF	1
CASSPSLTSGIASDTQYF	1
CASSPSDAQARSSYNEQFF	1
CASSPSSGGRVYEQYF	1
CASSPSTSLIYNEQFF	1
CASSPSSSYEQYF	1
CASSPSTGGSEKLFF	1
CASSPWPGTDTQYF	1
CASSPWREDSYEQYF	1
CASSPWGDHSYEQYF	1
CASSPWTSGAYNEQFF	1
CASSPWTGVADTQYF	1
CASSPWTGGYEQYF	1
CASSPYPGHEQYF	1
CASSPYRGLNTIYF	1
CASSPLRTRSSTGELFF	1
CASSPLEGHPYNEQFF	1
CASSPLRLRGRLPFNTEAFF	1
CASSPLSQGGSEQYF	1
CASSPLVSGRVGYEQFF	1
CASSPLGAEETQYF	1
CASSPLAGSYNEQFF	1
CASSPLAGGSSYNEQFF	1
CASSPPWGTYEQYF	1
CASSPPWGDTQYF	1
CASSPPYPGSGTEAFF	1
CASSPPDRTDTQYF	1
CASSPPRNTEAFF	1
CASSPPGGAQYF	1
CASSPPTGELFF	1
CASSPPGQPKNIQYF	1
CASSPPGLAFYEQYF	1
CASSPPGQGYEQYF	1
CASSPPGHMNTEAFF	1
CASSPPRAGRYNEQFF	1
CASSPRSVLWETQYF	1
CASSPRELSTSGSTDTQYF	1
CASSPRSYEQYF	1
CASSPRPGETQYF	1
CASSPRRSRIYEQYF	1
CASSPRAGYYEQYF	1
CASSPRGGAYEQYF	1
CASSPRDFNNEQFF	1
CASSPRDYTDTQYF	1
CASSPRDGNTEAFF	1
CASSPRDRGLSSAGTQYF	1
CASSPRTSGGNEQFF	1
CASSPRTDWAGTGKKNIQYF	1
CASSPRPLRHEQYF	1
CASSPRQGPSYEQYF	1
CASSPRQGGTGELFF	1
CASSPRVATGELFF	1
CASSPRALEQYF	1
CASSPRDPREQFF	1
CASSPHSGTSNEKLFF	1
CASSPHSFGLAGGPNTGELFF	1
CASSPHSDDEQYF	1
CASSPHRATYEQYF	1
CASSPHRGWYPSEKLFF	1
CASSPQGTRKYEQFF	1
CASSPQTGGSYEQYF	1
CASSPQVQNPTGELFF	1
CASSPQNTGELFF	1
CASSPVVGELFF	1
CASSPVGDDQFIFYMNTEAFF	1
CASSPVVRINQPQHF	1
CASSPALRDEHFF	1
CASSPAGGGIDTQYF	1
CASSPAGQGNTGELFF	1
CASSPGLISTSTDTQYF	1
CASSPGRGYEQYF	1
CASSPGRWQGKETQYF	1
CASSPGLDEQYF	1
CASSPGAQDEQYF	1
CASSPGGGSYEQYF	1
CASSPGDFGGQETQYF	1
CASSPGEINEQFF	1
CASSPGTRIGDTQYF	1
CASSPGTTRNNEQFF	1
CASSPGTSYNEQFF	1
CASSPGTDYQETQYF	1
CASSPGTGSYEQYF	1
CASSPGTGFYEQYF	1
CASSPGTGGAGDTQYF	1
CASSPGTDPYEQYF	1
CASSPGLAPLLAEQFF	1
CASSPGLAGFTDTQYF	1
CASSPGLAGVNEQFF	1
CASSPGLAGGYNEQFF	1
CASSPGQASNEKLFF	1
CASSPGQGNEQFF	1
CASSPDFTGELFF	1
CASSPEQGAGDTQYF	1
CASSPESSGNTIYF	1
CASSPELAGNYEQYF	1
CASSPEVAGGYEQYF	1
CASSPIGGSSYEQYF	1
CASSPTSGPYEQYF	1
CASSPTPWSSGEYF	1
CASSPTPFSGSGKTQYF	1
CASSPTGSSYGYTF	1
CASSPSAGAASQETQYF	1
CASSPSGLALYNEQFF	1
CASSPSDREAYEQYF	1
CASSPRGGTTQYF	1
CASSPRTSDNEQFF	1
CASSPRTGNSRELFF	1
CASSPRTGLNTGELFF	1
CASSPRQITDTQYF	1
CASSPRDWSSYNEQFF	1
CASSPNWSGDYEQYF	1
CASSPNPGTPDLHF	1
CASSPNGGLGTQYF	1
CASSPKSYEQFF	1
CASSPKVLDEQYF	1
CASSPFTDGTSGRAGTDTQYF	1
CASSPLGGEQYF	1
CASSPLGGQYNEQFF	1
CASSPSDIFSADSF	1
CASSPSGGEIIGEQFF	1
CASSPSGGAKNEQFF	1
CASSPSIGGNEQFF	1
CASSPWLGGAGEAFF	1
CASSPWTINEQFF	1
CASSPYQETQYF	1
CASSPLGETEQFF	1
CASSPLESGTGELFF	1
CASSPLAGYYEQYF	1
CASSPPASGAYNEQFF	1
CASSPPQGTYEQYF	1
CASSPRPGQGVDEQFF	1
CASSPRTGGRETQYF	1
CASSPRGEGLRGTDTQYF	1
CASSPRGTQYF	1
CASSPRGQGSNQPQHF	1
CASSPREVHREQYF	1
CASSPRTSGYEQYF	1
CASSPRKGPYNEQFF	1
CASSPHALGYGYTF	1
CASSPQVWGRTEAFF	1
CASSPVRRTATQQYV	1
CASSPAGGLVYNEQFF	1
CASSPAREGQETQYF	1
CASSPGGVNEQFF	1
CASSPGTSGRRGTDTQYF	1
CASSPGTSGLYEQYF	1
CASSPGTDYGYTF	1
CASSPGFARNKNIQYF	1
CASSPGLWNYAEAFF	1
CASSPGLPLDEQFF	1
CASSPGLAGPKSTDTQYF	1
CASSPGRTGELFF	1
CASSPGQSSLTQYF	1
CASSPGQQPQHF	1
CASSPGQGPYEQYF	1
CASSPGGPSGELFF	1
CASSPGGPYNEQFF	1
CASSPGKSEIVHEQYF	1
CASSPDQETQYF	1
CASSPDIDTQYF	1
CASSPDTSYEQYF	1
CASSPDRNTGELFF	1
CASSPIRDIGEKLFF	1
CASSPMLVGELFF	1
CASSPTSGRGTDTQYF	1
CASSPTGTSVNTGELFF	1
CASSPTWRVSSYNEQFF	1
CASSPTGSDTQYF	1
CASSPTGADYNEQFF	1
CASSPTGGTYEQYF	1
CASSPTGENTEAFF	1
CASSPTGSSYEQYF	1
CASSPTGKTYEQYF	1
CASSPSGSPYEQYF	1
CASSPRTGGFEKLFF	1
CASSPNPDRTAQFF	1
CASSPNARSRFF	1
CASSPKTGIIQPQHF	1
CASSPLGDTQYF	1
CASSPSRPHEQFF	1
CASSPSTGVYEQYF	1
CASSPWDRGPGPGEQYF	1
CASSPYTAYSRDTQYF	1
CASSPLGRDTQYF	1
CASSPLGQGVYNEQFF	1
CASSPLSPLNQPQHF	1
CASSPLAGGSYEQYF	1
CASSPLGQGAYEQYF	1
CASSPPSGWETQYF	1
CASSPPAGSGSWDPNQETQYF	1
CASSPPSWPTYEQYF	1
CASSPPGQGYEQYF	1
CASSPRVASGSYEQYF	1
CASSPQGSTDTQYF	1
CASSPGLNNEQFF	1
CASSPGVAGELFF	1
CASSPGGTSGYEQYF	1
CASSPGDRKETQYF	1
CASSPGMETQYF	1
CASSPGLKETQYF	1
CASSPGLAVYEQYF	1
CASSPGLADQETQYF	1
CASSPGQGAYEQFF	1
CASSPDLLNTEAFF	1
CASSPIRGYEQYF	1
CASSPIRDRSSYNSPLHF	1
CASSPISGSYGYTF	1
CASSPTSGSENGELFF	1
CASSPTRGGYEQYF	1
CASSPTWNTEAFF	1
CASSPTPGQGPEKLFF	1
CASSPTGTSTYNEQFF	1
CASSPTGTREYYEQYF	1
CASSPTGTGESGELFF	1
CASSPTLESGELFF	1
CASSPTGDFYNSPLHF	1
CASSPSLYEQYF	1
CASSPRQNNEQFF	1
CASSPNRVLAGSHYNEQFF	1
CASSPKTGYSYEQYF	1
CASSRSRDVTYEQYF	1
CASSRSSGTAWEQYF	1
CASSRLAGALEQYF	1
CASSRPRTQGAQYF	1
CASSRGTSYGYTF	1
CASSRGAGELFF	1
CASSRDRANEKLFF	1
CASSRTGQSQETQYF	1
CASSRTGEETQYF	1
CASSRSGPTYNEQFF	1
CASSRSGSYKNEQYF	1
CASSRSDYEQYF	1
CASSRNADTQYF	1
CASSRYLGDRNTEAFF	1
CASSRPGLLGNEQFF	1
CASSRPMGETQYF	1
CASSRGVSSYNEQFF	1
CASSRGGTEETQYF	1
CASSRGQGYSNEQFF	1
CASSRGVYYEQYF	1
CASSRTSGRALYNEQFF	1
CASSRSRAGELFF	1
CASSRSGTGVVLAFF	1
CASSRSSSYNEQFF	1
CASSRLGQNTGELFF	1
CASSRRQGANEQFF	1
CASSRQGNTGELFF	1
CASSRVGNTQYF	1
CASSRALGSPLHF	1
CASSRARSNTGELFF	1
CASSRGVNQPQHF	1
CASSRGAGSYNEQFF	1
CASSRGTGRATDTQYF	1
CASSRGTGARSWDTGELFF	1
CASSRGQVIIDEQFF	1
CASSRDYNEQFF	1
CASSRDYTDTQYF	1
CASSRDGFNQPQHF	1
CASSRDSPKETQYF	1
CASSRDRATYGYTF	1
CASSRDRTYEQYF	1
CASSREATYEQYF	1
CASSRTSSSYNEQFF	1
CASSRTTSWDEQFF	1
CASSRTSGSSYNEQFF	1
CASSRTSGRTYNEQFF	1
CASSRTLNTEAFF	1
CASSRTSSSYNEQFF	1
CASSRTVVLTF	1
CASSRTGGDNQPQHF	1
CASSRTGRTDTQYF	1
CASSRTGETQYF	1
CASSRTGNYNEQFF	1
CASSRTESNQPQHF	1
CASSRLTGRKEQYF	1
CASSRSGSAADTQYF	1
CASSRYSGRGYEQFF	1
CASSRLLPGPTNEQFF	1
CASSRLVADTQYF	1
CASSRPSGSNEQFF	1
CASSRQGYEQYF	1
CASSRQGISGNTIYF	1
CASSRQGNTEAFF	1
CASSRVAGDYNEQFF	1
CASSRAGEPYNEQFF	1
CASSRGVYEQYF	1
CASSRGGSRDVMNTEAFF	1
CASSRGTSAYEQYF	1
CASSRGLAGEQYF	1
CASSRDGTSGDNEQFF	1
CASSRMGQGGQPQHF	1
CASSRTYEQYF	1
CASSRTLWSSYNEQFF	1
CASSRTQTGDYEQYF	1
CASSRTGGSYEQYF	1
CASSRTTSAGEQFF	1
CASSRRASTDTQYF	1
CASSRNEQFF	1
CASSHGPNTGELFF	1
CASSHGPSEGYEQYF	1
CASSHDRGSYEQYF	1
CASSHTDSGANVLTF	1
CASSHSGISYNEQFF	1
CASSHSGTTYNEQFF	1
CASSHLRTSGSNEQFF	1
CASSHPEQYF	1
CASSHPGSSYNEQFF	1
CASSHRDRDYEQYF	1
CASSHVRTSGNTDTQYF	1
CASSHGLSHEQYF	1
CASSHGSEQFF	1
CASSHGQDNEQFF	1
CASSHGTAYNEQFF	1
CASSHGPSFNEQFF	1
CASSHDPGLAGVVDTQYF	1
CASSHTEPGEGSSYNSPLHF	1
CASSHTAGGEQYF	1
CASSHNPGDTQYF	1
CASSHKPGGSSYEQYF	1
CASSQSDRVDYGYTF	1
CASSQWGNQPQHF	1
CASSQLSGREETQYF	1
CASSQRESRENEQFF	1
CASSQRMGEQFF	1
CASSQVLAGLNEQYF	1
CASSQAAGNQPQHF	1
CASSQGWREENYEQYF	1
CASSQGSYEQYF	1
CASSQGLLNEQFF	1
CASSQGPADTQYF	1
CASSQGARSYSPLHF	1
CASSQGLHTDTQYF	1
CASSQGQEETTQYF	1
CASSQIQGASYEQYF	1
CASSQTGLADTQYF	1
CASSQTGERTETQYF	1
CASSQTGKDFEQYF	1
CASSQNHGELFF	1
CASSQKMVSWGEQYF	1
CASSQFGQEDTQYF	1
CASSQLGTGDSPLHF	1
CASSQLAGETQYF	1
CASSQPGLAGGGTYEQYF	1
CASSQRQGRSKNIQYF	1
CASSQHTTRPLSYEQYF	1
CASSQHSLVNEQFF	1
CASSQVAGGETQYF	1
CASSQGQPQHF	1
CASSQGTSGYNEQFF	1
CASSQGTSGDNEQFF	1
CASSQGQGTYYGYTF	1
CASSQMPLRGPANTGELFF	1
CASSQTGTGAYEQYF	1
CASSQTPGQGAIAGGPQETQYF	1
CASSQNEQFF	1
CASSQNRGNIQYF	1
CASSQKKQGGLASGNTIYF	1
CASSVFGQGINQRTMNTEAFF	1
CASSVSLAGGGRNEQFF	1
CASSVSSNEQFF	1
CASSVLDRVYGYTF	1
CASSVPGEGAEQFF	1
CASSVRDRDREQYF	1
CASSVHVQGWELFF	1
CASSVQGLNQETQYF	1
CASSVGTVYEQYF	1
CASSVTSGSPNEQYF	1
CASSVTASSYNEQFF	1
CASSVSGRVPEQFF	1
CASSVSGRGLSEQYF	1
CASSVRDTGELFF	1
CASSVFLRGQFF	1
CASSVLGQGNQPQHF	1
CASSVSYASGSKDEQFF	1
CASSVLAGHNSPLHF	1
CASSVLAVSDEQFF	1
CASSVRGDTQYF	1
CASSVRLAAYNEQFF	1
CASSVAGGDDEQFF	1
CASSVGYEQYF	1
CASSVGPSVGYEQYF	1
CASSVIAGDLNEQFF	1
CASSVTGATDTQYF	1
CASSVNQGAVNSPLHF	1
CASSVLGPVYEQYF	1
CASSVPSTDTQYF	1
CASSVVSGRAGYNEQFF	1
CASSVVPETQYF	1
CASSVGTGGAAFYEQYF	1
CASSVGTTSFYYNEQFF	1
CASSVGQGAVDTQYF	1
CASSVGQGAKNIQYF	1
CASSVDPYNEQFF	1
CASSVTGGVGNEQFF	1
CASSVTGGKDTEAFF	1
CASSVSDSNQPQHF	1
CASSVRQGTGNEQFF	1
CASSVSSGINYNEQFF	1
CASSVSWSEQYF	1
CASSVLTGNYGYTF	1
CASSVLLEGGNEQFF	1
CASSVLAGGWNEQFF	1
CASSVPGAPYPQYF	1
CASSVQHNEKLFF	1
CASSVQSYNEQFF	1
CASSVAGDYNEQFF	1
CASSVGYNQPQHF	1
CASSVGGGGYNEQYF	1
CASSVGTVGREQYF	1
CASSVGQGPYEQYF	1
CASSVDLSGDTQYF	1
CASSVEPGTPNEQFF	1
CASSVTQETQYF	1
CASSVTGSPGYNEQFF	1
CASSVRLGPNEQFF	1
CASSVRRGETQYF	1
CASSAFQGTSTDTQYF	1
CASSALDRDQETQYF	1
CASSAYEQYF	1
CASSALASGRPLDNEQFF	1
CASSAPLGNIQYF	1
CASSARLATSHEQFF	1
CASSAQLPPYEQYF	1
CASSAVETQYF	1
CASSASGRNTGELFF	1
CASSAKETQYF	1
CASSAFRGGTDTQYF	1
CASSALQGRRNIQYF	1
CASSASGRGGLETQYF	1
CASSASGSRLMDPQFF	1
CASSASDDYEQYF	1
CASSAYLGQPQHF	1
CASSAYAGTGGDSGYTF	1
CASSALSGNPHNEQFF	1
CASSALGKPYNEQFF	1
CASSALVGVYNEQFF	1
CASSALAGGPNEQFF	1
CASSAPPGAGELFF	1
CASSAPFGSYNEQFF	1
CASSAPRDAATVGYTF	1
CASSAPGLAGRNEQFF	1
CASSAPIAYEQYF	1
CASSAPVNQETQYF	1
CASSARPGRSYEQYF	1
CASSARDREKETQYF	1
CASSAQYYEQYF	1
CASSAAREQYF	1
CASSAAYRGGTDTQYF	1
CASSAAAVRRSGTYEQYF	1
CASSAGRTSGRSRGTDTQYF	1
CASSAGTDNTGELFF	1
CASSAGTGGLNEQFF	1
CASSAGTGGNQPQHF	1
CASSAEAEKPYNEQFF	1
CASSAINSPLHF	1
CASSAIPSWSVTGELFF	1
CASSATLAGGNEQYF	1
CASSATGNQPQHF	1
CASSARGPLTGDLAQTQYF	1
CASSAYFQETQYF	1
CASSAASPVTDTQYF	1
CASSAGQHNEKLFF	1
CASSAGGTVGNEQFF	1
CASSAGLAGWRGETQYF	1
CASSAGQALITF	1
CASSAGQGDYEQYF	1
CASSADVNTEAFF	1
CASSADTQYF	1
CASSATLRGAYNSPLHF	1
CASSATASYEQYF	1
CASSARGGGPYEQYF	1
CASSALRSGEAFF	1
CASSALGQGYYEQYF	1
CASSAPGGSYNEQFF	1
CASSAPGQGAQETQYF	1
CASSAQGALGDTQYF	1
CASSAGTTSTDTQYF	1
CASSAGTGTYEQYF	1
CASSAETEQFF	1
CASSATSGRSSEQYF	1
CASSATAFGRQDEAFF	1
CASSGFLRVGTQYF	1
CASSGWQGGTGELFF	1
CASSGPEHSPLHF	1
CASSGHTDRDPYEQYF	1
CASSGWVRDEQFF	1
CASSGLNTGELFF	1
CASSGPPDTQYF	1
CASSGPGSAEQFF	1
CASSGIQWGNTGELFF	1
CASSGRAYEQYF	1
CASSGNEQFF	1
CASSGSGTGSYEQFF	1
CASSGLGPNTEAFF	1
CASSGLDGTQYF	1
CASSGPKNGVEQYF	1
CASSGPYEQYF	1
CASSGQGATQPQHF	1
CASSGGYNEQFF	1
CASSGGFWNTEAFF	1
CASSGGAIISTDTQYF	1
CASSGGSTDTQYF	1
CASSGGLAGTDTQYF	1
CASSGGGTGANQPQHF	1
CASSGDWDYGYTF	1
CASSGDTQYF	1
CASSGDSDHPNEQFF	1
CASSGDMSSYEQYF	1
CASSGDRAMDSCF	1
CASSGDRNEQFF	1
CASSGEGGYQPQHF	1
CASSGEGEFRSYNEQFF	1
CASSGIRTGSPEQYF	1
CASSGIFYEQYF	1
CASSGISYEQYF	1
CASSGMTGWNEQFF	1
CASSGTSGYEQYF	1
CASSGTSGRAWVEQFF	1
CASSGTSSFGEQYF	1
CASSGTSRGEQFF	1
CASSGTVGNEQFF	1
CASSGTGENIQYF	1
CASSGRFGVNQPQHF	1
CASSGRAEQFF	1
CASSGRGGQLAKNIQYF	1
CASSGNRDGGSYQPQHF	1
CASSGKDYFLSYNEQFF	1
CASSGLAGAETQYF	1
CASSGWGLASTDTQYF	1
CASSGWDSPEGQFF	1
CASSGYREYEQYF	1
CASSGLAGGPNEQFF	1
CASSGLAPKYYNEQFF	1
CASSGLAAYNEQFF	1
CASSGLAGPYEQYF	1
CASSGLAEKETQYF	1
CASSGLAITYEQYF	1
CASSGPGTTNEQFF	1
CASSGPGTGYNQPQHF	1
CASSGPGRAEGGIQYF	1
CASSGPGPIQYF	1
CASSGRGSSTDTQYF	1
CASSGQGLVDQPQHF	1
CASSGQGSYNSPLHF	1
CASSGQGETQYF	1
CASSGQGAYEQYF	1
CASSGQGAITGELFF	1
CASSGQGGYGNEQFF	1
CASSGVAANTGELFF	1
CASSGANTGFYGYTF	1
CASSGGVYSYEQYF	1
CASSGGTSGRGGTGELFF	1
CASSGEAGGSEQYF	1
CASSGIYEQYF	1
CASSGRTSGPLSYNEQFF	1
CASSDFYRGTNTEAFF	1
CASSDFPASGRAEQYF	1
CASSDFGTGNYEQYF	1
CASSDFGTSGSYEQFF	1
CASSDSPGLVSRYF	1
CASSDSLSGEQFF	1
CASSDWYPSTDTQYF	1
CASSDWTATNEKLFF	1
CASSDYRQDTIYF	1
CASSDPSGFNQPQHF	1
CASSDPFEQYF	1
CASSDPPSPWETQYF	1
CASSDPGDYGYTF	1
CASSDPTDYSNQPQHF	1
CASSDRIGANTEAFF	1
CASSDRTGTEAFF	1
CASSDRTGGNYEQYF	1
CASSDQGGWEKLFF	1
CASSDQGAYGQPQHF	1
CASSDQAGGEGTQYF	1
CASSDVLADYNEQFF	1
CASSDVRDRSTDTQYF	1
CASSDVREKLFF	1
CASSDVGSTDTQYF	1
CASSDAGGRYGYTF	1
CASSDGWGAFF	1
CASSDGSGRWGTDTQYF	1
CASSDGPPYEQYF	1
CASSDGESSYNEQFF	1
CASSDGTGGAYEQYF	1
CASSDGGRGNSPLHF	1
CASSDDQGQGSEQYF	1
CASSDDRAHEQYF	1
CASSDILAGARSSTDTQYF	1
CASSDIRTSGRTLYEQFF	1
CASSDTSTDTQYF	1
CASSDSLLACEQYF	1
CASSDRLSYNEQFF	1
CASSDKGGSTDTQYF	1
CASSDLVGGPDTQYF	1
CASSDLAGYGF	1
CASSDLEGYNEQFF	1
CASSDSSSGSTDTQYF	1
CASSDSAGGTDTQYF	1
CASSDSLGANVLTF	1
CASSDSRGADTQYF	1
CASSDSPGPTGELFF	1
CASSDSREANTGELFF	1
CASSDSATQNTGELFF	1
CASSDSAGGGNEQFF	1
CASSDSAGTYNEQFF	1
CASSDSIGQGTDTQYF	1
CASSDSTIYNEQFF	1
CASSDSTTGELFF	1
CASSDSTGFSDTQYF	1
CASSDSTGDIQYF	1
CASSDSTGRDEQFF	1
CASSDSNAYNEQFF	1
CASSDSKTGSSPNYGYTF	1
CASSDSGEGTEAFF	1
CASSDSGLAADTQYF	1
CASSDSRGSAGELFF	1
CASSDSRAAQETQYF	1
CASSDWGLATNEQFF	1
CASSDWGQGNTEAFF	1
CASSDYRGSGNEQFF	1
CASSDLGLAHDEQFF	1
CASSDLEPPTSGPYNEQFF	1
CASSDLGAQDPTYNEQFF	1
CASSDLAGATDTQYF	1
CASSDLADTGELFF	1
CASSDPGGIGPTDTQYF	1
CASSDPADRLHQPQHF	1
CASSDPGQPQHF	1
CASSDPGTGIIGELFF	1
CASSDPGQGNTEAFF	1
CASSDPSLAGSYNEQFF	1
CASSDRAGVGETQYF	1
CASSDRIRTGASEQYF	1
CASSDRASGSSYEQYF	1
CASSDQRKPYF	1
CASSDVPSGTGELFF	1
CASSDVGAGELFF	1
CASSDAAGAYNEQFF	1
CASSDGLPQHF	1
CASSDGLTVTDTQYF	1
CASSDGDSNIQYF	1
CASSDGTPHEQFF	1
CASSDGTTYEQYF	1
CASSDGSGSSTDTQYF	1
CASSDGLASGQTQYF	1
CASSDGLTYEQYF	1
CASSDGLAGSHSTPYEQYF	1
CASSDGQGADTQYF	1
CASSDGGRGTGELFF	1
CASSDGNNEQFF	1
CASSDDLEGYTF	1
CASSDDYAPRTT	1
CASSDELNTEAFF	1
CASSDTTPGLHYF	1
CASSDSGDNSPLHF	1
CASSDSTDTQYF	1
CASSDRFYEQYF	1
CASSDRGSNQPQHF	1
CASSDRGEQYF	1
CASSDRSSYNSPLHF	1
CASSDRDTEAFF	1
CASSDNLYNEQFF	1
CASSDKTPQGRQQETQYF	1
CASSDKTQPQHF	1
CASSDKTYEQYF	1
CASSESLGGRSDEQFF	1
CASSESMMYEQYF	1
CASSELTGIDEQFF	1
CASSELLAKNIQYF	1
CASSELAAYRTQYF	1
CASSELDSKGNEQFF	1
CASSEPLGVGSYEQYF	1
CASSEPGTNEKLFF	1
CASSERSSGYNEQFF	1
CASSERESTDTQYF	1
CASSERELETQYF	1
CASSEREGRFDGELFF	1
CASSEREGYNEQFF	1
CASSEVPGGETQYF	1
CASSEVLTDTQYF	1
CASSEVGRTDTQYF	1
CASSEVETSGIEQYF	1
CASSEAWSRNTGELFF	1
CASSEGPGVRNIQYF	1
CASSEGGYNQPQHF	1
CASSEGRSSYNEQFF	1
CASSEGQNNEQFF	1
CASSEGGRGPSPLHF	1
CASSEGGF	1
CASSEGTSQSYEQYF	1
CASSEGTGTYNEQFF	1
CASSEGTGSLSYEQYF	1
CASSEGTETQYF	1
CASSEGLAGLNEQFF	1
CASSEGQAYNYGYTF	1
CASSEGSGVTGELFF	1
CASSEDRQNYGYTF	1
CASSEEGQGSSYEQYF	1
CASSEEGTYSHTDTQYF	1
CASSEIYSNQPQHF	1
CASSEIGLAGESWADTQYF	1
CASSEIGEDNEQFF	1
CASSEMVPLNNEQFF	1
CASSEIGKAYF	1
CASSETRTNEQFF	1
CASSETGSGEYNEQFF	1
CASSENAGGAITDTQYF	1
CASSEFFPAGARNQPQHF	1
CASSEFLSQSNTEAFF	1
CASSEFGTGQGKYF	1
CASSEFGAGSPNEQFF	1
CASSEFNNEQFF	1
CASSEFVVKSYNEQFF	1
CASSEFGTLIYEQYF	1
CASSELGASGRVYEQYF	1
CASSELGTSGRRTDTQYF	1
CASSELGQPTETQYF	1
CASSELVGSNTGELFF	1
CASSELGSRANYGYTF	1
CASSELGGVSEKLFF	1
CASSELDGGETQYF	1
CASSESSGLQETQYF	1
CASSESRVHYNEQFF	1
CASSESFWTGGNQPQHF	1
CASSESQDRAEQFF	1
CASSESVSTDTQYF	1
CASSESGTSEGETQYF	1
CASSESVLLAGPNSYNEQFF	1
CASSESVAGVGNEQFF	1
CASSESGNQPQHF	1
CASSESGEAQYF	1
CASSESTGMPTEAFF	1
CASSESPWGGTGELFF	1
CASSESGSGNTIYF	1
CASSEWLAGHIKQFF	1
CASSEWPSGTSTDTQYF	1
CASSEWGTSNYGYTF	1
CASSEWGPGLRTDTQYF	1
CASSEWGVRSSYNEQFF	1
CASSEWDSEAFF	1
CASSEYPGNDEQYF	1
CASSEYHEQYF	1
CASSEYGASNEKLFF	1
CASSEYGKYNEQFF	1
CASSEYGQQNIQYF	1
CASSEYTSGRYNEQFF	1
CASSEYTGLETQYF	1
CASSEYGAAAAFF	1
CASSEYGGPNTGELFF	1
CASSEYRGRDTQYF	1
CASSEYRNIQYF	1
CASSELASGSNEQFF	1
CASSELKRGNEKLFF	1
CASSELDRVTEQYF	1
CASSELAGSTDTQYF	1
CASSELAGDRDTDTQYF	1
CASSELGASYEQYF	1
CASSEPPGQGAQPQHF	1
CASSEPPPLWSQGATEAFF	1
CASSEPLAGAYEQYF	1
CASSEPRDRVSDTQYF	1
CASSEPGTGGETQYF	1
CASSEPERELDNEQFF	1
CASSEPGGPTDTQYF	1
CASSEPGGAEQFF	1
CASSEPGQGSYYNEQFF	1
CASSEPPHLTDTQYF	1
CASSEPGGSYEQYF	1
CASSEPGTGEQPQHF	1
CASSEPSSGKGNEQFF	1
CASSERGIGRNTIYF	1
CASSERFSSYEQYF	1
CASSERLAGTGELFF	1
CASSERGNTYEQYF	1
CASSERDRRGSYEQYF	1
CASSERQGGGAFF	1
CASSERGTGRTGELFF	1
CASSEQSNYGYTF	1
CASSEQPQHF	1
CASSEQREAMGETQYF	1
CASSEQGAADTQYF	1
CASSEQGTGRGYTF	1
CASSEQGRAYNEQFF	1
CASSEVAGEQYF	1
CASSEVTGEGDTQYF	1
CASSEVFRYTEAFF	1
CASSEVRESSYNEQFF	1
CASSEVADSYEQYF	1
CASSEVAGVSHEQYF	1
CASSEVAEPWETQYF	1
CASSEVAGTQYF	1
CASSEVQGGHAEAFF	1
CASSEVGGRHYGYTF	1
CASSEAFMPLQYF	1
CASSEAPGGQETQYF	1
CASSEARRGSTDTQYF	1
CASSEALGDGTALTYEQYF	1
CASSEASRASGIIYEQYF	1
CASSEAWDQPQHF	1
CASSEALAGSQDTQYF	1
CASSEAPTPEQFF	1
CASSEARRGTYSPLHF	1
CASSEAGPLTDTQYF	1
CASSEAYLGVRYEQYF	1
CASSEALPYEQYF	1
CASSEALHIGINDIQYF	1
CASSEALNGELFF	1
CASSEALGDTQYF	1
CASSEAPWQHEKLFF	1
CASSEAPRGPYSYNEQFF	1
CASSEAPDTQYF	1
CASSEARSWGSHEQFF	1
CASSEARDTQYF	1
CASSEAQSPVGYTDTQYF	1
CASSEAAGDAQPQHF	1
CASSEAGYSVNYGYTF	1
CASSEAGVNTGELFF	1
CASSEAGQRSGGYTF	1
CASSEAGGPYNEQFF	1
CASSEAGSTYNEQFF	1
CASSEADVAGRINQPQHF	1
CASSEAESTDTQYF	1
CASSEAIWTGNYEQYF	1
CASSEAIRGGEQFF	1
CASSEAMVNEQFF	1
CASSEATPGTDTQYF	1
CASSEATRGPKNIQYF	1
CASSEAQGSADTQYF	1
CASSEAAGVNTGELFF	1
CASSEAGQFPYGYTF	1
CASSEATGTPYEQYF	1
CASSEGLADNEQFF	1
CASSEGPDTQYF	1
CASSEGQTGELFF	1
CASSEGTEEQYF	1
CASSEGLGSGANVLTF	1
CASSEGPAGTYEQYF	1
CASSEGSSGAYEQYF	1
CASSEGWAYEQYF	1
CASSEGLAGHNEQFF	1
CASSEGAGPNQPQHF	1
CASSEGGTGELFF	1
CASSEGGSPGELFF	1
CASSEGTGGGSGAFF	1
CASSEGLSSYEQYF	1
CASSEGRDTGELFF	1
CASSEDGTGGNEQYF	1
CASSEDRGRAETQYF	1
CASSEDQVLYEQYF	1
CASSEDVEVYEQYF	1
CASSEDGGGNNEQFF	1
CASSEESTGATEAFF	1
CASSEEWLAGSYEQYF	1
CASSEEQGLLMHF	1
CASSEEVGGSWNAQPQHF	1
CASSEEGNTEAFF	1
CASSEEGANTGELFF	1
CASSEEGFDQPQHF	1
CASSEETTYEQYF	1
CASSEESRAPYNEQFF	1
CASSEERAGRGKKPQHF	1
CASSEEGVPTGNTIYF	1
CASSEEGSTNTEAFF	1
CASSEIRGTTDTQYF	1
CASSEIPMTGGFYEQYF	1
CASSEMLAGGVLPGELFF	1
CASSEMASSYEQYF	1
CASSEIGLASGNTIYF	1
CASSEIGNTEAFF	1
CASSETMGGYAGEQYF	1
CASSETSGSTGELFF	1
CASSETPDGVSGNTIYF	1
CASSETGTSDYEQYF	1
CASSETGTGAYEQYF	1
CASSETGLAGTDTQYF	1
CASSETLAGENEQYF	1
CASSESWTGEDYGYTF	1
CASSESYRNEQFF	1
CASSESVYEQYF	1
CASSESESKPTGELFF	1
CASSESRWNTGELFF	1
CASSERSSGRGEQFF	1
CASSERQGNEQYF	1
CASSERQNTEAFF	1
CASSERVLVLETQYF	1
CASSERGLSNTGELFF	1
CASSERGTGELFF	1
CASSERGTETQYF	1
CASSERGLDSLEQYF	1
CASSERTNAYEQYF	1
CASSERPGNTIYF	1
CASSERHTSTDTQYF	1
CASSERAGPTGELFF	1
CASSERETQYF	1
CASSERNTDTQYF	1
CASSENAGSEQFF	1
CASSENRRETQYF	1
CASSEKWTSADTQYF	1
CASSEKGNNQPQHF	1
CASSEKGLVGTELFF	1
CASSEKGQDSGYTF	1
CASSILAGVSGNEQFF	1
CASSIQTVPGNTIYF	1
CASSIGDEQYF	1
CASSIIGTANNEQFF	1
CASSITGTGYSVGELFF	1
CASSIRTARKTQYF	1
CASSIPTSISKETQYF	1
CASSIRLDGNTGELFF	1
CASSIHRGRGNTEAFF	1
CASSIAVNEQFF	1
CASSIGGSYNEQFF	1
CASSIGQGANSPLHF	1
CASSIGVGTDTQYF	1
CASSITSGRPSQYF	1
CASSITQGPYEQYF	1
CASSMSYQETQYF	1
CASSMGGSEGTQYF	1
CASSMGGDGDTIYF	1
CASSMEKGKLFF	1
CASSMTGSSYEQYF	1
CASSMTGRNTEAFF	1
CASSIYRARTFNEQFF	1
CASSIASSYEQYF	1
CASSIESYNEQFF	1
CASSIRQGSSNEQFF	1
CASSTLAGATETQYF	1
CASSTRGRTGEAFF	1
CASSTQGSSYNEQFF	1
CASSTGGTDTQYF	1
CASSTGLAANEQFF	1
CASSTTTGRNYGYTF	1
CASSTSREDGYTF	1
CASSTNTGGTGNTIYF	1
CASSTNNEQFF	1
CASSTLAGGFNEQFF	1
CASSTSGTSGSESYNEQFF	1
CASSTWDGGASTDTQYF	1
CASSTLGGTDGYTF	1
CASSTLAGAIEQYF	1
CASSTPRGTQYF	1
CASSTPAGATYEQYF	1
CASSTPYEQFF	1
CASSTRVADSLFL	1
CASSTRQKNTEAFF	1
CASSTQSNQPQHF	1
CASSTAGQGDTEAFF	1
CASSTGEGSTDTQYF	1
CASSTGHPHEQYF	1
CASSTTDRSYNEQFF	1
CASSTSGGETQYF	1
CASSTRVGRNQPQHF	1
CASSTNYEQYF	1
CASSTNGQGQYF	1
CASSTNRGWDNQPQHF	1
CASSTSRDRGLAKNIQYF	1
CASSTSNGLAGTDTQYF	1
CASSTYRDPAYEQYF	1
CASSTLADYNEQFF	1
CASSTRLGTSGRGEQYF	1
CASSTGLADYNEQFF	1
CASSTGLTKNIQYF	1
CASSTDVGYEQYF	1
CASSTDRVGKKLFF	1
CASSTTPAEETQYF	1
CASSTTGTSGLTQYF	1
CASSTRHGNTIYF	1
CASSTRETTDTQYF	1
CASSTFRANTGELFF	1
CASSTLNNEQFF	1
CASSTSTSRNEQFF	1
CASSTPYDRASTDTQYF	1
CASSTQLTGATNEKLFF	1
CASSTGLNTEAFF	1
CASSTGANAYEQYF	1
CASSTGAGNNEQFF	1
CASSTGGWTDTQYF	1
CASSTGGPQYF	1
CASSTGGTEAFF	1
CASSTEGGGDYYEQYF	1
CASSTELAGGTDTQYF	1
CASSTENQPQHF	1
CASSSRLAPGTGELFF	1
CASSSLTIGVDEQFF	1
CASSSLAVTGELFF	1
CASSSPGQHYEQYF	1
CASSSRSGRALDTQYF	1
CASSSGRGIFHEQFF	1
CASSSDSLSYNSPLHF	1
CASSSRVPNEKLFF	1
CASSRPGQTYEQYF	1
CASSRVDTGELFF	1
CASSRGPSYNEQFF	1
CASSRDQETQYF	1
CASSRDSLEQFF	1
CASSRDRAKQETQYF	1
CASSREARSTDTQYF	1
CASSRIAGGPYEQYF	1
CASSRTSGHTGELFF	1
CASSRTLGTGAYEQYF	1
CASSRTESYGYTF	1
CASSRRQGRGTGELFF	1
CASSRLAGSTDTQYF	1
CASSRQGTYNEQFF	1
CASSRQGGGYGYTF	1
CASSRQDTDTQYF	1
CASSRALADSYEQYF	1
CASSRGGSGNTIYF	1
CASSRGSGSYNEQFF	1
CASSRGLAGAYEQYF	1
CASSRESRYNEQFF	1
CASSRTLAASTDTQYF	1
CASSRRGGRTNNEQFF	1
CASSNSGQGAYEQYF	1
CASSNRADSEAFF	1
CASSNGLAPPNTGELFF	1
CASSNTGTGKADTQYF	1
CASSNRRTISSYNEQFF	1
CASSNFGTSQETQYF	1
CASSNSGAGETQYF	1
CASSNRFPGQGYEKLFF	1
CASSNRQGWEQYF	1
CASSNGLGVGQPQHF	1
CASSNIGGGKNIQYF	1
CASSNTPGLPYEQYF	1
CASSNRGDDYGYTF	1
CASSKLLGASNQPQHF	1
CASSKQSTSGSIYEQYF	1
CASSKVRDRNEQFF	1
CASSKGQRVGEQYF	1
CASSKGQGANYEQYF	1
CASSKTEISYEQYF	1
CASSKTGGYEQYF	1
CASSKTGSGNTIYF	1
CASSKTGPYEQYF	1
CASSKTVRLAGGTQQYF	1
CASSKTTSGRAHEQFF	1
CASSKSYSTGELFF	1
CASSKLMTSGTDEQYF	1
CASSKLAGAVEQFF	1
CASSKPGQGSTDTQYF	1
CASSKQVRASTDTQYF	1
CASSKQGLNEKLFF	1
CASSKAGGLPEQYF	1
CASSKGRSSYNEQFF	1
CASSKGAGNEQFF	1
CASSKRTSGSRTGELFF	1
CASSKNRLAKNIQYF	1
CASSFFLAGNTGELFF	1
CASSFFRKSYEQYF	1
CASSFFGGPSYEQYF	1
CASSFFTGEGNEQFF	1
CASSFFSTDTQYF	1
CASSFFRGQTDTQYF	1
CASSFLATEAFF	1
CASSFLAGGPDTQYF	1
CASSFLERTEAFF	1
CASSFLFSESEAFF	1
CASSFLPGQGEEKLFF	1
CASSFSGATNEKLFF	1
CASSFSRGETQYF	1
CASSFSLAGGSYEQYF	1
CASSFSPGVAEAFF	1
CASSFSVSGRGNEQFF	1
CASSFSTPTRIYEQYF	1
CASSFSDTYNSPLHF	1
CASSFSTSGSMTDTQYF	1
CASSFSQGKSTEAFF	1
CASSFSGINEQYF	1
CASSFSGGRDQPQHF	1
CASSFSGGTGELFF	1
CASSFSGGGETQYF	1
CASSFWSEAEAFF	1
CASSFWGRLADTQYF	1
CASSFWGGTEAFF	1
CASSFWDTSGKLFF	1
CASSFYWAGGPISYNEQFF	1
CASSFYQAYGNTIYF	1
CASSFYPTDTQYF	1
CASSFYRTGGELFF	1
CASSFYRHNTGELFF	1
CASSFYREETQYF	1
CASSFYNEQFF	1
CASSFLLGPYEQYF	1
CASSFLPVSEQYF	1
CASSFLSADTQYF	1
CASSFLGGSSYNEQFF	1
CASSFLGREWLGELFF	1
CASSFLPGLGQDTEAFF	1
CASSFLHKNLGDEQYF	1
CASSFLGFVGNEQFF	1
CASSFPTGHREGNEQFF	1
CASSFPSLGSTDTQYF	1
CASSFPSQDIQYF	1
CASSFPRTAGNTIYF	1
CASSFPQTLGGSDADTQYF	1
CASSFPPRGSRSSYNEQFF	1
CASSFPAGGHNEQFF	1
CASSFPNQPQHF	1
CASSFRRDPLEQYF	1
CASSFRTLNEQFF	1
CASSFRSTDTQYF	1
CASSFRLMPNYNEQFF	1
CASSFRPDFSSYNEQFF	1
CASSFRQAFTTGELFF	1
CASSFHRTGAETQYF	1
CASSFQSTGELFF	1
CASSFQLVTDTQYF	1
CASSFQAGAYNEQFF	1
CASSFQGPGNTIYF	1
CASSFQTPSSYNEQFF	1
CASSFVSRRSSYNSPLHF	1
CASSFVGRGWDPYYNEQFF	1
CASSFVQGPTWAFF	1
CASSFVDRGSYEQYF	1
CASSFVIPLDDNEQFF	1
CASSFVAGYGWRNEQFF	1
CASSFVGTSGGIDYEQYF	1
CASSFVGTASAGELFF	1
CASSFVRDPRVHEQYF	1
CASSFALLYEQYF	1
CASSFAPGDETQYF	1
CASSFAGGTDTQYF	1
CASSFAGGSYNEQFF	1
CASSFADTEAFF	1
CASSFADRKAFF	1
CASSFAGNYEQYF	1
CASSFGRSYNEQFF	1
CASSFGRANNSPLHF	1
CASSFGANYGYTF	1
CASSFGAGSYEQYF	1
CASSFGRVADTQYF	1
CASSFGRDTQYF	1
CASSFGQGGYEQYF	1
CASSFGGSYNEQFF	1
CASSFGGSVSEQYF	1
CASSFGGGMRNEQFF	1
CASSFGGWTASYEQYF	1
CASSFGGQQETQYF	1
CASSFGGAYEQYF	1
CASSFGTAPIQETQYF	1
CASSFGTSGQETQYF	1
CASSFGTSSYEQYF	1
CASSFGTPGGELFF	1
CASSFGTDGQETQYF	1
CASSFGRGRTEAFF	1
CASSFGRLPEKLFF	1
CASSFGNEQYF	1
CASSFGKYEQYF	1
CASSFGLYEQFF	1
CASSFGLARSYEQYF	1
CASSFGLETNEQFF	1
CASSFGQGFSAKNIQYF	1
CASSFGQGSSYEQYF	1
CASSFGQGREQYF	1
CASSFGAGGTDTQYF	1
CASSFGGYNEQFF	1
CASSFDTAGRSTYEQYF	1
CASSFDGTDTQYF	1
CASSFDGAADTQYF	1
CASSFDRSGETQYF	1
CASSFDRGKETQYF	1
CASSFDRETQYF	1
CASSFEGDTQYF	1
CASSFETGTYEQYF	1
CASSFETGNTEAFF	1
CASSFERWFRTRSPGEQFF	1
CASSFEAGGDTQYF	1
CASSFIGLPQETQYF	1
CASSFMAEFNEQYF	1
CASSFMGAGETQYF	1
CASSFTSNTEAFF	1
CASSFTPGGSYEQYF	1
CASSFTATNEKLFF	1
CASSFTGTPGDGAFF	1
CASSFTGTVEAFF	1
CASSFTSGAADTQYF	1
CASSFTGGGELFF	1
CASSFTGFEQFF	1
CASSFTGATEAFF	1
CASSFTGGVFKNIQYF	1
CASSFSYVGGPDNEQFF	1
CASSFSGRGDNEQFF	1
CASSFSGSSYEQYF	1
CASSFSNEQFF	1
CASSFRPGTGTYEQYF	1
CASSFRVAGDYEQYF	1
CASSFRGSGRAYNEQFF	1
CASSFRGYEQYF	1
CASSFRDNPYEQYF	1
CASSFRTPYEQYF	1
CASSFRTAQETQYF	1
CASSFRVSDGYTF	1
CASSFRVAPGQNTEAFF	1
CASSFRANTGELFF	1
CASSFREGVETQYF	1
CASSFNGQGEFATNEKLFF	1
CASSFKGLGVNTEAFF	1
CASSFFYNEQFF	1
CASSFFGLNEQFF	1
CASSFLQAPYEQYF	1
CASSFLTGTATEAFF	1
CASSFLAGSYNEQFF	1
CASSFSPYSNQPQHF	1
CASSFSSAYNEQFF	1
CASSFSSGREQFF	1
CASSFSSYNEQFF	1
CASSFSASNEQFF	1
CASSFSGGMGTDTQYF	1
CASSFSGYGYTF	1
CASSFSGSYNEKLFF	1
CASSFSEENYEQYF	1
CASSFWRSNEQFF	1
CASSFWDRGDEKLFF	1
CASSFWTSGRGRETQYF	1
CASSFWTGMHYGYTF	1
CASSFYRGFGQGPVFTTDTQYF	1
CASSFYEDNEQFF	1
CASSFYRETYEQYF	1
CASSFYRTAPYGYTF	1
CASSFLGPNTEAFF	1
CASSFLEETQYF	1
CASSFLLGYNEQFF	1
CASSFLPGLASTDTQYF	1
CASSFLADTGELFF	1
CASSFLTQNTEAFF	1
CASSFLSGSSYNEQFF	1
CASSFLRGNGYTF	1
CASSFLGLAGIENEQFF	1
CASSFLPGLAGGQFF	1
CASSFLAGQYNEQFF	1
CASSFLAGGPYEQYF	1
CASSFLTGGEQYF	1
CASSFPGDEQFF	1
CASSFPLAGGRLDEQFF	1
CASSFPSQGPGHEQYF	1
CASSFPVGYEQYF	1
CASSFPGGSTIYF	1
CASSFPGTEQFF	1
CASSFPGNNEQFF	1
CASSFPIRDPRGGEQFF	1
CASSFPTDTQYF	1
CASSFPSKYEQYF	1
CASSFPGRGYRGYTF	1
CASSFPGPPDEQYF	1
CASSFPGQGARYGYTF	1
CASSFPDRVLEETQYF	1
CASSFPDRGGYEQYF	1
CASSFPEGELYGYTF	1
CASSFPPLYEQYF	1
CASSFPVNEKLFF	1
CASSFPGLGTEAFF	1
CASSFRYNEQFF	1
CASSFRFGGTGELFF	1
CASSFRGTGNTGELFF	1
CASSFRDTRRDGYTF	1
CASSFRRPLTVSNQPQHF	1
CASSFRQMGKNIQYF	1
CASSFRQTNEKLFF	1
CASSFRAGVGTDTQYF	1
CASSFHRDRSSYEQYF	1
CASSFHGVQPQHF	1
CASSFHRGGNEKLFF	1
CASSFHKGEQYF	1
CASSFQGGGETQYF	1
CASSFQGRNEQYF	1
CASSFQGSGYNEQFF	1
CASSFQGGNTEAFF	1
CASSFQGRLTGELFF	1
CASSFQYSNQPQHF	1
CASSFQNIQYF	1
CASSFVGHSYEQYF	1
CASSFVAGTGGVEQYF	1
CASSFVGPSYEQYF	1
CASSFVENTEAFF	1
CASSFARGSYEQYF	1
CASSFAYEQYF	1
CASSFALHLAKNIQYF	1
CASSFAGELFF	1
CASSFAGGGELFF	1
CASSFASLAVYNEQFF	1
CASSFAATIYNEQFF	1
CASSFAGITDTQYF	1
CASSFAITRAVSTDTQYF	1
CASSFARVYEQYF	1
CASSFAYGGETQYF	1
CASSFAVRFSSYEQYF	1
CASSFAAGSLPNEQFF	1
CASSFAGQNTEAFF	1
CASSFAGGSGELFF	1
CASSFGLSTDTQYF	1
CASSFGSDEQYF	1
CASSFGANEQYF	1
CASSFGGTGELFF	1
CASSFGGRVYEQYF	1
CASSFGGRGSYNEQFF	1
CASSFGGSYEQYF	1
CASSFGGTYEQYF	1
CASSFGDRPLLGQYF	1
CASSFGTDTQYF	1
CASSFGRGLDEQYF	1
CASSFGRANTGELFF	1
CASSFGNEQFF	1
CASSFGSGEQYF	1
CASSFGLETQYF	1
CASSFGLAEETQYF	1
CASSFGLGVGETQYF	1
CASSFGPNNEQFF	1
CASSFGQGNTEAFF	1
CASSFGAGSGETQYF	1
CASSFGGGADTQYF	1
CASSFGDDTQYF	1
CASSFGDSSYEQYF	1
CASSFGEDTEAFF	1
CASSFGMSTGELFF	1
CASSFGTRVEEQYF	1
CASSFGTISFF	1
CASSFGTSGETQYF	1
CASSFGTSGTDTQYF	1
CASSFGTSSNEQFF	1
CASSFGTSDEKLFF	1
CASSFGTSTYNEQFF	1
CASSFGTASDTQYF	1
CASSFGTGFSTLYEQYF	1
CASSFGTGDPQYF	1
CASSFGTEAFF	1
CASSFGSEQYF	1
CASSFGRGYEQYF	1
CASSFGNQPQHF	1
CASSFGLSYEQYF	1
CASSFGLAAYNEQFF	1
CASSFGLAGAYEQYF	1
CASSFGLAGGPINISYEQYF	1
CASSFGLAGTDTQYF	1
CASSFGLEVETQYF	1
CASSFGRDYGYTF	1
CASSFGQGEKLFF	1
CASSFGQGQYF	1
CASSFGENTEAFF	1
CASSFDQGAYEQYF	1
CASSFDSAYEQYF	1
CASSFDPKTSGRAWGEQFF	1
CASSFDRFNQPQHF	1
CASSFDRGTEQFF	1
CASSFDRGRVEQYF	1
CASSFDREYTGELFF	1
CASSFESGRGQETQYF	1
CASSFEGRSAFF	1
CASSFEDRRSITYEQYF	1
CASSFETGPVNQPQHF	1
CASSFESGRSGEQFF	1
CASSFESTDTQYF	1
CASSFERWLAGGRQETQYF	1
CASSFETGPAAQYF	1
CASSFESTDTQYF	1
CASSFIPNPAYEQYF	1
CASSFIRGSGTDTQYF	1
CASSFMGAGELFF	1
CASSFTMGTRGGPDPTSTDTQYF	1
CASSFTTQGTYEQYF	1
CASSFTWGNTIYF	1
CASSFTGPNTEAFF	1
CASSFTGSLWDSPLHF	1
CASSFTGEGELFF	1
CASSFTGSTDTQYF	1
CASSFTSNEDEQFF	1
CASSFSRREGHEQYF	1
CASSFSGDEQYF	1
CASSFSGGPQETQYF	1
CASSFRVSYNEQFF	1
CASSFRGVYNEQFF	1
CASSFRTQDLSYEQYF	1
CASSFRLAALSNEQFF	1
CASSFRLAGKETQYF	1
CASSFRLGGPYEQYF	1
CASSFRGGELFF	1
CASSFRGVEDYGYTF	1
CASSFRGASSGNTIYF	1
CASSFKGTDTQYF	1
CASSFKGTIQETQYF	1
CASSLFLLSSYNEQFF	1
CASSLFLTPLHF	1
CASSLFGGQETQYF	1
CASSLFGSTYNEQFF	1
CASSLFFSETQYF	1
CASSLFATKRNTGELFF	1
CASSLFAGGPGNEQFF	1
CASSLFTGGGNQPQHF	1
CASSLLQETLYGYTF	1
CASSLLGPPSLAKNIQYF	1
CASSLLGSYNEQFF	1
CASSLLGRLTTGELFF	1
CASSLLSVETQYF	1
CASSLLAEQFF	1
CASSLSGVARETQYF	1
CASSLSPYEQYF	1
CASSLSPSPGELFF	1
CASSLSGAQETQYF	1
CASSLSVAGVTGELFF	1
CASSLSGGNTEAFF	1
CASSLSGTLSNQPQHF	1
CASSLSAGGSAYEQYF	1
CASSLSGIGQPQHF	1
CASSLSDTQYF	1
CASSLWLARETQYF	1
CASSLWQKKPYEQYF	1
CASSLWVLAGEGTDTQYF	1
CASSLWASGDQETQYF	1
CASSLWGYEQYF	1
CASSLWGAVGNTIYF	1
CASSLWGGSEKLFF	1
CASSLWGTQETQYF	1
CASSLWDLNNQPQHF	1
CASSLWDRDFNKNIQYF	1
CASSLWRGDGQPQHF	1
CASSLYPGGKNIQYF	1
CASSLYDSRPYEQYF	1
CASSLYNNEQFF	1
CASSLYSGALQETQYF	1
CASSLYGYEQYF	1
CASSLYSRYEQYF	1
CASSLYNEQFF	1
CASSLLAGGLYEQYF	1
CASSLLGLASYNEQFF	1
CASSLLRGTADTQYF	1
CASSLLGIAETQYF	1
CASSLLGQGASQETQYF	1
CASSLLTLNTGELFF	1
CASSLLSSGKDEQFF	1
CASSLLGSGGYTF	1
CASSLLGGPPDTQYF	1
CASSLLDSDGYTF	1
CASSLLAHYEQYF	1
CASSLLAGFSYNEQFF	1
CASSLLAGPSTGELFF	1
CASSLLAGGEQYF	1
CASSLLGGQGSYNEQFF	1
CASSLPQTANEQFF	1
CASSLPPGDEQYF	1
CASSLPPSSYNEQFF	1
CASSLPSGQETQYF	1
CASSLPGPLTSTDTQYF	1
CASSLPVGARDQETQYF	1
CASSLPDTQYF	1
CASSLRTSSEQYF	1
CASSLRRRVLGNEQFF	1
CASSLRVSYEQYF	1
CASSLRASSGNTDTQYF	1
CASSLRGNTIYF	1
CASSLRTAQFNGYTF	1
CASSLHRSYEQYF	1
CASSLQGSGNTIYF	1
CASSLQGAIEQYF	1
CASSLQGRAAEQYF	1
CASSLQTPNNEQFF	1
CASSLQSNQPQHF	1
CASSLQRVSPLHF	1
CASSLQQGAHGYTF	1
CASSLQAGAKNIQYF	1
CASSLVSYEQYF	1
CASSLVPGTYEQYF	1
CASSLVQGLDTQYF	1
CASSLVVLSSYNEQFF	1
CASSLVVEQYF	1
CASSLVVTNEKLFF	1
CASSLVAGTGETQYF	1
CASSLVGNEQFF	1
CASSLVDYGYTF	1
CASSLVWWIDRVTSPLHF	1
CASSLVLADSGRYGYTF	1
CASSLVPDRAYEQYF	1
CASSLVARRGTGELFF	1
CASSLVAGVRNEQFF	1
CASSLVGTEMYEQYF	1
CASSLVLAEETQYF	1
CASSLVVASGSQRQFF	1
CASSLVAVSIYNEQFF	1
CASSLVGNTEAFF	1
CASSLVGQYSNQPQHF	1
CASSLVGGNTEAFF	1
CASSLVGLEAFF	1
CASSLVGTGSPDTQYF	1
CASSLVGSSNQPQHF	1
CASSLVTPGRQYQETQYF	1
CASSLVTGQETQYF	1
CASSLVSGDRAYEQYF	1
CASSLVAGRLETQYF	1
CASSLVAGQGIGYTF	1
CASSLALGSSYEQYF	1
CASSLALAGVGVDTQYF	1
CASSLAVSGAVRETQYF	1
CASSLATSLNEQFF	1
CASSLAFVGTDTQYF	1
CASSLASGSTDTQYF	1
CASSLASNEQFF	1
CASSLAWRDPAHEQFF	1
CASSLAYLAGVGNEQFF	1
CASSLALGYEQYF	1
CASSLAPSAYNEQFF	1
CASSLARTRTDTQYF	1
CASSLAVGAGAAYEQYF	1
CASSLAAASYEQYF	1
CASSLAAGATYNSPLHF	1
CASSLAGSSGNTIYF	1
CASSLAGTSVNEQYF	1
CASSLAGTGLYEQYF	1
CASSLADSRTGELFF	1
CASSLATSGQGRPYEQYF	1
CASSLATGVKHF	1
CASSLAKTSGRGAEQFF	1
CASSLAQGARNEQFF	1
CASSLAQGATDTQYF	1
CASSLAANSPLHF	1
CASSLAASTDTQYF	1
CASSLAAPTNTGELFF	1
CASSLAGFSNTEAFF	1
CASSLAGGLAKNIQYF	1
CASSLAGLAGGETQYF	1
CASSLAGGETGELFF	1
CASSLAGGTYNEQFF	1
CASSLAGGHNNSPLHF	1
CASSLATAASNQPQHF	1
CASSLATGGDYGYTF	1
CASSLAVGYEQYF	1
CASSLAGEQYF	1
CASSLGLQGAQPQHF	1
CASSLGLRDTQYF	1
CASSLGLTIYF	1
CASSLGPQETQYF	1
CASSLGVTQAGAQYF	1
CASSLGGFKYF	1
CASSLGGELFF	1
CASSLGTFYEQYF	1
CASSLGSGGANEQFF	1
CASSLGLPSYNEQFF	1
CASSLGPGTSGYEQYF	1
CASSLGPTGDPYNEQFF	1
CASSLGPSSGPETQYF	1
CASSLGRDRGSYEQYF	1
CASSLGQGWRGYTF	1
CASSLGGGGTTEQYF	1
CASSLGGRGNYNEQFF	1
CASSLGETQYF	1
CASSLGTYNEQFF	1
CASSLGTTGGNEQFF	1
CASSLGRYNEQFF	1
CASSLGSTGELFF	1
CASSLGSGAKNIQYF	1
CASSLGSAGLAYEQYF	1
CASSLGPINTEAFF	1
CASSLGPATNEKLFF	1
CASSLGRTYEQYF	1
CASSLGQGIGNEQFF	1
CASSLGVTTNEKLFF	1
CASSLGVRSSYEQYF	1
CASSLGVVYSNQPQHF	1
CASSLGVGYEQYF	1
CASSLGVGGFQETQYF	1
CASSLGALTHQETQYF	1
CASSLGATEAFF	1
CASSLGAFDYGYTF	1
CASSLGAGGLYEQYF	1
CASSLGAAGTGELFF	1
CASSLGAGGQPQHF	1
CASSLGGSSYGYTF	1
CASSLGGADQETQYF	1
CASSLGGRAYNEQFF	1
CASSLGGFHLF	1
CASSLGGETDTQYF	1
CASSLGGYEQYF	1
CASSLGGLAPDTQYF	1
CASSLGGGRAIGEQFF	1
CASSLGGGTRPGNTIYF	1
CASSLGDPTDTQYF	1
CASSLGDIYNEQFF	1
CASSLGEGRNNEQFF	1
CASSLGEETQYF	1
CASSLGIYNEQFF	1
CASSLGTSLSGQYF	1
CASSLGTSGAYNEQFF	1
CASSLGTGGPETQYF	1
CASSLGTGNLIREKLFF	1
CASSLGSGIGGQYF	1
CASSLGSGGNSGNTIYF	1
CASSLGRTANEKLFF	1
CASSLGRTGTDTQYF	1
CASSLGLRDNEQFF	1
CASSLGLAVPDTQYF	1
CASSLGLAAIQETQYF	1
CASSLGLAGLYEQYF	1
CASSLGLAGVTGELFF	1
CASSLGLAGANEQFF	1
CASSLGLAGGENGNEQFF	1
CASSLGLAGGINEQFF	1
CASSLGLDSYEQYF	1
CASSLGHKETQYF	1
CASSLGHANTGELFF	1
CASSLGQSYSNQPQHF	1
CASSLGQPYEQYF	1
CASSLGQHGSPLHF	1
CASSLGQVEKLFF	1
CASSLGQGYGYTF	1
CASSLGQGSQPQHF	1
CASSLGQGRAFF	1
CASSLGVNQPQHF	1
CASSLGGDGYTF	1
CASSLGGDNYEQYF	1
CASSLGDRALEQYF	1
CASSLGERIRAGELFF	1
CASSLGETQYF	1
CASSLGRYEQYF	1
CASSLDFRANTEAFF	1
CASSLDWVIYEQYF	1
CASSLDRAADTQYF	1
CASSLDVGLNQPQHF	1
CASSLDGYRGSGYTF	1
CASSLDSGTDTQYF	1
CASSLDRGTDTQYF	1
CASSLDSRGLAGNKQYF	1
CASSLDYNEQFF	1
CASSLDLAGATYEQYF	1
CASSLDGRGRGNTIYF	1
CASSLDSSYEQYF	1
CASSLDSIKNHNQPQHF	1
CASSLDRVRETQYF	1
CASSLDRVADTQYF	1
CASSLDRGLVKETQYF	1
CASSLDKNTEAFF	1
CASSLELGARKDTQYF	1
CASSLEYSYNEQFF	1
CASSLEVGGRADTQYF	1
CASSLEGNEQFF	1
CASSLEGYNEQFF	1
CASSLEGSSYNEQFF	1
CASSLEGQGYTGNTIYF	1
CASSLEIGDTEAFF	1
CASSLEMRGDYEQYF	1
CASSLETGTHEQYF	1
CASSLEWQQETQYF	1
CASSLEPSFPMDSPLHF	1
CASSLEQAYEQYF	1
CASSLEAVYSNQPQHF	1
CASSLEGTGTYEQYF	1
CASSLEDANEQFF	1
CASSLESGTGELFF	1
CASSLIRGGADTQYF	1
CASSLIQDRGYEQYF	1
CASSLIGTSSQVYEQYF	1
CASSLIRGEKLFF	1
CASSLIGNENTGELFF	1
CASSLMGVGYAQYF	1
CASSLMGGTDTQYF	1
CASSLTSGTGELFF	1
CASSLTSFSYNEQFF	1
CASSLTSGGYEQYF	1
CASSLTSGRYNEQFF	1
CASSLTSGRSGELFF	1
CASSLTSGNYNEQFF	1
CASSLTAPSGVPYEQYF	1
CASSLTGTIRLNYGYTF	1
CASSLTGTGAYNEQFF	1
CASSLTGTGSNQPQHF	1
CASSLTNTGELFF	1
CASSLTHQETQYF	1
CASSLTGEPSYNEQFF	1
CASSLTTGVTQETQYF	1
CASSLTRTVLQETQYF	1
CASSLTHSSYEQYF	1
CASSLTVPNTEAFF	1
CASSLTANSPLHF	1
CASSLTGVYEQYF	1
CASSLTGIDTEAFF	1
CASSLTGLMYEQYF	1
CASSLTGRSYEQYF	1
CASSLTGDNEQFF	1
CASSLTTSGQETQYF	1
CASSLTTGQGRTEAFF	1
CASSLSYEQYF	1
CASSLSVRAFDEQYF	1
CASSLSAGPTYEQYF	1
CASSLSGSYNEQFF	1
CASSLSGRVDEQFF	1
CASSLSEQFF	1
CASSLRSTLGQETQYF	1
CASSLRQGDSYEQYF	1
CASSLRVAGNNEQFF	1
CASSLRVRTQYF	1
CASSLRGLARAEETQYF	1
CASSLRGQGAIPWETQYF	1
CASSLRGKAQYF	1
CASSLRELYEQYF	1
CASSLRTSGYNEQFF	1
CASSLRTGTYEQYF	1
CASSLRPGQGYTDTQYF	1
CASSLRHVKETQYF	1
CASSLNPGTGTDTQYF	1
CASSLNEKLFF	1
CASSLNLYEQYF	1
CASSLNAGDRYNEQFF	1
CASSLNRGSTEAFF	1
CASSLNKGGWGLAKNIQYF	1
CASSLKSSSYNEQFF	1
CASSLKGGRVYEQYF	1
CASSLFLATGELFF	1
CASSLFLRDNYGYTF	1
CASSLFSDRNTGELFF	1
CASSLFPSGRSTDTQYF	1
CASSLFQGATLGDEQFF	1
CASSLFVGAQGRNQPQHF	1
CASSLFGQGLYNEQFF	1
CASSLFGGAAGNQPQHF	1
CASSLFIVGTSGYEQYF	1
CASSLFTSSGPQETQYF	1
CASSLFFGRGYEQYF	1
CASSLFLGGTAEEKLFF	1
CASSLFQGASNEQFF	1
CASSLFAGGNNEQFF	1
CASSLFGFNEQFF	1
CASSLFGVTGELFF	1
CASSLFGTDSSYEQYF	1
CASSLFGRAYNEQFF	1
CASSLFGLAGNNEQFF	1
CASSLFSSYEQYF	1
CASSLFSGQTQYF	1
CASSLLYQSYEQYF	1
CASSLLRGQETQYF	1
CASSLLGHQSSYEQYF	1
CASSLLGAPYEQYF	1
CASSLLGGPPIGLYEQYF	1
CASSLLGGDYTF	1
CASSLLGDSRSYNEQFF	1
CASSLLGLRSYNEQFF	1
CASSLLGQGTTEAFF	1
CASSLLGQIEQYF	1
CASSLLGGPNEQFF	1
CASSLLGNMNTEAFF	1
CASSLLDPRAGRVNSPLHF	1
CASSLLDLNTGELFF	1
CASSLLARGRVEQFF	1
CASSLLAGVNNEQFF	1
CASSLLGSSGRNEQFF	1
CASSLLGAGNTIYF	1
CASSLLGASYNEQFF	1
CASSLLNEQYF	1
CASSLSSSGTSQETQYF	1
CASSLSVRERTHYEQYF	1
CASSLSGPNTGELFF	1
CASSLSGSRSVGEQYF	1
CASSLSGLIYEQYF	1
CASSLSDPSPFLRGREAFF	1
CASSLSSVQETQYF	1
CASSLSRDSYEQYF	1
CASSLSWDRGNSPLHF	1
CASSLSLLAREETQYF	1
CASSLSLAGALYNEQFF	1
CASSLSPGNEQYF	1
CASSLSPVDTEAFF	1
CASSLSPASGELFF	1
CASSLSRDTQYF	1
CASSLSHYTEAFF	1
CASSLSQGPSYEQYF	1
CASSLSQGSTEAFF	1
CASSLSQGYTEAFF	1
CASSLSQETQYF	1
CASSLSVNTEAFF	1
CASSLSGASGSGNEQFF	1
CASSLSGGRGKNIQYF	1
CASSLSGGGNQPQHF	1
CASSLSGQGETQYF	1
CASSLSDNEQFF	1
CASSLSRSQETQYF	1
CASSLSNTDTQYF	1
CASSLSFYNEQFF	1
CASSLSSGRAKNIQYF	1
CASSLSWGAQTNQPQHF	1
CASSLSANRGHIQYF	1
CASSLSAGENEQFF	1
CASSLSAGNTNEQFF	1
CASSLSGREGNEQFF	1
CASSLSGLNEQFF	1
CASSLSGVSTDTQYF	1
CASSLSGEGTKNIQYF	1
CASSLSGTQETQYF	1
CASSLSGTTYEQYF	1
CASSLSGQGNNEQFF	1
CASSLSEDRPYNEQFF	1
CASSLSTAIEQYF	1
CASSLSRLAGGSEQFF	1
CASSLSASGRETGELFF	1
CASSLSGYGELFF	1
CASSLSNNRGAEQYF	1
CASSLSKGALETQYF	1
CASSLWLAGSETQYF	1
CASSLWPRNTGELFF	1
CASSLWPRRLAGPYEQYF	1
CASSLWQNRYNEQFF	1
CASSLWAGGYNEQFF	1
CASSLWASTDTQYF	1
CASSLWGLAGGRGETQYF	1
CASSLWGAPQDIQYF	1
CASSLWGGRAQPETGELFF	1
CASSLWGWSLAGTDTQYF	1
CASSLWGTGAKGGPYEQYF	1
CASSLWDPGSEQYF	1
CASSLWDNYEQYF	1
CASSLWEDQDHNEQFF	1
CASSLWETGENSPLHF	1
CASSLWTSTDTQYF	1
CASSLYLLAGLTDTQYF	1
CASSLYVSGTQYF	1
CASSLYGELFF	1
CASSLYGEDEQFF	1
CASSLYTGTEAFF	1
CASSLYPSAGAYNEQFF	1
CASSLYRPQDIAVRYEQYF	1
CASSLYGPTGELFF	1
CASSLYGGTVGYYEQYF	1
CASSLYGTDSSYEQYF	1
CASSLYGTGGRGETQYF	1
CASSLYTTDTQYF	1
CASSLYRGDSYEQYF	1
CASSLLPGLSYEQYF	1
CASSLLPAGGQETQYF	1
CASSLLGANTQYF	1
CASSLLPPGVPGETQYF	1
CASSLLPGDQETQYF	1
CASSLLAIGGGSADTQYF	1
CASSLLGAGDHEQYF	1
CASSLLSGSSPLHF	1
CASSLLKNIQYF	1
CASSLLLQGEQFF	1
CASSLLLADTEAFF	1
CASSLLPYEQYF	1
CASSLLPPYNEQFF	1
CASSLLRDQETQYF	1
CASSLLQEQFF	1
CASSLLALGYEQYF	1
CASSLLADKKNEQFF	1
CASSLLDRGQETQYF	1
CASSLLEVNTEAFF	1
CASSLLQVQNTEAFF	1
CASSLLAPGVKNIQYF	1
CASSLLAGSYNEQFF	1
CASSLLAQETQYF	1
CASSLLAGAYNEQFF	1
CASSLLAGVSDTQYF	1
CASSLLAGDSNIQYF	1
CASSLLAGESGYEQYF	1
CASSLLADPSYNEQFF	1
CASSLLEGSYNEQFF	1
CASSLPYNEQFF	1
CASSLPRQGKNEQYF	1
CASSLPQGASETQYF	1
CASSLPVGGPETQYF	1
CASSLPGGAKNIQYF	1
CASSLPIMETQYF	1
CASSLPSRWYEQYF	1
CASSLPSTGGASKTYEQYF	1
CASSLPLGQGKSGNTIYF	1
CASSLPLASGNYNEQFF	1
CASSLPPEGSHYNSPLHF	1
CASSLPASTDTQYF	1
CASSLPDKNGYTEAFF	1
CASSLPTSGSSLEQFF	1
CASSLPRDDYGYTF	1
CASSLPGLAVPDTQYF	1
CASSLPGLAGDEQYF	1
CASSLPGRHQETQYF	1
CASSLPGQRVNEQFF	1
CASSLPDRNRATNEKLFF	1
CASSLPFTGGRETQYF	1
CASSLPPLPAYEQYF	1
CASSLPRTGRDTEAFF	1
CASSLPGLETQYF	1
CASSLPSGAYEQYF	1
CASSLRSGAGETQYF	1
CASSLRSRGGTDTQYF	1
CASSLRLREGVLETQYF	1
CASSLRQGHSYEQYF	1
CASSLRTSGTLYEQYF	1
CASSLRRTASGNTIYF	1
CASSLRLAGGGYNEQFF	1
CASSLRPFSFTETQYF	1
CASSLRRREGETQYF	1
CASSLRRTYEQYF	1
CASSLRQGGPYEQYF	1
CASSLRRVDTGELFF	1
CASSLRPDTDTQYF	1
CASSLRQSSYEQYF	1
CASSLRAGGETQYF	1
CASSLRGLIRNEQFF	1
CASSLRERESAGELFF	1
CASSLRTSWAGELFF	1
CASSLRTGEAFF	1
CASSLRTAGPLHF	1
CASSLRTAYEQYF	1
CASSLRTASSETQYF	1
CASSLRTGPNSPLHF	1
CASSLRTGGDTEAFF	1
CASSLRNMNTEAFF	1
CASSLRLRGQGQFF	1
CASSLRLAPNTGELFF	1
CASSLRLGYTETQYF	1
CASSLRQSAQTQYF	1
CASSLRQGHSDWDAGELFF	1
CASSLRQGQETQYF	1
CASSLRQGARETQYF	1
CASSLRQESSYEQYF	1
CASSLRQKETQYF	1
CASSLRGLAGANEQFF	1
CASSLRGATEAFF	1
CASSLHRGKQETQYF	1
CASSLHQGVNTEAFF	1
CASSLHQGYEQYF	1
CASSLHASGNEQFF	1
CASSLHGSYNEQFF	1
CASSLHNRGLSYNEQFF	1
CASSLQLAVLRTDTQYF	1
CASSLQGGTEAFF	1
CASSLQGPGSPLHF	1
CASSLQGLTDTQYF	1
CASSLQGEEPQHF	1
CASSLQGSNYGYTF	1
CASSLQDPTYNEQFF	1
CASSLQTYSPLHF	1
CASSLQPGNTGELFF	1
CASSLQQETQYF	1
CASSLQAGPYEQYF	1
CASSLQGFGSYEQYF	1
CASSLQGQGAGYTF	1
CASSLQGSLGQYF	1
CASSLQGRATEAFF	1
CASSLVFRDYYNEQFF	1
CASSLVFGGRTGELFF	1
CASSLVLNNEQFF	1
CASSLVSSGSSYEQYF	1
CASSLVSPSEQYF	1
CASSLVSGTGGGYTF	1
CASSLVSGQGYEQYF	1
CASSLVSTAEAFF	1
CASSLVSAGEKLFF	1
CASSLVSGWVTEAFF	1
CASSLVYGSGNTIYF	1
CASSLVYGGTSEQFF	1
CASSLVLSGEQFF	1
CASSLVLAGGDEQYF	1
CASSLVRSGEQFF	1
CASSLVRDTEAFF	1
CASSLVHGSFANEQFF	1
CASSLVHSTDTQYF	1
CASSLVHRDTYEQYF	1
CASSLVQRLVHNEQFF	1
CASSLVQTNEKLFF	1
CASSLVVGTYEQYF	1
CASSLVGSAQETQYF	1
CASSLVGLAGDTQYF	1
CASSLVGLGADTQYF	1
CASSLVGPSYEQYF	1
CASSLVGTASTGELFF	1
CASSLVGTENQPQHF	1
CASSLVGLAVNEQFF	1
CASSLVGQNEKLFF	1
CASSLVGGRTDTQYF	1
CASSLVEGWETQYF	1
CASSLVIDNEQFF	1
CASSLVISGNTIYF	1
CASSLVIQETQYF	1
CASSLVITGADEQYF	1
CASSLVTGKDYEQYF	1
CASSLVTDTQYF	1
CASSLVSGRYNEQFF	1
CASSLVRGPLAGDTQYF	1
CASSLVRGEGRNEQYF	1
CASSLVNTRFF	1
CASSLVSWQGGPGYTF	1
CASSLVSPDTQYF	1
CASSLVSGAGEQFF	1
CASSLVSGGQGEETQYF	1
CASSLVSRGFGTQYF	1
CASSLVYEQYF	1
CASSLVLAGEADEQYF	1
CASSLVPFDNNEQFF	1
CASSLVPLAGASPDTQYF	1
CASSLVPGAGDTQYF	1
CASSLVPGRSDEQFF	1
CASSLVPGRTEAFF	1
CASSLVPDSNQPQHF	1
CASSLVRPGELFF	1
CASSLVRSSGRTETQYF	1
CASSLVQGGLHEQYF	1
CASSLVQGRSDTQYF	1
CASSLVVSDISYEQYF	1
CASSLVGGRTYEQYF	1
CASSLVGSGLTDTQYF	1
CASSLVGGHSYEQYF	1
CASSLVGLAADTQYF	1
CASSLVGAGTEAFF	1
CASSLVGEQFF	1
CASSLVGEGKKNIQYF	1
CASSLVGTSGSNEQFF	1
CASSLVGSVNTEAFF	1
CASSLVGLSDTQYF	1
CASSLVGLAGTIAYEQYF	1
CASSLVGTNEKLFF	1
CASSLVERGPVLRSYF	1
CASSLVMAAGTEAFF	1
CASSLVTYEQYF	1
CASSLVSGKSYNEQFF	1
CASSLVRVNEKLFF	1
CASSLVRDRQFF	1
CASSLVRTRYNEQFF	1
CASSLVRTGASYEQYF	1
CASSLVFWARSYEQYF	1
CASSLVLETQYF	1
CASSLVSGELFF	1
CASSLVLVFGGGGELFF	1
CASSLVRGSYEQYF	1
CASSLVVVRGYQPQHF	1
CASSLVVAGEQFF	1
CASSLVVAGYEQYF	1
CASSLVVAGGPDNEQFF	1
CASSLVAIRNEQFF	1
CASSLVASGYNEQFF	1
CASSLVAGELFF	1
CASSLVAGVVEQFF	1
CASSLVAEVTYNEQFF	1
CASSLVAGSQGEQFF	1
CASSLVADTQYF	1
CASSLVGRSTDTQYF	1
CASSLVGSYEQYF	1
CASSLVGGRVGLEQFF	1
CASSLVGQNEKLFF	1
CASSLVGAQPDTQYF	1
CASSLVGGKGYEQYF	1
CASSLVGGVSYNEQFF	1
CASSLVGESDEQFF	1
CASSLVGTEAFF	1
CASSLVGTRRNEQYF	1
CASSLVGVKPQHF	1
CASSLVGVDYNEQFF	1
CASSLVGGTVPEAFF	1
CASSLVDGSTDTQYF	1
CASSLVDTWEETQYF	1
CASSLVDRGRTNEKLFF	1
CASSLVETQYF	1
CASSLVIPYQETQYF	1
CASSLVTGLDYGYTF	1
CASSLVTGLFQETQYF	1
CASSLVTEEKLFF	1
CASSLVSGYNEQFF	1
CASSLVSETSTDTQYF	1
CASSLVSSGAPYEQYF	1
CASSLVLAVTGELFF	1
CASSLVLAGGPMETQYF	1
CASSLVPDLDSPLHF	1
CASSLVRHYGYTF	1
CASSLVVTQETQYF	1
CASSLVAGTGGNEQFF	1
CASSLVAGSRDTQYF	1
CASSLVARGSTDTQYF	1
CASSLVAGSSYEQYF	1
CASSLVAGVSNEQFF	1
CASSLVAGGPRNEQFF	1
CASSLVAGDAEQFF	1
CASSLVAGEGNEQFF	1
CASSLVAEPSTDTQYF	1
CASSLVGGSSDTYEQYF	1
CASSLVGRATNEKLFF	1
CASSLVGRGMSYEQYF	1
CASSLVGREADTQYF	1
CASSLVGQPATDTQYF	1
CASSLVGQGANSPLHF	1
CASSLVGGNQPQHF	1
CASSLVGGPPSYEQYF	1
CASSLVGGRATYEQYF	1
CASSLVGTSGDNEQFF	1
CASSLVGLAVQETQYF	1
CASSLVDRGTNQPQHF	1
CASSLVTSGIAKNIQYF	1
CASSLVTASGTYNEQFF	1
CASSLVTGLNEQYF	1
CASSLVRSGATPHYEQYF	1
CASSLVNEQYF	1
CASSLAFSRSEDEQFF	1
CASSLALAGAYNEQFF	1
CASSLASWTSGSKEEQYF	1
CASSLASSRDFTADTQYF	1
CASSLASGGRAVGELFF	1
CASSLASGREQYF	1
CASSLASGNEQFF	1
CASSLAWGVEQFF	1
CASSLALREYNEQFF	1
CASSLALVGSSGNTIYF	1
CASSLALMSEQFF	1
CASSLAPSGRGNEQFF	1
CASSLAPGRQSLLQFF	1
CASSLAPVWRKETQYF	1
CASSLAAHNLYNEQFF	1
CASSLAANTGELFF	1
CASSLAGSRGTPEAFF	1
CASSLAGGPSTDTQYF	1
CASSLAGVGVNQPQHF	1
CASSLAGATNEKLFF	1
CASSLAGGNQPQHF	1
CASSLAGGRADTQYF	1
CASSLAGGTYNEQFF	1
CASSLAGGKDEQFF	1
CASSLAGDQPQHF	1
CASSLAGGLYNEQFF	1
CASSLAGTDTQYF	1
CASSLADSFYGYTF	1
CASSLAMHLAYNEQFF	1
CASSLATSGLARYEQYF	1
CASSLASAYGETQYF	1
CASSLASGSSDTQYF	1
CASSLASGSKDEQFF	1
CASSLARTVSSYNEQFF	1
CASSLAFTYEQYF	1
CASSLASGLAYEQYF	1
CASSLAWGPYNEQFF	1
CASSLAYSPSSYEQYF	1
CASSLALLGLPREQYF	1
CASSLALWGEQYF	1
CASSLALTSGTHNEQFF	1
CASSLAPLSAEQYF	1
CASSLAPPNEQFF	1
CASSLAPAGQDTEAFF	1
CASSLAPGELFF	1
CASSLAPDGVDYGYTF	1
CASSLAPIGNYGYTF	1
CASSLARNLYEQYF	1
CASSLARDFSYNEQFF	1
CASSLARDTSNQPQHF	1
CASSLARTPGEQYF	1
CASSLARHGTYEQYF	1
CASSLARGSQPQHF	1
CASSLAHVPLTGSSYNEQFF	1
CASSLAQGQTDTQYF	1
CASSLAQGAVSYEQYF	1
CASSLAQGLAGTDTQYF	1
CASSLAQHTGYEQYF	1
CASSLAALGRESYNEQFF	1
CASSLAGTDTQYF	1
CASSLAGEEFYGYTF	1
CASSLAGIPTGELFF	1
CASSLAGTYNTGELFF	1
CASSLAGTRRASYEQYF	1
CASSLAGTSSYNEQFF	1
CASSLAGTSGTDTQYF	1
CASSLAGTGNTEAFF	1
CASSLAGTGYTSGYEQYF	1
CASSLAGTGEKFF	1
CASSLAGISYEQYF	1
CASSLAGTGVYEQYF	1
CASSLAMSGVEF	1
CASSLATSGRASYQETQYF	1
CASSLATKAYEQYF	1
CASSLATGDGYEQYF	1
CASSLASAGNSYNEQFF	1
CASSLASGRGFYEQYF	1
CASSLAREDTQYF	1
CASSLANQGYQPQHF	1
CASSLAFAWSESSYNEQFF	1
CASSLALGRGLGEQYF	1
CASSLALRNEQFF	1
CASSLASSGSYEQYF	1
CASSLASGGKLNTEAFF	1
CASSLASRLYEQYF	1
CASSLASDVDEKLFF	1
CASSLAYRSEQFF	1
CASSLALGGAYIQYF	1
CASSLALRDTGELFF	1
CASSLALQGANYGYTF	1
CASSLALAGYNEQFF	1
CASSLAPTIGLAGYEQYF	1
CASSLAPSGRGDEQFF	1
CASSLAPSGGNTGELFF	1
CASSLAPGTEIYEQYF	1
CASSLAPRVYGYTF	1
CASSLAPWGNTEAFF	1
CASSLAPGQLYEQYF	1
CASSLAPEGANTEAFF	1
CASSLAPGETQYF	1
CASSLARSGSQDEQFF	1
CASSLARGEQFF	1
CASSLARGNTEAFF	1
CASSLARRGQYTDTQYF	1
CASSLARGQPSIYEQYF	1
CASSLARGGDTQYF	1
CASSLARASNEQFF	1
CASSLARILAGDDTQYF	1
CASSLARTGGREQYF	1
CASSLAQGARDEQFF	1
CASSLAQDLSEQFF	1
CASSLAVAGETQYF	1
CASSLAVYPGEGADTQYF	1
CASSLAVGELFF	1
CASSLAASGTPYEQYF	1
CASSLAAQGETQYF	1
CASSLAARGYEQYF	1
CASSLAAGLSSTDTQYF	1
CASSLAAGSYEQYF	1
CASSLAGLVAEAFF	1
CASSLAGPGTGELFF	1
CASSLAGGNEQYF	1
CASSLAGGLAGPSYNEQFF	1
CASSLAGSTGSEQYF	1
CASSLAGAWEQYF	1
CASSLAGGGDEQYF	1
CASSLAGREDTQYF	1
CASSLAGWENIQYF	1
CASSLAGLDEQYF	1
CASSLAGLAWEQYF	1
CASSLAGVGDTQYF	1
CASSLAGGSTNEKLFF	1
CASSLAGGGSEQYF	1
CASSLAGEGAEAFF	1
CASSLAGLAKNIQYF	1
CASSLAGSTDTQYF	1
CASSLAGQGYGYTF	1
CASSLAGVTDTQYF	1
CASSLAGARGDTQYF	1
CASSLAGASYEQYF	1
CASSLAGGTGELFF	1
CASSLAGGSYEQYF	1
CASSLAGGPDTQYF	1
CASSLAGGPYNEQFF	1
CASSLAGGVETQYF	1
CASSLAGGLQETQYF	1
CASSLAGGDTQYF	1
CASSLAGNEQFF	1
CASSLADWSYEQYF	1
CASSLADRALLTEAFF	1
CASSLADKDVYGYTF	1
CASSLAEPRNEKLFF	1
CASSLAEGWTDTQYF	1
CASSLAILGGDLSREQFF	1
CASSLAIGLAETQYF	1
CASSLATSGRNTGELFF	1
CASSLATSDPYEQYF	1
CASSLATTQRGIAKNIQYF	1
CASSLATGEYNEQFF	1
CASSLASLENEQFF	1
CASSLARLFGTGELFF	1
CASSLARAFDVNTEAFF	1
CASSLARTGVGEKLFF	1
CASSLARESGANVLTF	1
CASSLAKGMNTEAFF	1
CASSLAFTGRTEAFF	1
CASSLASDRGDQPQHF	1
CASSLASLPTYNEQFF	1
CASSLALARTDTQYF	1
CASSLAPRDYLGNEQFF	1
CASSLAREQFF	1
CASSLARLNIQYF	1
CASSLAQALLNTGELFF	1
CASSLAQGSYNEQFF	1
CASSLAQGFETQYF	1
CASSLAQEKTYEQYF	1
CASSLAAGGGQFF	1
CASSLAAEDQETQYF	1
CASSLAAGGYGYTF	1
CASSLAGSKNIQYF	1
CASSLAGGDPGNIQYF	1
CASSLAGSQETQYF	1
CASSLAGLTTEAFF	1
CASSLAGAGTTDTQYF	1
CASSLAGASYEQYF	1
CASSLAGDEQYF	1
CASSLAGTSSGELFF	1
CASSLAGSTYNEQFF	1
CASSLAGPGYEQYF	1
CASSLAGEETQYF	1
CASSLADQREYTGELFF	1
CASSLAEIGEQYF	1
CASSLANGNGYTF	1
CASSLAKEGAKNIQYF	1
CASSLGFSDYEQYF	1
CASSLGLGDVLSYEQYF	1
CASSLGLGNIQYF	1
CASSLGLWGVNSPLHF	1
CASSLGSLRVGDRGYTF	1
CASSLGSTPRETQYF	1
CASSLGSRNGYTF	1
CASSLGSWSEQYF	1
CASSLGCCRETEAFF	1
CASSLGWTSGTVNIQYF	1
CASSLGYSSRRNEQFF	1
CASSLGLYEQYF	1
CASSLGLAGGANEQFF	1
CASSLGLIRDRGPETQYF	1
CASSLGLAGGYEQYF	1
CASSLGPSGTTGELFF	1
CASSLGPFYTGELFF	1
CASSLGPGPLNTEAFF	1
CASSLGPSLGEQYF	1
CASSLGRYAGAATNEKLFF	1
CASSLGRDTDTQYF	1
CASSLGRLAGGNTDTQYF	1
CASSLGRLAGRELPGELFF	1
CASSLGHYNEQFF	1
CASSLGQPSTDTQYF	1
CASSLGQGYEQYF	1
CASSLGQGSAYEQYF	1
CASSLGQNEQFF	1
CASSLGADYEQYF	1
CASSLGAETQYF	1
CASSLGGFSESQPQHF	1
CASSLGGAGQETQYF	1
CASSLGGTGWTQYF	1
CASSLGGGVYEQYF	1
CASSLGGGAQKNIQYF	1
CASSLGGTSYEQYF	1
CASSLGGTGLQETQYF	1
CASSLGGNEQFF	1
CASSLGGNTIYF	1
CASSLGDTGVNTDTQYF	1
CASSLGEVQETQYF	1
CASSLGSFTDTQYF	1
CASSLGSGRPRSYEQYF	1
CASSLGLQGRGYTF	1
CASSLGSTGELFF	1
CASSLGSSSYNEQFF	1
CASSLGLLAGNTGELFF	1
CASSLGLSSEQFF	1
CASSLGLAGGLRGDEQFF	1
CASSLGLAGGPGNEQFF	1
CASSLGPWTSGTKKTQYF	1
CASSLGPRANTGELFF	1
CASSLGPGQGLYSNQPQHF	1
CASSLGPGQDNYGYTF	1
CASSLGRHPTEQYF	1
CASSLGRQGGVSYEQYF	1
CASSLGRGDAHEQYF	1
CASSLGRGTGPQETQYF	1
CASSLGVAGTTNEKLFF	1
CASSLGVGGAQETQYF	1
CASSLGAGVEQFF	1
CASSLGATSGSYFEQYF	1
CASSLGGPPYNEQFF	1
CASSLGGSQETQYF	1
CASSLGGRNNEQFF	1
CASSLGGDDTQYF	1
CASSLGGTSGETQYF	1
CASSLGGSSHNEQFF	1
CASSLGGGYSYNEQFF	1
CASSLGTYRDTDTQYF	1
CASSLGTGELFF	1
CASSLGTGLSSYEQYF	1
CASSLGTGFTSGNTIYF	1
CASSLGTGPDRDTEYEQYF	1
CASSLGSSPNEQFF	1
CASSLGSLTSTDTQYF	1
CASSLGSSSYNEQFF	1
CASSLGRLAATYEQYF	1
CASSLGKHQPQHF	1
CASSLGFHRDRNSSYEQYF	1
CASSLGSGYNEQFF	1
CASSLGSRTAEQYF	1
CASSLGSGESSYEQYF	1
CASSLGSGGLDTQYF	1
CASSLGSYEQYF	1
CASSLGWRASGRTDTQYF	1
CASSLGLSNEQFF	1
CASSLGLPGGNEQFF	1
CASSLGLANTGELFF	1
CASSLGLASGELFF	1
CASSLGLAVEQYF	1
CASSLGLAGGNEQFF	1
CASSLGLRDAQYF	1
CASSLGPTTTSTDTQYF	1
CASSLGPTDTQYF	1
CASSLGPDTQYF	1
CASSLGRSSQETQYF	1
CASSLGRDRSYEQYF	1
CASSLGREGRSPYEQYF	1
CASSLGRTGGINQPQHF	1
CASSLGRRLSYEQYF	1
CASSLGQPLAGLYEQYF	1
CASSLGQGDEQYF	1
CASSLGQGDQPQHF	1
CASSLGQGRNSPLHF	1
CASSLGQGGAFF	1
CASSLGQTFGTEAFF	1
CASSLGQTSNQPQHF	1
CASSLGVANTGELFF	1
CASSLGVGGTQYF	1
CASSLGVGLTSYGYTF	1
CASSLGVDQPQHF	1
CASSLGVWTGEEKLFF	1
CASSLGVLYGYTF	1
CASSLGVGTYEQYF	1
CASSLGVTDTQYF	1
CASSLGVNTGELFF	1
CASSLGASGELFF	1
CASSLGANSPLHF	1
CASSLGAPYEQYF	1
CASSLGAEQYF	1
CASSLGAIGYTEAFF	1
CASSLGARLGNEQFF	1
CASSLGAAGQPQHF	1
CASSLGAGSTDTQYF	1
CASSLGAGGTYEQYF	1
CASSLGAGGYYEQFF	1
CASSLGAGGAYEQYF	1
CASSLGAAFGYEQFF	1
CASSLGAGTEAFF	1
CASSLGAGLEETQYF	1
CASSLGAENSNQPQHF	1
CASSLGGRDRPYEQYF	1
CASSLGGQGVTDTQYF	1
CASSLGGAGESKQYF	1
CASSLGGAEAFF	1
CASSLGGGSYNEQFF	1
CASSLGGGGPNEQFF	1
CASSLGGNRELFF	1
CASSLGGRPSTDTQYF	1
CASSLGGRVQETQYF	1
CASSLGGVNTEAFF	1
CASSLGGARETSANYGYTF	1
CASSLGGGSSYNEQFF	1
CASSLGGTSNQPQHF	1
CASSLGGTLNTEAFF	1
CASSLGGTGSYEQYF	1
CASSLGGTVDTEAFF	1
CASSLGGTGGVTFF	1
CASSLGGLNEQYF	1
CASSLGGPTGELFF	1
CASSLGGPYNEQFF	1
CASSLGGQGPYEQYF	1
CASSLGDYEQYF	1
CASSLGDSYNEQFF	1
CASSLGDYPNEQFF	1
CASSLGDPNEQFF	1
CASSLGDGYSYEQYF	1
CASSLGDRGDQETQYF	1
CASSLGDRDYNEQFF	1
CASSLGENLNTEAFF	1
CASSLGIPGGTDTQYF	1
CASSLGMYNEQFF	1
CASSLGMPGYNEQFF	1
CASSLGIAGYEQYF	1
CASSLGTPLYNEQFF	1
CASSLGTVSYNEQFF	1
CASSLGTGSPHYEQYF	1
CASSLGTSGSNEQFF	1
CASSLGTSGRKYF	1
CASSLGTSGRTDTQYF	1
CASSLGTSGRGQYF	1
CASSLGTAFQETQYF	1
CASSLGTNQPQHF	1
CASSLGTGVGQYF	1
CASSLGTGYGYTF	1
CASSLGTGRPNTEAFF	1
CASSLGTGGSYEQYF	1
CASSLGTGTYKETQYF	1
CASSLGTGRGVGETQYF	1
CASSLGTETQYF	1
CASSLGSSNSPLHF	1
CASSLGSGSSYEQYF	1
CASSLGRSSAEQFF	1
CASSLGRDYEQYF	1
CASSLGRDQTYEQYF	1
CASSLGFEQFF	1
CASSLGFWGDTQYF	1
CASSLGSLHSGNTIYF	1
CASSLGSGGQGIYEQYF	1
CASSLGLFTDTQYF	1
CASSLGLSNEQFF	1
CASSLGLHITGELFF	1
CASSLGLSQETQYF	1
CASSLGLVNDEQYF	1
CASSLGLAVTYEQYF	1
CASSLGLAVNNEQFF	1
CASSLGLAGNTDTQYF	1
CASSLGLAGASEQFF	1
CASSLGLAGVGDTQYF	1
CASSLGLAGVGEQYF	1
CASSLGLAGDADTQYF	1
CASSLGLAGRNEQFF	1
CASSLGPYEQYF	1
CASSLGPRGETQYF	1
CASSLGPLEQNTGELFF	1
CASSLGPGVNYGYTF	1
CASSLGPIYEQYF	1
CASSLGRGQASYNEQFF	1
CASSLGRTNYTF	1
CASSLGRGTVNTGELFF	1
CASSLGHLYEQYF	1
CASSLGHLTGELFF	1
CASSLGHTNTEAFF	1
CASSLGQSYEQYF	1
CASSLGQRERTDTQYF	1
CASSLGQGYNQPQHF	1
CASSLGQGAYEQYF	1
CASSLGQGAGYGYTF	1
CASSLGQGGTEAFF	1
CASSLGVNSPLHF	1
CASSLGAGRGRSEQYF	1
CASSLGANEQFF	1
CASSLGAEAFF	1
CASSLGAGGFSYEQYF	1
CASSLGGEQFF	1
CASSLGGITQPQHF	1
CASSLGGVSYEQYF	1
CASSLGGTDTQYF	1
CASSLGGWAQFF	1
CASSLGGGPTYNEQFF	1
CASSLGGGVGTGELFF	1
CASSLGGGAYEQYF	1
CASSLGGGRVSNEQFF	1
CASSLGGDTYNEQFF	1
CASSLGGDYEQYF	1
CASSLGGTRSYEQYF	1
CASSLGGPNTEAFF	1
CASSLGGRYGYEQYF	1
CASSLGGGGGTDTQYF	1
CASSLGGGSFTGELFF	1
CASSLGGEQPQHF	1
CASSLGDRGPYEQYF	1
CASSLGDRTTRKETQYF	1
CASSLGERGTDTQYF	1
CASSLGMRYEQYF	1
CASSLGSSNEQYF	1
CASSLGSTDTQYF	1
CASSLGRVPDTQYF	1
CASSLGRGSYNSPLHF	1
CASSLGRAYEQYF	1
CASSLGNPTTDTQYF	1
CASSLDFTEQYF	1
CASSLDLGPLAGPTDTQYF	1
CASSLDSGTGSYEQYF	1
CASSLDSSGTYEQYF	1
CASSLDSAPHNEQFF	1
CASSLDWVAWWQGGNTGELFF	1
CASSLDWAPDEQFF	1
CASSLDWSQPQHF	1
CASSLDYVVKRGEQYF	1
CASSLDYRVGDTQYF	1
CASSLDLDQLLAKNIQYF	1
CASSLDLGRISYNEQFF	1
CASSLDPFSGRGETQYF	1
CASSLDPRPTDTQYF	1
CASSLDPGQPQHF	1
CASSLDPGGEQFF	1
CASSLDPAGVGTGELFF	1
CASSLDRNEQFF	1
CASSLDRGYSGEQYF	1
CASSLDRGPAGEQYF	1
CASSLDRIFGGRGEQYF	1
CASSLDRTMADTQYF	1
CASSLDRTYPDTQYF	1
CASSLDHSSPSTDTQYF	1
CASSLDQTSEQYF	1
CASSLDQGLAGIDDEQFF	1
CASSLDVAVGNTIYF	1
CASSLDVGLSYEQYF	1
CASSLDAVQETQYF	1
CASSLDAGGTEAFF	1
CASSLDGGGNQPQHF	1
CASSLDGATGTEAFF	1
CASSLDGGTYEQYF	1
CASSLDGDRNTIYF	1
CASSLDGTRWSGEQFF	1
CASSLDGTATYEQYF	1
CASSLDGTGSKETQYF	1
CASSLDGRQETQYF	1
CASSLDDYEQYF	1
CASSLDEGSQYF	1
CASSLDEGGEQFF	1
CASSLDTSGIFEQFF	1
CASSLDTEETQYF	1
CASSLDTQGGLSSYEQYF	1
CASSLDTGPGGPQYNEQFF	1
CASSLDKAYEQYF	1
CASSLDLSQGRGTDTQYF	1
CASSLDSTSGSTGELFF	1
CASSLDYGYTF	1
CASSLDLSSNQPQHF	1
CASSLDLAGEYEQYF	1
CASSLDPRAKNIQYF	1
CASSLDPGSNQPQHF	1
CASSLDPDEQYF	1
CASSLDPAGGRDEQFF	1
CASSLDRASDIQYF	1
CASSLDQRAIYTDTQYF	1
CASSLDQGAEEQYF	1
CASSLDQNSIYEQYF	1
CASSLDALWDNEQFF	1
CASSLDGGMADTQYF	1
CASSLDGRGNEQFF	1
CASSLDGGLNTGELFF	1
CASSLDGGQGGEKLFF	1
CASSLDGRAQDEQFF	1
CASSLDGASTDTQYF	1
CASSLDIKYYNEQFF	1
CASSLDTGGEQFF	1
CASSLDRSTDTQYF	1
CASSLDRAYEQYF	1
CASSLDRGLPYEQYF	1
CASSLDRGPKAQYF	1
CASSLDRGQETQYF	1
CASSLDRGLDEQFF	1
CASSLDRGGNSPLHF	1
CASSLDRSGSLEQFF	1
CASSLDRRSDGYTF	1
CASSLDNQADTQYF	1
CASSLEFLAGYEQYF	1
CASSLELAGGTDTQYF	1
CASSLESQAPYNEQFF	1
CASSLESSPQDTQYF	1
CASSLESGYTEAFF	1
CASSLESGRPYEQYF	1
CASSLEWREGYEQYF	1
CASSLERSLREQFF	1
CASSLERYNEQFF	1
CASSLEREAEAKNIQYF	1
CASSLERVRGLYAGELFF	1
CASSLEQVEAFF	1
CASSLEVGGISSYNEQFF	1
CASSLEVGVPYNEQFF	1
CASSLEVPIGYEQYF	1
CASSLEVAPYEQYF	1
CASSLEVAAYNEQFF	1
CASSLEVGQSFYNEQFF	1
CASSLEAQYEQYF	1
CASSLEAGPNQPQHF	1
CASSLEAGGPYEQYF	1
CASSLEGVSYEQYF	1
CASSLEGGAYEQYF	1
CASSLEGGGHGNQPQHF	1
CASSLEGGRWNEQFF	1
CASSLEGGRRYEQYF	1
CASSLEGAGDTQYF	1
CASSLEGAPYNEQFF	1
CASSLEGAVNYGYTF	1
CASSLEGGRYNEQFF	1
CASSLEGEETQYF	1
CASSLEGTSIPLNEQFF	1
CASSLEGTGGSDTQYF	1
CASSLEGLTDTQYF	1
CASSLEGLVYNEQFF	1
CASSLEGPNSPLHF	1
CASSLEGPNEQFF	1
CASSLEGQPQHF	1
CASSLEGQGFNQPQHF	1
CASSLEGVDEQFF	1
CASSLEGGSSYNEQFF	1
CASSLEGNQPQHF	1
CASSLEDGGPNQETQYF	1
CASSLEDRGPNYGYTF	1
CASSLEESGRSYNEQFF	1
CASSLEMTSGSQTQYF	1
CASSLEIVYNEQFF	1
CASSLETNSYEQYF	1
CASSLETGRNEQFF	1
CASSLETGTDTQYF	1
CASSLESGSSYEQYF	1
CASSLERLGFVSSPLHF	1
CASSLERAANEKLFF	1
CASSLERTSGRRDDTQYF	1
CASSLERQGLDEQYF	1
CASSLEKAHGGGNTEAFF	1
CASSLEFPRWGGYTF	1
CASSLEFNTGELFF	1
CASSLELEGEAFF	1
CASSLESGITGELFF	1
CASSLELVANEQFF	1
CASSLELAVYNEQFF	1
CASSLELAGEQFF	1
CASSLEPVNNEQFF	1
CASSLEPGREWETQYF	1
CASSLEPTDNSPLHF	1
CASSLERYNEQFF	1
CASSLERVGGYTF	1
CASSLEREGRREQFF	1
CASSLEVSTDTQYF	1
CASSLEVLAGETQYF	1
CASSLEAGTSGYGADTQYF	1
CASSLEAGQETQYF	1
CASSLEGGGSYEQYF	1
CASSLEGLAGEEDEQYF	1
CASSLEGVEQYF	1
CASSLEGATEAFF	1
CASSLEGGVAGELFF	1
CASSLEGGERTDTQYF	1
CASSLEGGYSYEQYF	1
CASSLEGEKSYNEQFF	1
CASSLEDRTVYEQYF	1
CASSLEEDSSYEQYF	1
CASSLETFGYEQYF	1
CASSLESGGHGYTF	1
CASSLERSSGRGYNEQFF	1
CASSLERLAGVFTEQFF	1
CASSLERGSWYGYTF	1
CASSLIWGQGSPLHF	1
CASSLIGYTGELFF	1
CASSLIFDEQFF	1
CASSLIPDRAYEQYF	1
CASSLIHSGTSTDTQYF	1
CASSLIAGGYEQYF	1
CASSLIADNEQFF	1
CASSLIGGGYEQYF	1
CASSLIGREELFF	1
CASSLIGSLYEQYF	1
CASSLIEGPFGELFF	1
CASSLIIGQGTIYGYTF	1
CASSLIIEGSPLHF	1
CASSLMLGTGVVNTEAFF	1
CASSLMSSGSGGETQYF	1
CASSLMLAGAGELFF	1
CASSLMPGQSTDTQYF	1
CASSLMADYEQYF	1
CASSLMASGYEPDTQYF	1
CASSLMAYNEQFF	1
CASSLMAGGNEQYF	1
CASSLMGQPQHF	1
CASSLMGGGSLWDTQYF	1
CASSLMGANEKLFF	1
CASSLMGASYGYTF	1
CASSLMGGDTEAFF	1
CASSLMGGRTDTQYF	1
CASSLMGGNTDTQYF	1
CASSLMDRQETQYF	1
CASSLMEVDGSEYNEQFF	1
CASSLMEETQYF	1
CASSLMTAYGYTF	1
CASSLIYGRVNEKLFF	1
CASSLIPGRLDTQYF	1
CASSLIAGGYEQYF	1
CASSLIADSYNEQFF	1
CASSLISVPSYNEQFF	1
CASSLTSLTDTQYF	1
CASSLTSAAPLHF	1
CASSLTSIPNTDTQYF	1
CASSLTHLAGGRETQYF	1
CASSLTVENTEAFF	1
CASSLTAGTYEQYF	1
CASSLTGTPNTEAFF	1
CASSLTGASSYNEQFF	1
CASSLTGGTGSTEAFF	1
CASSLTGGTGRQETQYF	1
CASSLTGINTGELFF	1
CASSLTIRGVAFF	1
CASSLTTGGETQYF	1
CASSLTSSGETQYF	1
CASSLTSLPYNEQFF	1
CASSLTSWETQYF	1
CASSLTSQETQYF	1
CASSLTSGTSNPYEQYF	1
CASSLTSGTADTQYF	1
CASSLTSGSYNEQFF	1
CASSLTRGWNEQFF	1
CASSLTFGGSGEDTQYF	1
CASSLTSQDYGYTF	1
CASSLTWVAGLGTDTQYF	1
CASSLTLPAKETQYF	1
CASSLTPGVYEQYF	1
CASSLTPSRTDTQYF	1
CASSLTPASGRVGELFF	1
CASSLTRVGGTDTQYF	1
CASSLTHGGKALGTEAFF	1
CASSLTQNNEQFF	1
CASSLTAGVYNEQFF	1
CASSLTATTEAFF	1
CASSLTADQPQHF	1
CASSLTAGGKDTQYF	1
CASSLTGTENTEAFF	1
CASSLTGQGMTYEQYF	1
CASSLTGQNTGELFF	1
CASSLTILGGGEANYGYTF	1
CASSLTIAGGNVDEQFF	1
CASSLTTGNTEAFF	1
CASSLTSVSTDTQYL	1
CASSLTRINSNQPQHF	1
CASSLTNEQFF	1
CASSLTSSTDTQYF	1
CASSLTSGFLDTQYF	1
CASSLTYNEQFF	1
CASSLTRPSRAEAFF	1
CASSLTRGINTGELFF	1
CASSLTAPSGTHRSQYF	1
CASSLTAQGADTQYF	1
CASSLTATSSTDTQYF	1
CASSLTGRGEQFF	1
CASSLTGHNEQFF	1
CASSLTGGRGELFF	1
CASSLTGTGVVGYTF	1
CASSLTGKYSNQPQHF	1
CASSLTGALPDEQFF	1
CASSLTGGEQFF	1
CASSLTTYEQYF	1
CASSLTTSGSSYEQYF	1
CASSLTTSGSSGELFF	1
CASSLTTGGGETQYF	1
CASSLTTTNYNEQFF	1
CASSLTSSGAETQYF	1
CASSLTSTSSYEQYF	1
CASSLTSGLAKNIQYF	1
CASSLTLAVSYNEQFF	1
CASSLTPGSYNEQFF	1
CASSLTPAVGYNEQFF	1
CASSLTAGSGNTIYF	1
CASSLTGHRNTIYF	1
CASSLTGTGTEAFF	1
CASSLTGSSYEQYF	1
CASSLTGRSGSPLHF	1
CASSLTGKSTDTQYF	1
CASSLTGVSEQFF	1
CASSLTGDSNQPQHF	1
CASSLTENSNQPQHF	1
CASSLTTSGRAYEQYF	1
CASSLTSGRYNEQFF	1
CASSLTRGDTEAFF	1
CASSLSFWGSRDEQFF	1
CASSLSLAGTDEQFF	1
CASSLSSTKNTGELFF	1
CASSLSSGQGAYEQYF	1
CASSLSYLVYEQYF	1
CASSLSLAGGLGQYF	1
CASSLSPGEETQYF	1
CASSLSPGGLNNEQFF	1
CASSLSPGGYTEAFF	1
CASSLSQGAPRNEQFF	1
CASSLSATSGRLYNEQFF	1
CASSLSGQDEQYF	1
CASSLSGDYSNQPQHF	1
CASSLSMGGAGEAFF	1
CASSLSIGLGNTIYF	1
CASSLSSGRTDEQFF	1
CASSLSFVSGETGELFF	1
CASSLSYGRAHEQYF	1
CASSLSPTFNTGELFF	1
CASSLSGPEQYF	1
CASSLSGRGYNEQFF	1
CASSLSGQSYNEQFF	1
CASSLSIYEQYF	1
CASSLSTGELFF	1
CASSLSSSYEQYF	1
CASSLSRLLGTDTQYF	1
CASSLRSSGSYEQYF	1
CASSLRSRLAGYEQYF	1
CASSLRWGQGNTIYF	1
CASSLRWTDF	1
CASSLRLAGGHEQFF	1
CASSLRLVGEQFF	1
CASSLRPGRGPKNIQYF	1
CASSLRRENTGELFF	1
CASSLRRQDEQYF	1
CASSLRQSPNEQFF	1
CASSLRASYTDTQYF	1
CASSLRAGADTQYF	1
CASSLRAGTGSWPQHF	1
CASSLRGAGVVVTQYF	1
CASSLRGSSYNEQFF	1
CASSLRGLAGGPFSSYEQYF	1
CASSLRGQGVSYNEQFF	1
CASSLRDSSYEQYF	1
CASSLREGYEQYF	1
CASSLRIATDTQYF	1
CASSLRTSGSYNEQFF	1
CASSLRTYTDTQYF	1
CASSLRTDSPLHF	1
CASSLRNSGLRPRREGELFF	1
CASSLRLDDYNEQFF	1
CASSLRPPANEQFF	1
CASSLRQGIGQPQHF	1
CASSLRVGVETQYF	1
CASSLRANTEAFF	1
CASSLRGPGLAGGRSYNEQFF	1
CASSLRGGENTEAFF	1
CASSLRGGDNEQFF	1
CASSLRDRTINEQFF	1
CASSLRTGNTGELFF	1
CASSLRSPVRNQPQHF	1
CASSLNSRGEQYF	1
CASSLNPPNEQFF	1
CASSLNPGLAGEYNEQFF	1
CASSLNPRVYNEQFF	1
CASSLNRPSGSNTGELFF	1
CASSLNVGLPYEQYF	1
CASSLNGGTTYNEQFF	1
CASSLNGGRAVGEQFF	1
CASSLNGITSPYNEQFF	1
CASSLNEQFF	1
CASSLNRPEQFF	1
CASSLNSLPRRNTEAFF	1
CASSLNSHYEQYF	1
CASSLNSGEGAEAFF	1
CASSLNWVEETQYF	1
CASSLNLGAYGYTF	1
CASSLNLAGPTDTQYF	1
CASSLNRKTDTQYF	1
CASSLNAAGRTDTQYF	1
CASSLNAAIYNEQFF	1
CASSLNAGTGVFTEAFF	1
CASSLNGLAGGWFF	1
CASSLNGKGGNEQFF	1
CASSLNMGRTRENTEAFF	1
CASSLNRVWYF	1
CASSLNRALTDTQYF	1
CASSLNRATQYF	1
CASSLNREETQYF	1
CASSLNNEQFF	1
CASSLNNQETQYF	1
CASSLKPDRSYEQYF	1
CASSLKPIGSSYNEQFF	1
CASSLKASGGRNTEAFF	1
CASSLKAPLTGELFF	1
CASSLKAGVPYEQYF	1
CASSLKGVGGPRTDTQYF	1
CASSLKGAKNIQYF	1
CASSLKGQGGPQHF	1
CASSLKMQGNTEAFF	1
CASSLKTSGSSGELFF	1
CASSLKLDEQFF	1
CASSLKLAGGYNEQFF	1
CASSLKPGEQYF	1
CASSLKAGVKNEQFF	1
CASSLKGYEQYF	1
CASSLKMGGNTEAFF	1
CASSSFSSSTINEQFF	1
CASSSFGATDTQYF	1
CASSSFGSSYNEQFF	1
CASSSLSGGGYNEQFF	1
CASSSLLVAEQFF	1
CASSSLRGGHGTDTQYF	1
CASSSLAVGATGYEQYF	1
CASSSLAGAIGQFF	1
CASSSSAGLPTGELFF	1
CASSSSGTGAYEQYF	1
CASSSSDENEQFF	1
CASSSWTSGISSYEQYF	1
CASSSWTGRGEQYF	1
CASSSYISPIKGDSFYEQYF	1
CASSSYLGQVHEQFF	1
CASSSYRDIENIQYF	1
CASSSLLGGGGSSYNEQFF	1
CASSSPGSTNEQFF	1
CASSSPSQASGRAQETQYF	1
CASSSPDRGSSNEQFF	1
CASSSPPYQETQYF	1
CASSSRGRVNEQFF	1
CASSSRDPRGEQFF	1
CASSSRDRGQSNEKLFF	1
CASSSRTFRVYEQYF	1
CASSSRVAGSSYEQYF	1
CASSSHLTVYEQFF	1
CASSSQREKANEQFF	1
CASSSQHDTEAFF	1
CASSSVYLVGTYEQYF	1
CASSSVAGAREQFF	1
CASSSAGLAGNEQFF	1
CASSSAGGLPYEQYF	1
CASSSAGLAGGDTQYF	1
CASSSGGSQETQYF	1
CASSSGGSGAYNEQFF	1
CASSSGPSSYNEQFF	1
CASSSGDRRNSPLHF	1
CASSSGTGNQRPQHF	1
CASSSGTGVYEQYF	1
CASSSGLAGDADTQYF	1
CASSSGLGPFYEQFF	1
CASSSGQGQETQYF	1
CASSSDPGVYGYTF	1
CASSSDAGRGYTF	1
CASSSEGTSGTSTDTQYF	1
CASSSEVSRHSYNEQFF	1
CASSSEMNTEAFF	1
CASSSISGITDTQYF	1
CASSSIRQGQETQYF	1
CASSSTFSYEQYF	1
CASSSTSGKAYEQYF	1
CASSSTGTGGTEAFF	1
CASSSTTGRHEQYF	1
CASSSTGVHEQYF	1
CASSSTGGAYTGELFF	1
CASSSTGGYETQYF	1
CASSSTESSYNEQFF	1
CASSSSGWYTYEQYF	1
CASSSSGGSTDTQYF	1
CASSSSGSGRIRYF	1
CASSSSGNRYNEQFF	1
CASSSRGLAGGSTGELFF	1
CASSSRTGYNEQFF	1
CASSSRRARDIQYF	1
CASSSRGDTQYF	1
CASSSNVRTGIYEQYF	1
CASSSKVAGGHEQFF	1
CASSSFFYEQYF	1
CASSSFLETQYF	1
CASSSFGEYEQYF	1
CASSSFTGEGSYEQYF	1
CASSSFGGDKYQETQYF	1
CASSSFGGETQYF	1
CASSSFDRETYNEQFF	1
CASSSLEGLHSTDTQYF	1
CASSSLTGLVEQFF	1
CASSSLHQGYIGEQFF	1
CASSSLAGAPYNEQFF	1
CASSSLAGGVYRDTGELFF	1
CASSSSLDTPYGYTF	1
CASSSSSGSLETQYF	1
CASSSSSRTNEQFF	1
CASSSSPGQPGRGELFF	1
CASSSSRLARTDTQYF	1
CASSSSGTATYEQYF	1
CASSSSEVGGYEQYF	1
CASSSSTDEQYF	1
CASSSSGFRNTEAFF	1
CASSSSGLAGDEQYF	1
CASSSSGTGHEKLFF	1
CASSSWGSNQPQHF	1
CASSSWGLASSGELFF	1
CASSSWTSWPYEQYF	1
CASSSWTSQETQYF	1
CASSSWTSGVTDTQYF	1
CASSSWTDLGEQYF	1
CASSSYKETQYF	1
CASSSYYSYEQYF	1
CASSSYLQAGGPNEQFF	1
CASSSYGVSSYEQYF	1
CASSSYRGLEQFF	1
CASSSLGSSGRNEQFF	1
CASSSLPVFTDTQYF	1
CASSSLPYPAKNIQYF	1
CASSSLRQGNYGYTF	1
CASSSLGWEETQYF	1
CASSSLRGRQGGRYEQYF	1
CASSSLWAGGSLYEQYF	1
CASSSLRGLGHIIQEQYF	1
CASSSLHPLGANTGELFF	1
CASSSLAGPNYEQYF	1
CASSSLAGGPYEQYF	1
CASSSLAGGGETQYF	1
CASSSLAGGPGEQYF	1
CASSSLGQETQYF	1
CASSSLGGFNEQFF	1
CASSSLGETQYF	1
CASSSLSRGSLMGTDTQYF	1
CASSSPWDSYEQYF	1
CASSSPQGPSYNEQFF	1
CASSSPSGDSPRTKYNEQFF	1
CASSSPSGGYEQYF	1
CASSSPSDGGDHEQFF	1
CASSSPYEQYF	1
CASSSPLAGGEQYF	1
CASSSPPSNTEAFF	1
CASSSPRGHVDTDTQYF	1
CASSSPGTDTQYF	1
CASSSPSAREKGHEQFF	1
CASSSPLIYEQYF	1
CASSSPASTLHEQYF	1
CASSSPAGHDVQETQYF	1
CASSSPGRSYEQYF	1
CASSSPGRRDYEQYF	1
CASSSPGQGELNYGYTF	1
CASSSPEDSGSYEQYF	1
CASSSPTSGSYNEQFF	1
CASSSPRTGGFHEQYF	1
CASSSPWGYEQYF	1
CASSSPLASEQFF	1
CASSSPAGVYEQYF	1
CASSSRPGRVTYEQYF	1
CASSSREGQGAMETQYF	1
CASSSRRDSYEQYF	1
CASSSRALADEQYF	1
CASSSRGGQGSNTGELFF	1
CASSSREGLGETQYF	1
CASSSRMGSEAFF	1
CASSSRTTYEQYF	1
CASSSRWAGLYNEQFF	1
CASSSRLATYNEQFF	1
CASSSRLAGGSGGELFF	1
CASSSRQGTRYEQYF	1
CASSSRQGENTEAFF	1
CASSSRQIPNTEAFF	1
CASSSRGQDSGYTF	1
CASSSRILAGNNEQFF	1
CASSSHPGTALYEQYF	1
CASSSHHRGTSGMGGELFF	1
CASSSHTEGTQYF	1
CASSSQFF	1
CASSSQPPGLSYNEQFF	1
CASSSQRVLYNEQFF	1
CASSSQGVGTDTQYF	1
CASSSQGEVGEAFF	1
CASSSQGRATADTQYF	1
CASSSQIGGLAGNNEQFF	1
CASSSQTTDTYEQYF	1
CASSSQSGYSYEQYF	1
CASSSQFYEQYF	1
CASSSQFSGTGGYTF	1
CASSSQPNTEAFF	1
CASSSQVSRETQYF	1
CASSSVPSGRLTDTQYF	1
CASSSVWSRETQYF	1
CASSSVLGRSYNEQFF	1
CASSSVTGRETQYF	1
CASSSVQGAREKLFF	1
CASSSVIAGISREQYF	1
CASSSADGPLRLYEQYF	1
CASSSAPGTVNTEAFF	1
CASSSAGTSLNEQFF	1
CASSSAWGKSYNEQFF	1
CASSSAAGGEETQYF	1
CASSSGGSVSTDTQYF	1
CASSSGGAWDRGHTEAFF	1
CASSSGTDTQYF	1
CASSSGLEQYF	1
CASSSGPLTSGNGEDTQYF	1
CASSSGADIEAFF	1
CASSSGANNEQFF	1
CASSSGGEQFF	1
CASSSGTSGEETQYF	1
CASSSGTSGSTYNEQFF	1
CASSSGTRTYEQYF	1
CASSSGTNHYEQYF	1
CASSSGTPYEQYF	1
CASSSGTGAGNTIYF	1
CASSSGTASPQYF	1
CASSSGTVITF	1
CASSSGTGFSQPQHF	1
CASSSGTGWSGELFF	1
CASSSGTGRETQYF	1
CASSSGTGAGEQYF	1
CASSSGTGGEQYF	1
CASSSGTGGTDTQYF	1
CASSSGTGGTQPQHF	1
CASSSGTGDEKLFF	1
CASSSGTNYEQYF	1
CASSSGSSSYNEQFF	1
CASSSGLAGTQYF	1
CASSSGLAGGKYEQYF	1
CASSSGPYEQYF	1
CASSSGQGAGSEQFF	1
CASSSGQGAYEQYF	1
CASSSGQGGKAFF	1
CASSSGQTETQYF	1
CASSSGIRGVAQFF	1
CASSSDDLGQFF	1
CASSSDTNTEAFF	1
CASSSDWDPGAQYF	1
CASSSDRSEQFF	1
CASSSDHTGELFF	1
CASSSDVYTEAFF	1
CASSSDTDTQYF	1
CASSSDRGGNYGYTF	1
CASSSDRDLPYEQYF	1
CASSSEQGTEQFF	1
CASSSEGTMNTDTQYF	1
CASSSIPGQETQYF	1
CASSSILAGRYNEQFF	1
CASSSIQGMNTEAFF	1
CASSSIAGAYEQYF	1
CASSSTFQGEETQYF	1
CASSSTSGTYYEQYF	1
CASSSTYQEALLFSNEQYF	1
CASSSTPGANEKLFF	1
CASSSTGTTYEQYF	1
CASSSTGSKGTDTQYF	1
CASSSTSLRGEQFF	1
CASSSTEYNEQFF	1
CASSSTGVGSGSPLHF	1
CASSSTGVGGYTF	1
CASSSTGATNTGELFF	1
CASSSTTGPNQPQHF	1
CASSSSHSSYEQYF	1
CASSSSGRDSYEQYF	1
CASSSRAALEGYTF	1
CASSSRGYEQFF	1
CASSSRGGGTEAFF	1
CASSSRGDSTEAFF	1
CASSSRGTDTGELFF	1
CASSSRGVNTEAFF	1
CASSSRTHSETQYF	1
CASSSRTEYSGANVLTF	1
CASSSRTGTGNTIYF	1
CASSSRDYEQYF	1
CASSSNILARGRTDTQYF	1
CASSSNYREFNEQFF	1
CASSSKRQGFDTEAFF	1
CASSSKITEQFF	1
CASSSSSAREGVEQFF	1
CASSSSSGEQFF	1
CASSSSSSGGSSNEQFF	1
CASSSSYQGEWIAYEQYF	1
CASSSSGREQFF	1
CASSSSDSVEQYF	1
CASSSWGFGRNEQYF	1
CASSSYGNEQFF	1
CASSSYYEQYF	1
CASSSYGTDNEKLFF	1
CASSSYELAGGPGRNEQFF	1
CASSSYNRSYNEQFF	1
CASSSLLNSGITDTQYF	1
CASSSLSGIQYTQYF	1
CASSSLYSGPSYNEQFF	1
CASSSPTGRLYF	1
CASSSPSGRLDEQFF	1
CASSSPCGVEQYF	1
CASSSPGWGDRPQETQYF	1
CASSSPGGIDTGELFF	1
CASSSPGGRGNEQFF	1
CASSSPGVEKLFF	1
CASSSRPLVAGPWTGELFF	1
CASSSRLAGGFSYEQYF	1
CASSSRQLTEAFF	1
CASSSHPGQGGTDTQYF	1
CASSSHMGGTGELFF	1
CASSSQGKDNIQYF	1
CASSSQTGEYNEQFF	1
CASSSVTGTSTDTQYF	1
CASSSVAGGLEQYF	1
CASSSVAGSTDTQYF	1
CASSSALKTQYF	1
CASSSAVVTGTGGFGELFF	1
CASSSGWSDYNEQFF	1
CASSSGPPTPRPDTQYF	1
CASSSGPETVKGTQYF	1
CASSSGLAEQYF	1
CASSSGSGELFF	1
CASSSGRGNLQETQYF	1
CASSSGAGGELFF	1
CASSSGARTRNTGELFF	1
CASSSGDQTDFSGNTIYF	1
CASSSGTPIDTQYF	1
CASSSGTSGSSYEQYF	1
CASSSGTGGGEQYF	1
CASSSGLSRGTDTQYF	1
CASSSGLAKNIQYF	1
CASSSGLAPYEQYF	1
CASSSGLAPTYEQYF	1
CASSSGLAEINEQFF	1
CASSSGLGGAGELFF	1
CASSSGRSGPQHF	1
CASSSGRQYF	1
CASSSGHERAQYF	1
CASSSGQLGNTEAFF	1
CASSSGQPNEKLFF	1
CASSSGQGAIGYEQYF	1
CASSSGQGTKEQYF	1
CASSSGQNQETQYF	1
CASSSGKLNNEQFF	1
CASSSDRFRYEQFF	1
CASSSDIPDTQYF	1
CASSSDSNSNTEAFF	1
CASSSDRVGDTQYF	1
CASSSDRGTDTQYF	1
CASSSDRGAGANVLTF	1
CASSSDRTTYEQYF	1
CASSSEEKLFF	1
CASSSEPNYGYTF	1
CASSSEHTGELFF	1
CASSSEKDTQYF	1
CASSSISGTRKGVDEQFF	1
CASSSIRASTTEAFF	1
CASSSMDRDTDTQYF	1
CASSSIAGPSYNEQFF	1
CASSSTSVTYEQYF	1
CASSSTSGPYEQYF	1
CASSSTHDGQETQYF	1
CASSSTRASETQYF	1
CASSSTGNSYNEQFF	1
CASSSTEGPPGELFF	1
CASSSTIGTPEQFF	1
CASSSTRPGQGTYEQYF	1
CASSSTGLGETQYF	1
CASSSTGGHNEQYF	1
CASSSTGGEEAYGYTF	1
CASSSTGKETQYF	1
CASSSSPGTGLNYGYTF	1
CASSSSGRVEQFF	1
CASSSSGRALSEQFF	1
CASSSSTDTQYF	1
CASSSSNQPQHF	1
CASSSRASGKTDTQYF	1
CASSSRAGQFF	1
CASSSRGGEEQFF	1
CASSSRDSPTGELFF	1
CASSSRTGRETQYF	1
CASSSRQGSYEQYF	1
CASSSNTGELFF	1
CASSSLRGAPYEQYF	1
CASSSLAGGLIGEQFF	1
CASSSSLGAGAGSYEQYF	1
CASSSSQGAYEQYF	1
CASSSWTDYTEAFF	1
CASSSYNEQFF	1
CASSSYGGTSGRSEQYF	1
CASSSYGTGYEQYF	1
CASSSYTDTQYF	1
CASSSLRGIADNEQFF	1
CASSSLAGLHNEQFF	1
CASSSLAGGSYNEQFF	1
CASSSLDTPPGAQYF	1
CASSSPLGGVSNEQFF	1
CASSSPGPTGRYGYTF	1
CASSSPRQGDTEAFF	1
CASSSPGLANNEQFF	1
CASSSRLGQKISYNEQFF	1
CASSSRREGDTQYF	1
CASSSRGGRSPLHF	1
CASSSRQGGEKLFF	1
CASSSHGGSSYNEQFF	1
CASSSHRAYEQYF	1
CASSSQGGGNEQFF	1
CASSSQGLSTDTQYF	1
CASSSQGVRTEAFF	1
CASSSQGVNNSPLHF	1
CASSSQGARQPQHF	1
CASSSQGRGETQYF	1
CASSSQGGAGELFF	1
CASSSQPNIQETQYF	1
CASSSQRETQYF	1
CASSSALTGNNEQFF	1
CASSSAGTSGTRSYEQYF	1
CASSSAGADTDTQYF	1
CASSSGPFSGNTIYF	1
CASSSGVYTNEKLFF	1
CASSSGVRDNEQFF	1
CASSSGTSGTEQFF	1
CASSSGTSGRGAQETQYF	1
CASSSGTLETQYF	1
CASSSGTGTLISYTF	1
CASSSGLATYNEQFF	1
CASSSGLAPYNEQFF	1
CASSSGLAGYTGELFF	1
CASSSGLAGIVYNEQFF	1
CASSSGLAEVYEQYF	1
CASSSGLDYNEQFF	1
CASSSGPKIDEQFF	1
CASSSGISGANVLTF	1
CASSSDSGRGETQYF	1
CASSSDSIAYNEQFF	1
CASSSDGTSGRRNTGELFF	1
CASSSDRGRTGELFF	1
CASSSDKGAYNEQFF	1
CASSSISGWGLAYEQYF	1
CASSSMGLAVNEQFF	1
CASSSTYEQFF	1
CASSSTSGRAASSYNEQFF	1
CASSSTSGREPHTGELFF	1
CASSSTYSYSGTSGELFF	1
CASSSTLLGQGNTEAFF	1
CASSSTRGGLNGYTF	1
CASSSTQGARFHEQFF	1
CASSSTVESRYEQYF	1
CASSSTGTRVVNEQFF	1
CASSSTGQVYEQYF	1
CASSSTRGAYNEQFF	1
CASSSTSKNIQYF	1
CASSSTGPSGRLKNIQYF	1
CASSSTGEGYNEQFF	1
CASSSTGLAGGEQETQYF	1
CASSSTGGTDTQYF	1
CASSSSLGQDLGELFF	1
CASSSSGTLGKNIQYF	1
CASSSRAGGTDTQYF	1
CASSSRTSGSAYEQYF	1
CASSSRTSGKNEQYF	1
CASSSRTVQETQYF	1
CASSSRLVGYNEQFF	1
CASSSRVGSYEQYF	1
CASSSKRERTDTQYF	1
CASSCTSGPRPQETQYF	1
CASSWLGTQYF	1
CASSWSSGDTDTQYF	1
CASSWSSDNEQFF	1
CASSWSGTGKPYEQYF	1
CASSWLTGSSYNEQFF	1
CASSWLAGTYEQYF	1
CASSWPAGASTDTQYF	1
CASSWPGGVEQFF	1
CASSWPDRVVDEQYF	1
CASSWPTGPSGTSSYNEQFF	1
CASSWRGVNEKLFF	1
CASSWREGAYNEQFF	1
CASSWQSLEAFF	1
CASSWVGRRDQETQYF	1
CASSWASGRVDEQFF	1
CASSWAWTSGMGETQYF	1
CASSWAGGTYNEQFF	1
CASSWATEQFF	1
CASSWARTVYGYTF	1
CASSWGLPPYEQYF	1
CASSWGLAGVPYNEQFF	1
CASSWGLAGAYNEQFF	1
CASSWGVEKFF	1
CASSWGGQNEQFF	1
CASSWGDGTDTQYF	1
CASSWGIADTQYF	1
CASSWGTSGRGEQFF	1
CASSWGTVWAYNEQFF	1
CASSWGTGDEQPQHF	1
CASSWGTGSSYEQYF	1
CASSWGLNTEAFF	1
CASSWGLSYEQYF	1
CASSWGLAGVGDTQYF	1
CASSWGLAGGPDTQYF	1
CASSWGGDEQYF	1
CASSWDATNEKLFF	1
CASSWDFADTQYF	1
CASSWDLSYEQYF	1
CASSWDGRYYSNQPQHF	1
CASSWDSVGEQFF	1
CASSWDRGHEQYF	1
CASSWDRGTDTQYF	1
CASSWDREDYEQYF	1
CASSWESGAASTDTQYF	1
CASSWISNTEAFF	1
CASSWTSRDSSYEQYF	1
CASSWTSGITDTQYF	1
CASSWTSGSSDEQFF	1
CASSWTLGNTGELFF	1
CASSWTQNTGELFF	1
CASSWTTTGADTQYF	1
CASSWTVSPYEQYF	1
CASSWTGMNTEAFF	1
CASSWTGNEQYF	1
CASSWTGSYLYEQYF	1
CASSWSTGGVYNEQFF	1
CASSWRSGLVVNEQFF	1
CASSWRGRNTEAFF	1
CASSWNTGMRGTEAFF	1
CASSWNSGGQETQYF	1
CASSYFTGATQETQYF	1
CASSYLTGGADTQYF	1
CASSYSMRIVDTQYF	1
CASSYWDSYEQYF	1
CASSYLLGNGELFF	1
CASSYRAPPYEQYF	1
CASSYRGAGGAYNEQFF	1
CASSYVGFYEQYF	1
CASSYARWGSYEQYF	1
CASSYGLAGEGEQFF	1
CASSYGTSPLREPQHF	1
CASSYGVSETQYF	1
CASSYEASGRMGETQYF	1
CASSYIAEAKNIQYF	1
CASSYTGQGTEAFF	1
CASSYTDRAYNEQFF	1
CASSYTSGGLYEQYF	1
CASSYTVTGELFF	1
CASSYSGRGIYEQYF	1
CASSYRGPSYEQYF	1
CASSYRPAGGPGYEQYF	1
CASSYNRGYEQYF	1
CASSYSPGALYEQYF	1
CASSYSERQFF	1
CASSYYNRDRNEQFF	1
CASSYYLGRAIGEQYF	1
CASSYYPGQGTTDTQYF	1
CASSYYRTGRRSYNEQFF	1
CASSYYGGSYEQYF	1
CASSYLRGEGTEAFF	1
CASSYLGANVLTF	1
CASSYLGLAGGKGYEQYF	1
CASSYLTGEFLTEAFF	1
CASSYLRAGAYNEQFF	1
CASSYPGGIKNTEAFF	1
CASSYPNTGELFF	1
CASSYRGRGLDEQFF	1
CASSYRGVDEKLFF	1
CASSYRTSGFYEQYF	1
CASSYHGTSGNTIYF	1
CASSYHRGRGGTGELFF	1
CASSYQGYEQYF	1
CASSYQGSYTGELFF	1
CASSYQTGSRDQPQHF	1
CASSYQETQYF	1
CASSYVGGTNEKLFF	1
CASSYVAGGPANEQFF	1
CASSYGGRSYEQYF	1
CASSYGYNSPLHF	1
CASSYGTSGTYQETQYF	1
CASSYGTSGRGTDTQYF	1
CASSYGTENGYTF	1
CASSYGSTNTGELFF	1
CASSYGPASDEQYF	1
CASSYGQEQFF	1
CASSYDSGETQYF	1
CASSYDSRDRNF	1
CASSYDSKGNTIYF	1
CASSYDRGSGNTIYF	1
CASSYDRDAYNEQFF	1
CASSYEQYF	1
CASSYISTGGDGGELFF	1
CASSYIAGKGYEQYF	1
CASSYTGTTEAFF	1
CASSYSLAGDYEQFF	1
CASSYSDRGRAETQYF	1
CASSYRLSWTQYF	1
CASSYRVTGELFF	1
CASSYREVAKNIQYF	1
CASSYREGYTF	1
CASSYNGLAGNEQFF	1
CASSYKPSGREDPDTQYF	1
CASSYKQRPNQPQHF	1
CASSYKASGSRYEQYF	1
CASSLFLDRTLRGQYF	1
CASSLLRENNEQFF	1
CASSLSRDPGRVDTQYF	1
CASSLWTSATYEQYF	1
CASSLWTDYSYEQYF	1
CASSLLYPTGYNQPQHF	1
CASSLLGDEQFF	1
CASSLLQGAISTDTQYF	1
CASSLPPSSYNEQFF	1
CASSLPAGAVFF	1
CASSLRTSLPDNEQFF	1
CASSLRPTSGISTDTQYF	1
CASSLRPSHTDTQYF	1
CASSLRTGAADTQYF	1
CASSLRTGKGGGSNQPQHF	1
CASSLHRDRGNYGYTF	1
CASSLQSYEQYF	1
CASSLVGHKNIQYF	1
CASSLVGQGRKQGDGYTF	1
CASSLVMGSSQPQHF	1
CASSLAVTGELFF	1
CASSLAGTPYEQYF	1
CASSLGPREKYGYTF	1
CASSLGGEISYNEQFF	1
CASSLGGRNYEQYF	1
CASSLGGSAHYYEQYF	1
CASSLGGAGKGEQFF	1
CASSLGTSGRNEQFF	1
CASSLGTSENTEAFF	1
CASSLGLGPSYEQYF	1
CASSLGQGTDTQYF	1
CASSLIDFEQFF	1
CASSLMGLASDTQYF	1
CASSLMEGPSYEQYF	1
CASSLIAGQETQYF	1
CASSLIAGGEQFF	1
CASSLTSRTGELFF	1
CASSLTWRESVSGELFF	1
CASSLTHHEWAYEQYF	1
CASSLTVGQGSGGNTIYF	1
CASSLTGTGKTYGYTF	1
CASSLTRDRGYGYTF	1
CASSLTDTQYF	1
CASSLSGLAGGETQYF	1
CASSLRAGQPQHF	1
CASSLRGDDEQYF	1
CASSLRTSGSNEQFF	1
CASSLNLGVVENIQYF	1
CASSLFGTSGNYEQYF	1
CASSLLTSGNAGELFF	1
CASSLYPAGGTQYF	1
CASSLLWADSSDTQYF	1
CASSLLEGGGRETQYF	1
CASSLLTSTIASTDTQYF	1
CASSLLTGNTEAFF	1
CASSLLSFSSYNEQFF	1
CASSLLPDETGEAFF	1
CASSLLGGRDETQYF	1
CASSLPPGTDTQYF	1
CASSLPVQRYEQYF	1
CASSLPGAQGGETQYF	1
CASSLPGLAETDTQYF	1
CASSLPGRDYEQYF	1
CASSLPSGRNTDTQYF	1
CASSLRGAVYEQYF	1
CASSLRRDRDLYNEKLFF	1
CASSLRASQETQYF	1
CASSLRAASSYNEQFF	1
CASSLRGNNSPLHF	1
CASSLRGGNIQYF	1
CASSLRDYNYEQYF	1
CASSLRDRAKGGYTF	1
CASSLRDAYTEAFF	1
CASSLRDSSGNTIYF	1
CASSLRDSRLETQYF	1
CASSLRDRVPEAFF	1
CASSLRMGETQYF	1
CASSLRLAGTDTQYF	1
CASSLRQGSHEQYF	1
CASSLRQGAFYEQYF	1
CASSLQGGRNTEAFF	1
CASSLQITAGEGTDTQYF	1
CASSLQGLVYNEQFF	1
CASSLVGETQYF	1
CASSLVDGARGYTF	1
CASSLVINTIYF	1
CASSLAPGNEQFF	1
CASSLAGRLAGPDEQYF	1
CASSLASSYNEQFF	1
CASSLGRVLNSPLHF	1
CASSLGQNEQFF	1
CASSLGGRPNEQFF	1
CASSLGTSGSEQFF	1
CASSLGTVGSYEQYF	1
CASSLGTDHSNYGYTF	1
CASSLGTVSTDTQYF	1
CASSLGTDYEQYF	1
CASSLGTDNEQFF	1
CASSLGSVAGELFF	1
CASSLGSSETQYF	1
CASSLGLSSYNEQFF	1
CASSLGLANEQFF	1
CASSLGLATYNEQFF	1
CASSLGLAGPYEQYF	1
CASSLGLAEAQTQYF	1
CASSLGQGPGETQYF	1
CASSLGQGSSSYNEQFF	1
CASSLDRGQLNEQFF	1
CASSLDRDRETQYF	1
CASSLDRMNIQYF	1
CASSLISGTYEQYF	1
CASSLMDSSYEQYF	1
CASSLIQDYNEQFF	1
CASSLTSGRGSEQYF	1
CASSLTGTSGTQYF	1
CASSLTLGRASETQYF	1
CASSLTDGQYF	1
CASSLSGLQPQHF	1
CASSLSGSSDTQYF	1
CASSLSGRVWDEQFF	1
CASSLRVVGNYEQYF	1
CASSLRGTGDGYTF	1
CASSLRDQETQYF	1
CASSLNRQGQYF	1
CASSLSGLNEQFF	1
CASSLSGDLAKNIQYF	1
CASSLLTSSYNEQFF	1
CASSLLRGSSYNEQFF	1
CASSLVGPDEQFF	1
CASSLVASFQAYEQYF	1
CASSLVGQNYEQYF	1
CASSLVAGSYNEQFF	1
CASSLASGYNEQFF	1
CASSLAPIYEQYF	1
CASSLGLSETQYF	1
CASSLGWEQFF	1
CASSLGASGYNEQFF	1
CASSLGRGGTEAFF	1
CASSLGLRVDQPQHF	1
CASSLGQTNTGELFF	1
CASSLGDPTDTQYF	1
CASSLGTSGRAYEQFF	1
CASSLGLYEQYF	1
CASSLGLASETQYF	1
CASSLGLAGPIYEQYF	1
CASSLGRETPYEQYF	1
CASSLGQGGETQYF	1
CASSLGQGTYNEQFF	1
CASSLGQGSTDTQYF	1
CASSLGTGFTEAFF	1
CASSLDLTRTDTQYF	1
CASSLDPDTQYF	1
CASSLDGRLAGGWGIQYF	1
CASSLEREQETQYF	1
CASSLMASGGTGELFF	1
CASSLTRTGFDEQFF	1
CASSLTSGTVTGELFF	1
CASSLTSGRAGELFF	1
CASSLTSGRGVEQYF	1
CASSLTPTKNIQYF	1
CASSLTGLNEQFF	1
CASSLTGPLNEKLFF	1
CASSLTGADNSPLHF	1
CASSLTGGVLTDTQYF	1
CASSLTGDNTGELFF	1
CASSLSINYGYTF	1
CASSLSSYEQYF	1
CASSLSGFAYNEQFF	1
CASSLSGISYNEQFF	1
CASSLRGTGELFF	1
CASSLRESDTQYF	1
CASSLFGLEGDYEQYF	1
CASSLFAIGRVNEQFF	1
CASSLSLAGSSEQFF	1
CASSLSLGGEETQYF	1
CASSLSLAGGDTQYF	1
CASSLSGTQGYTF	1
CASSLSKGTGKAGELFF	1
CASSLSGGTEAFF	1
CASSLLRYNEQFF	1
CASSLLAGVIDEQFF	1
CASSLLADNEQFF	1
CASSLLAFEQFF	1
CASSLLSSYNEQFF	1
CASSLPGDSPNTGELFF	1
CASSLRSGYGSPLHF	1
CASSLRGHYNEQFF	1
CASSLRGQGDGEQYF	1
CASSLRTSGSWDTQYF	1
CASSLQPRDSSYEQYF	1
CASSLQGQGMTEAFF	1
CASSLQGDTEAFF	1
CASSLQIYEQYF	1
CASSLQIQKTGGLAGGVQFF	1
CASSLQTSGSVTQYF	1
CASSLQTGGGTYEQYF	1
CASSLQAGGPDEQYF	1
CASSLVDTGELFF	1
CASSLVTDTQYF	1
CASSLVGTGEAYEQYF	1
CASSLVGPSPNEQFF	1
CASSLVGGRNYGYTF	1
CASSLAVQEGSSYNSPLHF	1
CASSLAASYEQYF	1
CASSLAGRTYNEQFF	1
CASSLAGGSYNEQFF	1
CASSLAGPYNEQFF	1
CASSLAGVWEQFF	1
CASSLAGGPTGELFF	1
CASSLATWETQYF	1
CASSLAGGAEETQYF	1
CASSLGLAGGLRYNEQFF	1
CASSLGAGTEQFF	1
CASSLGGAADTQYF	1
CASSLGGQYSYEQYF	1
CASSLGDRALRYF	1
CASSLGTSGARGGNEQFF	1
CASSLGTSGTYEQYF	1
CASSLGRNTEAFF	1
CASSLGLVYNEQFF	1
CASSLGLAHEQFF	1
CASSLGQSNEQFF	1
CASSLGGAEQYF	1
CASSLGGDISYEQYF	1
CASSLGTIDTDTQYF	1
CASSLDPQNYEQYF	1
CASSLEPPGLGDSEQYF	1
CASSLEGSPSTDTQYF	1
CASSLILGQGASEQYF	1
CASSLILAGARYEQYF	1
CASSLMLGGNTEAFF	1
CASSLIGLAGIPYEQYF	1
CASSLTSRGGIYEQYF	1
CASSLTSGRADEQFF	1
CASSLTPGLAGGETQYF	1
CASSLTRASAEKLFF	1
CASSLTGTGLQETQYF	1
CASSLTGGTQYF	1
CASSLTGLAGATQYF	1
CASSLTSGADTQYF	1
CASSLTGGPQPQHF	1
CASSLTGDGADTQYF	1
CASSLTKDREKLEQFF	1
CASSLSGRATDTQYF	1
CASSLRSGINEQFF	1
CASSLRPGTINTGELFF	1
CASSLRPASQAFF	1
CASSLRGAGKNIQYF	1
CASSLRTSGRAETQYF	1
CASSLRTGKTDTQYF	1
CASSLRAGGPSNEQFF	1
CASSLNTGPNQPQHF	1
CASSLNRDEKLFF	1
CASSLKGGYIQYF	1
CASSLKDRSYNEQFF	1
CASSPFSSYEQYF	1
CASSPFQGQREGYEQFF	1
CASSPFGGMNTEAFF	1
CASSPLGVGTYEQYF	1
CASSPLDVTEQFF	1
CASSPSGGQDEQYF	1
CASSPSGTVIQETQYF	1
CASSPSDTEDQPQHF	1
CASSPSVLGSNQPQHF	1
CASSPSSGSWDTGELFF	1
CASSPWALQETQYF	1
CASSPWAGGETQYF	1
CASSPWGDRGMNTGELFF	1
CASSPWTGSKNEQFF	1
CASSPYRPSFTDTQYF	1
CASSPYGTSGYNEQFF	1
CASSPLRGSTETQYF	1
CASSPLAPSTDTQYF	1
CASSPPSYGYTF	1
CASSPPGRNYEQYF	1
CASSPPSPGMDTQYF	1
CASSPPRETGELFF	1
CASSPPGAGRVQFF	1
CASSPPGGTEAFF	1
CASSPPGLATDTQYF	1
CASSPPTGGSHGYTF	1
CASSPPGLALNEQFF	1
CASSPRDAIPINTGELFF	1
CASSPRGSGRAWTDTQYF	1
CASSPRGAGEEYF	1
CASSPRGNTGELFF	1
CASSPRELDTDTQYF	1
CASSPRTELNSPLHF	1
CASSPRTSTLGEQYF	1
CASSPRTGSETQYF	1
CASSPRLAGVRETQYF	1
CASSPRLAGGITGELFF	1
CASSPQSYEQYF	1
CASSPQGADEQFF	1
CASSPQGGPNEAFF	1
CASSPQEGAPYNEQFF	1
CASSPQEGLNNEQFF	1
CASSPQVGATYEQYF	1
CASSPVAGGNNEQFF	1
CASSPVSGAQETQYF	1
CASSPAFTGTSEQFF	1
CASSPAARPPQYF	1
CASSPAGTSDSDTQYF	1
CASSPAGPHNEQFF	1
CASSPAGQGSYNEQFF	1
CASSPAMGTSGRAQEQYF	1
CASSPALAGSLEQYF	1
CASSPGYGPISDTQYF	1
CASSPGTSGRIYNEQFF	1
CASSPGRLNQPQHF	1
CASSPGRDSYTDTQYF	1
CASSPGALQGFF	1
CASSPGAGVNYEQYF	1
CASSPGGNEQFF	1
CASSPGTRGEQYF	1
CASSPGTGEETQYF	1
CASSPGLAGGDEQFF	1
CASSPGHLYEQYF	1
CASSPGQGYEQYF	1
CASSPDAGGYNEQFF	1
CASSPDPREQYF	1
CASSPDTNSYNSPLHF	1
CASSPDRGFSPLHF	1
CASSPEVQETQYF	1
CASSPEAPSGRYEQYF	1
CASSPEGGSENQPQHF	1
CASSPETGYGQYF	1
CASSPETGGDEQYF	1
CASSPIGRGGSGANVLTF	1
CASSPMGGNEDEQYF	1
CASSPMGGGETQYF	1
CASSPMIAGDNEQFF	1
CASSPTWGRGRETQYF	1
CASSPTSGSPPGELFF	1
CASSPTSGRASLYNEQFF	1
CASSPTTGRSNQPQHF	1
CASSPTSPTRGETQYF	1
CASSPTYTGNTEAFF	1
CASSPTVSSYEQYF	1
CASSPTAGNEQYF	1
CASSPTGVDTQYF	1
CASSPTGGRQPQHF	1
CASSPTGTRAGELFF	1
CASSPTGQRNSPLHF	1
CASSPTDTQYF	1
CASSPTTGWDEQYF	1
CASSPSPGGGNTEAFF	1
CASSPSGSWPDTQYF	1
CASSPSGSRTGELFF	1
CASSPSGSEVIQYF	1
CASSPSGRVWEQYF	1
CASSPSGRNTGELFF	1
CASSPSGRAYEQYF	1
CASSPSGKYNEQFF	1
CASSPSSGKTGELFF	1
CASSPRRGAYEQYF	1
CASSPRGQGYEQYF	1
CASSPRDSYNEQFF	1
CASSPRTGEGDTQYF	1
CASSPRLAGTLSEQYF	1
CASSPRLAEPYTQYF	1
CASSPRGGSYEQYF	1
CASSPRGGQQETQYF	1
CASSPNTVYSNQPQHF	1
CASSPKGGFRNQPQHF	1
CASSPKDREGPDTQYF	1
CASSPKTGRAEKLFF	1
CASSPKPPATDLQETQYF	1
CASSPFGGITDTQYF	1
CASSPFGQGTGDPQYF	1
CASSPFMGGPRYEQYF	1
CASSPFGSGNTGELFF	1
CASSPFGRNTQYF	1
CASSPFGKDEQYF	1
CASSPFGAGGIGNEQFF	1
CASSPLRGGEQFF	1
CASSPLDSQETQYF	1
CASSPLTSGTWGSYNEQFF	1
CASSPLFEQFF	1
CASSPSLTGYFDEQFF	1
CASSPSSGRVSYEQYF	1
CASSPSFGLYNEQFF	1
CASSPSSGTQPYEQYF	1
CASSPSQETEYYGYTF	1
CASSPSGTRAYEQYF	1
CASSPSRGNTGELFF	1
CASSPSVGLGGNEQFF	1
CASSPSGLSGANVLTF	1
CASSPSGQGATEQYF	1
CASSPSDRGGEQFF	1
CASSPSDRATEQYF	1
CASSPSGNYEQYF	1
CASSPWLAGTPTNTGELFF	1
CASSPWQGPPPEAFF	1
CASSPWGGNNEQFF	1
CASSPWDSSYEQYF	1
CASSPWDRIGEQYF	1
CASSPWEIPGQGTRYYEQYF	1
CASSPWTGRNEQYF	1
CASSPYSGTTKTGELFF	1
CASSPYGGELFF	1
CASSPYEVETQYF	1
CASSPYPGQGNYNEQFF	1
CASSPYRREVTGTQYF	1
CASSPYRAPKVETQYF	1
CASSPYGGTSTDTQYF	1
CASSPYGTGTYEQYF	1
CASSPLFPIAGATEYNEQFF	1
CASSPLSGLAGTYEQYF	1
CASSPLGLSGRNEQFF	1
CASSPLGGDGETQYF	1
CASSPLMGGEETQYF	1
CASSPLPPGVQPQHF	1
CASSPLGTGGYEQYF	1
CASSPLEQYF	1
CASSPLEGLAYEQYF	1
CASSPLLAFRAGTQYF	1
CASSPLAGAYNEQFF	1
CASSPLGSITDTQYF	1
CASSPLDMNTEAFF	1
CASSPLIRGAGWNTEAFF	1
CASSPLTSGSYEQYF	1
CASSPLTGTSAFF	1
CASSPLTRTYEQYF	1
CASSPLTGPGRTQPQHF	1
CASSPLYEQYF	1
CASSPLGLAGSTDTQYF	1
CASSPLRGPLREQYF	1
CASSPPLQGVENTGELFF	1
CASSPPWGGESYEQYF	1
CASSPPRLAGRSGHNEQFF	1
CASSPPSGMRDGDTQYF	1
CASSPPSTDTQYF	1
CASSPPPGTAAGGANVLTF	1
CASSPPPAGGGNEQFF	1
CASSPPRGQPYEQYF	1
CASSPPRQGRNSPLHF	1
CASSPPGRSYNEQFF	1
CASSPPGGSYEQYF	1
CASSPPGTGNNEQFF	1
CASSPPGTGSLYEQYF	1
CASSPPLGSYNEQFF	1
CASSPPSSSGAYNEQFF	1
CASSPPVGLVTEAFF	1
CASSPPASNTEAFF	1
CASSPPGGGSNEQFF	1
CASSPPGAFPWAETQYF	1
CASSPPGLAGVQTQYF	1
CASSPPTGGRGVEQFF	1
CASSPPLGGGGREQYF	1
CASSPPPGPETQYF	1
CASSPPGNPEAFF	1
CASSPPGPLNEKLFF	1
CASSPPEDRSWGKNIQYF	1
CASSPRLAGVPYEQYF	1
CASSPRREGHFYEQYF	1
CASSPRGLGETQYF	1
CASSPRLAGNTGELFF	1
CASSPRRLGPYEQYF	1
CASSPRQGEKLFF	1
CASSPRVWDNEQFF	1
CASSPRVDTQYF	1
CASSPRARTSGIYEQYF	1
CASSPRGSGNEQFF	1
CASSPRGRGIGAFF	1
CASSPRGQSIETQYF	1
CASSPRGGVGQDYGYTF	1
CASSPRGTGDTYEQYF	1
CASSPRGEDTQYF	1
CASSPRDYPNEQYF	1
CASSPRDTTEAFF	1
CASSPREAKRDTQYF	1
CASSPRIGPDEQFF	1
CASSPRMTSGDPWETQYF	1
CASSPRTSGVGELFF	1
CASSPRTSGYYNEQFF	1
CASSPRTGTQYF	1
CASSPRTGGYYEQYF	1
CASSPRLGVAEQYF	1
CASSPRLAGGDEQFF	1
CASSPRLAGEQYF	1
CASSPRPGTGNKIREQYF	1
CASSPRQGGYNSPLHF	1
CASSPRQGDQPQHF	1
CASSPRGTRLAGGIEQYF	1
CASSPRGTGPYNEQFF	1
CASSPRRGSHEQFF	1
CASSPHVGGSGTQYF	1
CASSPHGLAADTQYF	1
CASSPHIPSGTDTQYF	1
CASSPHSGMSTDTQYF	1
CASSPHPFPGQSSYNEQFF	1
CASSPHRTSGGNEQFF	1
CASSPHSPGNTGELFF	1
CASSPQSASGIYEQYF	1
CASSPQASGGYEQFF	1
CASSPQAGVYEQYF	1
CASSPQGGSPLHF	1
CASSPQGLQAKNIQYF	1
CASSPQGAGNSPLHF	1
CASSPQGATDTQYF	1
CASSPQGQVPSEQYF	1
CASSPQGGGYNEQFF	1
CASSPQTVAGGYNEQFF	1
CASSPQTGGAQFF	1
CASSPQRRNSPLHF	1
CASSPQPGGQGDSPLHF	1
CASSPQGGTSGSEKTQYF	1
CASSPQGSGNTIYF	1
CASSPQGTGVYNEQFF	1
CASSPQGRVSNSPLHF	1
CASSPQGNSSPLHF	1
CASSPQGRGSYNEQFF	1
CASSPQDRAYTEAFF	1
CASSPQSTDTQYF	1
CASSPVSTQYF	1
CASSPVSSGHSSYNEQFF	1
CASSPVGTYNEQFF	1
CASSPVWEGFYNEQFF	1
CASSPVLAGVINEQFF	1
CASSPAIRAEQFF	1
CASSPATTGIRTDTQYF	1
CASSPANYNEQFF	1
CASSPALAGGITGELFF	1
CASSPALQTQYF	1
CASSPAHNEQFF	1
CASSPATSGSQYNEQFF	1
CASSPASGSYEQFF	1
CASSPATGGYGYTF	1
CASSPARAETQYF	1
CASSPARRLNTEAFF	1
CASSPASPGYTQYF	1
CASSPAPSSYNSPLHF	1
CASSPARQGFNYGYTF	1
CASSPATYTEAFF	1
CASSPGPGETQYF	1
CASSPGGLFLNEQFF	1
CASSPGEGVLREQYF	1
CASSPGSTVYGYTF	1
CASSPGLQETQYF	1
CASSPGLSYEQYF	1
CASSPGGGSIRNEQFF	1
CASSPGRGPATEAFF	1
CASSPGWGNEQYF	1
CASSPGYGSSYEQYF	1
CASSPGYEQYF	1
CASSPGPYEQYF	1
CASSPGRGFGSYEQYF	1
CASSPGVAASYEQYF	1
CASSPGANSPLHF	1
CASSPGGNAKNIQYF	1
CASSPGGGTGELFF	1
CASSPGGNQPQHF	1
CASSPGGARYEQYF	1
CASSPGDSGMYEQYF	1
CASSPGDLIGDNEQFF	1
CASSPGTSGHNEQFF	1
CASSPGTWNTEAFF	1
CASSPGTNSPLHF	1
CASSPGTSSYNEQFF	1
CASSPGTGLISEQYF	1
CASSPGTGSKADTQYF	1
CASSPGTGYEKLFF	1
CASSPGTGAQPQHF	1
CASSPGTGINSGNTIYF	1
CASSPGTGTYEQYF	1
CASSPGNAINEKLFF	1
CASSPGLAVSNEQFF	1
CASSPGLAGAQNEQFF	1
CASSPGLAGGREQFF	1
CASSPGLAGDQETQYF	1
CASSPGLAGSTDTQYF	1
CASSPGLAEGNEQFF	1
CASSPGLAEGNEQFF	1
CASSPGPTYEQYF	1
CASSPGPGRNNEQFF	1
CASSPGQLDEQYF	1
CASSPGQMNTEAFF	1
CASSPGQTRTGELFF	1
CASSPGQNEQYF	1
CASSPGGGNYGYTF	1
CASSPGGGLGEQFF	1
CASSPGIYEQYF	1
CASSPGKGQSVYEQYF	1
CASSPDSGGSFF	1
CASSPDAGWNSPLHF	1
CASSPDGNQPQHF	1
CASSPDIPEAFF	1
CASSPDLLSPLHF	1
CASSPDRTSGRGETQYF	1
CASSPDAEQYF	1
CASSPDEGRADTQYF	1
CASSPDRNTEAFF	1
CASSPEGLNTGELFF	1
CASSPERGVLGELFF	1
CASSPENGQPQHF	1
CASSPEQFSYEQYF	1
CASSPEGRRQETQYF	1
CASSPISGASSYNEQFF	1
CASSPISRSYNEQFF	1
CASSPIYRAIQETQYF	1
CASSPIGRIDTQYF	1
CASSPMGSSSYEQYF	1
CASSPMGQGLYNEQFF	1
CASSPIGQIRTEAFF	1
CASSPTGAGNTGELFF	1
CASSPTSGRGYEQYF	1
CASSPTQGAWYNEQFF	1
CASSPTVPRVTGELFF	1
CASSPTGGSYEQYF	1
CASSPTGELFF	1
CASSPTGTSITGELFF	1
CASSPTTGLNTEAFF	1
CASSPTAGGSYEQYF	1
CASSPTNTQYF	1
CASSPTGPDGSEQYF	1
CASSPTGGFRISEQFF	1
CASSPTRREGIYEQYF	1
CASSPSLTGELFF	1
CASSPSSASSYEQYF	1
CASSPSATDRFWLF	1
CASSPSFTGELFF	1
CASSPSVVTGELFF	1
CASSPSGGPNQPQHF	1
CASSPSGTGLDEQYF	1
CASSPSGTKKETQYF	1
CASSPSGSSYNEQFF	1
CASSPSSRIEQFF	1
CASSPRGPDTQYF	1
CASSPRTSGNNEQFF	1
CASSPRTRGTGELFF	1
CASSPRTGEMNTEAFF	1
CASSPRLAGDLTDTQYF	1
CASSPRLAGPYNEQFF	1
CASSPRLAGDYEQFF	1
CASSPRPDNSPLHF	1
CASSPRQGPYNEQFF	1
CASSPRQRNMNTEAFF	1
CASSPNLGNSPLHF	1
CASSPNLAGALGQYF	1
CASSPNGGNAKNIQYF	1
CASSPNDQPQHF	1
CASSPKFGLTSDEQFF	1
CASSPKLAGRGGNEQFF	1
CASSPKGLAGAPGELFF	1
CASSPKEGLAGQQFF	1
CASSPKTSGLPFF	1
CASSPKIQGPGANVLTF	1
CASSPSRKVYNEQFF	1
CASSPSHNEQFF	1
CASSPSGTSGASVIEQYF	1
CASSPSGTGIEQYF	1
CASSPSTRSFNEQFF	1
CASSPSRGRGDTQYF	1
CASSPWGLASTDTQYF	1
CASSPWGQRTDTQYF	1
CASSPWDFYNEQFF	1
CASSPWIRTGELFF	1
CASSPWTGELFF	1
CASSPWKGVYNEQFF	1
CASSPYLSGKETQYF	1
CASSPYGISGELFF	1
CASSPYTDTQYF	1
CASSPLGGEVNNEQFF	1
CASSPLAQYNEQFF	1
CASSPPSVRETQYF	1
CASSPPEDTGELFF	1
CASSPPSSSYNEQFF	1
CASSPPVGSGRGEQYF	1
CASSPPGGVAKNIQYF	1
CASSPPGTMTGELFF	1
CASSPPLQREGLNTQYF	1
CASSPPDRGAGELFF	1
CASSPRGNTEAFF	1
CASSPRGAWSRDGYTF	1
CASSPREPTRAKWDTGELFF	1
CASSPRTSGGYNEQFF	1
CASSPRTGTYNEQFF	1
CASSPRTGRVTEAFF	1
CASSPRYEQFF	1
CASSPRQGSRAYYGYTF	1
CASSPRQNTGELFF	1
CASSPRGLALETQYF	1
CASSPHSYEQYF	1
CASSPQPTGKNTEAFF	1
CASSPQGGQETQYF	1
CASSPQTGDGKGYTF	1
CASSPQSGRENYNEQFF	1
CASSPQAGGFEQFF	1
CASSPQGSGTPLHF	1
CASSPVGESSYEQYF	1
CASSPARGTSGTKETQYF	1
CASSPAGAGGNQPQHF	1
CASSPGSSGRMDTQYF	1
CASSPGPYEQYF	1
CASSPGANTGELFF	1
CASSPGGSGNTIYF	1
CASSPGGDRVDEQFF	1
CASSPGTRPLAYEQYF	1
CASSPGTSGTYNEQFF	1
CASSPGTSGRGASYEQYF	1
CASSPGTRGHNEQFF	1
CASSPGTGGGSPLHF	1
CASSPGLAGGYNEQFF	1
CASSPGLSGADTQYF	1
CASSPGLQQFF	1
CASSPGLVGYEQYF	1
CASSPGLAVETQYF	1
CASSPGLAARSDTQYF	1
CASSPGLAAYYEQYF	1
CASSPGLAGVTDTQYF	1
CASSPGLAGTYEQYF	1
CASSPGLAGPGYEQYF	1
CASSPGLAGGPKDTQYF	1
CASSPGLAGETQYF	1
CASSPGLAGSTDTQYF	1
CASSPGLADSYNEQFF	1
CASSPGPGNTIYF	1
CASSPGPSKNIQYF	1
CASSPGPAPNEQFF	1
CASSPGRGKDNEQFF	1
CASSPGQPSNQPQHF	1
CASSPGQGGQPQHF	1
CASSPGQGGNTIYF	1
CASSPGQGSETQYF	1
CASSPGQGATYEQYF	1
CASSPGQGGDTQYF	1
CASSPGQGSQETQYF	1
CASSPGTATNEKLFF	1
CASSPDSGVTEAFF	1
CASSPDLGGDTQYF	1
CASSPDRLGEQYF	1
CASSPDGPLSGTQYF	1
CASSPDGAGEQYF	1
CASSPDGPNEKLFF	1
CASSPDTMNTEAFF	1
CASSPDRVSYEQYF	1
CASSPDRGPYEQYF	1
CASSPDRGRNTGELFF	1
CASSPDRGETQYF	1
CASSPDRDLGYTF	1
CASSPDRNQPQHF	1
CASSPDRSSGNTIYF	1
CASSPEGYNEQFF	1
CASSPIGTGIHEQYF	1
CASSPMGGAGPNEQFF	1
CASSPMGSGETQYF	1
CASSPTDNSNQPQHF	1
CASSPTSQETQYF	1
CASSPTSVNEQFF	1
CASSPTSGSKGEQFF	1
CASSPTSGRLNEQFF	1
CASSPTSSTDTQYF	1
CASSPTGLASYNEQFF	1
CASSPTGTSGYEQYF	1
CASSPTLREETQYF	1
CASSPTRYNEQFF	1
CASSPTVTKNIQYF	1
CASSPTIPGQEGDTEAFF	1
CASSPTTGKNTEAFF	1
CASSPTLDSRSLPNTGELFF	1
CASSPTSSSHEQYF	1
CASSPTLVTQYF	1
CASSPTGSNEQFF	1
CASSPTGLGNTIYF	1
CASSPTGQIGNEQFF	1
CASSPTGVNEKLFF	1
CASSPTGAEETQYF	1
CASSPTGGAYNEQFF	1
CASSPTGDPEAFF	1
CASSPTGDTEAFF	1
CASSPTGRETQYF	1
CASSPTGKNTQYF	1
CASSPSNRGIMNTGELFF	1
CASSPSPGLRSYEQYF	1
CASSPSRTRWWGLGSYNEQFF	1
CASSPRPGQGAETQYF	1
CASSPRRLAGRETQYF	1
CASSPRGLAEKKSSYEQYF	1
CASSPRGEATNEKLFF	1
CASSPRDYGYTF	1
CASSPRERGHPYEQYF	1
CASSPRLAPWEQFF	1
CASSPRLTSYNEQFF	1
CASSPRPLTSASSYNEQFF	1
CASSPRQVNQPQHF	1
CASSPRQGVRAQETQYF	1
CASSPRQNSPLHF	1
CASSPRQLAGSTDTQYF	1
CASSPRVGTGGYEQYF	1
CASSPRASSYEQYF	1
CASSPNPGLAGLREQYF	1
CASSPNTDTQYF	1
CASSPNRGWETQYF	1
CASSPKAFSSYNEQFF	1
CASSPKTGTSGYNEQFF	1
CASSPKQGAVGELFF	1
CASSPFPTHTDTQYF	1
CASSPFANTGELFF	1
CASSPLSWGGNYEQYF	1
CASSPLGEGAPSYEQYF	1
CASSPLYRAQGRREQFF	1
CASSPSPGRGEQFF	1
CASSPSGRVNEQFF	1
CASSPSDRVLDTQYF	1
CASSPSVRVSTDTQYF	1
CASSPSGFRRGFYEQYF	1
CASSPSGSLGEQYF	1
CASSPSGNRDTQYF	1
CASSPSTASRYEQYF	1
CASSPSRLAGVNNEQFF	1
CASSPSAGDNEQYF	1
CASSPWTPAYEQYF	1
CASSPWTSGRRTGELFF	1
CASSPWTGGIDQPQHF	1
CASSPWKGIVNTEAFF	1
CASSPYTPLTVATNEKLFF	1
CASSPYRGETQYF	1
CASSPLLSGETQYF	1
CASSPLPGTGGAFEAFF	1
CASSPLRGTYNEQFF	1
CASSPLRADTQYF	1
CASSPLERISSYEQYF	1
CASSPLAGIYNEQFF	1
CASSPLAGVLPYEQYF	1
CASSPPISTEAFF	1
CASSPPSGRYNEQYF	1
CASSPPLWTSGSNYEQYF	1
CASSPPLAAYENEQFF	1
CASSPPLAGGYNEQFF	1
CASSPPGRGSTEAFF	1
CASSPPREDIQYF	1
CASSPPAGPYNEQFF	1
CASSPPGPRDNEQFF	1
CASSPPDRGNIQYF	1
CASSPPKTPSNEQFF	1
CASSPPSGHNEQFF	1
CASSPPRSRAGGDTQYF	1
CASSPRSPGELFF	1
CASSPRDRSTEAFF	1
CASSPRRGPSQETQYF	1
CASSPRQGLSQETQYF	1
CASSPRVWQYF	1
CASSPRVAGAYELFF	1
CASSPRAQQGAYEQYF	1
CASSPRAEVTYNEQFF	1
CASSPRGRGLTNYEQYF	1
CASSPRDRDNEQFF	1
CASSPRTGQETQYF	1
CASSPRTGSNTIYF	1
CASSPRRAGSEQYF	1
CASSPRNTGELFF	1
CASSPRLAVTYEQYF	1
CASSPRQENTEAFF	1
CASSPREAGELFF	1
CASSPHPRAGGNNEQFF	1
CASSPHQGIYEQYF	1
CASSPQGWETQYF	1
CASSPQGTGISEQYF	1
CASSPQGEYEQYF	1
CASSPQEPGELFF	1
CASSPQPNTDTQYF	1
CASSPQGPDTQYF	1
CASSPQGQSYEQYF	1
CASSPQNTEAFF	1
CASSPVGTGVTYEQYF	1
CASSPAGKAGGGNEQFF	1
CASSPAYGTSGDNEQFF	1
CASSPAGINEQFF	1
CASSPAGLSYNEQFF	1
CASSPAGSYNEQFF	1
CASSPAGGGGSDTQYF	1
CASSPGRLAEYNEQFF	1
CASSPGPYNEQFF	1
CASSPGGGIYEQYF	1
CASSPGGRGFNEQFF	1
CASSPGTGTSGRIEQFF	1
CASSPGFSNQPQHF	1
CASSPGASYEQYF	1
CASSPGGVNQPQHF	1
CASSPGGAETQYF	1
CASSPGDSTDTQYF	1
CASSPGTSGRAIDTQYF	1
CASSPGTTDTQYF	1
CASSPGTNTIYF	1
CASSPGTATGELFF	1
CASSPGTGPRSAFF	1
CASSPGTGASSYEQYF	1
CASSPGTGGLKETQYF	1
CASSPGFRSSYNEQFF	1
CASSPGYTGHYGYTF	1
CASSPGLAGGTDTQYF	1
CASSPGLAESYEQYF	1
CASSPGRLETQYF	1
CASSPGQGYEQYF	1
CASSPGQGFYGYTF	1
CASSPGQGYPEAFF	1
CASSPGQGAEKLFF	1
CASSPGQGRYF	1
CASSPGMGRSGELFF	1
CASSPGNRGSEQYF	1
CASSPDLISYEQYF	1
CASSPDRGRNEQFF	1
CASSPEVSYNEQFF	1
CASSPETGRDEQFF	1
CASSPEAGVPYEQYF	1
CASSPIGTGWAFF	1
CASSPMGLAGRTDTQYF	1
CASSPMTSGIADTQYF	1
CASSPIRSTYNEQFF	1
CASSPTRTGHNEQFF	1
CASSPTRTGGSYEQYF	1
CASSPTQTGKGIF	1
CASSPTSLRTYNEQFF	1
CASSPTSGSSYEQYF	1
CASSPTPGRAHYEQYF	1
CASSPTRGRVYEQFF	1
CASSPTGFTEAFF	1
CASSPSWGGERGYTF	1
CASSPSGNEQFF	1
CASSPSGGHYSYEQYF	1
CASSPRSPGRHSGNTIYF	1
CASSPRYSDTQYF	1
CASSPRAGIYDTQYF	1
CASSPRAGGSYNEQFF	1
CASSPRGRAEQYF	1
CASSPRDRNTEAFF	1
CASSPRTGTGDLEQFF	1
CASSPRSGDPEAFF	1
CASSPRHDPYEQYF	1
CASSPRQEQETQYF	1
CASSPRGEFYEQYF	1
CASSPNWVGVANVLTF	1
CASSPNLLGQTYEQYF	1
CASSPNSGELFF	1
CASSPNGYEQYF	1
CASSPNRGSYNEQFF	1
CASSPKGLRTTEAFF	1
CASSPKTVVAGLDEQYF	1
CASSPKLETQYF	1
CASSPKAGGPGNEQFF	1
CASSRSSGTGNDEQFF	1
CASSRLRGGSPHEQYF	1
CASSRLGGAQNEQFF	1
CASSRLAASYNEQFF	1
CASSRPLAGADTQYF	1
CASSRPLLAEAEQYF	1
CASSRPGQGYYEQYF	1
CASSRPGAGYNEQFF	1
CASSRRDYEQYF	1
CASSRRDRGEAQYF	1
CASSRREGVLPTDTQYF	1
CASSRGWGDNEQFF	1
CASSRGVANEKLFF	1
CASSRGGLAGVDEQYF	1
CASSRGDSYEQYF	1
CASSRGLAGRHEQFF	1
CASSRGLAGYEQYF	1
CASSRGLASYEQYF	1
CASSRDGLFVSYNEQFF	1
CASSRDFGTYNEQFF	1
CASSRDPSDTQYF	1
CASSRIGGTSPSTDTQYF	1
CASSRTSGSRYNEQFF	1
CASSRSGGYNEQFF	1
CASSRSGTAYEQYF	1
CASSRSGRGSYEQYF	1
CASSRSNQPQHF	1
CASSRNYGYTF	1
CASSRLGQNTDTQYF	1
CASSRLWGAGTGFYEQYF	1
CASSRLNLRPGAGNEQFF	1
CASSRSGPSTGANVLTF	1
CASSRSGTANTEAFF	1
CASSRSFGYEQYF	1
CASSRWTGNTGELFF	1
CASSRYESSGRAAGELFF	1
CASSRLAGELSSYNEQFF	1
CASSRLAGGEQYF	1
CASSRPPSGSQETQYF	1
CASSRPREGRGQFF	1
CASSRPASGSTGELFF	1
CASSRPGSNTGELFF	1
CASSRPQQETQYF	1
CASSRRGFSGQGANEQFF	1
CASSRRSSTDTQYF	1
CASSRRFPQLPQHF	1
CASSRRLGGQETQYF	1
CASSRRDGTTGELFF	1
CASSRRDSYYEQYF	1
CASSRRQGHEQYF	1
CASSRQPGVVDTQYF	1
CASSRQTGVAETQYF	1
CASSRVRRGTSTDTQYF	1
CASSRVGTDTQYF	1
CASSRVRVTGELFF	1
CASSRVQGATNTEAFF	1
CASSRALAVGELFF	1
CASSRAMSSGRGNEQFF	1
CASSRGSARSYNEQFF	1
CASSRGATDTQYF	1
CASSRGGQPQHF	1
CASSRGSGTNEQFF	1
CASSRGLGGPAAYEQYF	1
CASSRGPNPEAFF	1
CASSRGQGANYGYTF	1
CASSRIEETQYF	1
CASSRIGRGVRNQPQHF	1
CASSRIQGGVTGELFF	1
CASSRTGGVPFDEQYF	1
CASSRTGGTYNEQFF	1
CASSRRWREGPDTQYF	1
CASSRRGSVGSYEQYF	1
CASSRRGLRIGSNQPQHF	1
CASSRRGETQYF	1
CASSRNGYEQFF	1
CASSRNGLAINEQFF	1
CASSRLVKNWAGNIQYF	1
CASSRSGAIPYNSPLHF	1
CASSRSREDRETQYF	1
CASSRLVDNEQFF	1
CASSRPSDNEQFF	1
CASSRPNTDTQYF	1
CASSRPQGLAGHEQFF	1
CASSRRTREQYF	1
CASSRRLVYEQYF	1
CASSRRPHRTFYNEQFF	1
CASSRQGRTDTQYF	1
CASSRVGGGSSYNEQFF	1
CASSRVSGSAYNEQFF	1
CASSRVGGARNIQYF	1
CASSRARAGPGYTF	1
CASSRAGDEQYF	1
CASSRASARGDTQYF	1
CASSRGGEETQYF	1
CASSRGSGTVYEQYF	1
CASSRGHTGNTIYF	1
CASSRGYGYTF	1
CASSRGDTNQPQHF	1
CASSRGTGSYNEQFF	1
CASSRGLAGVVGYEQYF	1
CASSRGLAGVALEQYF	1
CASSRGQSYEQYF	1
CASSRGQTTNEKLFF	1
CASSRGARELFF	1
CASSRGGSSSYEQYF	1
CASSRGTTDTQYF	1
CASSRDSPTYNEQFF	1
CASSRDGSSEQYF	1
CASSRDGGSYEQYF	1
CASSRDGWETQYF	1
CASSRDGSSYNEQFF	1
CASSRDSYEQYF	1
CASSRDSTDTQYF	1
CASSRDSSNEKLFF	1
CASSRDSSTDTQYF	1
CASSRDSNNSPLHF	1
CASSRDRVSGANVLTF	1
CASSRDRAHEQYF	1
CASSRDRGNQPQHF	1
CASSRDRGYGYTF	1
CASSREGSYNEQFF	1
CASSREGQVGTSTDTQYF	1
CASSRENDEQYF	1
CASSREAGGLYEQYF	1
CASSREGYSEAFF	1
CASSRMGTSGDGKFF	1
CASSRTSRAGELFF	1
CASSRTSSYNEQFF	1
CASSRTSGPTSGELFF	1
CASSRTSGSYEQYF	1
CASSRTSGPEQYF	1
CASSRTSGMGYNEQFF	1
CASSRTSGRAGELFF	1
CASSRTSGRSTDTQYF	1
CASSRTSGRDTQYF	1
CASSRTRIDTQYF	1
CASSRTGTREETQYF	1
CASSRTASQPQHF	1
CASSRTGRDNTEAFF	1
CASSRTAQETQYF	1
CASSRTGVNTEAFF	1
CASSRTGVSYEQYF	1
CASSRTGGRGETQYF	1
CASSRRGSSYEQYF	1
CASSRLGQGRPEQYF	1
CASSRLAGLTDTQYF	1
CASSRSQGNTGELFF	1
CASSRSSVSSYNEQFF	1
CASSRWDRQNEKLFF	1
CASSRLAGGFYNEQFF	1
CASSRLAGGLGEQFF	1
CASSRLAGGAYNEQFF	1
CASSRLATYNEQFF	1
CASSRLGGTDTQYF	1
CASSRPGSVSSYEQYF	1
CASSRPGSLVGVTF	1
CASSRPGLHTYEQYF	1
CASSRPTSGSYEQYF	1
CASSRRPPGPNEQFF	1
CASSRREMNTEAFF	1
CASSRRNYPGLADQETQYF	1
CASSRQADEKLFF	1
CASSRQAGGGGGYTF	1
CASSRQGRGEQFF	1
CASSRQMNTGELFF	1
CASSRQNTGELFF	1
CASSRQSGSPYEQYF	1
CASSRVPGTESYEQYF	1
CASSRVSYEQYF	1
CASSRAGEGGRTFYEQYF	1
CASSRATMGEQYF	1
CASSRAATSTDTQYF	1
CASSRGGDISGNTIYF	1
CASSRGGVAGSYNEQFF	1
CASSRGGADGELFF	1
CASSRGTAVETQYF	1
CASSRGTGGSYEQYF	1
CASSRGTDGAKNIQYF	1
CASSRGLANYQETQYF	1
CASSRGQASTDTQYF	1
CASSRGQGEQYF	1
CASSRDLAESQETQYF	1
CASSRDRDFNYGYTF	1
CASSREKGVAKNIQYF	1
CASSRMAGEQFF	1
CASSRTRGRGGGRYEQYF	1
CASSRTSGGFYEQYF	1
CASSRTSGSFSYEQYF	1
CASSRTSGNLDTQYF	1
CASSRTRGNTEAFF	1
CASSRTGNRATEAFF	1
CASSRTIAVSTDTQYF	1
CASSRTTRGQETQYF	1
CASSRTTGGMDIQYF	1
CASSRTRMDEQFF	1
CASSRTAGQGSYTF	1
CASSRTGAYEQYF	1
CASSRRTGYEQYF	1
CASSRRLAGSQETQYF	1
CASSRRLAGGVGEQFF	1
CASSRRSNTGGEQYF	1
CASSRKAGELFF	1
CASSHFGLGGTGDPAGYTF	1
CASSHLGGNIQYF	1
CASSHLAGGPLNEQFF	1
CASSHSGTYSTDTQYF	1
CASSHWGTDTQYF	1
CASSHWTRLGETQYF	1
CASSHWTGTSGSDEQFF	1
CASSHYGLAGGRRDNEQFF	1
CASSHLPGNTIYF	1
CASSHLDSNEKLFF	1
CASSHLWTSGTYNEQFF	1
CASSHPFTNTGELFF	1
CASSHPSNGETQYF	1
CASSHPRNRPNEKLFF	1
CASSHPVIPEDTQYF	1
CASSHPGPEQYF	1
CASSHRRVRQPQHF	1
CASSHRGNTEAFF	1
CASSHRGAGGTGELFF	1
CASSHRPGLKYNEQFF	1
CASSHRQYNEQFF	1
CASSHHLAGGSVHEQFF	1
CASSHHRGRRTEAFF	1
CASSHQVRSYNEQFF	1
CASSHQKRAGGHNEQFF	1
CASSHVSLLTDTQYF	1
CASSHVSGNGPWSQYF	1
CASSHASGINQPQHF	1
CASSHGVVSTDTQYF	1
CASSHGTSGAYNEQFF	1
CASSHGVLETQYF	1
CASSHGDSDAGELFF	1
CASSHEGLYEQYF	1
CASSHEVAGSETQYF	1
CASSHEGGAYEQYF	1
CASSHIGLTATNEQFF	1
CASSHIGRENSPLHF	1
CASSHIITGSSYEQYF	1
CASSHITSGLAYEQYF	1
CASSHTSSGTAEQYF	1
CASSHTDHNSYEQYF	1
CASSHSGIGSDTQYF	1
CASSHSTGVTDTQYF	1
CASSHSRTGQETQYF	1
CASSHRTSREVNTGELFF	1
CASSHKPGLAPTEQYF	1
CASSHFRQGAPPFF	1
CASSHFSYNEQFF	1
CASSHSPTRSSSYNEQFF	1
CASSHSRPQQFF	1
CASSHSAGDEQYF	1
CASSHWAGGSFGEQYF	1
CASSHLWGPDGTGELFF	1
CASSHLRGTQVNEQFF	1
CASSHLARGDTQYF	1
CASSHLDEQYF	1
CASSHLDRTNTEAFF	1
CASSHLRVANTGELFF	1
CASSHLNNEQFF	1
CASSHPRGQASSYNEQFF	1
CASSHPYSDGGSNEQFF	1
CASSHPYWESIDTQYF	1
CASSHPLAGTYNEQFF	1
CASSHPPLWLLNEQFF	1
CASSHPRRAGKFNEQFF	1
CASSHPGLAYETQYF	1
CASSHPPQRGTQQTQYF	1
CASSHPGVGYEQYF	1
CASSHPTTDTQYF	1
CASSHPTGASGRGEQFF	1
CASSHRLAGQYNEQFF	1
CASSHRDRVSEAFF	1
CASSHRQGMNTEAFF	1
CASSHRQGRANEKLFF	1
CASSHHITRAGQETQYF	1
CASSHQRMAGAAYEQYF	1
CASSHVDNEQFF	1
CASSHAHLAGGTDTQYF	1
CASSHGKGAQFF	1
CASSHGSAPYNEQFF	1
CASSHGGGRADTQYF	1
CASSHGTSGTQTQYF	1
CASSHGTSGTGADPDTQYF	1
CASSHGTSGRLYNEQFF	1
CASSHGTSGNNEQFF	1
CASSHGTSETDTQYF	1
CASSHGRGLGYGYTF	1
CASSHGLSSYNEQFF	1
CASSHGLAGGPVGELFF	1
CASSHDQETQYF	1
CASSHDGGSDTQYF	1
CASSHDRAGEKLFF	1
CASSHEGGSNQPQHF	1
CASSHIPREQYF	1
CASSHIGLQETQYF	1
CASSHSYEQYF	1
CASSHRASSYNEQFF	1
CASSHRGDDSNQPQHF	1
CASSHRGLVTDTQYF	1
CASSHNRQGSAYEQYF	1
CASSHKTDSPLHF	1
CASSQFPTGGNQPQHF	1
CASSQLAGAADTQYF	1
CASSQSGEQPQHF	1
CASSQWDRGTYEQYF	1
CASSQYRDPYNSPLHF	1
CASSQLQPGELFF	1
CASSQLQRGNEQFF	1
CASSQPGTATEAFF	1
CASSQPGQLEQPQHF	1
CASSQPLRETQYF	1
CASSQPGLAGGTGELFF	1
CASSQPTMGQGYEQYF	1
CASSQRSGHSYEQYF	1
CASSQRVGSSYEQYF	1
CASSQREGYEQYF	1
CASSQRTGANYEQYF	1
CASSQRTGLYEQYF	1
CASSQRLAGTDTQYF	1
CASSQRQDNTGELFF	1
CASSQQGTGELFF	1
CASSQQTGTTEAFF	1
CASSQVRGSGPNNEQFF	1
CASSQVPNIQYF	1
CASSQVTRGANTGELFF	1
CASSQASGTYEQYF	1
CASSQAFSYEQYF	1
CASSQAPGQGYTGELFF	1
CASSQAAASGDNEQFF	1
CASSQAVTYEQYF	1
CASSQAGRIETQYF	1
CASSQAGQSVYNEQFF	1
CASSQAGVNYNEQFF	1
CASSQAAGESTGELFF	1
CASSQAGTDTQYF	1
CASSQAGEQPQHF	1
CASSQGFGASYNEQFF	1
CASSQGSGRAWYEQYF	1
CASSQGYSNQPQHF	1
CASSQGVRDYEQYF	1
CASSQGASTDTQYF	1
CASSQGGAYEQYF	1
CASSQGIGTAREAQYF	1
CASSQGLASSSYNEQFF	1
CASSQGLAKETQYF	1
CASSQGLAGGPGDTGELFF	1
CASSQGLAGGAGDEQFF	1
CASSQGLAGGRRETQYF	1
CASSQGLAGDGELFF	1
CASSQGRPGAQGGYTF	1
CASSQGRGYEQYF	1
CASSQGQGARYEQFF	1
CASSQGQSTDTQYF	1
CASSQGQLETQYF	1
CASSQGGDNEQFF	1
CASSQDLAGGREQYF	1
CASSQDPFQETQYF	1
CASSQDRGSTEAFF	1
CASSQDVMAPSYGYTF	1
CASSQDGQPEEQYF	1
CASSQDERATGELFF	1
CASSQDTGGVKNIQYF	1
CASSQDSQETQYF	1
CASSQDRQYEQYF	1
CASSQDRGLSEQYF	1
CASSQEGREIFADTQYF	1
CASSQEGDGYQETQYF	1
CASSQIPMNTEAFF	1
CASSQIPTREQYF	1
CASSQMPGFYEQYF	1
CASSQMGGRVTVGNEQFF	1
CASSQMGGREQFF	1
CASSQMGTDTQYF	1
CASSQMGLDGQETQYF	1
CASSQMTGANTGELFF	1
CASSQIGVTEKLFF	1
CASSQTGGANYGYTF	1
CASSQTSGSAYEQYF	1
CASSQTWQGGTGNTIYF	1
CASSQTQEQFF	1
CASSQTGTRGETQYF	1
CASSQTGTGGYYEQYF	1
CASSQTGTGNTEAFF	1
CASSQTEGLLQETQYF	1
CASSQTGGELFF	1
CASSQTGPQETQYF	1
CASSQTTGFYTEAFF	1
CASSQTLDTQYF	1
CASSQTGSNSPLHF	1
CASSQTGAKNIQYF	1
CASSQTDFTDTQYF	1
CASSQTDRPWDEQFF	1
CASSQRGGRGTDTQYF	1
CASSQRTLRYEQYF	1
CASSQNRHEQYF	1
CASSQNRGFCQPQHF	1
CASSQKGQGRSQPQHF	1
CASSQKISGDEQFF	1
CASSQFFNRVVLDPHF	1
CASSQFRPGLGYPGELFF	1
CASSQFGLRSSYEQYF	1
CASSQFSTGGNQPQHF	1
CASSQLPEEQYF	1
CASSQLAGGPTGELFF	1
CASSQLATGGELFF	1
CASSQLGRGLSTDTQYF	1
CASSQLNVTGELFF	1
CASSQSLKETQYF	1
CASSQSASETQYF	1
CASSQSSARTETQYF	1
CASSQSWTEGNEQFF	1
CASSQSPRGSNQPQHF	1
CASSQSAGTGAYNEQFF	1
CASSQSGPEASTDTQYF	1
CASSQSGTASTNEQFF	1
CASSQSGTGVFGYTF	1
CASSQSEEGGEQFF	1
CASSQSWDRGDEQFF	1
CASSQSAMSQETQYF	1
CASSQSGQGADEQYF	1
CASSQSIRGPGNQPQHF	1
CASSQSTAGGYEQYF	1
CASSQSPAGGETQYF	1
CASSQSQEQETQYF	1
CASSQSGVPTDTQYF	1
CASSQWRYSPLHF	1
CASSQWQSDEQFF	1
CASSQWGGPDTQYF	1
CASSQWEGSYNEQFF	1
CASSQWTGGTDTQYF	1
CASSQWSGGELFF	1
CASSQWRDEQYF	1
CASSQYPRLARGRAGYEQYF	1
CASSQYGYEQYF	1
CASSQYPGASPYEQYF	1
CASSQLSGIPPTDTQYF	1
CASSQLLGPYNEQFF	1
CASSQLPTGVSSYNEQFF	1
CASSQLTSFDEQYF	1
CASSQLRGPYNEQFF	1
CASSQLSSDTEAFF	1
CASSQLQGYDEQFF	1
CASSQLVDTQYF	1
CASSQLAGRTEYF	1
CASSQLSYSASQETQYF	1
CASSQLVHEQFF	1
CASSQLAGDNEQFF	1
CASSQLAGETQYF	1
CASSQPRPLVKEEKLFF	1
CASSQPLTSGRARYNEQFF	1
CASSQPVWGDEKLFF	1
CASSQPGTSQYEQYF	1
CASSQPGGGYNEQFF	1
CASSQPDSRDTQYF	1
CASSQPAQRAGDSYNEQFF	1
CASSQPGQGLGEQFF	1
CASSQPGQGGEQFF	1
CASSQPSGNSYEQYF	1
CASSQPNDYEQYF	1
CASSQRPQEPGELFF	1
CASSQRGSGYEQYF	1
CASSQRHRETQYF	1
CASSQRQTGDLDTQYF	1
CASSQREGPDTQYF	1
CASSQRQPNTEAFF	1
CASSQRGTGGVETQYF	1
CASSQRKAGGLHLAKNIQYF	1
CASSQHRTGDTKNIQYF	1
CASSQHGQPQHF	1
CASSQQGEVAATQYF	1
CASSQQGRGNEQFF	1
CASSQQGNEQFF	1
CASSQQTRTGELFF	1
CASSQVSGSYHAFF	1
CASSQVSAGGNEQYF	1
CASSQVAGGITGTQYF	1
CASSQVGAGELFF	1
CASSQVGPPAGYEQYF	1
CASSQVGAGGYNEQFF	1
CASSQVGGGHNEQFF	1
CASSQVGGYEQYF	1
CASSQVTSGPYEQYF	1
CASSQVTGLPQYF	1
CASSQVSQEQFF	1
CASSQVSSFSYEQYF	1
CASSQVRRSYEQYF	1
CASSQVFGRPGGNEQFF	1
CASSQVSLGPLNEQYF	1
CASSQVSSIQDNEQFF	1
CASSQVSSTLSLTGGYTF	1
CASSQVLSGANVLTF	1
CASSQVRGMNTEAFF	1
CASSQVRDGGGDYEQYF	1
CASSQVAADTQYF	1
CASSQVGVREIGRETQYF	1
CASSQVGGGASEQYF	1
CASSQVGSISEQYF	1
CASSQVGLTQETQYF	1
CASSQVMEGGYTF	1
CASSQVRGRETQYF	1
CASSQVRGDWFF	1
CASSQVRDQETQYF	1
CASSQVLDQTYEQYF	1
CASSQVPGIYGYTF	1
CASSQVHREGPYNEQFF	1
CASSQVASGRRTDTQYF	1
CASSQVAGSNTGELFF	1
CASSQVGRDAFEQYF	1
CASSQVGDISYEQYF	1
CASSQVGLLPYEQYF	1
CASSQVGHTDTQYF	1
CASSQVERASSYNEQFF	1
CASSQVLGGQETQYF	1
CASSQVSRNNEQFF	1
CASSQVYQNNEQFF	1
CASSQVRGAVTYEQYF	1
CASSQVASTTRIETQYF	1
CASSQVGRIGGLWTGELFF	1
CASSQVGGGANTGELFF	1
CASSQVGEGRNQPQHF	1
CASSQVDSYEQYF	1
CASSQVTGPTDTQYF	1
CASSQVTDSYEQYF	1
CASSQVRESDTQYF	1
CASSQVKTFLLTGELFF	1
CASSQASTSGGSTGELFF	1
CASSQALGVQETQYF	1
CASSQAPGPSTNEQFF	1
CASSQAGEDYEQYF	1
CASSQASRGLYEQYF	1
CASSQASGAYEQYF	1
CASSQASGSAGELFF	1
CASSQARGGVYGYTF	1
CASSQAKVGVGSPLHF	1
CASSQASAVNSPLHF	1
CASSQASGTAYEQYF	1
CASSQASASGSKNIQYF	1
CASSQAHTGELFF	1
CASSQAGQMSSYNEQFF	1
CASSQADEAFF	1
CASSQALAAPYEQYF	1
CASSQAPTGGLTDTQYF	1
CASSQARGGETQYF	1
CASSQAVAAGDTQYF	1
CASSQAGLDEQYF	1
CASSQAGGYNEQFF	1
CASSQAGPRYNEQFF	1
CASSQAGARTGELFF	1
CASSQADPRWERPDTQYF	1
CASSQAETQYF	1
CASSQASANTEAFF	1
CASSQANEQFF	1
CASSQASVAGELFF	1
CASSQAVVIAAGEQYF	1
CASSQAAGGPSYEQFF	1
CASSQAGYLNQPQHF	1
CASSQAGQPQHF	1
CASSQAGAETQYF	1
CASSQAGDQETQYF	1
CASSQADSSYEQYF	1
CASSQASLEGSGEQYF	1
CASSQGLETQYF	1
CASSQGSDEQYF	1
CASSQGPSSTDTQYF	1
CASSQGPRNEQFF	1
CASSQGRRASGSYNEQFF	1
CASSQGRLGGTGELFF	1
CASSQGRQSWNNQPQHF	1
CASSQGQPQHF	1
CASSQGVQGLYF	1
CASSQGDLGAGDNEQFF	1
CASSQGNSRFF	1
CASSQGWLPDYEQYF	1
CASSQGPPQGRISPLHF	1
CASSQGPPTGYRTDTQYF	1
CASSQGPDSYNEQFF	1
CASSQGPGRLISYEQYF	1
CASSQGPLDYGYTF	1
CASSQGRGYTQYF	1
CASSQGARQSNEKLFF	1
CASSQGGSNEQYF	1
CASSQGGVPGELFF	1
CASSQGIRGSETQYF	1
CASSQGTGAWETQYF	1
CASSQGSFVAGGEQYF	1
CASSQGSSSTDTQYF	1
CASSQGWGDEQYF	1
CASSQGLRYEQYF	1
CASSQGLVYEQFF	1
CASSQGLAGSYEQYF	1
CASSQGLAGPYEQYF	1
CASSQGLGVQETQYF	1
CASSQGLEFTYEQYF	1
CASSQGPGQAYSYEQYF	1
CASSQGPGSSYEQYF	1
CASSQGQEGGQPQHF	1
CASSQGVGFETQYF	1
CASSQGAQWGDEQYF	1
CASSQGASTDTQYF	1
CASSQGAGNTGELFF	1
CASSQGAGGRNEAFF	1
CASSQGARTQYF	1
CASSQGGRGYEQFF	1
CASSQGGAGELFF	1
CASSQGGNEQFF	1
CASSQGGRGDNQPQHF	1
CASSQGGELHEQYF	1
CASSQGGTSGRPIEEDTQYF	1
CASSQGGTIQETQYF	1
CASSQGGTGSNEQFF	1
CASSQGGLAGQDTQYF	1
CASSQGGLGSYNEQFF	1
CASSQGGQQETQYF	1
CASSQGGQGSSYNEQFF	1
CASSQGGSRSSIRGMNTEAFF	1
CASSQGIWGDNEQFF	1
CASSQGTLGETGELFF	1
CASSQGTSSSYEQYF	1
CASSQGTSGRSGVDTQYF	1
CASSQGTSGSDNEQFF	1
CASSQGTSGSETQYF	1
CASSQGTRPYNEQFF	1
CASSQGTGAYEQYF	1
CASSQGTANQETQYF	1
CASSQGTPYSYEQYF	1
CASSQGTGSFSYEQYF	1
CASSQGTGGWGSPLHF	1
CASSQGTGGHQPQHF	1
CASSQGREWNTGELFF	1
CASSQGREQYF	1
CASSQGNVGDEQFF	1
CASSQGSSFQETQYF	1
CASSQGYNEQFF	1
CASSQGLGTSGRGTNEQFF	1
CASSQGLPMDF	1
CASSQGLASGLYNEQFF	1
CASSQGLVYEQYF	1
CASSQGLAGPPYEQYF	1
CASSQGLAGSYEQYF	1
CASSQGLAGVETQYF	1
CASSQGLAGGLYNEQFF	1
CASSQGPLSSYNEQFF	1
CASSQGPGTVETQYF	1
CASSQGQPSYEQYF	1
CASSQGAGGPNEQYF	1
CASSQGAGITGELFF	1
CASSQGGSSYNEQFF	1
CASSQGGLADTQYF	1
CASSQGGANTGELFF	1
CASSQGGGLTEAFF	1
CASSQGGGDEQFF	1
CASSQGGDTQYF	1
CASSQGIGGEQYF	1
CASSQGIGAGVVNEQFF	1
CASSQGTDRDTEAFF	1
CASSQGTTNMNEQFF	1
CASSQGRLAWGEQFF	1
CASSQDFPSVTYNEQFF	1
CASSQDFRSYEQYF	1
CASSQDFAEAFF	1
CASSQDFDSIYEQYF	1
CASSQDFWGTEAFF	1
CASSQDFSGKADTQYF	1
CASSQDLLGISYNEQFF	1
CASSQDLSQPQHF	1
CASSQDLVPPEAFF	1
CASSQDLAGGVNEQFF	1
CASSQDLGLGQETQYF	1
CASSQDLRDRVIDEQFF	1
CASSQDLMAGELFF	1
CASSQDLSGSYNEQFF	1
CASSQDSHRRTNEKLFF	1
CASSQDSTPWREDTDTQYF	1
CASSQDSRDTGELFF	1
CASSQDSFRTSVYEQYF	1
CASSQDSAGTTYEQYF	1
CASSQDSGYEQYF	1
CASSQDSLAGVELFF	1
CASSQDSGLGADTQYF	1
CASSQDSGFYEQYF	1
CASSQDSRVNQPQHF	1
CASSQDWAGGYEQYF	1
CASSQDWGRLGETQYF	1
CASSQDWGPSGRMDTQYF	1
CASSQDWGTEETQYF	1
CASSQDWGTGGQDTQYF	1
CASSQDWETQYF	1
CASSQDWERGLVIQYF	1
CASSQDWIAGGVQETQYF	1
CASSQDWTSGIFNEQFF	1
CASSQDYASQETQYF	1
CASSQDYRREQYF	1
CASSQDYGDGYTF	1
CASSQDYRAYEQYF	1
CASSQDLHRGEAQYF	1
CASSQDLAADTQYF	1
CASSQDLSTSTYEQYF	1
CASSQDLVSGDPMGTQYF	1
CASSQDLGPLADTQYF	1
CASSQDLGTTNQPQHF	1
CASSQDLAQETQYF	1
CASSQDLAEADTQYF	1
CASSQDLIGRRGTGQYF	1
CASSQDLNTEAFF	1
CASSQDLKGLSSYEQYF	1
CASSQDPPADRMF	1
CASSQDPSGSVEQYF	1
CASSQDPGSGASGEQYF	1
CASSQDPGAMDEQYF	1
CASSQDPGGANTGELFF	1
CASSQDPGLPERETQYF	1
CASSQDPTSGSFSEQFF	1
CASSQDPSTDTQYF	1
CASSQDPALSSYEQYF	1
CASSQDRSGRQYF	1
CASSQDRLVPYNEQFF	1
CASSQDRAGGSYEQYF	1
CASSQDRASRIEQYF	1
CASSQDRGAHDEQYF	1
CASSQDRDTQYF	1
CASSQDRTGYTEAFF	1
CASSQDRRVGTQYF	1
CASSQDRRGLYEQYF	1
CASSQDHTSTEQFF	1
CASSQDQTGNQPQHF	1
CASSQDQDSSYEQYF	1
CASSQDVIAQYEQYF	1
CASSQDVSENSPLHF	1
CASSQDVNPSGYTF	1
CASSQDAGDTQYF	1
CASSQDAMSEQYF	1
CASSQDAWLAGSTDTQYF	1
CASSQDAGQPYEQYF	1
CASSQDAETQYF	1
CASSQDATRNEQFF	1
CASSQDARVKQPQHF	1
CASSQDGPAGEGETQYF	1
CASSQDGQTSGSYNEQFF	1
CASSQDGGSGRYEQYF	1
CASSQDGGGSLDTQYF	1
CASSQDGSGSPNEQYF	1
CASSQDGRATDTQYF	1
CASSQDGGIYEQYF	1
CASSQDGTDTQYF	1
CASSQDGPSGRQLFF	1
CASSQDGGLPYNEQFF	1
CASSQDGIYNEQFF	1
CASSQDGTSSSYEQYF	1
CASSQDGTLAGAEQYF	1
CASSQDGTVEETQYF	1
CASSQDGTGVAWQYF	1
CASSQDGSGSSYNEQFF	1
CASSQDGDRGLYEQYF	1
CASSQDGTFHSYEQYF	1
CASSQDGTRINEQFF	1
CASSQDDDSGFEQYF	1
CASSQDDGVGTQYF	1
CASSQDDRGRSAGYF	1
CASSQDETSNTDTQYF	1
CASSQDIGRYNEQFF	1
CASSQDIDEQYF	1
CASSQDTSGSPNIQYF	1
CASSQDTLWGTDTQYF	1
CASSQDTSGRYF	1
CASSQDTNDQETQYF	1
CASSQDTGRPSEQYF	1
CASSQDSGSPYEQYF	1
CASSQDSGQGASRPQHF	1
CASSQDRFGTGPDGYTF	1
CASSQDRGLSYEQYF	1
CASSQDRKLGTYNEQFF	1
CASSQDNQETQYF	1
CASSQDKAGPPYEQYF	1
CASSQDKGLGAQYF	1
CASSQDSGRSSTGELFF	1
CASSQDYGTYTDTQYF	1
CASSQDYNANTGELFF	1
CASSQDLQGGYGYTF	1
CASSQDPSSADTQYF	1
CASSQDPYRTSGRLYNEQFF	1
CASSQDPRLAGPLYEQYF	1
CASSQDPHEQYF	1
CASSQDPPVGVYSYEQYF	1
CASSQDPQRAFSYEQYF	1
CASSQDPAGDSYEQYF	1
CASSQDPLAGHNEQFF	1
CASSQDREGEGEKLFF	1
CASSQDRTVDIQYF	1
CASSQDQVTYDEQYF	1
CASSQDQGRYNEQFF	1
CASSQDQEGAEETQYF	1
CASSQDAASGITGELFF	1
CASSQDAAAGGLSNEQFF	1
CASSQDAGYEQYF	1
CASSQDAGMQFF	1
CASSQDGLAVSTDTQYF	1
CASSQDGTSTVF	1
CASSQDGTGGYSVFF	1
CASSQDGLTYNEQFF	1
CASSQDGGSYNEQFF	1
CASSQDETQYF	1
CASSQDIRTGGSTDTQYF	1
CASSQDTGTSEGYEQYF	1
CASSQDTNTEAFF	1
CASSQDSSTYEQYF	1
CASSQDRATYNEQFF	1
CASSQDRGLGGNTIYF	1
CASSQDRRGLALNTGELFF	1
CASSQDKWRETSSSYEQYF	1
CASSQELLLASTGELFF	1
CASSQELGQDGYTF	1
CASSQESLAGSTDTQYF	1
CASSQEWREEYEQYF	1
CASSQEWNADTQYF	1
CASSQELGAEQYF	1
CASSQELDSSYNEQFF	1
CASSQEVRSHEQYF	1
CASSQEVAGNNEQFF	1
CASSQEAAGGGQPQHF	1
CASSQEAGHETQYF	1
CASSQEGHSYEQYF	1
CASSQEGTRRTTGELFF	1
CASSQEGGAAYEQYF	1
CASSQEGGIYEQYF	1
CASSQEGGIPYEQYF	1
CASSQEGGGPYEQYF	1
CASSQEGTSGRGVYNEQFF	1
CASSQEGRDRRWVYNEQFF	1
CASSQEGVWETQYF	1
CASSQEGRSWGKNIQYF	1
CASSQEDRGYEQYF	1
CASSQEEGNQPQHF	1
CASSQEINWIASSYEQYF	1
CASSQEMDSSGSSYEQYF	1
CASSQERTSGNIQYF	1
CASSQERLAVYNEQFF	1
CASSQERGSGEAFF	1
CASSQENREYVNEQFF	1
CASSQEFLAGSGLNEQFF	1
CASSQEFQRQGFDNQPQHF	1
CASSQEFKEVGATDTQYF	1
CASSQELVTGGLNEQFF	1
CASSQELGGSNNEQFF	1
CASSQESSGLQETQYF	1
CASSQESSGRAETSRETQYF	1
CASSQESSSLEGYTF	1
CASSQEWLAGGNEQFF	1
CASSQEYWIGSTNTQYF	1
CASSQEYRVGSDTQYF	1
CASSQEREQFF	1
CASSQERGTAEQFF	1
CASSQEQTGYYGYTF	1
CASSQEVSRTGVNNEQFF	1
CASSQEVAYSSTDTQYF	1
CASSQEAPRQDPGTQYF	1
CASSQEAGVDTQYF	1
CASSQEGLAGGLLAGELFF	1
CASSQEGGTDTQYF	1
CASSQEGGTRGANEQFF	1
CASSQEGESSYEQYF	1
CASSQEGRVVETQYF	1
CASSQEGREVDQPQHF	1
CASSQEGFNEQFF	1
CASSQEGLFRDEQYF	1
CASSQEGYEQYF	1
CASSQEGPTGELFF	1
CASSQEGPLNTEAFF	1
CASSQEGGDHEQYF	1
CASSQEGDRTYEQYF	1
CASSQEGTSGRDTQYF	1
CASSQEGTSGNNEQFF	1
CASSQEGTRSSYEQYF	1
CASSQEGLAGLPTDTQYF	1
CASSQEGLAGDNEQFF	1
CASSQEGLADSSYNEQFF	1
CASSQEGQHNYGYTF	1
CASSQEGQSSYEQYF	1
CASSQEDTNYNEQFF	1
CASSQEEAGGPYNEQFF	1
CASSQEMGSGRSEQYF	1
CASSQEIRDEQYF	1
CASSQETTSGYTDTQYF	1
CASSQERLAGNKFF	1
CASSQENSYEQYF	1
CASSQENGELFF	1
CASSQEKSRGSTADEQYF	1
CASSQISGGTSWNEQFF	1
CASSQITDTQYF	1
CASSQILAATYNEQFF	1
CASSQMPGTSGSGDEQFF	1
CASSQMGHLGTDTQYF	1
CASSQMDEQFF	1
CASSQMTGETEAFF	1
CASSQISGTGRGDEQYF	1
CASSQIAGPTDTQYF	1
CASSQIGEAKNIQYF	1
CASSQTREMAKNIQYF	1
CASSQTMLAWGEQYF	1
CASSQTSAQWNTQYF	1
CASSQTSGEEDTQYF	1
CASSQTSEGTDTQYF	1
CASSQTWDTEAFF	1
CASSQTLTSGEQFF	1
CASSQTGTANTGELFF	1
CASSQTAGGLAYEQYF	1
CASSQTGGQETQYF	1
CASSQTGRNEKLFF	1
CASSQTLQREGLEQYF	1
CASSQTPGTADTQYF	1
CASSQTGPETQYF	1
CASSQTGSGTEAFF	1
CASSQSPWVASTDTQYF	1
CASSQSSNTEAFF	1
CASSQRDRGNQPQHF	1
CASSQRNQPQHF	1
CASSQRKDSANTGELFF	1
CASSQRQTSSSYNSPLHF	1
CASSQNIAGGVDEQFF	1
CASSQNRDESGYTF	1
CASSQKPPGGGYEQYF	1
CASSQKEREGFYEQYF	1
CASSQKSTGLDEQYF	1
CASSQKGLAGGGDTQYF	1
CASSQKKTVYNEQFF	1
CASSVSMETQYF	1
CASSVSGLSYEQYF	1
CASSVSWESSYEQYF	1
CASSVWGISGYTF	1
CASSVLAGQYNEQFF	1
CASSVPTSGRASNEQFF	1
CASSVPGDPNSPLHF	1
CASSVRVGNNEQFF	1
CASSVRTSGRAGANVLTF	1
CASSVGGTSGNEQFF	1
CASSVGAGFTGELFF	1
CASSVGTSGSVGQFF	1
CASSVGTAGGITGELFF	1
CASSVGLSGANVLTF	1
CASSVGLVYEQYF	1
CASSVGLAGANEQYF	1
CASSVGQGVGYEQYF	1
CASSVDRSTDTQYF	1
CASSVEGSNTGELFF	1
CASSVESTDTQYF	1
CASSVTSGSSYEQYF	1
CASSVTGGPTGELFF	1
CASSVTTGELFF	1
CASSVTLAYSSYNEQFF	1
CASSVTGSTDTQYF	1
CASSVSGSYNEQFF	1
CASSVSGSGYEQYF	1
CASSVSGRAIDTQYF	1
CASSVRSAAGELFF	1
CASSVRLAGVLAYNEQFF	1
CASSVNLGELFF	1
CASSVFEFDYEQYF	1
CASSVFGRGDNEQFF	1
CASSVSYRDEETQYF	1
CASSVSFSSGAYNEQFF	1
CASSVSEVFSGEQFF	1
CASSVSAVNTGELFF	1
CASSVYQGDLNEQYF	1
CASSVRRTSEEDTQYF	1
CASSVQQNTEAFF	1
CASSVQGRNTGELFF	1
CASSVQNGDTQYF	1
CASSVAGNYGYTF	1
CASSVGGLAAYEQYF	1
CASSVGGAYEQYF	1
CASSVGRDRVAPYEQYF	1
CASSVGADEQFF	1
CASSVGTDSGNTIYF	1
CASSVGLTGGEQYF	1
CASSVELAGVGEQYF	1
CASSVEIAGYNEQFF	1
CASSVEIGSRETQYF	1
CASSVENLGGEQFF	1
CASSVSWAEQETQYF	1
CASSVSGRDDEQYF	1
CASSVRAGLVGYTF	1
CASSVLRTELAAGRHNEQFF	1
CASSVYQETQYF	1
CASSVLPGLAGLQETQYF	1
CASSVLADLSYNEQFF	1
CASSVRGSTEAFF	1
CASSVRDSYGGEQFF	1
CASSVQGFSYEQYF	1
CASSVASDTEQFF	1
CASSVAGTSGQETQYF	1
CASSVGSGISNEQFF	1
CASSVGGGLAGSKSNEQFF	1
CASSVGEYAGELFF	1
CASSVGLAGVETQYF	1
CASSVGLGGSYNEQFF	1
CASSVGADSSYEQYF	1
CASSVDADTDYGYTF	1
CASSVDSTDTQYF	1
CASSVDRGILGGYTF	1
CASSVTSGYTDTQYF	1
CASSVTTGNTEAFF	1
CASSVTVNTEAFF	1
CASSVSGSPGTSYNEQFF	1
CASSVSRVGDEQYF	1
CASSVRGTSGDTQYF	1
CASSVNGGANYEQYF	1
CASSVFYGELFF	1
CASSVFGGGDTQYF	1
CASSVFAGELFF	1
CASSVSFVTSGTDTQYF	1
CASSVSVNTEAFF	1
CASSVSRAAGELFF	1
CASSVCAGSGTYNEQFF	1
CASSVWNSGNTIYF	1
CASSVYEGSTDTQYF	1
CASSVLPGGSYEQYF	1
CASSVLDRGGGYTF	1
CASSVLESRGETQYF	1
CASSVPSGGTYNEQFF	1
CASSVPGLGDNEQFF	1
CASSVRGMVDEQYF	1
CASSVRGIYTGELFF	1
CASSVREGGNSPLHF	1
CASSVRAGQGYNEQFF	1
CASSVHQAGGPGDEQFF	1
CASSVHPGTDQETQYF	1
CASSVQRASSYEQYF	1
CASSVQGFRGYTF	1
CASSVQGAEQYF	1
CASSVQHNTEAFF	1
CASSVQGTGTDTQYF	1
CASSVVPGVNEQFF	1
CASSVVPREYNEQFF	1
CASSVVPRAGEGYTF	1
CASSVVAVGEQFF	1
CASSVVGSGIGASTDTQYF	1
CASSVVGGELFF	1
CASSVVGQGGYNEQFF	1
CASSVVSRGIPTDTQYF	1
CASSVVSGQNNEQFF	1
CASSVVAGRGNEQFF	1
CASSVVGGELFF	1
CASSVVVRRSF	1
CASSVVGWGTGELFF	1
CASSVVGVSSPDTQYF	1
CASSVVGKGVDEQYF	1
CASSVVDGDYEQYF	1
CASSVVTTSYNEQFF	1
CASSVVSTGELFF	1
CASSVVASSETQYF	1
CASSVVAGGSHEQYF	1
CASSVVGGLVETQYF	1
CASSVVGTQQETQYF	1
CASSVVSGNTDTQYF	1
CASSVAPGTSGSHSYNEQFF	1
CASSVAPSDEQYF	1
CASSVARRAGDTGELFF	1
CASSVAQGQGAEKLFF	1
CASSVAVVGGEQFF	1
CASSVAGTALSYEQYF	1
CASSVATSGQGELFF	1
CASSVATKNPQYF	1
CASSVARTGLADNEQFF	1
CASSVALSGSLPETQYF	1
CASSVALSGRTDTQYF	1
CASSVAPSGVYNEQFF	1
CASSVARSGNEQYF	1
CASSVARALAGTSTDTQYF	1
CASSVAGGSGDEQFF	1
CASSVAPLAPYNEQFF	1
CASSVAPQETQYF	1
CASSVAAGSSYNEQFF	1
CASSVAGSGPPGNEQFF	1
CASSVAGVQETQYF	1
CASSVAGTVNTEAFF	1
CASSVAGSGNEQFF	1
CASSVAGVDYEQYF	1
CASSVAGGETQYF	1
CASSVAEGARDEQYF	1
CASSVAETSTYEQYF	1
CASSVAAVNEQFF	1
CASSVAGNEQFF	1
CASSVAGTSGRALFF	1
CASSVATAPRGEQYF	1
CASSVGLAAYQETQYF	1
CASSVGLAGEYEQFF	1
CASSVGLNNEQFF	1
CASSVGPSGGMYF	1
CASSVGPLKLYEQYF	1
CASSVGVGYNEQFF	1
CASSVGAGTAGETQYF	1
CASSVGAATNYGYTF	1
CASSVGGTQETQYF	1
CASSVGGQNNEQFF	1
CASSVGGDTEAFF	1
CASSVGGGQSSDTQYF	1
CASSVGGSSYEQYF	1
CASSVGSSANYEQYF	1
CASSVGSSEQFF	1
CASSVGSDTQYF	1
CASSVGLAGIETQYF	1
CASSVGQGAYEQYF	1
CASSVGVAGEQYF	1
CASSVGAQPQHF	1
CASSVGAVVDTQYF	1
CASSVGARTGDGGQETQYF	1
CASSVGAVNQPQHF	1
CASSVGGQQETQYF	1
CASSVGGQETQYF	1
CASSVGGGTSGTSIEDTQYF	1
CASSVGGGEQYF	1
CASSVGGMKNEQYF	1
CASSVGDGYNEQFF	1
CASSVGMPATYEQYF	1
CASSVGMGSSPFADTQYF	1
CASSVGTGEQFF	1
CASSVGTPYEQYF	1
CASSVGTPDTQYF	1
CASSVGTGGVRGYTF	1
CASSVGSARGSDTQYF	1
CASSVGRGRSEKLFF	1
CASSVGNEQFF	1
CASSVGNRNYEQYF	1
CASSVGLASGRSRQETQYF	1
CASSVGLAETDTQYF	1
CASSVGLRVGELFF	1
CASSVGLAAYEQYF	1
CASSVGLAGIYEQYF	1
CASSVGLAGNTQYF	1
CASSVGLGDYNEQFF	1
CASSVGQSYEQYF	1
CASSVGVGTGYRNEQFF	1
CASSVGVSPNTGELFF	1
CASSVGASTEAFF	1
CASSVGGQSEAFF	1
CASSVGGEQYF	1
CASSVGGSGTDTQYF	1
CASSVGGAGTEAFF	1
CASSVGGGAREQYF	1
CASSVGGSTDTQYF	1
CASSVGGQENTGELFF	1
CASSVGEGPYEQYF	1
CASSVGEGTGETQYF	1
CASSVGTSGSYNEQFF	1
CASSVGTLWREDSETQYF	1
CASSVGSPRYNEQFF	1
CASSVDSGLLTGQFF	1
CASSVDLGSYEQYF	1
CASSVDLGGNGDTQYF	1
CASSVDLTGVDNYGYTF	1
CASSVDLAGATYEQYF	1
CASSVDPKPYNEQFF	1
CASSVDRAEYNEQFF	1
CASSVDQGSYEQYF	1
CASSVDVYYEQYF	1
CASSVDSGRAVEQFF	1
CASSVDPPGEQFF	1
CASSVDPGGVDTDTQYF	1
CASSVDPGAGNTIYF	1
CASSVDGIKVGTQYF	1
CASSVDGTGTYEQYF	1
CASSVDTGVSEQYF	1
CASSVDSGGNTGELFF	1
CASSVDRADEQYF	1
CASSVELGGSYEQYF	1
CASSVESGLAGNNEQFF	1
CASSVEPGLAGGGYEQYF	1
CASSVEVGEADTQYF	1
CASSVEVAGGLNEQFF	1
CASSVEALRETDTQYF	1
CASSVEGDRGNEQYF	1
CASSVEGTSFYEQYF	1
CASSVEGTDTQYF	1
CASSVEGLAGSTDTQYF	1
CASSVEGQPTGELFF	1
CASSVEEAAFNEQFF	1
CASSVETSAYTDTQYF	1
CASSVELAGTNEQFF	1
CASSVEPVAGHEQYF	1
CASSVEPASANTGELFF	1
CASSVEVPVAGDNSYEQYF	1
CASSVEVAETSSYNEQFF	1
CASSVEGRNNEQFF	1
CASSVEGGSLDTQYF	1
CASSVEGIGSNEQFF	1
CASSVEDSGDIQYF	1
CASSVEDSYTDTQYF	1
CASSVEMWTGGTDTQYF	1
CASSVESSGDYNEQFF	1
CASSVESGTYNEQFF	1
CASSVESGRTGELFF	1
CASSVMTGAYTGELFF	1
CASSVTRDLLNLQETQYF	1
CASSVTGTDNEQFF	1
CASSVTGGSVEQYF	1
CASSVTETQYF	1
CASSVTGRGLQFF	1
CASSVTGGFFGYTF	1
CASSVTTGGETQYF	1
CASSVSPGQGNDEQFF	1
CASSVSAGNTGELFF	1
CASSVSARDYNEQFF	1
CASSVSGGVAGSEQFF	1
CASSVSEREGLFEQFF	1
CASSVRGGGEAFF	1
CASSVRLGGAKNIQYF	1
CASSVNRDEQFF	1
CASSAFNPSTDTQYF	1
CASSASSGPTTGELFF	1
CASSASSGTGTGELFF	1
CASSAPVRSAGYNEQFF	1
CASSAPGTGPYEQYF	1
CASSAHPTSGRTDNEQFF	1
CASSAHPTRGVDEQYF	1
CASSAQYRGYYGYTF	1
CASSAAGDTQYF	1
CASSATSGRFDIQYF	1
CASSATGYNSPLHF	1
CASSATGISTDTQYF	1
CASSASRGAETQYF	1
CASSASGAKGTEAFF	1
CASSASGSSYEQYF	1
CASSASGRSDEQYF	1
CASSASGRATETQYF	1
CASSASGKNIQYF	1
CASSARLAGASYEQYF	1
CASSALAGGLTSTDTQYF	1
CASSASGTSGIEQFF	1
CASSASPLWTGTSTVPGELFF	1
CASSAWTGGKETQYF	1
CASSAYNNEQFF	1
CASSALLVNEQFF	1
CASSAPLAAHYEQYF	1
CASSAPAQETQYF	1
CASSAPGTGTMVAGELFF	1
CASSAPGQSYEQYF	1
CASSARWVQETQYF	1
CASSARQSSTDTQYF	1
CASSARDGAYEQYF	1
CASSARDRENDTQYF	1
CASSARTGIEQYF	1
CASSARQGLNTEAFF	1
CASSARQGESTDTQYF	1
CASSARQILNTGELFF	1
CASSAHVGLGNEQFF	1
CASSAHRGETQYF	1
CASSAQVGPGDEQFF	1
CASSAQGNQPQHF	1
CASSAQGGNEQFF	1
CASSAQRVLLREQYF	1
CASSAVPEETQYF	1
CASSAVQGAEYEQYF	1
CASSAASGNEQFF	1
CASSAASILAGETDTQYF	1
CASSAAWTGGGEKLFF	1
CASSAALIAGGYNEQFF	1
CASSAGSINQPQHF	1
CASSAGASTDTQYF	1
CASSAGGPYNEQFF	1
CASSAGTSGSDTGELFF	1
CASSAGTSGIHEQYF	1
CASSAGTSNSPLHF	1
CASSAGTGLAGGEKLFF	1
CASSAGQGSYEQYF	1
CASSAGQGSYEQYF	1
CASSADRDASYEQYF	1
CASSADIDQPQHF	1
CASSADRGRSTDTQYF	1
CASSADRGVQPQHF	1
CASSAEGLSGNEQFF	1
CASSAELGAYNEQFF	1
CASSAIQGNADTQYF	1
CASSATPETQYF	1
CASSATGWNTEAFF	1
CASSATGTGVNNEQFF	1
CASSATVSYNEQFF	1
CASSATNWGPYEQYF	1
CASSARGDEQFF	1
CASSARGTDTQYF	1
CASSARGRAGELFF	1
CASSARGNEQFF	1
CASSAREGATSRYGYTF	1
CASSANQDTQYF	1
CASSAKGASDTQYF	1
CASSAWGKETQYF	1
CASSAWSLSSYNEQFF	1
CASSAPGGTDTQYF	1
CASSAPGPLYEQYF	1
CASSAPDRGNTEAFF	1
CASSARGRVPTDTQYF	1
CASSAQGAGEQYF	1
CASSAASGSSYNEQFF	1
CASSAASGGTDTQYF	1
CASSAAVGAVGELFF	1
CASSAAGGLNEQYF	1
CASSAAPSRFNEQYF	1
CASSAGGSSYNEQFF	1
CASSAGAGKGLNTEAFF	1
CASSAGGEETQYF	1
CASSAGSGRALSEQFF	1
CASSAGLTTGELFF	1
CASSAGQSNTGELFF	1
CASSAGQDNSPLHF	1
CASSAGQIYEQYF	1
CASSADWGAVAGELFF	1
CASSADYLNTGELFF	1
CASSADQSTDTQYF	1
CASSAIDRGNPIGNQPQHF	1
CASSATVTFYEQYF	1
CASSATGGGKAFF	1
CASSASLGGNTQYF	1
CASSARPDTDTQYF	1
CASSARGYTGELFF	1
CASSARGTGYSPLHF	1
CASSARDRPPAEQYF	1
CASSARVDTQYF	1
CASSANRGGEKLFF	1
CASSAFGEGSEQYF	1
CASSALAGGPYEQYF	1
CASSASPLRGRKSTDTQYF	1
CASSASSGSSYNEQFF	1
CASSALGLREKGGELFF	1
CASSAPRDSPPTDTQYF	1
CASSAPGPAGGYTF	1
CASSAPGQLEKLFF	1
CASSARTGAPFEQYF	1
CASSARTSGRAHEQYF	1
CASSAQGFAYEQYF	1
CASSAQLAGGPFAYNEQFF	1
CASSAVGDTQYF	1
CASSAAGSETQYF	1
CASSAATGDYSGANVLTF	1
CASSAAGRWADTQYF	1
CASSAGRGDEQFF	1
CASSAGGGPNTGELFF	1
CASSAGGDNFPQYF	1
CASSAGRETQYF	1
CASSAGGGYEQYF	1
CASSAGTAQETQYF	1
CASSAGTGGREQYF	1
CASSAGLVRETQYF	1
CASSAGQAGNQPQHF	1
CASSAGQLFFQETQYF	1
CASSADGLNEQYF	1
CASSAMGYEQYF	1
CASSAILESFTSEQFF	1
CASSATSGSYNEQFF	1
CASSATGGNEQFF	1
CASSASGTSYNEQFF	1
CASSGFAGGPMNEQFF	1
CASSGSGAGYNEQFF	1
CASSGRRAGTGELFF	1
CASSGHRFGYEQYF	1
CASSGGVGYRTEAFF	1
CASSGSGRYNEQFF	1
CASSGFQADTQYF	1
CASSGFPTSTVYEQFF	1
CASSGSYEQYF	1
CASSGWAGTEAFF	1
CASSGWTSGNNEQFF	1
CASSGLLLAKNIQYF	1
CASSGLRTGPSDIQYF	1
CASSGRDQSYEQYF	1
CASSGGGGQPHQPQHF	1
CASSGGRSSYNEQFF	1
CASSGGRGLETQYF	1
CASSGGDAKNIQYF	1
CASSGDPKREKYDTQYF	1
CASSGSAYNEQFF	1
CASSGSGSTDTQYF	1
CASSGRVGQPQHF	1
CASSGRGDTGELFF	1
CASSGRDRDEAFF	1
CASSGFSNTEAFF	1
CASSGWGTRLNEQFF	1
CASSGWRQGREQYF	1
CASSGPSEETQYF	1
CASSGPLSGNEQFF	1
CASSGPGRTQYF	1
CASSGPFYNEQFF	1
CASSGPGKETQYF	1
CASSGRGALDEQYF	1
CASSGQGFDQPQHF	1
CASSGVPHSTDTQYF	1
CASSGASGTPETQYF	1
CASSGASGSWAGELFF	1
CASSGGPRQGAYEQYF	1
CASSGGLTASSYEQYF	1
CASSGGDSHYEQYF	1
CASSGGTFSLSYNEQFF	1
CASSGGTPYSEAFF	1
CASSGGLARPYEQYF	1
CASSGGLAGEYNEQFF	1
CASSGGQTGELFF	1
CASSGDSYEQYF	1
CASSGDYGGYTF	1
CASSGDRGFSEAFF	1
CASSGDRGLKNEQFF	1
CASSGDRSQQYF	1
CASSGEGYSNEQFF	1
CASSGEGRSLTDTQYF	1
CASSGTRIEQYF	1
CASSGTQPSNEQFF	1
CASSGTSGLAYEQYF	1
CASSGTSGTDTQYF	1
CASSGTSGSLDTQYF	1
CASSGTSGSSYEQYF	1
CASSGTSTSGRDTQYF	1
CASSGTGTSGTDEQFF	1
CASSGTLNTGELFF	1
CASSGTHTYEQYF	1
CASSGTVTDTQYF	1
CASSGTAVNSPLHF	1
CASSGTGTFTDTQYF	1
CASSGTGSYEQYF	1
CASSGTGYEQYF	1
CASSGTGGITGELFF	1
CASSGTGGSYNEQFF	1
CASSGTGGGETQYF	1
CASSGTGGHNEQFF	1
CASSGRGTSGRGEQFF	1
CASSGRITAGELFF	1
CASSGKGSNQPQHF	1
CASSGKDTYQPQHF	1
CASSGSSGEAFF	1
CASSGYLGTGAGGNTIYF	1
CASSGLSYNEQFF	1
CASSGLPGAWGYEQYF	1
CASSGLYNEQFF	1
CASSGLAGAETQYF	1
CASSGPSRENIQYF	1
CASSGRDWGGETQYF	1
CASSGRTSGRKIRGSTDTQYF	1
CASSGRTGGADTQYF	1
CASSGQGSYEQYF	1
CASSGQGREQYF	1
CASSGQGASGGYTF	1
CASSGQGIAKNIQYF	1
CASSGQTGIYEQYF	1
CASSGQSSYEQYF	1
CASSGVGSGSLYEQYF	1
CASSGAGGTYNEQFF	1
CASSGGTDTQYF	1
CASSGGGYQETQYF	1
CASSGDSNQPQHF	1
CASSGDGDQPQHF	1
CASSGDRGGSYEQYF	1
CASSGIRRFIDRRSYEQYF	1
CASSGILAEQFF	1
CASSGTSGGRLAQYF	1
CASSGTDRNPSEQYF	1
CASSGTGGFNEKLFF	1
CASSGTREGEKLFF	1
CASSDSDTQYF	1
CASSDPAGNYNEQFF	1
CASSDPGLAGHEQYF	1
CASSDGPNNEQFF	1
CASSDGGTSGRVEQFF	1
CASSDGPIAKNIQYF	1
CASSDGHGETQYF	1
CASSDIPRSYNEQFF	1
CASSDTSYEQYF	1
CASSDKGKVPYEQYF	1
CASSDKTGDNTGELFF	1
CASSDSSVTYEQYF	1
CASSDSYEQYF	1
CASSDSPRGHTGELFF	1
CASSDYMSSYEQYF	1
CASSDLGEKLFF	1
CASSDLAGLKQSYNEQFF	1
CASSDPERTSGHNEQFF	1
CASSDRASSYEQYF	1
CASSDRDSFSGEQYF	1
CASSDRTSGRQNIQYF	1
CASSDRTGGDNEQFF	1
CASSDQHGTSGNTQYF	1
CASSDGITDTQYF	1
CASSDGTANNSPLHF	1
CASSDGTGVTEAFF	1
CASSDGRGLETQYF	1
CASSDGRNEQFF	1
CASSDGKQVRYSPLHF	1
CASSDGLAGDEQFF	1
CASSDGQGVSTDTQYF	1
CASSDDIGGPGGANVLTF	1
CASSDIPGTYNEQFF	1
CASSDTVSETQYF	1
CASSDSNSGANVLTF	1
CASSDRGLSNEKLFF	1
CASSDRGHYNEQFF	1
CASSDRGMPTEAFF	1
CASSDRGTGELFF	1
CASSDNPKTGNTIYF	1
CASSELITYEQYF	1
CASSELLGKLGLFF	1
CASSERQGDETDTQYF	1
CASSEARQGLSGANVLTF	1
CASSEGSGNQPQHF	1
CASSEGAYNEQFF	1
CASSEGASGRYNEQFF	1
CASSEGTGGSSTEAFF	1
CASSEGSSGSWWTDTQYF	1
CASSEGLTKETQYF	1
CASSEGLARVDTQYF	1
CASSEGQYGYTF	1
CASSEGQHNEKLFF	1
CASSEGQGGYGYTF	1
CASSEGQNYGYTF	1
CASSEGSGSYNEQFF	1
CASSEDSPEQFF	1
CASSEDRGAREQYF	1
CASSEEGYNEQFF	1
CASSESLAGGYNEQFF	1
CASSERTSGSLAGELFF	1
CASSERQGNTDTQYF	1
CASSERGTAPLNTGELFF	1
CASSELLAARYEQYF	1
CASSESSGKTYEQYF	1
CASSEWVDNSPLHF	1
CASSELKGQGYNEQFF	1
CASSEPGGNEQFF	1
CASSEPIRNEQYF	1
CASSERLTSLSPNEQFF	1
CASSERPDNQPQHF	1
CASSEHRDSGQPQHF	1
CASSEQGGVDIQYF	1
CASSEQEYEQYF	1
CASSEVLGGQAFYGYTF	1
CASSEATDQETQYF	1
CASSEGLAGVSEQYF	1
CASSEGHGPSYEQYF	1
CASSEGQSNQPQHF	1
CASSEDTGGSYNSPLHF	1
CASSEEAGPTDTQYF	1
CASSEEAGVYGDTQYF	1
CASSEITDTQYF	1
CASSEIPGPSYEQYF	1
CASSETPAGARDTQYF	1
CASSETGAGNEKLFF	1
CASSETGDSYNSPLHF	1
CASSETEFYEQYF	1
CASSESSGRAYEQYF	1
CASSESGAPYEQYF	1
CASSENRGVVETQYF	1
CASSENRGRSGYTF	1
CASSILAGSTDTQYF	1
CASSIYYEQYF	1
CASSIFPGPSYEQYF	1
CASSISVVYNEQFF	1
CASSISPGQGETQYF	1
CASSISGTEQFF	1
CASSIRVGDSPDTQYF	1
CASSIRDSDTDTQYF	1
CASSIRDRVATQYF	1
CASSIRTENTGELFF	1
CASSIQGDTQYF	1
CASSIQTSGRFYEQFF	1
CASSIQAAQGPYEQYF	1
CASSIAGEGPGDTQYF	1
CASSIAGGRTDTQYF	1
CASSIGTSDGGELFF	1
CASSIGQGYGYTF	1
CASSIGVYGYTF	1
CASSIDYEQFF	1
CASSIDHTDTQYF	1
CASSIDRDQETQYF	1
CASSITGGPIGEQFF	1
CASSMLAGVTDTQYF	1
CASSMVYRDAGDGTDTQYF	1
CASSMGNQPQHF	1
CASSMGLAGITGELFF	1
CASSMGLAGPSDQETQYF	1
CASSMGQGAEQPQHF	1
CASSMGEVTDTQYF	1
CASSMDRVFGEQFF	1
CASSMDRDYEQYF	1
CASSMTSGEEGEQFF	1
CASSMTSNEQFF	1
CASSMTGREQYF	1
CASSMTGNEQYF	1
CASSIFTGTTYTGELFF	1
CASSISSGNYDTQYF	1
CASSIPGQANTEAFF	1
CASSIRLTGELFF	1
CASSIRTAGANVLTF	1
CASSIHDAYEQYF	1
CASSIQRGAYEQYF	1
CASSIQGLATGELFF	1
CASSIQGTGYNQPQHF	1
CASSIAGQETQYF	1
CASSIAWSTYEQYF	1
CASSIGTSAEQFF	1
CASSIGSSYEQYF	1
CASSIEGLAGGPGYNEQFF	1
CASSIEQGGETQYF	1
CASSIRELSGRHEQYF	1
CASSINRQGGSPLHF	1
CASSIKHSYEQYF	1
CASSTSGTSGYNEQFF	1
CASSTLLGELFF	1
CASSTRGTYAYEQYF	1
CASSTHRGTGGNYGYTF	1
CASSTQTGYEQYF	1
CASSTGTGSKGQFF	1
CASSTGQGQETQYF	1
CASSTSEESYEQYF	1
CASSTRARDRVGGEQFF	1
CASSTNSGRGGETQYF	1
CASSTFSGILPRGEQFF	1
CASSTLAGRLYEQFF	1
CASSTSTGSYSYEQYF	1
CASSTWGQGIYEQYF	1
CASSTWTSQSEQYF	1
CASSTYRGQNTGELFF	1
CASSTLPTWTSGPNTGELFF	1
CASSTLVGRNTEAFF	1
CASSTLREQPQHF	1
CASSTLSSNEQFF	1
CASSTPGGTGGRYEQYF	1
CASSTRGSGPYNEQFF	1
CASSTRFDRALETEAFF	1
CASSTRDTQYF	1
CASSTRDRVTEAFF	1
CASSTREDTQYF	1
CASSTRTSVTGELFF	1
CASSTRTSGSTGELFF	1
CASSTRTGKQREQFF	1
CASSTRLSSYEQYF	1
CASSTRQGTNNEQFF	1
CASSTRGVLASQNIQYF	1
CASSTQTDSYEQYF	1
CASSTQTEASYNEQFF	1
CASSTVGGGHGPDTQYF	1
CASSTGTTTSTDTQYF	1
CASSTGTIIASTDTQYF	1
CASSTGTVSWETQYF	1
CASSTGTGGYEQYF	1
CASSTGTGDNTQYF	1
CASSTGTRNTDTQYF	1
CASSTGLEQFF	1
CASSTDRGWTGELFF	1
CASSTDRGALNEQFF	1
CASSTEPDRDFDNEQFF	1
CASSTIGSLLQYF	1
CASSTTGQAPLHF	1
CASSTRVASGGNIQYF	1
CASSTKRLNEQFF	1
CASSTSGTGGNEQFF	1
CASSTWTDESGNTIYF	1
CASSTLPPGRASVNEQFF	1
CASSTLTGAYEQYF	1
CASSTLAGMGTDTQYF	1
CASSTRRNLNTEAFF	1
CASSTALLAGGTGELFF	1
CASSTGVSTDTQYF	1
CASSTGGNEQFF	1
CASSTGTSGFF	1
CASSTGTNNEQFF	1
CASSTGTGPSNEQFF	1
CASSTGSYEQYF	1
CASSTGLAVLTDTQYF	1
CASSTGLAGGIETQYF	1
CASSTGLAGTGELFF	1
CASSTTANTEAFF	1
CASSTTGLEQYF	1
CASSTSPGDPYEQYF	1
CASSTRGLAGLNEQYF	1
CASSTNRGGYYNEQFF	1
CASSTLYNEQFF	1
CASSTLARLLAGGVNIQYF	1
CASSTSGQATPLGYTF	1
CASSTSRNYEQYF	1
CASSTRDSYEQYF	1
CASSTRSSGTDTQYF	1
CASSTQLRGLNEQYF	1
CASSTVWANGYNEQFF	1
CASSTGLVAGVPGELFF	1
CASSTGATYNEQFF	1
CASSTGEKLFF	1
CASSTGLAGGSEQYF	1
CASSTGVGFYGYTF	1
CASSTGDGNEQFF	1
CASSTDFPSGTGELFF	1
CASSTIIGTGIAKNIQYF	1
CASSTMPGTSGVGDTQYF	1
CASSTMTDSNYGYTF	1
CASSTINDEQFF	1
CASSTTSSQETQYF	1
CASSTTGLAGGPWVLDTQYF	1
CASSTSGSDYNEQFF	1
CASSSLSSYEQYF	1
CASSSHGSGTDTQYF	1
CASSSTEIDTDTQYF	1
CASSSSGDQETQYF	1
CASSSPTYEQYF	1
CASSSRGQAAYEQYF	1
CASSSGTYNEQFF	1
CASSSGRNYEQYF	1
CASSSTSGSPNEQFF	1
CASSSRPNTGELFF	1
CASSRPATDTQYF	1
CASSRRSGANVLTF	1
CASSRALSYEQYF	1
CASSRADRADTQYF	1
CASSRGWAKNIQYF	1
CASSRGSNSPLHF	1
CASSRGRLNSPLHF	1
CASSRGTRADTQYF	1
CASSRGTAYGYTF	1
CASSRGRNNEQFF	1
CASSRGQGPDTQYF	1
CASSRGGALTQYF	1
CASSRDTHTEAFF	1
CASSRTATALEAFF	1
CASSRTGGDQPQHF	1
CASSRRTLQETQYF	1
CASSRLYRGAYEQYF	1
CASSRLGTGDHNEQFF	1
CASSRLAGLYNEQFF	1
CASSRLAGAQYF	1
CASSRLGGSYEQYF	1
CASSRQYQTTGSQPQHF	1
CASSRGVTQYF	1
CASSRGTGVNQPQHF	1
CASSRIGGADNEQFF	1
CASSRTASNTGELFF	1
CASSRTEGINEQFF	1
CASSNLAGGRETQYF	1
CASSNRETAGGEKLFF	1
CASSNRIHSANSQETQYF	1
CASSNQIDEQYF	1
CASSNVGAQRWGETQYF	1
CASSNVAGGVRDTQYF	1
CASSNGILGVCCRSYNEQFF	1
CASSNGAGGFHEQYF	1
CASSNGLAGQVDIKNIQYF	1
CASSNSGRNNEQFF	1
CASSNYYEQYF	1
CASSNLGGFNNEQFF	1
CASSNPTRGGSYEQYF	1
CASSNPRLAGYNEQFF	1
CASSNRGATDTQYF	1
CASSNQPGGNTIYF	1
CASSNGYEQYF	1
CASSNGRAEDTQYF	1
CASSNGQGNGQPQHF	1
CASSNDRGMNQPQHF	1
CASSNTGTANKETQYF	1
CASSNTGQETQYF	1
CASSNTGAGGNNEQFF	1
CASSKWDSVAKNIQYF	1
CASSKLAGVLNEQFF	1
CASSKGGGQDTQYF	1
CASSKGLPNYNEQFF	1
CASSKGLAGALYNEQFF	1
CASSKGHYNEQFF	1
CASSKGQARTGELFF	1
CASSKTPGLGTNEQFF	1
CASSKTNTEAFF	1
CASSKTELWPQHF	1
CASSKRLARAGDEQFF	1
CASSKNEHFLFPSYEQYF	1
CASSKLTAIGGAETQYF	1
CASSKSRGQGPNYEQYF	1
CASSKWGETNEKLFF	1
CASSKYTGGSYEQYF	1
CASSKLGGEYNTEAFF	1
CASSKLSGSGYNEQFF	1
CASSKLAPSTDTQYF	1
CASSKLAANTGELFF	1
CASSKPGGEDETQYF	1
CASSKPGGVVAPDTQYF	1
CASSKRRTGAREKLFF	1
CASSKRAGHDNEQFF	1
CASSKRGEQFF	1
CASSKRGPSGESSYEQYF	1
CASSKHFRVKGYRTGELFF	1
CASSKQGAGDGYTF	1
CASSKQGSIETQYF	1
CASSKVFRLRDGYTF	1
CASSKVGLRSHEQFF	1
CASSKVGGPQYF	1
CASSKASTDAPGGTDTQYF	1
CASSKARDRPYNEQFF	1
CASSKALGQGIQETQYF	1
CASSKGSGNSYEQYF	1
CASSKGTGGDYEQYF	1
CASSKGLISSYEQYF	1
CASSKGLAGGLTYNEQFF	1
CASSKGRLAEETQYF	1
CASSKDLSRQGSSYEQYF	1
CASSKDPRQGRCYEQYF	1
CASSKDPAGAPPRTDTQYF	1
CASSKDRPWGDSPTPTYEQYF	1
CASSKDSLDGYTF	1
CASSKDRRSSYEQYF	1
CASSKELYYEQYF	1
CASSKTLPGGIHTGELFF	1
CASSKSGGSSYEQYF	1
CASSKRGQETQYF	1
CASSKRGAWGHKLTDTQYF	1
CASSKRGLNSYEQYF	1
CASSKRFRAPGTDTQYF	1
CASSKNRAGVADTQYF	1
CASRFTSNQPQHF	1
CASRFSGKSYNEQFF	1
CASRFLAHNTGELFF	1
CASRLQAASSYEQYF	1
CASRSYIETQYF	1
CASRSRRGRGETQYF	1
CASRSLYRSYEQYF	1
CASRSPYEQYF	1
CASRSPGTPYGYTF	1
CASRSKLGHPNTGELFF	1
CASRSGSGSSTGELFF	1
CASRSGQYNEQFF	1
CASRSGQTFGDEQYF	1
CASRSSGETQYF	1
CASRSNSGIATYEQYF	1
CASRSEITYEQYF	1
CASRSSNEQFF	1
CASRWLPSGPDGEQYF	1
CASRWVGGPSVNTEAFF	1
CASRWGAGALEKLFF	1
CASRWTGRQYF	1
CASRWTGQETQYF	1
CASRWTGSPYNEQFF	1
CASRYLGRAGETQYF	1
CASRYTGTVNTEAFF	1
CASRYRGNQETQYF	1
CASRLLLAGYTGELFF	1
CASRLQPGLATDTQYF	1
CASRLSGRAYEQYF	1
CASRLATRDREADTQYF	1
CASRLGLSQETQYF	1
CASRLQGASEAFF	1
CASRLAGGHEQYF	1
CASRLAGGAYEQYF	1
CASRLAGGTGELFF	1
CASRPLAGKGDTQYF	1
CASRPPLGNEQFF	1
CASRPRLVEETQYF	1
CASRPHTSQETQYF	1
CASRPGQGALDEQFF	1
CASRPSGSGSRTGELFF	1
CASRPLISGGYEQYF	1
CASRPPRDQGTQYF	1
CASRPGTISSYEQYF	1
CASRPGTPLNNEQFF	1
CASRPDRGSAFAYEQYF	1
CASRPTSGSPDTQYF	1
CASRPRDRGRRDTEAFF	1
CASRPSAGELFF	1
CASRPPRGSGNEQFF	1
CASRPGAGVSQGNEQFF	1
CASRPGSTYEQYF	1
CASRPGQGANEQFF	1
CASRPGQYNEQFF	1
CASRPGQSYNEQFF	1
CASRPTGTSAPYEQYF	1
CASRPTGGWTGELFF	1
CASRPRNSYEQYF	1
CASRPPDMLSSYNEQFF	1
CASRPRRDLSTDTQYF	1
CASRPGPNYGYTF	1
CASRPGVSYEQYF	1
CASRPGDGTEAFF	1
CASRRLGTSGRSLTDTQYF	1
CASRRPNTEAFF	1
CASRRRAGDTDTQYF	1
CASRRDSTVNQPQHF	1
CASRRNSGRALETQYF	1
CASRRLAGGLTDTQYF	1
CASRRVDNRSNQPQHF	1
CASRRGSGNTIYF	1
CASRRDRDNEQFF	1
CASRRDNPYNSPLHF	1
CASRRTGQGRNEQYF	1
CASRRTGGTQYF	1
CASRRTGTEKLFF	1
CASRRFENTGELFF	1
CASRRLAGGLLRTDTQYF	1
CASRRGPTHTQYF	1
CASRQQGGTYEQYF	1
CASRQAWQGPYNEQFF	1
CASRQGLDEQYF	1
CASRQGLQETQYF	1
CASRQGAYEQYF	1
CASRQESGTQYF	1
CASRQPDGNNEQFF	1
CASRQAATTGAEYF	1
CASRQSGRAYEQYF	1
CASRVPPYEQYF	1
CASRVSFGSTEAFF	1
CASRVRDRGFFYEQYF	1
CASRVRQGASGANVLTF	1
CASRVSGQSATNEKLFF	1
CASRVVGRNTIYF	1
CASRVTRSTDTQYF	1
CASRVTGTGPRNEQFF	1
CASRVAASSYNEQFF	1
CASRVAGYQGNEQFF	1
CASRVAGSSYEQYF	1
CASRVAGATYEQYF	1
CASRVAGGPGYEQYF	1
CASRVGSGYNEQFF	1
CASRAWTRINEQFF	1
CASRAPGLEETQYF	1
CASRAGGRGREQFF	1
CASRAINSPLRGYTF	1
CASRASGRAAYEQYF	1
CASRASGANVLTF	1
CASRAPGREDTQYF	1
CASRARGGAYEQYF	1
CASRAAGTGHAEQYF	1
CASRAGLYNEQFF	1
CASRAGTSATGELFF	1
CASRAGTGRHEQYF	1
CASRAEGLADVNIQYF	1
CASRATGTGFLLNTEAFF	1
CASRASGGGQPQHF	1
CASRARASFDEQFF	1
CASRAKGTLYQETQYF	1
CASRASGVYEQYF	1
CASRAPGQGLHEQYF	1
CASRARSGLSYGYTF	1
CASRAGTSRADTQYF	1
CASRAGVTDTQYF	1
CASRAGRTNTGELFF	1
CASRADPFDEQYF	1
CASRATNEQFF	1
CASRATGDGSAQYF	1
CASRARGYSGNTIYF	1
CASRGWTGALSSPLHF	1
CASRGRQGRDTQYF	1
CASRGTNEQFF	1
CASRGTGGYEQYF	1
CASRGSGRAGELFF	1
CASRGLNRALNSPLHF	1
CASRGGTNQETQYF	1
CASRGTENEQFF	1
CASRGSQNTEAFF	1
CASRGLLYEQYF	1
CASRGYNSPLHF	1
CASRGLAGAGYEQYF	1
CASRGLAGVGNEQFF	1
CASRGVGDTQYF	1
CASRGAPGTDTQYF	1
CASRGAGGPQHF	1
CASRGGLAGLNEQFF	1
CASRGDYEQYF	1
CASRGDGTYEQYF	1
CASRGDSAEAFF	1
CASRGESTAYF	1
CASRGENIQYF	1
CASRGMGQGSPLHF	1
CASRGITGIIYEQYF	1
CASRGTSGRNYNEQFF	1
CASRGTGLAMNEQFF	1
CASRGTRTNTEAFF	1
CASRGTGFNQPQHF	1
CASRGTGGVQETQYF	1
CASRGTGGTGELFF	1
CASRGRGLREETQYF	1
CASRGRGTGELFF	1
CASRGLAGSYNEQFF	1
CASRGLAGPHTGELFF	1
CASRGLAGRGETQYF	1
CASRGLAGKADTQYF	1
CASRGHPGDEQYF	1
CASRGQVHSNEQFF	1
CASRGQAGEQETQYF	1
CASRGQGKNEQFF	1
CASRGQGKNIQYF	1
CASRGQDPNQPQHF	1
CASRGGGYSGNTIYF	1
CASRGGAGWNQPQHF	1
CASRGGADNEQFF	1
CASRGITGELFF	1
CASRGTGQGGNEQFF	1
CASRDYVGSYNEQFF	1
CASRDGTGLYLEQYF	1
CASRDYRNTGELFF	1
CASRDPGPTYNEQFF	1
CASRDPARGYTF	1
CASRDRSGQPQHF	1
CASRDRPGTDTQYF	1
CASRDGSSYEQYF	1
CASRDSVLINTGELFF	1
CASRDRGITDTQYF	1
CASRDRGGVSPLHF	1
CASRDNNVNTEAFF	1
CASREGGTGELFF	1
CASREDRLFAQYF	1
CASREMTGTTIQYF	1
CASRETGSTGELFF	1
CASRERTSGPYEQYF	1
CASRELVEQPQHF	1
CASREYPGGYEQYF	1
CASRELASSYNEQFF	1
CASREEFGSYNEQFF	1
CASRETSGLYNEQFF	1
CASRETGQGTDTQYF	1
CASRETTGGPHEQYF	1
CASRETGAARNEQFF	1
CASRILNEQFF	1
CASRIRDRGEKLFF	1
CASRIGQNRDRNNSPLHF	1
CASRMGQASPLHF	1
CASRMTSGLIYEQFF	1
CASRMNTGELFF	1
CASRISWGLTGSSYNEQFF	1
CASRIQPGTQYF	1
CASRIVGEITGELFF	1
CASRIDPGGQGYEQYF	1
CASRIETHPYEQYF	1
CASRTGTGGQPQHF	1
CASRTSGSMNNEQFF	1
CASRTSGRAGEQFF	1
CASRTSGRMAGELFF	1
CASRTPGLYEQYF	1
CASRTPNEQFF	1
CASRTGGVDEQFF	1
CASRTGTQWQLAKNIQYF	1
CASRTDSYEQYF	1
CASRTDGNSPLHF	1
CASRTDGHPTYGYTF	1
CASRTERGSYNEQFF	1
CASRTEGSYNSPLHF	1
CASRTTGWETQYF	1
CASRTLAVETQYF	1
CASRTPSGIYNEQFF	1
CASRTGVGSYNEQFF	1
CASRSFGGNQPQHF	1
CASRSTAYQETQYF	1
CASRSNRGTDTQYF	1
CASRSRRASHEQYF	1
CASRSGGITYEQYF	1
CASRSGPTTGELFF	1
CASRSGTSQNEQFF	1
CASRSGTSGSYEQYF	1
CASRRSGGSAYEQYF	1
CASRRVLGDTQYF	1
CASRRGGLATTNEKLFF	1
CASRRDWSSYNEQFF	1
CASRRDAGDEQYF	1
CASRRDRGNTGELFF	1
CASRRPGLGEQYF	1
CASRRRGNNNEAFF	1
CASRRQGPSTDTQYF	1
CASRRENSYEQYF	1
CASRRRGQINTGELFF	1
CASRNLAKNIQYF	1
CASRNYYEQYF	1
CASRNQPQHF	1
CASRNQGSTDTQYF	1
CASRNGEYNEQFF	1
CASRNIQGAKTQYF	1
CASRNPGAEAFF	1
CASRNVGLAAGELFF	1
CASRKGNEQFF	1
CASRKVHSSYEQYF	1
CASRKGTTYEQYF	1
CASRKIALVYNEQFF	1
CASRFTGAGGELFF	1
CASRLGGEGRWEQFF	1
CASRLTDGWVGYEQYF	1
CASRLTGADEQFF	1
CASRLGQGFNYTF	1
CASRLGDSYEQYF	1
CASRLSPGGSNQPQHF	1
CASRSALSSGRAYNEQFF	1
CASRSGGHQLF	1
CASRSDRVNTGELFF	1
CASRSEGLGNIQYF	1
CASRSLVWDTQYF	1
CASRSERDGANTGELFF	1
CASRSIDRDDTDTQYF	1
CASRSTSGNTGELFF	1
CASRSTGGDYGYTF	1
CASRSPSGEAETQYF	1
CASRSRFTHEETQYF	1
CASRSGQSTDTQYF	1
CASRSGGQEQYF	1
CASRSLGGTGYTYEQYF	1
CASRSVLKGGGLLAKNIQYF	1
CASRWTSEIYEQYF	1
CASRYATGVGDTEAFF	1
CASRYRVYSNQPQHF	1
CASRYRGQNHEQYF	1
CASRLLFSGRRSSYNSPLHF	1
CASRLLAYQETQYF	1
CASRLLAGVANEQFF	1
CASRLGLADDYEQYF	1
CASRLEGFYEQYF	1
CASRLTSYNEQFF	1
CASRLAGVRQFF	1
CASRLAGGTTYEQYF	1
CASRLAGINTGELFF	1
CASRLGPGRANVLTF	1
CASRLGTGNQPQHF	1
CASRLGRSYNSPLHF	1
CASRLEGLAGYEQYF	1
CASRLTGGEQYF	1
CASRPFGSGANVLTF	1
CASRPLRSQETQYF	1
CASRPRTDPNTEAFF	1
CASRPHSGGAYYGYTF	1
CASRPGTGVNYGYTF	1
CASRPDRMNTEAFF	1
CASRPSGFVSYEQYF	1
CASRPSGTDTQYF	1
CASRPLGDTEAFF	1
CASRPSGQVNTEAFF	1
CASRPYREGPRLDTQYF	1
CASRPPGRESNEQFF	1
CASRPPLSGRATDTQYF	1
CASRPPGQGENEQFF	1
CASRPRLGGTGELFF	1
CASRPGGGAYGYTF	1
CASRPGTPSYEQYF	1
CASRPGTAFHNEQFF	1
CASRPGTGGSGTQYF	1
CASRPGTSNANTEAFF	1
CASRPGNRYEQYF	1
CASRPGLAGYNEQFF	1
CASRPSFGGLAGSDTQYF	1
CASRPSGNRYNEQFF	1
CASRPRTGNTEAFF	1
CASRPGLAGDQTKETQYF	1
CASRPDSADTQYF	1
CASRPDRDDYGYTF	1
CASRPTSGYNEQFF	1
CASRPTGGGGETQYF	1
CASRPLAGVPNEQFF	1
CASRPGGAGDTQYF	1
CASRPDRGWEVDTGELFF	1
CASRRDRDSYNEQFF	1
CASRRTGGVTDTQYF	1
CASRRELLLAGDLFF	1
CASRRTGMNTEAFF	1
CASRRQGIVAYNEQFF	1
CASRRVSGREGNEQFF	1
CASRRGLADNEQFF	1
CASRRQNTGELFF	1
CASRHGGGSYEQYF	1
CASRHPPGAGTGELFF	1
CASRHRGQANTEAFF	1
CASRHERDGPYEQYF	1
CASRQLAGEPYEQYF	1
CASRQGFGWVYGYTF	1
CASRQGSYEQYF	1
CASRQGAASITDTQYF	1
CASRQGSYEKLFF	1
CASRQGRINTEAFF	1
CASRQGQSYEQYF	1
CASRQEGAYNEQFF	1
CASRQLALAYNEQFF	1
CASRQQGANTGELFF	1
CASRQRSEAYEQYF	1
CASRVLNEKLFF	1
CASRVVAGEQFF	1
CASRVAGTSRNEQFF	1
CASRVKRATYNEQFF	1
CASRAWTAAESTQYF	1
CASRAGANVLTF	1
CASRASGSQTQYF	1
CASRAGSWTITEAFF	1
CASRAGTSGTDTQYF	1
CASRAGTYNEQFF	1
CASRAGRWANGELFF	1
CASRADRTPNTEAFF	1
CASRATWGTDTQYF	1
CASRATASTLYEQYF	1
CASRAGTEAFF	1
CASRAGHEQYF	1
CASRAGGETQYF	1
CASRAGESGSYEQYF	1
CASRGWTPDNQPQHF	1
CASRGNPANTGELFF	1
CASRGLAGVPGEQYF	1
CASRGAGQSNQPQHF	1
CASRGGGTDTQYF	1
CASRGGLVVRETQYF	1
CASRGGIYNSPLHF	1
CASRGLAGALETQYF	1
CASRGAGELFF	1
CASRGAGSSYEQYF	1
CASRGGWNYNEQFF	1
CASRGTSGIYEQFF	1
CASRGTGVVGEAFF	1
CASRGTGGSYEQYF	1
CASRGNNEKLFF	1
CASRGLAGQETQYF	1
CASRGLAGASYEQYF	1
CASRGLAGGEQFF	1
CASRGVAYEQYF	1
CASRGGGLWEQYF	1
CASRGGDNSYEQYF	1
CASRDSGGWNQPQHF	1
CASRDRQGGSNQPQHF	1
CASRDQGGEQFF	1
CASREAPGTAYEQYF	1
CASREGLAGGEQFF	1
CASREDTYNYGYTF	1
CASRELDLQETQYF	1
CASREQGGEQFF	1
CASREQGGWTGELFF	1
CASRETSPYTGELFF	1
CASRETLGQWKQYF	1
CASRERDGMNTEAFF	1
CASRIWAGGLREQFF	1
CASRILAGDGYEQYF	1
CASRIAGQGINEQYF	1
CASRMGLSTDTQYF	1
CASRIQGGAEKLFF	1
CASRITGRSGNTIYF	1
CASRTASYEQYF	1
CASRTGTSGLYEQYF	1
CASRTTGIKQETQYF	1
CASRTSGRPNEQFF	1
CASRTRPGDRVSDTEAFF	1
CASRTSRDTFPVFTQYF	1
CASRTWTSNYNEQFF	1
CASRTPGRGSYEQYF	1
CASRTAGGGNTQYF	1
CASRTGTGLQETQYF	1
CASRTGTGEDSPLHF	1
CASRTIAVGNTEAFF	1
CASRTRLAGSGELFF	1
CASRTGVGSNEKLFF	1
CASRTGQAYEQYF	1
CASRTTSGRFGKNIQYF	1
CASRTPSGGQNIQYF	1
CASRTQGIDSPLHF	1
CASRTVGDEQFF	1
CASRTGYNEKLFF	1
CASRTGLSYNEQFF	1
CASRTGVATEAFF	1
CASRTGTSGGLGTQYF	1
CASRTTGTGAAYGYTF	1
CASRTTTVSSYEQYF	1
CASRTNQPQHF	1
CASRSGGPSNEQFF	1
CASRSTGTSGYEQYF	1
CASRSTGQGYGYTF	1
CASRSDRANSPLHF	1
CASRRGGSYNEQFF	1
CASRRGGHGLGETQYF	1
CASRREIADTQYF	1
CASRRIHPEQYF	1
CASRRTGLRSSYNSPLHF	1
CASRRSRQGIFSEAFF	1
CASRRQGPTYEQYF	1
CASRRQGAITEAFF	1
CASRRGLTGIYEQYF	1
CASRRGGVVDTQYF	1
CASRRGTGNSYEQYF	1
CASRNTGSGYEQYF	1
CASRNSGSGVSSEQFF	1
CASRNLGQMNTEAFF	1
CASRNRTRTDTQYF	1
CASRNRGYEQYF	1
CASRKGLALRGSYEQYF	1
CASRKGLAAEQFF	1
CASRKGLAGWGGADTQYF	1
CASRKTSGSGGDEQFF	1
CASRKTGEETQYF	1
CASRKQAGGLNEQFF	1
CASRKRTVADPYEQYF	1
CASRKRNEQFF	1
CASNLTHPQYF	1
CASNSPTGASSYEQYF	1
CASNSGQAYTDTQYF	1
CASNYGGSEQFF	1
CASNPLGGRFPANTGELFF	1
CASNPGTEGGNEQFF	1
CASNRQPQHF	1
CASNRLTLNSYEQYF	1
CASNRGQYTEAFF	1
CASNRLAGGVDTQYF	1
CASNHGDSQKNIQYF	1
CASNQGGGTEAFF	1
CASNQDGEQFF	1
CASNVARGNTEAFF	1
CASNDRGVAKTQYF	1
CASNEDRVADTQYF	1
CASNTDGNTGELFF	1
CASNSGRVEQFF	1
CASNFARRYNEQFF	1
CASNFGGSYEQYF	1
CASNLRETYNEQFF	1
CASNSAAGGGPKGIDEQFF	1
CASNSVKREPAGANVLTF	1
CASNSAYNEQFF	1
CASNSGPSYNEQFF	1
CASNSALAGPGELFF	1
CASNSGPTREQYF	1
CASNSEGRGGYTF	1
CASNYRVSSGNTIYF	1
CASNYRTTYEQYF	1
CASNLLAGEYNEQFF	1
CASNLQGDTDTQYF	1
CASNLPGRPQETQYF	1
CASNLARRLAGGTQYF	1
CASNLPLQGGEQYF	1
CASNLRRGRAGRNEQFF	1
CASNPGQGGGTDTQYF	1
CASNPGWAGTEAFF	1
CASNPGPTYNEQFF	1
CASNPTSGSTDTQYF	1
CASNPHGTQTDTQYF	1
CASNPQGLGGGELFF	1
CASNPAGLTAEQYF	1
CASNPGDNTGELFF	1
CASNPTGGAEAFF	1
CASNPDGRLADTQYF	1
CASNPDRAHNEQFF	1
CASNPTGISNEQYF	1
CASNPREQYF	1
CASNPRGALAGMREQFF	1
CASNPGQGAPYEQYF	1
CASNRVRVFEQYF	1
CASNRTGKL	1
CASNRVSSWDREETQYF	1
CASNHNRGTEAFF	1
CASNQGRLETQYF	1
CASNQRGQAYEQYF	1
CASNVRLSYNEQFF	1
CASNVGGIIDTQYF	1
CASNVAAGNTIYF	1
CASNALAGGYEQYF	1
CASNAGGREKLFF	1
CASNGGREVETQYF	1
CASNGLAGGSTGELFF	1
CASNDRGPYNEQFF	1
CASNELAGLDTQYF	1
CASNIQGANTEAFF	1
CASNILGSYNEQFF	1
CASNIAVQDPQYF	1
CASNTPGTSIDTQYF	1
CASNTGTSPTDTQYF	1
CASNTGSDYEQYF	1
CASNTWDRGTYEQYF	1
CASNRVNAVTEAFF	1
CASNRGRSDTQYF	1
CASNRDVDGYTF	1
CASNRKGRGPNTGELFF	1
CASNRLAGQETQYF	1
CASNNPGTGLYEQYF	1
CASNNRIGELFF	1
CASNKVSYEQYF	1
CASNKGSGGGYEQYF	1
CASNKRRDYPQHF	1
CASKFINEQFF	1
CASKSGSLLGEQFF	1
CASKSGLDYYEQYF	1
CASKPSALRHNEQFF	1
CASKPGGAGGVNEQFF	1
CASKPGLHFSYNEQFF	1
CASKPQGNYNTGELFF	1
CASKPTTPDRGHSYYEQYF	1
CASKRGSEPEQYF	1
CASKAPPWTVRDTQYF	1
CASKGMNYGYTF	1
CASKGTSSYEQYF	1
CASKGTSVDIQYF	1
CASKGLAGENEQFF	1
CASKGQLNQPQHF	1
CASKGALPRF	1
CASKEDGEGSPLHF	1
CASKEGRTYEQYF	1
CASKTSPNEQFF	1
CASKTGGTGELFF	1
CASKRSSGALNTGELFF	1
CASKRGLAGGRVLSYEQYF	1
CASKNGYEQYF	1
CASKNRGTKNIQYF	1
CASKKLAGDGYEQFF	1
CASKSAGTAKETQYF	1
CASKSDRGVDTQYF	1
CASKSSGRGRDTQYF	1
CASKLAGGSSYNEQFF	1
CASKPAGTVNEKLFF	1
CASKPSGRGNEQFF	1
CASKPGPADTGELFF	1
CASKPGLAPADPEYF	1
CASKPGQGANEQYF	1
CASKRAGWSNEQFF	1
CASKRLSYNEQFF	1
CASKRNSAPTDTQYF	1
CASKQPGLGAEQYF	1
CASKAGQSPNEQFF	1
CASKAGLTVHEQFF	1
CASKGGVETQYF	1
CASKGYNQPQHF	1
CASKGLAGDTSYNEQFF	1
CASKDRQILSEFF	1
CASKDHLAGGYYEQYF	1
CASKEDQVTQYF	1
CASKIPGRLGTDTQYF	1
CASKMGYRGSYEQYF	1
CASKIQGAYEQYF	1
CASKSRGKGFGQYF	1
CASKRQGEVNQPQHF	1
CASKNLETQYF	1
CARLAGGPAYEQYF	1
CARPGTSGRNEQFF	1
CARRGFTKDGYTF	1
CARGRTEGLGSYNEQFF	1
CARGLAGGSSYEQYF	1
CARGAGGLYEQYF	1
CARGRLAELPNTGELFF	1
CAREGNSDIQYF	1
CARRDRGRNQPQHF	1
CARNF	1
CARPGPLLSGNTIYF	1
CARQGDTDTQYF	1
CARQETQYF	1
CARGGPGSRNTIYF	1
CARENRDRALYSNQPQHF	1
CARKQGATGELFF	1
CANLAGANYEQYF	1
CANPGQGGGTDTQYF	1
CANRDRDSDTQYF	1
CANQGFHEKLFF	1
CANTRTSGTDTQYF	1
CANRQGSETQYF	1
CAKLAGGTFNNEQFF	1
CAKPETSGRSYNEQFF	1
CASTLAGSYEQYF	1
CASILTTDTQYF	1
CAVRRGVLSYGYTF	1
CAVAGSTDTQYF	1
CAGGRALNEQFF	1
CATRGLAKNMNGEQYF	1
CASPARGNQPQHF	1
CASRLSRSSGNTIYF	1
CASRLHGPLTASNEKLFF	1
CASRLESTGGSGNTIYF	1
CGAGPPDNEQFF	1
CGRHRTVGALAKNIQYF	1
CGSGRNNEQFF	1
CEQGANTEAFF	1
CTLAGEGNEQYF	1
CSIYQETQYF	1
CLGQTYTDTQYF	1
CVSSGRYNEQFF	1
CVSSLGGGGHEQYF	1
CASQPGQGAKEQYF	1
CACAIPGAGELFF	1
CAWGGYEQYF	1
CARRPGDQPQHF	1
CAGPNVPPHNEQFF	1
CATRRDVNNEQFF	1
CATRTGSSYTIRHEQFF	1
CATEVTGNTGELFF	1
CATKAGGSSNEQFF	1
CATPVKGAYEQYF	1
CATPVGLLAGAYTQYF	1
CATTPLRASDTQYF	1
CATSPVLNTGELFF	1
CATRSAGFQDYRRGTGELFF	1
CATRVWDTDNEQFF	1
CATQDRGRSNEKLFF	1
CATGLAVQETQYF	1
CASFATVGREKFPSLSYNEQFF	1
CASSPAPGASTDTQYF	1
CASSGTDYGYTF	1
CASRPDTYSYNEQFF	1
CASRDSSYNEQFF	1
CASRTNTGELFF	1
CASRGYNTGELFF	1
CASRRDSPGEQFF	1
CASFDLRLAGGPSNEQFF	1
CASSSGYRSTDTQYF	1
CASSPDTRSPRNTEAFF	1
CASSQGVGYEQYF	1
CASSGQGANEQYF	1
CASSEASPRTDTQYF	1
CASSIAGGPNNEQFF	1
CASCWTSGYNEQFF	1
CASCRAAGQTYEQYF	1
CASWSYEQYF	1
CASYTDTQYF	1
CASLPGRANYNEQFF	1
CASLQLDREYEQYF	1
CASLAGDNEQFF	1
CASRVGSLSYETQYF	1
CASRLGGPYGYTF	1
CASRQGQDTGELFF	1
CASRVTSGNDGELFF	1
CASRRAAVRGLGGKLFF	1
CASRTSGEDTQYF	1
CASRQGAGAFF	1
CASRTLTGEHEQYF	1
CASQTSGAYNEQFF	1
CASVEGATDTQYF	1
CASVTTALENIQYF	1
CASVPSPGGAYEQYF	1
CASAYTNTGELFF	1
CASALPEAETQYF	1
CASALAGVGEQFF	1
CASAGASDNEQYF	1
CASAGDRLGGTQYF	1
CASAGTSGGTYEQYF	1
CASAEGAGARVLGRATIEQYF	1
CASAYEQYF	1
CASAGLAGLSTDTQYF	1
CASAEGVGTQYF	1
CASASGNLAGGGGQETQYF	1
CASARDTRAYGYTF	1
CASAERRGPYEQYF	1
CASGPSGGELFF	1
CASGPVNSYEQYF	1
CASGIPGQGLNEQFF	1
CASGLAQETQYF	1
CASGPSHSYEQYF	1
CASGGLAGQETQYF	1
CASGKGPSSGNTIYF	1
CASGSGRIPFTDTQYF	1
CASGPTSGSTGELFF	1
CASGRSGELFF	1
CASGGGRSYEQYF	1
CASGGAGQGTYNEQFF	1
CASGDGGPDTQYF	1
CASGRATGELFF	1
CASGLGSTDTQYF	1
CASGPQASTDTQYF	1
CASGQGDEKLFF	1
CASGVQGFPAEAFF	1
CASGGTVNTGELFF	1
CASGREDTQYF	1
CASGNVGLEDEQFF	1
CASDRDGADTQYF	1
CASDDTSNTGELFF	1
CASERDPSTDTQYF	1
CASEIGAGAYNEQFF	1
CASIPATGTYNEQFF	1
CASIVLNGGSSEQYF	1
CASIVGPTSSYNEQFF	1
CASITGGPTLLNYEQYF	1
CASMAGHYNSPLHF	1
CASMDPSGSLNEQFF	1
CASTLAGGGGILGEQFF	1
CASTRSYGSGRPYEQYF	1
CASTDAGLKQFF	1
CASTLETGSTFGEQYF	1
CASTLTESYNEQFF	1
CASTLLGSRDTGELFF	1
CASTLAGGPSGELFF	1
CASTPQGPNTDTQYF	1
CASTPGRGEHEQFF	1
CASTPGGVQPQHF	1
CASTPTSGTWNEQFF	1
CASTRSGFSDNEQFF	1
CASTHEDSNTGELFF	1
CASTQASGASYNEQFF	1
CASTQIAGFTNEQFF	1
CASTQKLAGAHTQYF	1
CASTVNFRDRGPGTEAFF	1
CASTADSSYNEQFF	1
CASTGSGATYNEQFF	1
CASTGDRAYEQYF	1
CASTEGLASSTDTQYF	1
CASTMTGTYEQYF	1
CASTKGQGDEQYF	1
CASTLGLAGGQETQYF	1
CASTVATQETQYF	1
CASTEGFLGNIQYF	1
CASTRDALSRLDEQFF	1
CASTLAGGRNTGELFF	1
CASTPTPTSGIYEQYF	1
CASTAGRRNSNTEAFF	1
CASTDSGGFYNEQFF	1
CASSFPGLAGGIPYEQYF	1
CASSFQRVEETQYF	1
CASSFTSGVPYEQYF	1
CASSLGPPVYEQYF	1
CASSLDGRLNEKLFF	1
CASSLRGNEQFF	1
CASSLVAGVDIQYF	1
CASSSRPNTGELFF	1
CASSSSGGRGETQYF	1
CASSSSGEETQYF	1
CASSSSGTGRNQPQHF	1
CASSSWGEVYEQYF	1
CASSSPGGQETQYF	1
CASSSVAGAWDTQYF	1
CASSSSLGETQYF	1
CASSSGPLDIQYF	1
CASSSGVYNEQFF	1
CASSSGQPNNEQYF	1
CASSSTGATTDTQYF	1
CASSSQDAYEQYF	1
CASSWLAVTGELFF	1
CASSWDSYNEQFF	1
CASSWDTIYEQYF	1
CASSYNTGELFF	1
CASSYRTSGYDSYEQYF	1
CASSYGGGADNEQFF	1
CASSYDARDRGYEQYF	1
CASSYTGRSYEQYF	1
CASSLHPQGKYQETQYF	1
CASSLQVSYNEQFF	1
CASSLGGGVNEQYF	1
CASSLTGSEQYF	1
CASSPLAGEAYNEQFF	1
CASSPRVAGESTDTQYF	1
CASSPRDLGNNEQFF	1
CASSPRTGGGADTQYF	1
CASSPRTGRYEQYF	1
CASSPQGTYNEQFF	1
CASSPNPGTGFYEQYF	1
CASSPNVYEQYF	1
CASSPLLAEQSYEQYF	1
CASSPQLGRTNIQYF	1
CASSPVPGGGMNTEAFF	1
CASSPGLAGVRSYNEQFF	1
CASSPGGATYEQYF	1
CASSPGRGTDTQYF	1
CASSRQNQETQYF	1
CASSRVGTPYEQYF	1
CASSRGETNTGELFF	1
CASSRDSTDTQYF	1
CASSRDLNYGYTF	1
CASSRDGTYEQYF	1
CASSRDSANTGELFF	1
CASSHYNQLFF	1
CASSHPKHRTRSYEQYF	1
CASSHGQGGDTQYF	1
CASSHSSYEQYF	1
CASSQIQGAVSYEQYF	1
CASSQTSGARTNEQFF	1
CASSQTDSEGYNEQFF	1
CASSQSIPGQKSDGYTF	1
CASSQRGIPTDTQYF	1
CASSQIGGWREQYF	1
CASSQRSAGGRNEQYF	1
CASSVGLGTLRGEQFF	1
CASSVGLGPQHF	1
CASSVKGTNTGELFF	1
CASSVLGQGAYEQYF	1
CASSVVGGQETQYF	1
CASSVGTGYGYTF	1
CASSVGLAETYNEQFF	1
CASSVDRGFYQPQHF	1
CASSVGGGAYNEQFF	1
CASSVSSGRTPTGELFF	1
CASSVAGVHNEQFF	1
CASSVGETQYF	1
CASSAGGSVEQFF	1
CASSAGTSPRNEQYF	1
CASSAWREQRNEQFF	1
CASSAVRTSGTYEQYF	1
CASSADYPTIYEQYF	1
CASSGQSYNEQFF	1
CASSGQGADTQYF	1
CASSDFGLAEHNEQFF	1
CASSDPPATGELFF	1
CASSDPRGNSNQPQHF	1
CASSDPGGELFF	1
CASSDDDYEQYF	1
CASSDDSSYNEQFF	1
CASSEFGQAYEQYF	1
CASSELGPSYEQYF	1
CASSESLAAGGNEQFF	1
CASSESSYEQYF	1
CASSESLQLYEQYF	1
CASSESLAANTGELFF	1
CASSESQGLGEQYF	1
CASSESGANEQFF	1
CASSESTRPSIETQYF	1
CASSEWGTSSSYNEQFF	1
CASSELGGSYEQYF	1
CASSEPPGQAQTYEQYF	1
CASSEHPAGHVTDTQYF	1
CASSEQAGGGTDTQYF	1
CASSEGFIYNEQFF	1
CASSEGTGELFF	1
CASSETGDYNEQFF	1
CASSEFNRDGYSYEQYF	1
CASSESQGLHEQYF	1
CASSELAVSYNEQFF	1
CASSEASGLNIQYF	1
CASSEGRELFF	1
CASSEGVNQPQHF	1
CASSETPGVQPQHF	1
CASSIQPGQGNQPQHF	1
CASSIMGLTDTQYF	1
CASSTGLKNEQYF	1
CASSTTGPSTYEQYF	1
CASSSSSYNEQFF	1
CASSSIFETQYF	1
CASSSRLSDTQYF	1
CASSKASDEQFF	1
CASSKGLAGGQETQYF	1
CASSFLTGGPSYEQYF	1
CASSFSDEQYF	1
CASSFSSGGEQFF	1
CASSFSGTSGYNEQFF	1
CASSFSTLRSYNEQFF	1
CASSFWTGSGNTIYF	1
CASSFYPPGKSNEQFF	1
CASSFYQDLRVAGELFF	1
CASSFYDGNTEAFF	1
CASSFLLAGSSYEQYF	1
CASSFLAQETQYF	1
CASSFLAGGLEQYF	1
CASSFPSGNEQFF	1
CASSFPGAREQYF	1
CASSFPGGPPRELFF	1
CASSFPWETPDTQYF	1
CASSFRGGTEAFF	1
CASSFRGGSYNEQFF	1
CASSFRGVHEQFF	1
CASSFQMGEKLFF	1
CASSFQAASSYNEQFF	1
CASSFVAGGSYEQYF	1
CASSFAWTGRPGELFF	1
CASSFAEEQYF	1
CASSFGTSGTDTQYF	1
CASSFGPGSETQYF	1
CASSFGGLSYNEQFF	1
CASSFGRVAGVTGELFF	1
CASSFGVALAKNIQYF	1
CASSFGGGSYEQYF	1
CASSFGGGGNTEAFF	1
CASSFGGETQYF	1
CASSFGGVYQETQYF	1
CASSFGGASYNEQFF	1
CASSFGGSSYNEQFF	1
CASSFGTINEQFF	1
CASSFGTGAGDTQYF	1
CASSFGSSGELFF	1
CASSFGLAGRRGELFF	1
CASSFGLAGVTGELFF	1
CASSFGLAGGHPYYEQYF	1
CASSFGLAGEPSTDTQYF	1
CASSFGRDYEQYF	1
CASSFGTVTDTQYF	1
CASSFDGSGEQYF	1
CASSFDRGGEKLFF	1
CASSFEWGPDTQYF	1
CASSFEGTTEQYF	1
CASSFEDSYEQYF	1
CASSFELAGVTDTQYF	1
CASSFEGTEAFF	1
CASSFEGRTVGTDTQYF	1
CASSFITSSGEQFF	1
CASSFMGDSDTGELFF	1
CASSFTGTGGALGTGLEQYF	1
CASSFTSGRADTQYF	1
CASSFTSGKVYEQYF	1
CASSFTTGNYEQYF	1
CASSFTPGLAQDNEQFF	1
CASSFTGNSPLHF	1
CASSFSGVEKNTQYF	1
CASSFSGISYNEQFF	1
CASSFSGSSYNEQFF	1
CASSFSGSRGGELFF	1
CASSFSGRGEEQYF	1
CASSFRQGVYNEQFF	1
CASSFRGRAGELFF	1
CASSFKGLAGNSYEQYF	1
CASSFFGTPYNEQFF	1
CASSFFPTGHTNTGELFF	1
CASSFFQGSETQYF	1
CASSFSYEQYF	1
CASSFSVAPTDTQYF	1
CASSFWTSGSSYNEQFF	1
CASSFWTNTEAFF	1
CASSFYGTSGLAGADTQYF	1
CASSFYSGSPSTDTQYF	1
CASSFLFGTNYEQYF	1
CASSFLPTGYNSPLHF	1
CASSFLSEHEQYF	1
CASSFPGATADTQYF	1
CASSFPSGSSADTQYF	1
CASSFPGAGEQFF	1
CASSFPGSYTEAFF	1
CASSFPGQGLYNEQFF	1
CASSFPEEGGELFF	1
CASSFRYLDNEQFF	1
CASSFRPGQYTYEQYF	1
CASSFRQYNEQFF	1
CASSFRNEQFF	1
CASSFRLAGTSGNEQFF	1
CASSFRPDRSSGNTIYF	1
CASSFQGNTEAFF	1
CASSFQGHQETQYF	1
CASSFQGSRDTQYF	1
CASSFQQGAGEKLFF	1
CASSFAGPGTSGRIGGELFF	1
CASSFAERYEQYF	1
CASSFAQSGNTEAFF	1
CASSFGGRGNNEQFF	1
CASSFGRGRGETQYF	1
CASSFGRNNEQFF	1
CASSFGGIGNEQFF	1
CASSFGGPGGDTQYF	1
CASSFGTSETYEQYF	1
CASSFGTEYEQYF	1
CASSFGTTPGELFF	1
CASSFGLAGSTYNEQFF	1
CASSFGLAGGPNEQYF	1
CASSFGPSAYNEQFF	1
CASSFGTSGRDTQYF	1
CASSFDRGTEAFF	1
CASSFDRSTDTQYF	1
CASSFEGVYTEAFF	1
CASSFEQGNNSPLHF	1
CASSFIAGSNTEAFF	1
CASSFIAGGPSNEQFF	1
CASSFTGRGNEQFF	1
CASSFTSGSWDEQYF	1
CASSFTGESGYTF	1
CASSFTGQSTYEQYF	1
CASSFTGGDETQYF	1
CASSFSGQPQHF	1
CASSFSGTSVQETQYF	1
CASSFSGLYEQYF	1
CASSFSGSSYNEQFF	1
CASSFRSGSSYNEQFF	1
CASSFREITDTQYF	1
CASSFNGPLDEQFF	1
CASSFKDTGELFF	1
CASSLFPANEAFF	1
CASSLFGTSGIQETQYF	1
CASSLFPDSPEKLFF	1
CASSLFVGGTGELFF	1
CASSLFESGETQYF	1
CASSLLFGVRVEQFF	1
CASSLLSPPYNEQFF	1
CASSLLPTDLPWEVNQPQHF	1
CASSLLVAGGLGEQFF	1
CASSLLARNTGELFF	1
CASSLLAAQGASYEQYF	1
CASSLLGGQGFGEAFF	1
CASSLLGRSTDTQYF	1
CASSLLGAAGELFF	1
CASSLLGNYGYTF	1
CASSLLGHQNTEAFF	1
CASSLLFTGVGDEQFF	1
CASSLLSQGGAGELFF	1
CASSLLVAGTDTQYF	1
CASSLSPSGKGETQYF	1
CASSLSTTGELFF	1
CASSLSSGRSYEQYF	1
CASSLSGRPSYNEQFF	1
CASSLSWNTEAFF	1
CASSLSQGYEQYF	1
CASSLSVGIVEAFF	1
CASSLSASGTAYNEQFF	1
CASSLSRGRDTEAFF	1
CASSLSQLNEQFF	1
CASSLSGATYEQYF	1
CASSLWLAGENNEQFF	1
CASSLWREGYNEQFF	1
CASSLWASKNIQYF	1
CASSLWGTSANTGELFF	1
CASSLWGGAVNYNEQFF	1
CASSLWGNQPQHF	1
CASSLWGKEETQYF	1
CASSLWTSGSGHETQYF	1
CASSLWTSEKLFF	1
CASSLWNEQFF	1
CASSLYSSGVGENIQYF	1
CASSLYSSQNTGELFF	1
CASSLYSGTSVAYNEQFF	1
CASSLYPSGSYEQYF	1
CASSLYRQGARNEQFF	1
CASSLYQGRQPQHF	1
CASSLYAQTPYEQYF	1
CASSLYSSGSTDTQYF	1
CASSLYLGLAGGPGNEQFF	1
CASSLYQDYNEQFF	1
CASSLYRAEPPDTQYF	1
CASSLYNSGMYNEQFF	1
CASSLLPGVAYNEQFF	1
CASSLLTTGGPGDTQYF	1
CASSLLTTTLNTGELFF	1
CASSLLSANTGELFF	1
CASSLLYNEQFF	1
CASSLLRDQLTDTQYF	1
CASSLLVTDTQYF	1
CASSLLVGTTDTQYF	1
CASSLLGASYQETQYF	1
CASSLLGTGDREQYF	1
CASSLLAGLPYEQYF	1
CASSLLAGAPNEQFF	1
CASSLLAGGGNEQFF	1
CASSLPSGSTYNEQFF	1
CASSLPSSYNEQFF	1
CASSLPSGETTEAFF	1
CASSLPALAGGNEQFF	1
CASSLPGSTDTQYF	1
CASSLPEETQYF	1
CASSLPQYSSGANVLTF	1
CASSLPAGTPTDTQYF	1
CASSLPGSGVGNEQFF	1
CASSLPDRNTGELFF	1
CASSLPGLANTGELFF	1
CASSLPSAGLYNEQFF	1
CASSLRLAGGPDEQYF	1
CASSLRRDSSYEQYF	1
CASSLRGASTDTQYF	1
CASSLRSDTQYF	1
CASSLRRTDTQYF	1
CASSLRAGTAYNEQFF	1
CASSLRGQPNTEAFF	1
CASSLRIQGPYEQYF	1
CASSLRTSGSDEQFF	1
CASSLRTGNTEAFF	1
CASSLRLEGNEQFF	1
CASSLRGPSSTDTQYF	1
CASSLQLADTDTQYF	1
CASSLQYETYEQYF	1
CASSLQRAGGAAKNIQYF	1
CASSLQGAVDEQYF	1
CASSLQRGTGELFF	1
CASSLQLLRGGETQYF	1
CASSLQQGAGEQYF	1
CASSLVLAGHNEQFF	1
CASSLVSPGYEQYF	1
CASSLVSPYNEQFF	1
CASSLVSGGSTEAFF	1
CASSLVLQNPAPGEGELFF	1
CASSLVLSGSTDTQYF	1
CASSLVLLAGVITKNTGELFF	1
CASSLVLGPYNEQFF	1
CASSLVPSGGEQYF	1
CASSLVPSGVDNEQFF	1
CASSLVQGLGTDTQYF	1
CASSLVVNTGELFF	1
CASSLVAGSDTQYF	1
CASSLVGLRGADTQYF	1
CASSLVGYEQYF	1
CASSLVGQPYEQYF	1
CASSLVGRGTDTQYF	1
CASSLVGSISPSYEQYF	1
CASSLVGDRGGSEQYF	1
CASSLVGTGKSYEQYF	1
CASSLVGTGDEQYF	1
CASSLVGGSHNEQFF	1
CASSLVDFAGNLSYNEQFF	1
CASSLVDRATGELFF	1
CASSLVETSGSINEQFF	1
CASSLVSGRAGEQFF	1
CASSLVSGRDEQFF	1
CASSLVRGTYEQYF	1
CASSLVNSGPYNEQFF	1
CASSLVSRGRDEQFF	1
CASSLVSYAINEQFF	1
CASSLVSGSYEQYF	1
CASSLVWGNTGELFF	1
CASSLVLARYTDTQYF	1
CASSLVPGDTQYF	1
CASSLVQTGEDTQYF	1
CASSLVQNTEAFF	1
CASSLVVEGEQFF	1
CASSLVARGYEQYF	1
CASSLVGNEQFF	1
CASSLVGGSSYEQYF	1
CASSLVGETYNEQFF	1
CASSLVGSRGEQFF	1
CASSLVGLNYEQYF	1
CASSLVDRGLYNEQFF	1
CASSLVRNTGELFF	1
CASSLVKREDTQYF	1
CASSLVSPPYNEQFF	1
CASSLVSDKYEQYF	1
CASSLVRGTYNEQFF	1
CASSLVQGSTGELFF	1
CASSLVVRTNTGELFF	1
CASSLVVLTDTQYF	1
CASSLVVGPYEQYF	1
CASSLVVSPYEQYF	1
CASSLVVAGSYNEQFF	1
CASSLVATFDEQYF	1
CASSLVAGGGQPQHF	1
CASSLVAGGRMNTEAFF	1
CASSLVAGIGYNEQFF	1
CASSLVGLYTQYF	1
CASSLVGGDDEQFF	1
CASSLVGPVNEQFF	1
CASSLVGQGGSEAFF	1
CASSLVDPGSEQYF	1
CASSLVESSTDTQYF	1
CASSLVETQYF	1
CASSLVTSGRGNEQFF	1
CASSLVSGGYNEQFF	1
CASSLVYNEQFF	1
CASSLVLREFGYEQYF	1
CASSLVLAGGPSAKNIQYF	1
CASSLVLAERRWNTGELFF	1
CASSLVPTSTLETQYF	1
CASSLVPIKSSTDTQYF	1
CASSLVAGVSEQYF	1
CASSLVAGARVEQFF	1
CASSLVAGGTDTQYF	1
CASSLVADPEETQYF	1
CASSLVAEEQFF	1
CASSLVAGSVEQYF	1
CASSLVAGINTGELFF	1
CASSLVGSNTGELFF	1
CASSLVGSYEQYF	1
CASSLVGGSEQFF	1
CASSLVGGSSYNEQFF	1
CASSLVGGDSEAKNIQYF	1
CASSLVGTSAYNEQFF	1
CASSLVRGPYSTEAFF	1
CASSLAPSNQPQHF	1
CASSLAPTTEQFF	1
CASSLARDAKQETQYF	1
CASSLARISYNEQFF	1
CASSLARTGLGNIQYF	1
CASSLAGSSGRVSDNEQFF	1
CASSLAGGRADTQYF	1
CASSLAGDDYGYTF	1
CASSLAGETQYF	1
CASSLATGTDTQYF	1
CASSLASGNYEQYF	1
CASSLALMGFDEQFF	1
CASSLASGGEPQHF	1
CASSLASTASGNTIYF	1
CASSLASGSHNEQFF	1
CASSLAWLRSYEQYF	1
CASSLALRGETQYF	1
CASSLAPSGIYNEQFF	1
CASSLAPLYEQYF	1
CASSLAPTDTQYF	1
CASSLAPNQPQHF	1
CASSLAPGEQFF	1
CASSLAPGRIYEQYF	1
CASSLAPLASDEQFF	1
CASSLAPQGHEQYF	1
CASSLAPASQETQYF	1
CASSLARRGNEQFF	1
CASSLARRNSYNEQFF	1
CASSLAQRTDTQYF	1
CASSLAQDRRTDTQYF	1
CASSLAVLAGADTQYF	1
CASSLAVRASGRARDNEQFF	1
CASSLAVGAGELFF	1
CASSLAVDRVYEQYF	1
CASSLAVTARTGELFF	1
CASSLAASSHSSTDTQYF	1
CASSLAAGILSYNEQFF	1
CASSLAAYGGTSYEQYF	1
CASSLAAQNFYEQYF	1
CASSLAGYQETQYF	1
CASSLAGLFNTGELFF	1
CASSLAGDEQYF	1
CASSLAGIDREDFYSYEQYF	1
CASSLAGATGSYEQYF	1
CASSLAGGGEANVLTF	1
CASSLAGLAGYEQYF	1
CASSLAGVYEQYF	1
CASSLAGGGHEQYF	1
CASSLAGDSYNEQFF	1
CASSLAGTSAPEQFF	1
CASSLAGTAQETQYF	1
CASSLAGTGGTGELFF	1
CASSLAGTDYNEQFF	1
CASSLAGSGNTGELFF	1
CASSLAGSSYNEQFF	1
CASSLAGNTGELFF	1
CASSLAGQGMYTGELFF	1
CASSLADRANYEQYF	1
CASSLADRGGQETQYF	1
CASSLAEDTYTGELFF	1
CASSLAMETQYF	1
CASSLATSGASTDTQYF	1
CASSLATGGRETQYF	1
CASSLATGTDTQYF	1
CASSLASLGSGTGELFF	1
CASSLASGRANEQFF	1
CASSLASGISYEQYF	1
CASSLARSHEQYF	1
CASSLARGQPQHF	1
CASSLARTSGYNEQFF	1
CASSLANTGRDIQYF	1
CASSLAKGAQETQYF	1
CASSLAKLGGQNSPLHF	1
CASSLASGREQYF	1
CASSLAVTNYEQYF	1
CASSLAVGAGETQYF	1
CASSLAASTDTQYF	1
CASSLAAGGPGEQFF	1
CASSLAAAYNEQFF	1
CASSLAGLAYEQYF	1
CASSLAGSPSQPQHF	1
CASSLAGRGDNQPQHF	1
CASSLAGNEQFF	1
CASSLAGKSSYEQYF	1
CASSLAGQSYEQYF	1
CASSLAGGLSLSEQYF	1
CASSLAGGTEAFF	1
CASSLAGTAEEMETEAFF	1
CASSLAGPPGDEQYF	1
CASSLAGQGTDTQYF	1
CASSLAGGFQETQYF	1
CASSLAGESNEQFF	1
CASSLADSSYEQYF	1
CASSLATGAYNEQFF	1
CASSLASNEQFF	1
CASSLARGNTGELFF	1
CASSLARRETQYF	1
CASSLALETQYF	1
CASSLALVVTGELFF	1
CASSLALASYEQYF	1
CASSLAQGPDEQYF	1
CASSLAVSNTGELFF	1
CASSLAGTDTQYF	1
CASSLAGRSGELFF	1
CASSLAGPNTEAFF	1
CASSLAGVGDQPQHF	1
CASSLAGALDEQYF	1
CASSLAGSREQFF	1
CASSLATGNPDEQYF	1
CASSLGFRVETDTQYF	1
CASSLGFWEDGYTF	1
CASSLGSATDTQYF	1
CASSLGSGTDTQYF	1
CASSLGWTDTQYF	1
CASSLGWTTYEQYF	1
CASSLGYSGPTYEQYF	1
CASSLGLSGGNNSPLHF	1
CASSLGLRDREQFF	1
CASSLGLVRPGDEQFF	1
CASSLGLAPTDYEQYF	1
CASSLGPYNEQFF	1
CASSLGPYEQYF	1
CASSLGAGMNTEAFF	1
CASSLGGTGDNEQFF	1
CASSLGIYGDTQYF	1
CASSLGITALNSPLHF	1
CASSLGTTSSYNEQFF	1
CASSLGSGSSYEQYF	1
CASSLGSGTGEQYF	1
CASSLGRTGGYEQYF	1
CASSLGSSGTDTQYF	1
CASSLGSYNEQFF	1
CASSLGSGAFNEQFF	1
CASSLGLAGPLADTQYF	1
CASSLGPAGGKYEQYF	1
CASSLGPRGVTDTQYF	1
CASSLGQGASTGELFF	1
CASSLGGGAPDTQYF	1
CASSLGGTDTQYF	1
CASSLGGTNPNEQFF	1
CASSLGGLNTEAFF	1
CASSLGGLYNEQFF	1
CASSLGGAASTDTQYF	1
CASSLGGIYEQYF	1
CASSLGRQPRGEQYF	1
CASSLGLAGALSSYNEQFF	1
CASSLGLKAFF	1
CASSLGWEDYEQYF	1
CASSLGLPATDTQYF	1
CASSLGLAVSTDTQYF	1
CASSLGLAGADEQFF	1
CASSLGPGTVSNEQFF	1
CASSLGPQGTYEQYF	1
CASSLGPMGNEQFF	1
CASSLGRLTYEQYF	1
CASSLGRGNEQFF	1
CASSLGQGLSYNEQFF	1
CASSLGQGPTDTQYF	1
CASSLGVHRDLLREQYF	1
CASSLGVPLRNTEAFF	1
CASSLGVTDTQYF	1
CASSLGVNTGELFF	1
CASSLGVLDEQYF	1
CASSLGVAPRVFSYEQYF	1
CASSLGVAGPNEQFF	1
CASSLGASGTSYEQYF	1
CASSLGAGTYEQYF	1
CASSLGAGTGTYEQYF	1
CASSLGAGVSYNEQFF	1
CASSLGAGVGNEQFF	1
CASSLGAGNNEQFF	1
CASSLGADNEQFF	1
CASSLGGVARHEQFF	1
CASSLGGGQPQHF	1
CASSLGGLWNEQFF	1
CASSLGGTSGYEQYF	1
CASSLGGTAYEQYF	1
CASSLGGRLNQPQHF	1
CASSLGGQVSGEKLFF	1
CASSLGGQGRYDEQFF	1
CASSLGGQGRNEQFF	1
CASSLGGQKETQYF	1
CASSLGGQGGTDTQYF	1
CASSLGGVLNEQFF	1
CASSLGDGDYEQYF	1
CASSLGDEQYF	1
CASSLGDRVSYEQYF	1
CASSLGDRTYEQYF	1
CASSLGEVEQFF	1
CASSLGEGFHYEQYF	1
CASSLGENTEAFF	1
CASSLGIAGGIQFF	1
CASSLGTSADGELFF	1
CASSLGTSGSYEQYF	1
CASSLGTSGRAFTYEQYF	1
CASSLGTGKGEQYF	1
CASSLGTPSGNTIYF	1
CASSLGTVGYEQFF	1
CASSLGTALVNEQFF	1
CASSLGTGSADTQYF	1
CASSLGTGPYNEQFF	1
CASSLGTGVNIQYF	1
CASSLGTGGKDTQYF	1
CASSLGTGEDTQYF	1
CASSLGTGRYEQYF	1
CASSLGTDKSWPQHF	1
CASSLGSGTSYEQYF	1
CASSLGRDSYEQYF	1
CASSLGRNNEQFF	1
CASSLGLSSASYEQYF	1
CASSLGSYEQYF	1
CASSLGSAPIHPNEKLFF	1
CASSLGWDQQFF	1
CASSLGLPAKNIQYF	1
CASSLGLAYEQYF	1
CASSLGLAWDNEQFF	1
CASSLGLAGVYEQYF	1
CASSLGLAGGPGTDTQYF	1
CASSLGPYEQYF	1
CASSLGPQTGNTGELFF	1
CASSLGRNEQFF	1
CASSLGQGYKHEQYF	1
CASSLGQGSDNEQFF	1
CASSLGQDYEQYF	1
CASSLGQTNTGELFF	1
CASSLGQNTDTQYF	1
CASSLGQTDTQYF	1
CASSLGVGGEMNEQFF	1
CASSLGVGEKLFF	1
CASSLGALAGGYNEQFF	1
CASSLGAGGSSSTDTQYF	1
CASSLGAESYEQYF	1
CASSLGATKVTDTQYF	1
CASSLGGSTDTQYF	1
CASSLGGSGSDTQYF	1
CASSLGGHEITEAFF	1
CASSLGGVSWENIQYF	1
CASSLGGASNQPQHF	1
CASSLGGGATEAFF	1
CASSLGGDDTQYF	1
CASSLGGTLTPDYGYTF	1
CASSLGGNTEAFF	1
CASSLGISGAKNIQYF	1
CASSLGIGVWLNEQFF	1
CASSLGTGPDTQYF	1
CASSLGNIQYF	1
CASSLDSAVYDEQFF	1
CASSLDLSDSSYEQYF	1
CASSLDPYNEQFF	1
CASSLDPPSYEQYF	1
CASSLDPSGNSPLHF	1
CASSLDPDTQYF	1
CASSLDRGSYSDTQYF	1
CASSLDRESDTQYF	1
CASSLDVPDTQYF	1
CASSLDVREETQYF	1
CASSLDAGSGELFF	1
CASSLDAGSGGYTF	1
CASSLDGTGQDNQPQHF	1
CASSLDGECDTF	1
CASSLDGTSGSGELFF	1
CASSLDGTGLYEQYF	1
CASSLDSGSSYNEQFF	1
CASSLDRHGYTF	1
CASSLDSSGRGTDTQYF	1
CASSLDSPSTDTQYF	1
CASSLDWGSYEQYF	1
CASSLDLRVNYNEQFF	1
CASSLDPDPTDTQYF	1
CASSLDRDSYNSPLHF	1
CASSLDQLQGYEQYF	1
CASSLDQTYYSPLHF	1
CASSLDAGAGTDTQYF	1
CASSLDGGAGELFF	1
CASSLDGVSYNEQFF	1
CASSLDGGTKNIQYF	1
CASSLDGDYSYEQYF	1
CASSLDGTPSYEQYF	1
CASSLDGQGYTGELFF	1
CASSLDGRPGTEAFF	1
CASSLDDEKLFF	1
CASSLDDQRADTQYF	1
CASSLDSVNTEAFF	1
CASSLDRLGTGELFF	1
CASSLDRPYEQYF	1
CASSLDRPNTGELFF	1
CASSLDRRDSPLHF	1
CASSLDRGYEQYF	1
CASSLDRGPDTQYF	1
CASSLDRGYYEQYF	1
CASSLDRNPSIDNEQYF	1
CASSLDRTYGYTF	1
CASSLELEGVKFF	1
CASSLESPGDEQFF	1
CASSLELGDTQYF	1
CASSLELTTYEQYF	1
CASSLEPSGTYEQFF	1
CASSLEPSTNEQFF	1
CASSLEPRSSTDTQYF	1
CASSLEPGQGAGDTQYF	1
CASSLEAGHAGELFF	1
CASSLEATPNTGELFF	1
CASSLEAGPSPNYGYTF	1
CASSLEGPPYEQYF	1
CASSLEGTPYEQYF	1
CASSLEGAVNTEAFF	1
CASSLEGTVQEVQYF	1
CASSLEGSSYEQYF	1
CASSLEGQGAALHF	1
CASSLEGETQYF	1
CASSLEGTGELFF	1
CASSLEDSGDGYTF	1
CASSLEDRLNTEAFF	1
CASSLEEGAAYGYTF	1
CASSLEEGAGDTQYF	1
CASSLEEGQSALTQYF	1
CASSLEIPSNNEQFF	1
CASSLETQNIQYF	1
CASSLETSGGETQYF	1
CASSLETFGKTSQYF	1
CASSLETGASGYTF	1
CASSLESGQTRGNTIYF	1
CASSLELGNIQYF	1
CASSLELAYNEQFF	1
CASSLELAGFDTQYF	1
CASSLEPQLSNTEAFF	1
CASSLEPRGYEQYF	1
CASSLEQTSYEQYF	1
CASSLEQISYEQYF	1
CASSLEVRADTQYF	1
CASSLEVNSPLHF	1
CASSLEAFDEQFF	1
CASSLEGRTYNEQFF	1
CASSLEGSADTQYF	1
CASSLEGGELFF	1
CASSLEGEEAFF	1
CASSLEGLVQGASDTQYF	1
CASSLEGRDRGFF	1
CASSLEGVPYEQYF	1
CASSLEGADEQYF	1
CASSLEGGTEAFF	1
CASSLEGTLHAGELFF	1
CASSLEGTGYDEQYF	1
CASSLEGTGLRNEQFF	1
CASSLEGLAVYNEQFF	1
CASSLEDTQYF	1
CASSLETGDYGYTF	1
CASSLETATDTQYF	1
CASSLETDTQYF	1
CASSLERSGETQYF	1
CASSLERGTGYNEQFF	1
CASSLEKLAGSSYNEQFF	1
CASSLISASSYNEQFF	1
CASSLILANNEQFF	1
CASSLIPGQGAKEQYF	1
CASSLIVSGSYNEQFF	1
CASSLITRGTDTQYF	1
CASSLMSGARNEQFF	1
CASSLMVNEETQYF	1
CASSLMGGDNQPQHF	1
CASSLMGGMGTYEQYF	1
CASSLMGTGELFF	1
CASSLMGSTNEKLFF	1
CASSLIPQTQLAKNIQYF	1
CASSLIAGAKNIQYF	1
CASSLTDSTYEQYF	1
CASSLTIPSRDEQYF	1
CASSLTTAGENSPLHF	1
CASSLTTSYNEQFF	1
CASSLTSYEQYF	1
CASSLTSVYNEQFF	1
CASSLTSGYTDTQYF	1
CASSLTSGIPPYNEQFF	1
CASSLTSGSNEQFF	1
CASSLTSGRVYEQFF	1
CASSLTPYEQYF	1
CASSLTATPYEQYF	1
CASSLTAGGTEAFF	1
CASSLTARGATNTEAFF	1
CASSLTGGSSGANVLTF	1
CASSLTGPQETQYF	1
CASSLTGNEQYF	1
CASSLTTGNQPQHF	1
CASSLTTGPTTGELFF	1
CASSLTGLNTEAFF	1
CASSLTGPSSYEQYF	1
CASSLTGADEQYF	1
CASSLTDSRHQETQYF	1
CASSLTTSGRGNEQFF	1
CASSLSLADFTGELFF	1
CASSLSQLSEQYF	1
CASSLSVAVNEQFF	1
CASSLSAAGVNEQFF	1
CASSLSQETQYF	1
CASSLSVPAGATEAFF	1
CASSLSAGGTYEQYF	1
CASSLSGSRGADTQYF	1
CASSLSGSSYNEQFF	1
CASSLSGSADTQYF	1
CASSLSSPSTDTQYF	1
CASSLSRANEKLFF	1
CASSLRSGGSGEQYF	1
CASSLRLAGGYEQFF	1
CASSLRQGTGELFF	1
CASSLRGGGALPRTDTQYF	1
CASSLRGDEQYF	1
CASSLRGTADVLTF	1
CASSLRDRGHEQYF	1
CASSLREYYTGELFF	1
CASSLRTWDEQYF	1
CASSLRTGGDQPQHF	1
CASSLRTGGGNEQFF	1
CASSLRTGDGEQYF	1
CASSLRSGELFF	1
CASSLRLADYNEQFF	1
CASSLRQGNEQYF	1
CASSLRQGDTQYF	1
CASSLRAPSDEQFF	1
CASSLRGGEFTGELFF	1
CASSLREAYEQYF	1
CASSLNVGVHEQYF	1
CASSLNSQGYEQYF	1
CASSLNLAGGMGTDEQFF	1
CASSLNPGQNYEQYF	1
CASSLNGPTSTDTQYF	1
CASSLNEQYF	1
CASSLKGATNEKLFF	1
CASSLKGGSYEQYF	1
CASSLKGTQYF	1
CASSLLGQGYNEQFF	1
CASSLSSGYTDTQYF	1
CASSLWAGEGSEQFF	1
CASSLWGQLNTEAFF	1
CASSLYNTEAFF	1
CASSLLAGSSTDTQYF	1
CASSLLAGYSYNEQFF	1
CASSLLAGGPGNEQFF	1
CASSLLAGEDNEQFF	1
CASSLLAMASTDTQYF	1
CASSLPGRSSYNEQFF	1
CASSLPRLAGGSNEQFF	1
CASSLPGEAYEQYF	1
CASSLRPLSGEPQHF	1
CASSLRPGGTLYNEQFF	1
CASSLRRKRRLYEQYF	1
CASSLRANQPYNEQFF	1
CASSLRQHYSTDTQYF	1
CASSLRQGDQPQHF	1
CASSLHTGGNEQFF	1
CASSLQGDSYNEQFF	1
CASSLQGTGNTGELFF	1
CASSLQRETGELFF	1
CASSLASGMYNEQFF	1
CASSLAGASNTGELFF	1
CASSLGGSPRTDTQYF	1
CASSLGTTGNEQYF	1
CASSLGFRAISLGGYTF	1
CASSLGLAGPREQYF	1
CASSLGQDGTSSGFF	1
CASSLGVGFTYNEQFF	1
CASSLGGTEAFF	1
CASSLGGTLRSLREQYF	1
CASSLGGKVNQPQHF	1
CASSLGTAMNTEAFF	1
CASSLGTANTGELFF	1
CASSLGLADSYEQYF	1
CASSLGQPNEKLFF	1
CASSLGQGAGEQYF	1
CASSLGENNEQFF	1
CASSLDWMGQGMDEQYF	1
CASSLDRAIIDTQYF	1
CASSLERGNYEQYF	1
CASSLEGAGSTQYF	1
CASSLMDNTRETQYF	1
CASSLIAGGDEQFF	1
CASSLTSTSGELFF	1
CASSLTSGSYEQYF	1
CASSLTGLAGTDTQYF	1
CASSLTGQGGEQYF	1
CASSLTTAGGRQQYF	1
CASSLTGRPSSGNTIYF	1
CASSLTNEQFF	1
CASSLRSQGDEQFF	1
CASSLRSGDHYEQYF	1
CASSLRGSYNEQFF	1
CASSLRGRGEQFF	1
CASSLRTELNTEAFF	1
CASSLRRGLTDTQYF	1
CASSLRLAGGPEELFF	1
CASSLNGGEQFF	1
CASSLNTGELFF	1
CASSLKRDPPYEQYF	1
CASSLKQPYEQYF	1
CASSSLFGPNEQFF	1
CASSSSGTGVEKLFF	1
CASSSSGTGYEQYF	1
CASSSSLAGITGELFF	1
CASSSLGGQETQYF	1
CASSSAERQFF	1
CASSSGRSSSTDTQYF	1
CASSSGTSGSDEQFF	1
CASSSGTLGSNEQFF	1
CASSSGTATSYNEQFF	1
CASSSMDWSTDTQYF	1
CASSSTHGSIYEQYF	1
CASSSSVATDTQYF	1
CASSSSGEGYEQYF	1
CASSSSGRPPYEQYF	1
CASSSSGSLGETQYF	1
CASSSSGQGYEQYF	1
CASSSWDREGTDTQYF	1
CASSSYGDEQYF	1
CASSSLKGAGETQYF	1
CASSSLLNTEAFF	1
CASSSLGLAGVEQFF	1
CASSSLLGRGETQYF	1
CASSSLDPLNTEAFF	1
CASSSLAGGGETQYF	1
CASSSLADTQYF	1
CASSSPGTSGRNEQFF	1
CASSSPAGRVFGIYNEQFF	1
CASSSPGPRWHEQFF	1
CASSSPRQTTDTQYF	1
CASSSRHNQRDSGEQFF	1
CASSSRTSADTQYF	1
CASSSRTGWNNEQFF	1
CASSSRLAGGSEQFF	1
CASSSHGEVPYEQYF	1
CASSSHRGTYEQYF	1
CASSSQTSGSLNEQFF	1
CASSSQTGQTYEQYF	1
CASSSVGETQYF	1
CASSSVPPGQPDFVPLHF	1
CASSSAGELFF	1
CASSSAGVSGELFF	1
CASSSGSTNEKLFF	1
CASSSGPAQETQYF	1
CASSSGVAGAPDTQYF	1
CASSSGGGRYEQYF	1
CASSSGTSFGDEQFF	1
CASSSGTSGRFSYEQYF	1
CASSSGTYNEQFF	1
CASSSGTAFYEQYF	1
CASSSGTGRETQYF	1
CASSSGLVLDEQFF	1
CASSSGLAAYNEQFF	1
CASSSGDSSGEKLFF	1
CASSSDSNEQFF	1
CASSSERDVTGELFF	1
CASSSEDRVETQYF	1
CASSSMDSVGYEQYF	1
CASSSTLAGELFF	1
CASSSSGQQNTEAFF	1
CASSSWTLNTEAFF	1
CASSSLRVGTDTQYF	1
CASSSPGTLNIQYF	1
CASSSQGLDTQYF	1
CASSSQGAIVTGELFF	1
CASSSVGSYEQYF	1
CASSSVAGHAYEQYF	1
CASSSAGTGISEQFF	1
CASSSALYNEQFF	1
CASSSALASTDTQYF	1
CASSSGTGTGDTQYF	1
CASSSGLAGGYNEQFF	1
CASSSGLANYNEQFF	1
CASSSGPQGSAYEQYF	1
CASSSGQGVETQYF	1
CASSSGQGNSPLHF	1
CASSSGQTNTEAFF	1
CASSSGQAYNSPLHF	1
CASSSGGRQGRTYEQYF	1
CASSSGGVYVSYNEQFF	1
CASSSGDAGGLGNEQFF	1
CASSSDYVRNEQFF	1
CASSSDSTTNEKLFF	1
CASSSEGPGDTQYF	1
CASSSMSGANVLTF	1
CASSSTTSEDTQYF	1
CASSSTGPSGNTIYF	1
CASSSNALTSGASEQYF	1
CASSSFPGQLLEQYF	1
CASSSYDMSVRWYTQYF	1
CASSSGGGETQYF	1
CASSSGTSGQDTQYF	1
CASSSGTSDTGELFF	1
CASSSGLEQYF	1
CASSSGQMGADTQYF	1
CASSSGDRANEKLFF	1
CASSSDSGNTIYF	1
CASSSENTGELFF	1
CASSSTSGSYEQYF	1
CASSSTTGSHNEQFF	1
CASSSTGGEQFF	1
CASSSSLTSADNYEQYF	1
CASSSKLAGGQFSYNEQFF	1
CASSWLQGNTGELFF	1
CASSWSGTSSGNEQFF	1
CASSWPTGTSGTLSYNEQFF	1
CASSWRGKVYSGNTIYF	1
CASSWRLANYNEQFF	1
CASSWVGHSHGYTF	1
CASSWALGSSGGELFF	1
CASSWAGDTYEQYF	1
CASSWAVIGAYEQYF	1
CASSWAAGPQAQYF	1
CASSWGHEGGTEAFF	1
CASSWGNQETQYF	1
CASSWGDRGGSYNEQFF	1
CASSWGLETGTDIQYF	1
CASSWGDGTYEQYF	1
CASSWGDRDSNQPQHF	1
CASSWGTGSGNTIYF	1
CASSWGTGVSYNEQFF	1
CASSWGLFGLAAVYEQYF	1
CASSWGQGYEQYF	1
CASSWGQAYEQYF	1
CASSWDGENTEAFF	1
CASSWDFATDTQYF	1
CASSWDTYNEQFF	1
CASSWDTLSGELFF	1
CASSWDSTDTQYF	1
CASSWDKSDTQYF	1
CASSWEGPHNEQFF	1
CASSWEGGTYEQYF	1
CASSWMWNTSGHSYNEQFF	1
CASSWTQSSYNEQFF	1
CASSWTSGGSTDTQYF	1
CASSWTVTYNEQFF	1
CASSWTASTDTQYF	1
CASSWTGDTGELFF	1
CASSWRGDTEAFF	1
CASSWRTGGAEQYF	1
CASSYFPRGANTGELFF	1
CASSYPGSSTDTQYF	1
CASSYPGLGSYEQYF	1
CASSYGNEQFF	1
CASSYGTATNEKLFF	1
CASSYGTGKHEQYF	1
CASSYGLVVYEQYF	1
CASSYIGTTNYEQYF	1
CASSYTLAENEQFF	1
CASSYSGSYEQYF	1
CASSYSGVSTDTQYF	1
CASSYSGNSYEQYF	1
CASSYNTGELFF	1
CASSYSSGIRPGELFF	1
CASSYLAGSTDTQYF	1
CASSYPDLAGGYNEQFF	1
CASSYRQGVSSYNEQFF	1
CASSYRDRVEDTQYF	1
CASSYRLAGVGETQYF	1
CASSYVDRPREQYF	1
CASSYGWDTEAFF	1
CASSYGVNEQFF	1
CASSYGGDREPAF	1
CASSYIQGNNSPLHF	1
CASSYIAGGSYEQYF	1
CASSYSGTAYNEQFF	1
CASSYRDRIYEQYF	1
CASSYRLAGYEQYF	1
CASSYNGHGTYNEQFF	1
CASSLFPAGAGDTQYF	1
CASSLSHRASYEQYF	1
CASSLWDSSTDTQYF	1
CASSLLFETDTQYF	1
CASSLLGQGSSGNTIYF	1
CASSLLRGETQYF	1
CASSLPGTSGNNEQFF	1
CASSLPAAGMGNEQFF	1
CASSLQTVYEQYF	1
CASSLVVLQKTGELFF	1
CASSLGWGGPDEQYF	1
CASSLGGGKTYEQYF	1
CASSLGPEGEAFF	1
CASSLEGGTGELFF	1
CASSLIDTGELFF	1
CASSLTSTDTQYF	1
CASSLSGTRGYNEQFF	1
CASSLSGLGADTQYF	1
CASSLRTRYNEQFF	1
CASSLRTGIDTQYF	1
CASSLFPGQGANEQYF	1
CASSLFNSATDTQYF	1
CASSLFGGYEQFF	1
CASSLSGLRVYNEQFF	1
CASSLWDPAGIDTQYF	1
CASSLLEGLAKNIQYF	1
CASSLLLAGLADTQYF	1
CASSLRLAGGASNTGELFF	1
CASSLRGAYNEQFF	1
CASSLRGTSGDYEQYF	1
CASSLRGWGNQPQHF	1
CASSLRDRGFGEQFF	1
CASSLRQGNEQFF	1
CASSLRTEQGLQNEQYF	1
CASSLQGHDQETQYF	1
CASSLQYGQGATGELFF	1
CASSLQETQYF	1
CASSLVGTGGTEAFF	1
CASSLAGGGRDYEQYF	1
CASSLAGELFF	1
CASSLGGGFSDTQYF	1
CASSLGTYEQYF	1
CASSLGTGPSNEQFF	1
CASSLGLAGGTDTQYF	1
CASSLGLAGGSQETQYF	1
CASSLDRAYGYTF	1
CASSLESDSGNEKLFF	1
CASSLEGVSYEQYF	1
CASSLERSYNEQFF	1
CASSLTQGFSYEQYF	1
CASSLSLGTNNSPLHF	1
CASSLSGRGDEQYF	1
CASSLFLLAPQETQYF	1
CASSLLAGGGTKQYF	1
CASSLWTNSEQFF	1
CASSLRGDGNYNSPLHF	1
CASSLVQLSYNEQFF	1
CASSLALARAGELFF	1
CASSLAGVTGELFF	1
CASSLGWMGAVYNSPLHF	1
CASSLGYPLGYEQYF	1
CASSLGLAEVLYEQYF	1
CASSLGLVDEQFF	1
CASSLGRTGEQYF	1
CASSLGQPAGGNYGYTF	1
CASSLGQGIMNTEAFF	1
CASSLGQDYNEQFF	1
CASSLDGLAGVSEQFF	1
CASSLDPSTDTQYF	1
CASSLEVSTNYGYTF	1
CASSLEAYEQYF	1
CASSLMTGGGEKLFF	1
CASSLTLAGGGETQYF	1
CASSLTSGSQETQYF	1
CASSLTSGRVEQYF	1
CASSLTNTGELFF	1
CASSLTADATAGDTQYF	1
CASSLTLAGGPNEQFF	1
CASSLTGGSDTQYF	1
CASSLTGIDEKLFF	1
CASSLSFTSGSYEQYF	1
CASSLRLAAFTDTQYF	1
CASSLSSGSYNEQFF	1
CASSLLQGRDTQYF	1
CASSLLLAGENYEQYF	1
CASSLPRLAGVYEQYF	1
CASSLQGLGEAFF	1
CASSLQGGNTEAFF	1
CASSLQTGYTDTQYF	1
CASSLAPGQGYEQYF	1
CASSLAGADTGELFF	1
CASSLAGQGNYEQYF	1
CASSLAGAPDEQFF	1
CASSLAGGTYEQYF	1
CASSLAGTGDEKLFF	1
CASSLGPGQPDTQYF	1
CASSLGLSSYEQYF	1
CASSLGTSADTQYF	1
CASSLGTGSRLPYF	1
CASSLGLAGRLSYNEQFF	1
CASSLGLAGGPLTYNEQFF	1
CASSLGLANYNEQFF	1
CASSLGLANNEQFF	1
CASSLGQSSYNEQFF	1
CASSLDTSSVYEQYF	1
CASSLERIRRDREVYNEQFF	1
CASSLIAGLSYEQYF	1
CASSLRMDRGRTGELFF	1
CASSLRTGSVETQYF	1
CASSLRQDSRDYGYTF	1
CASSLNDYYEQYF	1
CASSLNEGNEQFF	1
CASSPSSAFGDEQFF	1
CASSPSRGGRNEQFF	1
CASSPSGTGKNEQFF	1
CASSPSSQETQYF	1
CASSPSTGGYEQYF	1
CASSPWTGANYGYTF	1
CASSPLALSYNEQFF	1
CASSPRDRVGTGELFF	1
CASSPVGQGRDTQYF	1
CASSPGGLAAPYEQYF	1
CASSPGDAGRYEQYF	1
CASSPGTSGYEQYF	1
CASSPGTGDYEQYF	1
CASSPGRGTEAFF	1
CASSPGTPYEQYF	1
CASSPDRIGTGELFF	1
CASSPEGRNQPQHF	1
CASSPTLSGTSYEQYF	1
CASSPTGGPLSGAFF	1
CASSPTGLPVRYF	1
CASSPTRTNTEAFF	1
CASSPTPPDSGIYNEQFF	1
CASSPTGASRGETQYF	1
CASSPSEASGRGGELFF	1
CASSPSGRVTGELFF	1
CASSPRLQGQGALKTQYF	1
CASSPFTGEADTQYF	1
CASSPFDRNAGELFF	1
CASSPFTGGYNEQFF	1
CASSPSSSYNEQFF	1
CASSPSGSTDTQYF	1
CASSPWGQGATDTQYF	1
CASSPWTDRPNNEQFF	1
CASSPYSDRSYEQYF	1
CASSPLPPLAGSQETQYF	1
CASSPLLAENTGELFF	1
CASSPLPGQRDTIYF	1
CASSPLPDSTEQYF	1
CASSPLAGGPYEQYF	1
CASSPLGDIGTQYF	1
CASSPLGLPYNEQFF	1
CASSPLTGSVQGGELFF	1
CASSPLRGANIQYF	1
CASSPLAGSSYEQYF	1
CASSPPPGKVKSTDTQYF	1
CASSPPASRVFDSPLHF	1
CASSPPDRDYEQYF	1
CASSPPTGYYNEQFF	1
CASSPPDRGNTEAFF	1
CASSPRLGYEQYF	1
CASSPRSGEDEQYF	1
CASSPRGSASYNEQFF	1
CASSPRPDTHNEQFF	1
CASSPRGGDPGDTQYF	1
CASSPRGDTQYF	1
CASSPRPLNTEAFF	1
CASSPRDSGSNEQFF	1
CASSPRDRAYEQYF	1
CASSPRTRSNEQFF	1
CASSPRLASSYEQYF	1
CASSPRLAGVTAKNIQYF	1
CASSPRLAGDNEQFF	1
CASSPRQGETQYF	1
CASSPRGRARPGELFF	1
CASSPHFGETQYF	1
CASSPHPGQGDGYTF	1
CASSPHGGGNYEQYF	1
CASSPQVSASGTDTQYF	1
CASSPQGANSYNEQFF	1
CASSPQTGRGYNEQFF	1
CASSPATGDGNEQFF	1
CASSPAGADADTQYF	1
CASSPGGGRSYNEQFF	1
CASSPGGTGDEQYF	1
CASSPGGTDTQYF	1
CASSPGGLEGMNTEAFF	1
CASSPGGQGAGEQYF	1
CASSPGTVSYNEQFF	1
CASSPGTSGSNEQFF	1
CASSPGTSGSFYNEQFF	1
CASSPGTGDEQYF	1
CASSPGLLSSGNTIYF	1
CASSPGLAGGFTDNEQFF	1
CASSPGLGTDTQYF	1
CASSPGGGHLEQYF	1
CASSPGSTDTQYF	1
CASSPDFHEQFF	1
CASSPDGREAKNIQYF	1
CASSPDGRGYEQYF	1
CASSPDRNRLGLFF	1
CASSPDRRSGNTIYF	1
CASSPEGRSSYEQYF	1
CASSPEHTDTQYF	1
CASSPERPGDEQFF	1
CASSPILDSTDTQYF	1
CASSPTSGNRNEQFF	1
CASSPTGVAGELFF	1
CASSPTPGTAYEQYF	1
CASSPSEGSRAQHF	1
CASSPSGRGTGELFF	1
CASSPRQGSGDTQYF	1
CASSPRVSGELFF	1
CASSPRSRVAYEQYF	1
CASSPRLAGYQETQYF	1
CASSPRLAGDGYEQYF	1
CASSPLSFSSYNEQFF	1
CASSPLAGVEVEQYF	1
CASSPSQLDDTQYF	1
CASSPWPGLADSYEQYF	1
CASSPWAVSYEQYF	1
CASSPWTGGETQYF	1
CASSPYSLNSGRANDEQFF	1
CASSPLDTSGRRAEQYF	1
CASSPLATPDTQYF	1
CASSPLGTGAFSGGELFF	1
CASSPPLAGGTYEQYF	1
CASSPPMSASGNYEQYF	1
CASSPRGSLNTEAFF	1
CASSPRYYNEQFF	1
CASSPRTSVYEQYF	1
CASSPRTSGREQYF	1
CASSPQSTGGYNEQFF	1
CASSPVAGGSYNEQFF	1
CASSPVGNSYNEQFF	1
CASSPASRTGVDEQYF	1
CASSPASASSYNEQFF	1
CASSPASGTAATDTQYF	1
CASSPGPSDSYEQYF	1
CASSPGDQNTIYF	1
CASSPGSSGRITYEQYF	1
CASSPGVLYEQYF	1
CASSPGGGREPQHF	1
CASSPGDPGLAGRAYNEQFF	1
CASSPGTRNTGELFF	1
CASSPGTAENIQYF	1
CASSPGTGARNEQFF	1
CASSPGTGGPYEQYF	1
CASSPGLRGVTQYF	1
CASSPGLAASGEQFF	1
CASSPGLAGYEQFF	1
CASSPGLDTAEQYF	1
CASSPGLTYNEQFF	1
CASSPGPLETQYF	1
CASSPGPVNEQFF	1
CASSPGRTTLTDTQYF	1
CASSPGQGSYGYTF	1
CASSPGQGAGANVLTF	1
CASSPGQSSYEQYF	1
CASSPGSIRAGALSEQYF	1
CASSPDGETQYF	1
CASSPDSQETQYF	1
CASSPDSMNTEAFF	1
CASSPDRGRNEQYF	1
CASSPDRNTGELFF	1
CASSPDNYNGYTF	1
CASSPEGLTDTQYF	1
CASSPEGLAENNEQFF	1
CASSPEGGGPDTEAFF	1
CASSPIDADTQYF	1
CASSPTSSYEQYF	1
CASSPTTGAITDTQYF	1
CASSPTGVSNQPQHF	1
CASSPTGGISMNEQFF	1
CASSPSETGDTGELFF	1
CASSPSGGTDTQYF	1
CASSPRGREAPYEQYF	1
CASSPRTNTYNEQFF	1
CASSPRWVSGNTIYF	1
CASSPRLATAGELFF	1
CASSPNPSGSIAGELFF	1
CASSPKTEGPHEQYF	1
CASSPLAATDTQYF	1
CASSPSSGSTDTQYF	1
CASSPSYVTNTQYF	1
CASSPSTGTGTEETQYF	1
CASSPSQGPSSEQYF	1
CASSPLPAVQETQYF	1
CASSPLIGGHPGNYGYTF	1
CASSPLLAGGTDTQYF	1
CASSPPDGDLEQYF	1
CASSPHPGPLQETQYF	1
CASSPQLAESSYNEQFF	1
CASSPQAQGPLHF	1
CASSPQSSYNEQFF	1
CASSPAQVRGQFF	1
CASSPATGTGELFF	1
CASSPGPPTNEQYF	1
CASSPGYNEQFF	1
CASSPGLSGSTGELFF	1
CASSPGVGDLLNTEAFF	1
CASSPGGGDTEQFF	1
CASSPGTSGSKGTDTQYF	1
CASSPGTSGRYGEQYF	1
CASSPGTTGNFNQPQHF	1
CASSPGFGELFF	1
CASSPGLATGELFF	1
CASSPGLAGNEQFF	1
CASSPGQVTYNEQFF	1
CASSPGQGVPLNEKLFF	1
CASSPDGASYEQYF	1
CASSPDRGLYNEQFF	1
CASSPEPMTGGTGELFF	1
CASSPEMSVYGYTF	1
CASSPIGTAYEQFF	1
CASSPMGQGGNQPQHF	1
CASSPTVRSGERRYTF	1
CASSPTPAGAGYNEQFF	1
CASSPTGGGTDTQYF	1
CASSPRLAENNEQFF	1
CASSPRAPLDREQFF	1
CASSPNGQVHYEQYF	1
CASSPKRPSSPYEQYF	1
CASSRSRAGYEQYF	1
CASSRLETGLPEQFF	1
CASSRPSDGAKNIQYF	1
CASSRRTSGATGELFF	1
CASSRGLAGYNEQFF	1
CASSRTSGGILSYNEQFF	1
CASSRSILRGWVGELFF	1
CASSRSSGTSYEQYF	1
CASSRSSSRETQYF	1
CASSRSGRDEQYF	1
CASSRRLAGEGTDTQYF	1
CASSRSGTGQETQYF	1
CASSRLRGDRGGELFF	1
CASSRQAGQPQHF	1
CASSRVGAGGATEQYF	1
CASSRVTGGYEQYF	1
CASSRAGTESSYEQYF	1
CASSRAGTAEEPQHF	1
CASSRGWDQREYEQYF	1
CASSRGVGAGVTDTQYF	1
CASSRGGSREGQYF	1
CASSRGAAPEAFF	1
CASSRGTVSNTGELFF	1
CASSRGTGGWDTQYF	1
CASSRGQLVNEKLFF	1
CASSRDREGEKLFF	1
CASSRIIGAGGTTYEQYF	1
CASSRTSGTTYEQYF	1
CASSRTGGTYEQYF	1
CASSRRAGDTQYF	1
CASSRRLQGGYEQYF	1
CASSRNPTGTSTNEQFF	1
CASSRSTSGRELGEQFF	1
CASSRSGGAYGYTF	1
CASSRYYGYGYTF	1
CASSRYRGPSYNEQFF	1
CASSRLGLEETQYF	1
CASSRQAGGYNEQFF	1
CASSRVEREVYEQYF	1
CASSRVGEEQYF	1
CASSRAFPNEKLFF	1
CASSRASVGGRVDNEQFF	1
CASSRAGPDTGELFF	1
CASSRGYQETQYF	1
CASSRGSTGAVTGELFF	1
CASSRGQDYEQYF	1
CASSRGQTNTGELFF	1
CASSRDAMNTEAFF	1
CASSRDSSYNEQFF	1
CASSRDRVAGELFF	1
CASSRDRVNNEQFF	1
CASSRDRATDTQYF	1
CASSRDRAAYEQYF	1
CASSRDRGQSGELFF	1
CASSREHPAEKLFF	1
CASSREETQYF	1
CASSRITSVKETQYF	1
CASSRISGDTYEQYF	1
CASSRTPTGGDEGYTF	1
CASSRTGIQNEQFF	1
CASSRTTAAVGDTQYF	1
CASSRTSVNEQFF	1
CASSRTSAYNEQFF	1
CASSRTSGIYYEQYF	1
CASSRTGAGTEAFF	1
CASSRTGGRDRYNEQFF	1
CASSRSLKSEQFF	1
CASSRRLAGALAYEQYF	1
CASSRNTGELFF	1
CASSRLTGEHSPLHF	1
CASSRSTGGVAYNEQFF	1
CASSRWTGGDEKLFF	1
CASSRYVAGDTNEQFF	1
CASSRLARSTDTQYF	1
CASSRRRGQTYEQYF	1
CASSRHTAAEDTQYF	1
CASSRVPGLDYEQYF	1
CASSRGVAGYVADTQYF	1
CASSRGTSGIQYEQYF	1
CASSRGTGDPTDTQYF	1
CASSRGLAGGSTDTQYF	1
CASSRGLASSYNEQFF	1
CASSRGEGSSGTEQYF	1
CASSRDSDTGELFF	1
CASSRDRERAQETQYF	1
CASSREDRGPYEQYF	1
CASSRIRQGPANNSPLHF	1
CASSRTSGDPYEQYF	1
CASSRTATYNEQFF	1
CASSRSLAGGGDEQYF	1
CASSRRQEIRSATNEKLFF	1
CASSHLSGTSSYNEQFF	1
CASSHLRSYEQYF	1
CASSHYQSSYNEQFF	1
CASSHYNEQFF	1
CASSHLSSGPYNEQFF	1
CASSHLERIQDTQYF	1
CASSHPPGLGPTDTQYF	1
CASSHPPAGEQFF	1
CASSHPPTGRNEQFF	1
CASSHRRSGDEQYF	1
CASSHHRTGSRYNEQFF	1
CASSHVTGTFPYEQYF	1
CASSHASGGYEQYF	1
CASSHAGNSYEQYF	1
CASSHGSGTYEQYF	1
CASSHGADPRYNEQFF	1
CASSHGGYEQYF	1
CASSHGGTYQETQYF	1
CASSHGTGVANEQFF	1
CASSHGQGAYEQYF	1
CASSHDSGGSYEQYF	1
CASSHDFTVYTF	1
CASSHIQGPSSYEQYF	1
CASSHTTGTHSTDTQYF	1
CASSHTGQEYSGANVLTF	1
CASSHSGGYEQYF	1
CASSHRGQGTGELFF	1
CASSHNTGLAEFLSTDTQYF	1
CASSHKRMGGTTGELFF	1
CASSHLAGYNEQFF	1
CASSHLPTRGRYNEQFF	1
CASSHLRAKNSGGYEQFF	1
CASSHLQGAGWNTGELFF	1
CASSHLDSLYGYTF	1
CASSHLEAGELFF	1
CASSHLLGSSYEQYF	1
CASSHPIGGGHTGELFF	1
CASSHPSGQGKNEQFF	1
CASSHPPGREPLYGIQYF	1
CASSHPDFQETQYF	1
CASSHPTATEQYF	1
CASSHPTGRLEDEQYF	1
CASSHPGLAGIYEQYF	1
CASSHPKAVEAFF	1
CASSHRSYTGELFF	1
CASSHRTGWGAQVGEQFF	1
CASSHRTGGTGELFF	1
CASSHRPSGRDGSNEQFF	1
CASSHHPGTADYEQYF	1
CASSHVLAGVSLQETQYF	1
CASSHAGGLYNEQFF	1
CASSHGGVLAGRGVREQFF	1
CASSHGPKPNTEAFF	1
CASSHGQGKEQYF	1
CASSHETGTGEEQYF	1
CASSHEPTVGGPGTDTQYF	1
CASSHEKGTGVTDTQYF	1
CASSHIRGPPTDTQYF	1
CASSHTLLSYEQYF	1
CASSHTSGGSYNEQFF	1
CASSHTGTSATYNEQFF	1
CASSHTTGRGQETQYF	1
CASSHRDSSYNEQFF	1
CASSHKHAGYNEQFF	1
CASSQLDRAREQYF	1
CASSQLAGESETQYF	1
CASSQLGLDRDTQYF	1
CASSQLTGTQGDEQFF	1
CASSQSTTGISTDTQYF	1
CASSQWGGSYEQYF	1
CASSQYPGTRSYNEQFF	1
CASSQLAVTYEQYF	1
CASSQLRAYEQYF	1
CASSQLLAGQETQYF	1
CASSQPGNEQYF	1
CASSQRTSGSYEQYF	1
CASSQRQVILAKNIQYF	1
CASSQQDFNEQFF	1
CASSQVPGTGDEQFF	1
CASSQVPTSPYEQYF	1
CASSQVEQGYEQYF	1
CASSQVAGVAYEQYF	1
CASSQARVDTQYF	1
CASSQAHEQFF	1
CASSQAGTRNEQYF	1
CASSQATGTGHQPQHF	1
CASSQALGSYNEQFF	1
CASSQASSGTYNEQFF	1
CASSQGTGTSDSYEQYF	1
CASSQGRLLNYGYTF	1
CASSQGAGQETQYF	1
CASSQGAMETQYF	1
CASSQGGPNTEAFF	1
CASSQGTSYEQYF	1
CASSQGTGTEPYEQYF	1
CASSQGTGGTEAFF	1
CASSQGSGAYNEQFF	1
CASSQGLASYEQYF	1
CASSQGLAVTGYEQYF	1
CASSQGLAGYEQFF	1
CASSQGLAGVYEQYF	1
CASSQGLAGGPPPYNEQFF	1
CASSQGLAGGNEQFF	1
CASSQGLAGTNEQFF	1
CASSQGQGTSYNEQFF	1
CASSQGQGNTEAFF	1
CASSQGQETYEQYF	1
CASSQGATGIEPQHF	1
CASSQGRTSGRAKNIQYF	1
CASSQDLTGGLRGELFF	1
CASSQDAGGADGYTF	1
CASSQDRGDTQYF	1
CASSQDRGREQFF	1
CASSQDRGGELFF	1
CASSQEGSSYNEQFF	1
CASSQERGIAKNIQYF	1
CASSQEYPDSYEQYF	1
CASSQEQGREQYF	1
CASSQMGSGARYEQYF	1
CASSQILAGQETQYF	1
CASSQIMTSGAPDTQYF	1
CASSQTGLAGSTDTQYF	1
CASSQTGTTGELFF	1
CASSQTDRGSTDTQYF	1
CASSQSGSSDTQYF	1
CASSQSGSHYEQYF	1
CASSQSRANQPQHF	1
CASSQRQFLAGGIDTDTQYF	1
CASSQRTSGTSGYEQYF	1
CASSQRTGIETQYF	1
CASSQRLYTGELFF	1
CASSQRLAVVETQYF	1
CASSQRQGVNEQYF	1
CASSQRGGGNEQYF	1
CASSQNRTGARTLRRDTQYF	1
CASSQKRGVPETQYF	1
CASSQKLAEGSYNEQFF	1
CASSQFRRQGSGTEAFF	1
CASSQFGPAVSRNEQFF	1
CASSQFDRSNQPQHF	1
CASSQFKDYNEQFF	1
CASSQFGTGIHEQYF	1
CASSQLLAGGPNNEQFF	1
CASSQLPGLQHNEQFF	1
CASSQSILSPGPMIAKNIQYF	1
CASSQSRWGDTGELFF	1
CASSQSSGEAFF	1
CASSQSTSGRAKDTQYF	1
CASSQSWDGSYEQYF	1
CASSQSPSGRAEQFF	1
CASSQSSGSGGEQFF	1
CASSQWSSTDTQYF	1
CASSQYSSSYNEQFF	1
CASSQYAGLDTQYF	1
CASSQLRLWPGSSYNEQFF	1
CASSQLTTPTDTQYF	1
CASSQLTGTSGAEQYF	1
CASSQLGLPTNEKLFF	1
CASSQLTSATDTQYF	1
CASSQLLTSGVSYNEQFF	1
CASSQLAGGSYNEQFF	1
CASSQLAGRETQYF	1
CASSQLAGDLYEQYF	1
CASSQLIAGETQYF	1
CASSQPSPYGLAYEQYF	1
CASSQPWRLAGGEQYF	1
CASSQPIRGSDTGELFF	1
CASSQPIRDRREQYF	1
CASSQPGWPGKNEQFF	1
CASSQPGTKSYNEQFF	1
CASSQPGTGRYNEQFF	1
CASSQPGTTYSYEQYF	1
CASSQPGLTDTQYF	1
CASSQPGHTGELFF	1
CASSQPDRGTYEQYF	1
CASSQPTSGRGNEQFF	1
CASSQPTSGTYEQYF	1
CASSQPTKNNEQFF	1
CASSQPLSGRYGYTF	1
CASSQPSRDRYSYEQYF	1
CASSQRPSGPVVFSYGYTF	1
CASSQRRMGVGEQYF	1
CASSQRLWAQGTSYNEQFF	1
CASSQRPSGRAYNEQFF	1
CASSQRGQVADTQYF	1
CASSQRTGTLYNEQFF	1
CASSQRLAGGPWTVPWADTQYF	1
CASSQRTGLAVNEQFF	1
CASSQHHPPTTLNQPQHF	1
CASSQQFRGLHIQYF	1
CASSQQPQEVDTEAFF	1
CASSQQPGPFTDTQYF	1
CASSQQTSGSSDTQYF	1
CASSQQTGIEQYF	1
CASSQQPPGQPENIQYF	1
CASSQVFQERSTGELFF	1
CASSQVFGQGQPQHF	1
CASSQVLSGRKETQYF	1
CASSQVSKNQPQHF	1
CASSQVWQGRTEAFF	1
CASSQVWGGNYEQYF	1
CASSQVWDREIYEQYF	1
CASSQVWEGGGNEQFF	1
CASSQVYVLAGYNEQFF	1
CASSQVYLAGYEQYF	1
CASSQVYTGEHEQYF	1
CASSQVLAGNEQFF	1
CASSQVLAGGSNEQYF	1
CASSQVLTGTPYNEQFF	1
CASSQVPSGGSYEQYF	1
CASSQVPGGLYEQYF	1
CASSQVHGSSYEQYF	1
CASSQVAGGHGEQYF	1
CASSQVAGRASYEQYF	1
CASSQVGRRNPGELFF	1
CASSQVGLDTQYF	1
CASSQVGLAATYEQYF	1
CASSQVDTGELFF	1
CASSQVETSGTDTQYF	1
CASSQVELAGGEQYF	1
CASSQVIDRAGETQYF	1
CASSQVMSDEQYF	1
CASSQVYRDTQYF	1
CASSQVYGRAEGNQPQHF	1
CASSQVLLAGGEQYF	1
CASSQVLAGGTDTQYF	1
CASSQVPGETPYNEQFF	1
CASSQVPTGANGYTF	1
CASSQVPGVNTEAFF	1
CASSQVQGTTYEQYF	1
CASSQVQGQQNNEQFF	1
CASSQVVAGGKPNIQYF	1
CASSQVAGSYEQYF	1
CASSQVGRGVNIQYF	1
CASSQVGRGSGYTF	1
CASSQVGEDEQYF	1
CASSQVGTGSYEQYF	1
CASSQVGTEETQYF	1
CASSQVDRADQPQHF	1
CASSQVEWEDEQFF	1
CASSQVTGLEQYF	1
CASSQVRGYEQYF	1
CASSQVQRVVPYEQYF	1
CASSQVVETGELFF	1
CASSQVAVDEQYF	1
CASSQVAGLTDEQFF	1
CASSQVGSQNEQFF	1
CASSQVGPSETQYF	1
CASSQVGDRQRSDEKLFF	1
CASSQVGTSGHNEQFF	1
CASSQVGSTDTQYF	1
CASSQVGTAPGYEKLFF	1
CASSQVEGAPGEQYF	1
CASSQVTGRQPQHF	1
CASSQVSWETQYF	1
CASSQVLRDDHEQYF	1
CASSQVSGENYNEQFF	1
CASSQVSGMNTEAFF	1
CASSQVWVNNNEQFF	1
CASSQVWIQLAQETQYF	1
CASSQVLAGVVKNIQYF	1
CASSQVPGELFF	1
CASSQVPKPIPGSNEQFF	1
CASSQVQVNYGYTF	1
CASSQVGVEVSGPLGNYNEQFF	1
CASSQVGFSTDTQYF	1
CASSQVGLREQYF	1
CASSQVGLADNEQFF	1
CASSQVGGTDTQYF	1
CASSQVGGREQYF	1
CASSQVGSNQPQHF	1
CASSQVELGSRSSKNIQYF	1
CASSQVMSYNEQFF	1
CASSQVIAGIPSSTDTQYF	1
CASSQVIGAGGPTGELFF	1
CASSQVTGKEQFF	1
CASSQVNRGGEQYF	1
CASSQAFQENYEQYF	1
CASSQAPGAAPYEQYF	1
CASSQARRGTLADTQYF	1
CASSQARTAETQYF	1
CASSQAADRGWETQYF	1
CASSQAGLRDLTYEQYF	1
CASSQATGGGADTQYF	1
CASSQARGARMTEAFF	1
CASSQARTRETYEQYF	1
CASSQASSTDTQYF	1
CASSQAWGADTQYF	1
CASSQALRTSGRALNEQFF	1
CASSQAPLAGDTQYF	1
CASSQAPGHSSYEQYF	1
CASSQAPTDTQYF	1
CASSQAPGLAVTDTQYF	1
CASSQAPQSSSTDTQYF	1
CASSQARDVDYEQYF	1
CASSQAQTGGVNTEAFF	1
CASSQAGSNYGYTF	1
CASSQAGAYEQYF	1
CASSQAGTVNEQFF	1
CASSQAGRGRVKNIQYF	1
CASSQADIYWGTGENIQYF	1
CASSQADFGQRYYEQYF	1
CASSQATSGGETQYF	1
CASSQATVGGRVKDTQYF	1
CASSQARGGQPQHF	1
CASSQASGVVYEQYF	1
CASSQARNTYEQYF	1
CASSQAVLLNEQFF	1
CASSQAVGNYEQYF	1
CASSQAGQGYYGYTF	1
CASSQAGGLADTQYF	1
CASSQAERSTDTQYF	1
CASSQATGSYEQYF	1
CASSQARGQGQPAKNIQYF	1
CASSQALSKNIQYF	1
CASSQALDVGDTQYF	1
CASSQALKGRASTEAFF	1
CASSQAVAGYEQYF	1
CASSQAGLDEQYF	1
CASSQAGDEQFF	1
CASSQAISGGSLLGTYEQYF	1
CASSQATISYEQYF	1
CASSQGFSGGTTGELFF	1
CASSQGFASGSYEQYF	1
CASSQGFLAGDNEQFF	1
CASSQGFGDGSYEQYF	1
CASSQGLSGRVETQYF	1
CASSQGLAGGQETQYF	1
CASSQGVFYNEQFF	1
CASSQGVAGEGYEQYF	1
CASSQGAGALNEQYF	1
CASSQGGVTGATGETQYF	1
CASSQGTGGTDTQYF	1
CASSQGSFGQGIYEQYF	1
CASSQGSGRLYQPQHF	1
CASSQGLSVYYEQYF	1
CASSQGLQETQYF	1
CASSQGPTTYEQYF	1
CASSQGPQEQETQYF	1
CASSQGPAGVPDTQYF	1
CASSQGPKSSYEQYF	1
CASSQGRVPNTEAFF	1
CASSQGHRGQETQYF	1
CASSQGAQETQYF	1
CASSQGGQGSEQYF	1
CASSQGGRDTDTQYF	1
CASSQGTGPYEQYF	1
CASSQGRGSGNTIYF	1
CASSQGRQGAAETQYF	1
CASSQGSFQETQYF	1
CASSQGWQRYSYEQYF	1
CASSQGYGLKETQYF	1
CASSQGYPVRGEQYF	1
CASSQGLAGSYEQYF	1
CASSQGLAGGLFYEQYF	1
CASSQGPSGSSNQPQHF	1
CASSQGPRGSEQFF	1
CASSQGQGTLKGEQFF	1
CASSQGQLGFSYEQYF	1
CASSQGVGTSGASEQYF	1
CASSQGVGRTYEQYF	1
CASSQGVAAYSGANVLTF	1
CASSQGAGGSYEQYF	1
CASSQGAEEQRQFF	1
CASSQGAGQVYGYTF	1
CASSQGAGGHYEQYF	1
CASSQGAQQETQYF	1
CASSQGAGGAHEQYF	1
CASSQGAEFQAITNYGYTF	1
CASSQGGSYEAFF	1
CASSQGGGRARTDTQYF	1
CASSQGGLTYEQYF	1
CASSQGGASYNEQFF	1
CASSQGGAPVRDTQYF	1
CASSQGDGGPPTGELFF	1
CASSQGDPGGYEQYF	1
CASSQGDGSAEAFF	1
CASSQGDRGVNEQFF	1
CASSQGIRTSGRVRSYEQYF	1
CASSQGTQTYEQYF	1
CASSQGTSASSYEQYF	1
CASSQGTSGIFSYEQYF	1
CASSQGTSGSIGYEQFF	1
CASSQGTSGSADTQYF	1
CASSQGTGLYEQYF	1
CASSQGTGGAGGYTF	1
CASSQGTGSSYEQYF	1
CASSQGSGGSEQYF	1
CASSQGSGAAYEQYF	1
CASSQGSTSGSYEQYF	1
CASSQGYFRETQYF	1
CASSQGLRRDPANTGELFF	1
CASSQGLRGTYNEQFF	1
CASSQGLVRYNEQFF	1
CASSQGLAATYEQYF	1
CASSQGPLAADLYEQYF	1
CASSQGPGLARYEQYF	1
CASSQGQGSSGAGTQYF	1
CASSQGAGGLFNEQFF	1
CASSQGGTLAKNIQYF	1
CASSQGDRGPDSPLHF	1
CASSQGEGPRGEQYF	1
CASSQGEGLAGRDEQFF	1
CASSQGTGAYEQYF	1
CASSQGRGLSTDTQYF	1
CASSQGRGRGDIQYF	1
CASSQDFLNEQFF	1
CASSQDFGGLAGVVSYEQYF	1
CASSQDFGETQYF	1
CASSQDFPIEAGELFF	1
CASSQDFASGTSYNEQFF	1
CASSQDFNEQFF	1
CASSQDLVAGGDTQYF	1
CASSQDLLGSYNEQFF	1
CASSQDLRDTQYF	1
CASSQDSGTGIYEQYF	1
CASSQDSSQYF	1
CASSQDSRPATDTQYF	1
CASSQDWSTAYNEQFF	1
CASSQDWYSPLHF	1
CASSQDWPLEAGGGYEQYF	1
CASSQDWARGSYEQYF	1
CASSQDWGSGAYNEQFF	1
CASSQDWDGNYEQYF	1
CASSQDWKGSGHEQYF	1
CASSQDYSDINEKLFF	1
CASSQDYGNGANVLTF	1
CASSQDLSWEQETQYF	1
CASSQDLAGYNEQFF	1
CASSQDLGYEQYF	1
CASSQDLLRNEQFF	1
CASSQDLAHEQYF	1
CASSQDLTDRNTEAFF	1
CASSQDLGTGSYEQYF	1
CASSQDLSGRSWNEQFF	1
CASSQDPSGRGDTQYF	1
CASSQDPSQINSPFTGQYF	1
CASSQDPYNEQFF	1
CASSQDPQGYQPQHF	1
CASSQDPTGQFQYF	1
CASSQDPSGSPLRKEQFF	1
CASSQDPSGRWETQYF	1
CASSQDPRSLYEQYF	1
CASSQDPRDWPYEQYF	1
CASSQDPSTGEGEQFF	1
CASSQDPQRTGELFF	1
CASSQDPGIIGGYNEQFF	1
CASSQDPGQGSHEQYF	1
CASSQDPGQGRETQYF	1
CASSQDPNGGTDTQYF	1
CASSQDPTGNQPQHF	1
CASSQDRLGYYNEQFF	1
CASSQDRQFF	1
CASSQDRQGRETQYF	1
CASSQDRGLSSYEQYF	1
CASSQDRRVSYNEQFF	1
CASSQDRVATDTQYF	1
CASSQDRADTYNEQFF	1
CASSQDRGEGRGDTQYF	1
CASSQDRDFPYNEQFF	1
CASSQDRTDTNTGELFF	1
CASSQDRTGSETQYF	1
CASSQDRRAGNEQFF	1
CASSQDRLGGYEQYF	1
CASSQDRGQAYNEQFF	1
CASSQDHGDNEQFF	1
CASSQDHGGMDEQYF	1
CASSQDHTGAMNTEAFF	1
CASSQDQLGSRETQYF	1
CASSQDQSGSFTDTQYF	1
CASSQDQSFLYEQYF	1
CASSQDVTSVYNEQFF	1
CASSQDVHSPLHF	1
CASSQDVNRYANYEQYF	1
CASSQDAGLLPTDTQYF	1
CASSQDGGRYNEQFF	1
CASSQDGLRELFF	1
CASSQDGLNEQFF	1
CASSQDGLDTQYF	1
CASSQDGPSAIQETQYF	1
CASSQDGARSYNSPLHF	1
CASSQDGGAGALETQYF	1
CASSQDGEVRFF	1
CASSQDGTGGSYNEQFF	1
CASSQDGNRPEQYF	1
CASSQDGLNEQFF	1
CASSQDDVKEQFF	1
CASSQDDVGSYNEQFF	1
CASSQDEDVGSFSEQFF	1
CASSQDESNQPQHF	1
CASSQDEKGYYNEQFF	1
CASSQDESVGTFPYEQYF	1
CASSQDIGLYNEQFF	1
CASSQDIAGGYEQYF	1
CASSQDMASGRRSYNEQFF	1
CASSQDMALLRNEQFF	1
CASSQDIDSSYNEQFF	1
CASSQDTSTTYNEQFF	1
CASSQDTPDTQYF	1
CASSQDTSGRLTYEQYF	1
CASSQDTGGLYEQYF	1
CASSQDSRGLYEQYF	1
CASSQDSRKETQYF	1
CASSQDSAGRYQPQHF	1
CASSQDSAGNTEAFF	1
CASSQDSGSSYNEQFF	1
CASSQDRWQLFNQPQHF	1
CASSQDRAGGHETQYF	1
CASSQDRGWGNTEAFF	1
CASSQDRTGAFGYTF	1
CASSQDRSYWDRERGEQYF	1
CASSQDRETQYF	1
CASSQDNEGGYNYGYTF	1
CASSQDNGQGAETQYF	1
CASSQDNRRMTNYGYTF	1
CASSQDNNRGQPQHF	1
CASSQDSFPGSLGLGVLHF	1
CASSQDYGSYEQYF	1
CASSQDLGGSYNEQFF	1
CASSQDPPSGSADTQYF	1
CASSQDPTSSYNEQFF	1
CASSQDPESYEQYF	1
CASSQDPGQSTDTQYF	1
CASSQDRAGQGSTREQYF	1
CASSQDRTGGFEQYF	1
CASSQDRTGGAGGYTF	1
CASSQDHSGGAKPQHF	1
CASSQDVRQGEGQYF	1
CASSQDAARRLDSYNEQFF	1
CASSQDAGTSFFEQYF	1
CASSQDASGRQDTQYF	1
CASSQDGSYTGELFF	1
CASSQDGRDPYNEQFF	1
CASSQDGQGSGELFF	1
CASSQDERAGYNEQFF	1
CASSQDMVGEQYF	1
CASSQDIGRDTQYF	1
CASSQDTIAGGPSGELFF	1
CASSQDRWYGYTF	1
CASSQDRVTEAFF	1
CASSQDREVSPLHF	1
CASSQDRTGNRPSGNTIYF	1
CASSQDRNLGQPQHF	1
CASSQDKREGPYEQYF	1
CASSQDKLGPETQYF	1
CASSQEFFFGGQLNTGELFF	1
CASSQELGPNTGELFF	1
CASSQEWVTGELFF	1
CASSQEWSLQGGVQPQHF	1
CASSQEYTGELFF	1
CASSQELAVDYEQYF	1
CASSQELAGVPDTQYF	1
CASSQEPSGSSPYNEQFF	1
CASSQEPRIGVSYEQYF	1
CASSQEPPPDTDTQYF	1
CASSQERGLQETQYF	1
CASSQERRESNEQFF	1
CASSQERELYNEQFF	1
CASSQEQAKFGNTGELFF	1
CASSQEVGDWQETQYF	1
CASSQEVRGSGANVLTF	1
CASSQEAYSLDIQYF	1
CASSQEARGVGNEKLFF	1
CASSQEALAGEDTGELFF	1
CASSQEAVSYEQYF	1
CASSQEAGTINEQFF	1
CASSQEARKNNSPLHF	1
CASSQEAPLAGGSDTQYF	1
CASSQEAARRQFF	1
CASSQEAGASTDTQYF	1
CASSQEGTEAFF	1
CASSQEGSNYEQYF	1
CASSQEGARNEQFF	1
CASSQEGGNWNEQFF	1
CASSQEGGIRHGTGELFF	1
CASSQEGNPGDAYGYTF	1
CASSQEIRLAGTDTQYF	1
CASSQETPPYEQYF	1
CASSQETSGSYEQYF	1
CASSQETGGRGYTF	1
CASSQESGSSYNEQFF	1
CASSQESGPDRSYGYTF	1
CASSQESTGYKAFF	1
CASSQESGGGTDTQYF	1
CASSQESGRVNGELFF	1
CASSQERRGNYGYTF	1
CASSQELTLGYEQYF	1
CASSQELVGEGRSETQYF	1
CASSQELGGSYNEQFF	1
CASSQESGQGFSNIQYF	1
CASSQEWTNNEQFF	1
CASSQEWTGLQETQYF	1
CASSQEYLYEQYF	1
CASSQELAGSYNEQFF	1
CASSQELAGVTGELFF	1
CASSQEPSAGTGNTGELFF	1
CASSQEPGRAYNEQFF	1
CASSQEPGYTGELFF	1
CASSQEPTSTDTQYF	1
CASSQEPPPGFTEAFF	1
CASSQEQGTDTQYF	1
CASSQEVGTSGYNEQFF	1
CASSQEATRRPSGLDTQYF	1
CASSQEAGGSYEQYF	1
CASSQEGLSGETQYF	1
CASSQEGVSRESDTQYF	1
CASSQEGGQGLHEQYF	1
CASSQEGGRVHEQFF	1
CASSQEGRGREQYF	1
CASSQEGRAGGPYEQYF	1
CASSQEGVRFEKLFF	1
CASSQEGAGSLETQYF	1
CASSQEGAGYNEQFF	1
CASSQEGGSGELFF	1
CASSQEGGGYEQYF	1
CASSQEDGGPAGELFF	1
CASSQEEEFTEAFF	1
CASSQETDRNNEQFF	1
CASSQETMNTEAFF	1
CASSQETKTDTQYF	1
CASSQETRWENIQYF	1
CASSQESGSAYEQYF	1
CASSQERGNWGEQFF	1
CASSQENMGEQYF	1
CASSQENGKPPYEQYF	1
CASSQENTGGYEQYF	1
CASSQISTSLEGYTF	1
CASSQIGPYEQYF	1
CASSQIDNAYEQYF	1
CASSQMGETQYF	1
CASSQMERGTEAFF	1
CASSQTSRRTGELFF	1
CASSQTSFYEQYF	1
CASSQTSGRLNEQFF	1
CASSQTSGERSDTQYF	1
CASSQTGSRDGGNEQFF	1
CASSQTGFQETQYF	1
CASSQTGTSGSETQYF	1
CASSQTGTGAYEQYF	1
CASSQTGTGGNEQFF	1
CASSQTVRTSGTSSYNEQFF	1
CASSQTVRSTDTQYF	1
CASSQTGFGGNTIYF	1
CASSQTDRGEETQYF	1
CASSQTQGGETQYF	1
CASSQTDVGNTIYF	1
CASSQSPSVSTDTQYF	1
CASSQSAGTGELFF	1
CASSQRTGNTEAFF	1
CASSQRRLAGGPTDIQYF	1
CASSQRLAGEGEQFF	1
CASSQRLAGNHDEQYF	1
CASSQNRDPGYNEQFF	1
CASSQNLAGGETQYF	1
CASSQNVDATNYGYTF	1
CASSQKALPGTYEQYF	1
CASSQKFLAEADVYEQFF	1
CASSQKLDRGMYNEQFF	1
CASSVGALAGAGELFF	1
CASSVSGRGSYEQYF	1
CASSVRDSRTGELFF	1
CASSVRDRVPYEQYF	1
CASSVGQGLYEQYF	1
CASSVSRGGELFF	1
CASSVHRWGSSYNEQFF	1
CASSVDRGADYGYTF	1
CASSVTSGSSYNEQFF	1
CASSVLEVGELFF	1
CASSVPGGAEGFSSYNEQFF	1
CASSVQQGLEQYF	1
CASSVGSFANTGELFF	1
CASSVDYSYNEQFF	1
CASSVTSGVISYEQYF	1
CASSAYGQGARGVDPPDTQYF	1
CASSAGWSEQYF	1
CASSAFTAKTDTQYF	1
CASSALGGRDIQYF	1
CASSAPGLLRDTQYF	1
CASSAPTDGVGSPLHF	1
CASSARQGEETQYF	1
CASSARDFSHPYEQYF	1
CASSAGVSGSGPDTQYF	1
CASSAGTSGTHEQYF	1
CASSAGRPLTDTQYF	1
CASSAGQLDTGELFF	1
CASSADSGTRKRNIQYF	1
CASSATGTKNTEAFF	1
CASSANSRDTQYF	1
CASSASTGAADTQYF	1
CASSALSSKNIQYF	1
CASSAGVRTGGFNEQFF	1
CASSAGLAGGPRYEQFF	1
CASSADRASYEQYF	1
CASSATGSTYEQYF	1
CASSAQQGPGELFF	1
CASSAQTGVASEKLFF	1
CASSAAGGYNEQFF	1
CASSAGLAGADTQYF	1
CASSATSGGSTDTQYF	1
CASSGGGSTDTQYF	1
CASSGGPLRLGYEQYF	1
CASSGRRGPSTDTQYF	1
CASSGRDRANTGELFF	1
CASSGGSSYNEQFF	1
CASSGDSYNEQFF	1
CASSGKAQGLLSYNEQFF	1
CASSGAQREGPEQYF	1
CASSGASSTDTQYF	1
CASSGGAGSYNEQFF	1
CASSGGVLGNSPLHF	1
CASSGGLSSYNEQFF	1
CASSGGTASSYNSPLHF	1
CASSGGQGSYEQYF	1
CASSGGQGRDNEQFF	1
CASSGDRIRQYF	1
CASSGTDTLNTEAFF	1
CASSGTSGSTDTQYF	1
CASSGSGVKNIQYF	1
CASSGSGAGELFF	1
CASSGWTSGRWYEQFF	1
CASSGQPSTDTQYF	1
CASSGQGWSTDTQYF	1
CASSGQGDGGSPLHF	1
CASSGAGTSGTYEQYF	1
CASSGGAGGYEQYF	1
CASSGGQGSYNEQFF	1
CASSGEGPYTGELFF	1
CASSGTGGSYEQYF	1
CASSGNNTYEQYF	1
CASSDFTEAFF	1
CASSDYWGEAKNIQYF	1
CASSDLGTSGGTGELFF	1
CASSDPGQGADYEQYF	1
CASSDPGDPEAFF	1
CASSDPGQSYEQYF	1
CASSDGGTSGLTYEQYF	1
CASSDGTSGRENTGELFF	1
CASSDGWTGGYGTGELFF	1
CASSDNSDRLHNEQFF	1
CASSDSYEQYF	1
CASSDPGRASYEQYF	1
CASSDQPGSYEQYF	1
CASSDGLDNEQFF	1
CASSDTSGSTDTQYF	1
CASSDTGTVNTGELFF	1
CASSESGSADTQYF	1
CASSEPDSTDTQYF	1
CASSEGLGGNGYNEQFF	1
CASSEGLGGYTF	1
CASSEGSGELFF	1
CASSEGLAAHNEQFF	1
CASSEGRQGYSPLHF	1
CASSEGQGAYEQYF	1
CASSERGDTQYF	1
CASSELGRSEQPQHF	1
CASSELTVRSLTDTQYF	1
CASSEPLGEKLFF	1
CASSERPGVEYNEQFF	1
CASSEQGGGTEAFF	1
CASSEQGATDTQYF	1
CASSEGQNYGYTF	1
CASSEDGLAGAVETQYF	1
CASSESGSVDEQFF	1
CASSERGYTEAFF	1
CASSIGTSGSTDTQYF	1
CASSIGTGGSFGTEAFF	1
CASSIPVMGLQTGELFF	1
CASSIRQGSGNIQYF	1
CASSIRTGSGANVLTF	1
CASSIDRGPDEQYF	1
CASSMPGGSSTGELFF	1
CASSMGQGVLAAFF	1
CASSMTSGVYRRDTQYF	1
CASSMTSGSRTGELFF	1
CASSISRDQMNTEAFF	1
CASSIRKTSGKSDTQYF	1
CASSIHESGTEAFF	1
CASSIEPGLDSYEQYF	1
CASSISGRPGQETQYF	1
CASSTSGTPGGYGYTF	1
CASSTLGTSEETQYF	1
CASSTPLTRGSAKNIQYF	1
CASSTVSTGTSSDEQFF	1
CASSTSDESGNEQFF	1
CASSTNRGQEAFF	1
CASSTLLDDTQYF	1
CASSTPSQYEQYF	1
CASSTRTGGGEQFF	1
CASSTRTGPMNTEAFF	1
CASSTQGTFSGNTIYF	1
CASSTALGSEQYF	1
CASSTGLTGQAYEQYF	1
CASSTGDINTGELFF	1
CASSTGTAGNTIYF	1
CASSTGTEETQYF	1
CASSTGTSGLHNEQFF	1
CASSTGTGGPDTQYF	1
CASSTGLAGDYEQYF	1
CASSTGASKDTQYF	1
CASSTELAGTDTQYF	1
CASSTITDTQYF	1
CASSTTGDDEQFF	1
CASSTGQTTNEKLFF	1
CASSTTSGIEQYF	1
CASSTNVPYNEQFF	1
CASSTQLSPYNEQFF	1
CASSTQGASNEQYF	1
CASSTGPGQGSYEQYF	1
CASSTGTEQFF	1
CASSTGLAGAFTDTQYF	1
CASSSPSTDTQYF	1
CASSSDTMNTEAFF	1
CASSSPGLAYTGELFF	1
CASSRLNLGTGELFF	1
CASSRVGNGELFF	1
CASSRVEADGDEQFF	1
CASSRGFSYEQYF	1
CASSRGLAGDFLYEQYF	1
CASSRDPSSYEQYF	1
CASSRETGVNTEAFF	1
CASSRTSGVWEQYF	1
CASSRTGGEYEQYF	1
CASSRTGGGYEQFF	1
CASSRTGEIYEQYF	1
CASSRSSGSGEQYF	1
CASSRSGVEEQYF	1
CASSRAGVTGELFF	1
CASSRGQGPLSSLEQYF	1
CASSRDGLEGYGYTF	1
CASSRIYTGTGDEKLFF	1
CASSRSGKETQYF	1
CASSNRGYSGSGNIQYF	1
CASSNRDRVVDIQYF	1
CASSNGGRNNEQFF	1
CASSNTDTQYF	1
CASSKGLNTGELFF	1
CASSKDGQSSYEQYF	1
CASSKDSSYNEQFF	1
CASSKDRYEQYF	1
CASSKEVWGSDTQYF	1
CASSKTSGMYNEQFF	1
CASSKLAGEISEQFF	1
CASSKASRQANTGELFF	1
CASRSETNTGELFF	1
CASRWTSGSSYEQYF	1
CASRYRGGEAGELFF	1
CASRYREGGFNEQFF	1
CASRLDSLSTDTQYF	1
CASRPWDKDYEQFF	1
CASRPGQGGYEQYF	1
CASRPDRNYGYTF	1
CASRPIVTYNEQFF	1
CASRPSTTGDRTYEQYF	1
CASRPKNGWTEAFF	1
CASRQGTGTGGNTIYF	1
CASRVLAGGPNEQFF	1
CASRVQVDQPQHF	1
CASRVRAQETQYF	1
CASRVGGDNQQFF	1
CASRAYDRDQETQYF	1
CASRAVARPDTQYF	1
CASRAGPSSYEQYF	1
CASRGLGASPLHF	1
CASRGSRPESTNEKLFF	1
CASRGLSGSIEQYF	1
CASRGSRGETQYF	1
CASRGVGNYEQYF	1
CASRGVGQGSYEQYF	1
CASRGGVLGNEQFF	1
CASRGEGAGRRTEAFF	1
CASRGNTGRGYGYTF	1
CASRGLADSYNEQFF	1
CASRGQGAYTGELFF	1
CASRDLVSYEQYF	1
CASREGVNQPQHF	1
CASRELAGIGEQFF	1
CASRTGTVSYEQYF	1
CASRTREGFTTDTQYF	1
CASRSGPDTQYF	1
CASRRSHRTDTQYF	1
CASRRAGVGDTQYF	1
CASRRDTEAFF	1
CASRRTGNYGYTF	1
CASRRLEGGNEQFF	1
CASRFKSPGGRGKGTQYF	1
CASRLAGGSYEQYF	1
CASRLAGGPDTQYF	1
CASRSSGGEYNEQFF	1
CASRSGTSGNEQFF	1
CASRSESYEQYF	1
CASRSSYEQYF	1
CASRSGNSGANVLTF	1
CASRLTEGVEQFF	1
CASRPWDKTGELFF	1
CASRPSGTTGELFF	1
CASRPSVDTGELFF	1
CASRPGTGISAFF	1
CASRPGTMNEQFF	1
CASRPDHNYGYTF	1
CASRPGYEQYF	1
CASRPTPGNIQYF	1
CASRPQGDYEQYF	1
CASRPGDKGNSYEQYF	1
CASRPGQGSETQYF	1
CASRRRDSVNEKLFF	1
CASRRADLNTEAFF	1
CASRRTGNEQFF	1
CASRRTSGDNTGELFF	1
CASRHRVVGTDTQYF	1
CASRQGALQYQETQYF	1
CASRQGANTEAFF	1
CASRQSVSGANVLTF	1
CASRQTDSYNEQFF	1
CASRVQRLSYNEQFF	1
CASRGSYNEQFF	1
CASRGIHGTDTQYF	1
CASRGTSWDTQYF	1
CASRDGKGTDTQYF	1
CASRDGLARATDTQYF	1
CASRDTGSDYGYTF	1
CASRILAGEQDTQYF	1
CASRIDPGQGDGYTF	1
CASRTAGNTGELFF	1
CASRTGALGHYEQYF	1
CASRTDGQTSTDTQYF	1
CASRTGTSGNEQFF	1
CASRRGLAGIGNEQFF	1
CASRKTPSGSDNEQFF	1
CASRKTGQGYGYTF	1
CASNLAGQGGEQFF	1
CASNPDRNTGELFF	1
CASNAGGSTDTQYF	1
CASNRQEPTDTQYF	1
CASNLAGGRETQYF	1
CASNYPDDRAGNTGELFF	1
CASNPPGDKSYNEQFF	1
CASNPQGPNNEQFF	1
CASNPRDSTEAFF	1
CASNPSPTYSIQYF	1
CASNAFPGQGSNEQFF	1
CASNRLSGTGELFF	1
CASKFRSGSSYNEQFF	1
CASKPSTRDPYNEQFF	1
CASKGSSTDTQYF	1
CASKGQGAYEQYF	1
CASKFIGGRDEQYF	1
CASKSGAKAVEQYF	1
CASKSGAEPSSYNSPLHF	1
CASKPGTSGKGETQYF	1
CASKQGAGTEAFF	1
CASKEQANTGELFF	1
CASKILAGVLNEQFF	1
CARREGRWMETQYF	1
CARSMVREAYEQYF	1
CARLRGGGVWREQYF	1
CARAPRGGESYEQYF	1
CARAGVDYEQYF	1
CAGSVTFINQPQHF	1
CASSQTPSDRASADTQYF	1
CGLRFSGANVLTF	1
CGGDRGNEQYF	1
CGEQFF	1
CGPLNSDWETQYF	1
CGAGGGTGELFF	1
CILSPTPRDYEQYF	1
CTLLRGTEAFF	1
CTAHLNTEAFF	1
CTGTGISTDTQYF	1
CSLKGRLGTPFRGGSYEQYF	1
CSSTGTGYYNEQFF	1
CSSHTGKVSKEQYF	1
CSSSPGGEAFF	1
CSSGEVTSYNSPLHF	1
CSYLVGPSGTQYF	1
CSPAVGTIKYGYTF	1
CSPKGGDTDTQYF	1
CSPKNHYEQYF	1
CSPPTGTGNEKLFF	1
CSPRLAGLYEQYF	1
CSPAAGGDKNIQYF	1
CSPGRSSYNEQFF	1
CSPRRDSGNEQFF	1
CSPKPEPQYF	1
CSRTGDYGYTF	1
CSQGSPYEQYF	1
CSVSTRTYNEQFF	1
CSVSRSGGRKSNGYTF	1
CSVYPADYNEQFF	1
CSVPLSGGTETQYF	1
CSVPDRGASYEQYF	1
CSVPGQGIEKLFF	1
CSVRDSGQFSYEQFF	1
CSVRRTQETQYF	1
CSVSGTSNTGELFF	1
CSVRPAGYTF	1
CSVLVGQGAITLHF	1
CSVPGRSSYEQYF	1
CSVPWRQSMNTEAFF	1
CSVPGDTGELFF	1
CSVRPRHLTFLYEQYF	1
CSVRVAGGPYEQYF	1
CSVQYVASGSNEQFF	1
CSVAGQVGYEQYF	1
CSVAGLAEETQYF	1
CSVGGFTDTQYF	1
CSVGTGEQFF	1
CSVGASTNEKLFF	1
CSVIRTSGNPGIQYF	1
CSVRLNLRGTQYF	1
CSVRGHPLEEQYF	1
CSVRGTQGASYEQYF	1
CSVWEGRTGELFF	1
CSVLRAQGAYEQYF	1
CSVPRGELYRYTF	1
CSVGETEYYEQYF	1
CSVSPDAEETQYF	1
CSVWDGSTDTQYF	1
CSVRRASSTDTQYF	1
CSVRLEAKNIQYF	1
CSVGSGLYNEQFF	1
CSVTTETWGEQYF	1
CSVTSWGGELFF	1
CSAFVRTSNYGYTF	1
CSAFEPQGRRNF	1
CSAFSLGLAWIEERFF	1
CSAFSGSLQTQYF	1
CSALGGSYNEQFF	1
CSALGGISYEQYF	1
CSALTGGYYEQYF	1
CSALRRDASTDTQYF	1
CSALQGRGTDTQYF	1
CSALAEAPRDTQYF	1
CSASDRVNQPQHF	1
CSASIGGVGYEQYF	1
CSASMDTYEQYF	1
CSASTGTAGEQYF	1
CSASSPGAEFF	1
CSASLRRVYEQYF	1
CSASLSRGNTGELFF	1
CSASPLSSYGYTF	1
CSASRDRVNPLHF	1
CSASRDRTNTEAFF	1
CSASVASTDTQYF	1
CSASGGLGKNIQYF	1
CSASGTSGSTDTQYF	1
CSASGTDLLEQYF	1
CSASGTGGDQPQHF	1
CSASGRVKTQYF	1
CSASEQNEQYF	1
CSASRAGYNSPLHF	1
CSASRGHLSNEQYF	1
CSASALAQYF	1
CSASRRGQPQHF	1
CSASKAGVVPGELFF	1
CSACPDTDTQYF	1
CSACHDSSYEQYF	1
CSACERGHEKLFF	1
CSAWSGTNSYEQYF	1
CSAWPTGGNTEAFF	1
CSAWGREADSYNEQFF	1
CSAWGTGNTEAFF	1
CSAWGLKVTDTQYF	1
CSAWGQANYEQYF	1
CSAWTGRKEKLFF	1
CSAWTRAGDEKLFF	1
CSAWTVSDYNEQFF	1
CSAYPGTSYEQYF	1
CSAYSGRQNEQFF	1
CSAYPSTDTQYF	1
CSAYPAGAGTGELFF	1
CSAYRMNEQFF	1
CSAYRQMEYEQYF	1
CSAYHDEQFF	1
CSAYATSGSNEQFF	1
CSAYELTGGNTEAFF	1
CSALPRGRGTDTQYF	1
CSALRDRGNNEQFF	1
CSALTDRDNSPLHF	1
CSALSGSSYNEQFF	1
CSALLGRQGTPYEQYF	1
CSALRTDRTGELFF	1
CSALRAGGDNEQFF	1
CSALGLSDSYNEQFF	1
CSALGPRAGNTIYF	1
CSALDPTSVYNEQFF	1
CSALEGRYPNTGELFF	1
CSALSPGQGAGEQYF	1
CSALNLAGGESGELFF	1
CSALQTILVYEQYF	1
CSALAGRLAGKSNYEQYF	1
CSALDSYEQYF	1
CSALERTGFVEQYF	1
CSALRESYEQYF	1
CSALLGYRGSEQYF	1
CSALQGAFFTEAFF	1
CSALATSGIYNEQFF	1
CSALGSPSYNEQFF	1
CSALRAQTGAYEQYF	1
CSAPRRGHNEQFF	1
CSAPRSGGNTGELFF	1
CSAPHGAGETQYF	1
CSAPDRGQETQYF	1
CSAPIDAETQYF	1
CSAPTSSASAPL	1
CSAPSGGSYNEQFF	1
CSAPSGPHSGNTIYF	1
CSAPLGLAAYEQYF	1
CSAPLAGGPNQETQYF	1
CSAPPPGGTSYEQYF	1
CSAPPPGTGGGDTQYF	1
CSAPPTPENYGYTF	1
CSAPPGRINTEAFF	1
CSAPRSSGSFEQYF	1
CSAPRTDTQYF	1
CSAPRWSTRRHEQFF	1
CSAPQQLAGGETQYF	1
CSAPGTGPHYNEQFF	1
CSAPGTGGRTSKAEQYF	1
CSAPMGEKLFF	1
CSAPTGVGYEQYF	1
CSAPRDLSYTEAFF	1
CSAPNPRNRGRTEAFF	1
CSAPNDNLFRKRAFF	1
CSAPFNRRKQETQYF	1
CSAPVHSNQPQHF	1
CSAPGQEEDGYTF	1
CSAPDKSGANVLTF	1
CSAPIWDRGTDTQYF	1
CSAPTSGNTGELFF	1
CSAPRGGSYEQYF	1
CSAPRLAGDWYEQYF	1
CSAPSSGIGSYEQYF	1
CSAPSTEADTQYF	1
CSAPPRDPKIEAKNIQYF	1
CSAPRTGSGGSDQTRTDTQYF	1
CSAPRGGRGYGYTF	1
CSARYRGRGYTF	1
CSARPNRPGLAGREQYF	1
CSARSGTYNEQFF	1
CSARKTGELFF	1
CSARRDRGSGYTF	1
CSARAGPNEKLFF	1
CSARQSSYEQYF	1
CSARGVGTGYGYTF	1
CSARGLANDYQETQYF	1
CSARTEGTDTQYF	1
CSARTSGGLYEQYF	1
CSARLAGGPNEQFF	1
CSARPRDGERLL	1
CSARPSTEYSPLHF	1
CSARPGGQPQHF	1
CSARHRGRRTGELFF	1
CSARQDGATEAFF	1
CSARTSGPNTGELFF	1
CSARTSQGIISPLHF	1
CSARTGRDTEAFF	1
CSARNRDRVNTGELFF	1
CSAHPGQGAVEQYF	1
CSAHAMTSGRGSYNEQFF	1
CSAHDSGASAKYNEQFF	1
CSAHSGRSTDTQYF	1
CSAHRTGDTEAFF	1
CSAHRGESYEQYF	1
CSAQPRLANQPQHF	1
CSAQPGTTSYEQYF	1
CSAQGALSEAFF	1
CSAQDRNSNQPQHF	1
CSAQTSGSVNEQYF	1
CSAQTSGRENTGELFF	1
CSAQRSGLPYEQYF	1
CSAQLASNQPQHF	1
CSAQQLNNEKLFF	1
CSAQGQGAALWLWGYTF	1
CSAQDRDVDEKLFF	1
CSAQEGGSTDTQYF	1
CSAVDRDHRYEQYF	1
CSAVSGSSYNEQFF	1
CSAVLPGTSGETQYF	1
CSAVQGRGYGYTF	1
CSAVRGLNEQFF	1
CSAVPGLLWGGYTF	1
CSAVREGGRKETQYF	1
CSAVGRTVDQPQHF	1
CSAVAYTGELFF	1
CSAASPKLAGRTDTQYF	1
CSAASGRNTGELFF	1
CSAANRGKIYEQYF	1
CSAASSQGGRGYTF	1
CSAASDRGPYEQYF	1
CSAALARAVSKSPLHF	1
CSAAPGTYNEQFF	1
CSAAPLNRVFQTQYF	1
CSAAPGGEPYGQYF	1
CSAAQAYAQETQYF	1
CSAAGLASYNEQFF	1
CSAAGHVVYF	1
CSAARTRIYNEQFF	1
CSAAQTGRSYNEQFF	1
CSAAGGAKSSNTEAFF	1
CSAAMQGDLGGYTF	1
CSAATGPPNTGELFF	1
CSAAGTSGSYEQYF	1
CSAGRLAVGNEQFF	1
CSAGGRDSTYGYTF	1
CSAGPLQRFLNEKLFF	1
CSAGRRSYEQYF	1
CSAGGRGTDTQYF	1
CSAGGLSNQPQHF	1
CSAGGRNYEQYF	1
CSAGSTSGRATSYEQYF	1
CSAGRLAGNSYEQYF	1
CSAGGGGSYEQYF	1
CSAGDLEEDTQYF	1
CSAGTISNTQYF	1
CSAGNRAGADTQYF	1
CSAGSGTGNYEKLFF	1
CSAGPGQGRVKNIQYF	1
CSAGHRVSYTF	1
CSAGQFPGQYF	1
CSAGGLQGLYEQYF	1
CSAGGKSSYEQYF	1
CSAGDLFSNPSTYEQYF	1
CSAGTSSGYNNEQFF	1
CSAGTGQISYEQYF	1
CSAGTGGITEAFF	1
CSADEGYYNEQFF	1
CSADRDSTYEQYF	1
CSADRYTASSYNEQFF	1
CSADDGQGGTEAFF	1
CSAELDFSSYNEQFF	1
CSAEAIPAKNIQYF	1
CSAEDRGSSYGYTF	1
CSAERVGTDTQYF	1
CSAELQRVSGYTF	1
CSAELLAGGYEQYF	1
CSAEPLWGAKNIQYF	1
CSAEPTTGTDTQYF	1
CSAEQGDSPLHF	1
CSAEQDEQYF	1
CSAEVGTDTQYF	1
CSAESWLARYSYEQYF	1
CSAENSPAGGIDEQFF	1
CSAISSGRRETQYF	1
CSAISKQVSYNEQFF	1
CSAISPGRDRTDTQYF	1
CSAIVRSGRGGRYEQYF	1
CSAIAGVGETQYF	1
CSAIGGRAREQFF	1
CSAIGGLSNQPQHF	1
CSAIISGSGYNEQFF	1
CSAIISSGRSTEQFF	1
CSAITRGWDGYTF	1
CSAISGEETQYF	1
CSAISGSSYNEQFF	1
CSAIRTGNSPLHF	1
CSAISSGRAVGEQYF	1
CSAISRTGPNSPLHF	1
CSAILQVQETQYF	1
CSAILGQGVQETQYF	1
CSAILEGAYEQYF	1
CSAILASAGQFF	1
CSAIPFSSGESSSYNSPLHF	1
CSAIPAVAGWNNEQFF	1
CSAIRGGSSTDTQYF	1
CSAIRDRVKGTEAFF	1
CSAIRDRATVNEKLFF	1
CSAIRDRDHEQYF	1
CSAIQTGPTDEKLFF	1
CSAIGGRDLYNEQFF	1
CSAIGLAGGNYEQYF	1
CSAIDHSGGNTGELFF	1
CSAIERQETQYF	1
CSAIEREGLDTQYF	1
CSAMLLAASTDTQYF	1
CSAMYRMTDTQYF	1
CSAMLPGHSYEQYF	1
CSAMGQSSSYEQYF	1
CSAMGRKRYF	1
CSAMGQGAATNEKLFF	1
CSAMDRQAGGTDTQYF	1
CSAMDIAGLYNEQFF	1
CSAMTGSSYEQYF	1
CSAIYDFVSVAFF	1
CSAIYPGDREGNEQFF	1
CSAIRWTGYQPQHF	1
CSAIRGWAARRVDYGYTF	1
CSAIQGDYGYTF	1
CSAIAGRGYNEQFF	1
CSAIGPRDTGELFF	1
CSAIGGGRYNEQFF	1
CSAIGWNSGTDTQYF	1
CSAIGRKNTGELFF	1
CSAIIAGFQETQYF	1
CSAIKVGGNTEAFF	1
CSATWGNEQFF	1
CSATYLAGGSYNEQFF	1
CSATLQGYQPQHF	1
CSATPRLALSYEQYF	1
CSATPGKSGSGELFF	1
CSATPRDRFVIGEKLFF	1
CSATRRGGSGTDTQYF	1
CSATRTGNTGELFF	1
CSATVQGSNTGELFF	1
CSATGYYGYTF	1
CSATDRYSNQPQHF	1
CSATIAGGSSYEQYF	1
CSATTLAGGPTDTQYF	1
CSATTGASTDTQYF	1
CSATSGTDTQYF	1
CSATSNEQFF	1
CSATLAGGPDTQYF	1
CSATPEADTQYF	1
CSATPTDYEQYF	1
CSATRGTSGSYNEQFF	1
CSATRDFISYEQYF	1
CSATRDSSTDTQYF	1
CSATRTGGYGYTF	1
CSATRQGEDYSPLHF	1
CSATQPGINNEQYF	1
CSATVFSETQYF	1
CSATVSGTGNEQFF	1
CSATVLSSYEQYF	1
CSATVLPYEQYF	1
CSATAGQGREETQYF	1
CSATGTSGSYEQYF	1
CSATGTRDYEQYF	1
CSATGTGNIQPQHF	1
CSATGFTHEQYF	1
CSATDLAGGYYEQYF	1
CSATISYEQYF	1
CSATIQGNTEAFF	1
CSATIAGGPPSYEQYF	1
CSATTGLAVYNEQFF	1
CSATRGSDSYEQYF	1
CSATRLGGQGFGYTF	1
CSATKGWGSTEAFF	1
CSATLTNSYEQYF	1
CSATSSTYNEQFF	1
CSATSPTTGTYEQYF	1
CSATYQRGLTDTQYF	1
CSATPQETQYF	1
CSATAGGYRAQPQHF	1
CSATGTSGSGGELFF	1
CSATGTEDYYEQYF	1
CSATDLLAKNIQYF	1
CSATDVNEQFF	1
CSATDDEQYF	1
CSATDSPHEQYF	1
CSATTYREVNTEAFF	1
CSATTGTRSYEQYF	1
CSATTGAGDTEAFF	1
CSATTGGTNYGYTF	1
CSATRQSTDTQYF	1
CSATNRDKRYEQYF	1
CSATWMYGYTF	1
CSATWTSGTGELFF	1
CSATLSGGYISYEQYF	1
CSATLGGDRSSYNSPLHF	1
CSATGVTEAFF	1
CSATGGRDYGYTF	1
CSATIRTSGGPYNEQFF	1
CSATSFRDRSTDTQYF	1
CSATSHEQYF	1
CSASFAGGNEQFF	1
CSASLGSTDTQYF	1
CSASLGPRDNSPLHF	1
CSASLTGINSPLHF	1
CSASSAGGPTDTQYF	1
CSASSGDEQFF	1
CSASSQRGESNQPQHF	1
CSASSQQAEQFF	1
CSASSVRSSTEAFF	1
CSASSGLAGEGENIQYF	1
CSASSYRNNQPQHF	1
CSASWGLKGSGSVGYEQYF	1
CSASYEAGNNEQFF	1
CSASLGTSNFDEQFF	1
CSASLSGGGQETQYF	1
CSASLLGPSYGYTF	1
CSASLRTDSTDTQYF	1
CSASLHYTGELFF	1
CSASLVGFNQPQHF	1
CSASLGFSTDTQYF	1
CSASLGETQYF	1
CSASLTAGDTGELFF	1
CSASPPTNTEAFF	1
CSASPRGYGYEQYF	1
CSASPLGTGPYGYTF	1
CSASPGTGNTRSRNQPQHF	1
CSASPGVAGGTRADTQYF	1
CSASPGARLGTQYF	1
CSASPMEGYQPQHF	1
CSASPTYTGELFF	1
CSASPDTYNEQFF	1
CSASPSTDTQYF	1
CSASRQADQPQHF	1
CSASRRESNYGYTF	1
CSASRPSGYNEQFF	1
CSASRASGVYNEQFF	1
CSASRGGPGNEQFF	1
CSASRLAGFPYSYEQYF	1
CSASRQGRSYNEQFF	1
CSASHPRSGSYNEQFF	1
CSASQLYSNQPQHF	1
CSASVASTEAFF	1
CSASVQGASNEQYF	1
CSASVTGDYYGYTF	1
CSASVSGRRMNEQFF	1
CSASAEGFVAEAFF	1
CSASAGQAGYTF	1
CSASAGGQETQYF	1
CSASGDSTNHYEQYF	1
CSASGSSYEQYF	1
CSASGGSLGYNEQFF	1
CSASGGSYEQYF	1
CSASGQF	1
CSASGQGTGYGYTF	1
CSASGVGELFF	1
CSASGATGSSYEQYF	1
CSASGASPRETQYF	1
CSASGGIAYNEQFF	1
CSASGGQGVNQPQHF	1
CSASGEDFTDTQYF	1
CSASGTSVYNEQFF	1
CSASDRKTFFYEQYF	1
CSASEPRDTQYF	1
CSASIVGIPWEQYF	1
CSASIRVNVEAFF	1
CSASMTGDTGELFF	1
CSASMRNEQYF	1
CSASIATNEKLFF	1
CSASIGSDTQYF	1
CSASTRGAFGNTIYF	1
CSASTGTSGSSYNEQFF	1
CSASTWKGRTNEQFF	1
CSASSSGTGATDTQYF	1
CSASSLQGKNIQYF	1
CSASSGVTEAFF	1
CSASRSDEKLFF	1
CSASRPRSNQPQHF	1
CSASRAVNQPQHF	1
CSASRGRSYNEQFF	1
CSASRPQETQYF	1
CSASNRDRRYGYTF	1
CSASNSGNIAGELFF	1
CSASKSANQPQHF	1
CSASKVRGTEAFF	1
CSASKETSENTDTQYF	1
CSASKGGSPEPQHF	1
CSASKDYEQYF	1
CSASFRRANEKLFF	1
CSASLGPSAGGIYEQYF	1
CSASSRTNSPLHF	1
CSASWRSANYGYTF	1
CSASLEQFF	1
CSASPWGLAGGSNEQFF	1
CSASPLAASYEQYF	1
CSASPPWGELTYEQYF	1
CSASPPDRFEETQYF	1
CSASPPAGLFYEQYF	1
CSASPREGRTDTQYF	1
CSASPGTGSSYEQYF	1
CSASPGAYEQYF	1
CSASPSAHNEQFF	1
CSASPKGREDTGELFF	1
CSASPTSGGGTDTQYF	1
CSASPNTGELFF	1
CSASPYGSSYNEQFF	1
CSASPLAGVSYEQYF	1
CSASRQGGGSPLHF	1
CSASRSKWQYF	1
CSASRLAGPYEQYF	1
CSASRLADATYF	1
CSASRREGRETQYF	1
CSASRGLAYEQYF	1
CSASRGLAGGGEQFF	1
CSASRDANTEAFF	1
CSASRDSYNEQFF	1
CSASRTGSYEQYF	1
CSASRTGGDNQPQHF	1
CSASRRNEQFF	1
CSASRQGETEAFF	1
CSASRGTVLSYNEQFF	1
CSASHSGRVDTQYF	1
CSASHRNGGYTF	1
CSASQGYEQYF	1
CSASVFSTDTQYF	1
CSASVRDIWGYTF	1
CSASVKGGDF	1
CSASAAGLAGQETQYF	1
CSASAGLAGGDTQYF	1
CSASASLNTGELFF	1
CSASGPSYNEQFF	1
CSASGGKTYNEQFF	1
CSASGTDTQYF	1
CSASGPTYEQYF	1
CSASGRSAYNEQFF	1
CSASGQGTYEQYF	1
CSASGDFLAKNIQYF	1
CSASGDTGELFF	1
CSASGDRSLTYEQYF	1
CSASGESPETQYF	1
CSASGIVSTDTQYF	1
CSASGILPYEQYF	1
CSASGTGTGELFF	1
CSASGTVTTNEKLFF	1
CSASGTGLETQYF	1
CSASGSFNYEQYF	1
CSASGSSYNEQFF	1
CSASGRALEDEQFF	1
CSASGRARHEQYF	1
CSASGRAVRPMGGETQYF	1
CSASGLAKNIQYF	1
CSASGLGSYNEQFF	1
CSASDLAKNIQYF	1
CSASDTGKEETQYF	1
CSASDGFAEQFF	1
CSASDTYGYTF	1
CSASDRVADTQYF	1
CSASEDRNQPQHF	1
CSASTLLGGGNTEAFF	1
CSASRLNQPQHF	1
CSASRVGFGNEQFF	1
CSASRDAAIYNEQFF	1
CSASRERYEQYF	1
CSASRTGYQETQYF	1
CSASNGAGVSTDTQYF	1
CSASKVNRNQPQHF	1
CSASKTGAGVYGYTF	1
CSARFRGQRFSGRGETQYF	1
CSARFRGLQGGELFF	1
CSARLAGGTVETQYF	1
CSARSSGNEQFF	1
CSARSPRDTGELFF	1
CSARSVAGLQETQYF	1
CSARSGRDQAFF	1
CSARSGQDYQPQHF	1
CSARSAGTGLSYEQYF	1
CSARWPVGQETQYF	1
CSARWAISSTDTQYF	1
CSARWGTEAFF	1
CSARLRAGYEQYF	1
CSARLPGLAGVVGSDYEQYF	1
CSARLLGFPSYEQYF	1
CSARLAGVWTGELFF	1
CSARPDRGISYEQFF	1
CSARPVGSGSYEQYF	1
CSARRRGRGLDTQYF	1
CSARRGRGMEFDTEAFF	1
CSARQLAGLYQEIQYF	1
CSARQAGQPQHF	1
CSARQGLGQNQPQHF	1
CSARQGAPYEQYF	1
CSARQELQTLHF	1
CSARQPAVGEQFF	1
CSARVLAHYGYTF	1
CSARVTWDNSYEQYF	1
CSARVQGRNTEAFF	1
CSARVGWLGNEQFF	1
CSARAAGLASEQYF	1
CSARAPVSGGDIQYF	1
CSARAGTGNTEAFF	1
CSARASTYEQYF	1
CSARADSQETQYF	1
CSARGYGGRAYEQYF	1
CSARGQGNQPQHF	1
CSARGGGNREAYEQYF	1
CSARGRANYGYTF	1
CSARGRRDFEYEQYF	1
CSARGQTNEKLFF	1
CSARGGGHTEAFF	1
CSARGTLSNTEAFF	1
CSARGSGSVKETDTQYF	1
CSARGLGGANSPLHF	1
CSARGAGNRQPQHF	1
CSARGAGNTEAFF	1
CSARGGWFNEQFF	1
CSARGGSDYEQYF	1
CSARGGNHQPQHF	1
CSARGGADQPQHF	1
CSARGGTGGTEAFF	1
CSARGGIPKNIQYF	1
CSARGDRDFYEQYF	1
CSARGELSYEQYF	1
CSARGTSDYEQYF	1
CSARGTEQYF	1
CSARGTGNTEAFF	1
CSARGWGGSNEQFF	1
CSARGLVTFEQYF	1
CSARGLAGGLSSYNEQFF	1
CSARGLAELAKNIQYF	1
CSARGPRDYYEQYF	1
CSARGQGYGAFF	1
CSARGGSDYEQYF	1
CSARDPGSGSEEQYF	1
CSARDDRFSDQPQHF	1
CSARDWAYEQYF	1
CSARDYSGPFYNEQFF	1
CSARDPDSPNYGYTF	1
CSARDRLAGDTGELFF	1
CSARDVGGPLRYEQFF	1
CSARDVGRADTQYF	1
CSARDTGRTNEKLFF	1
CSARDRSNQPQHF	1
CSARESRDYEQYF	1
CSAREVGLPYEQYF	1
CSAREEMHSYEQYF	1
CSARETGTRGGYTF	1
CSARESLGHEKLFF	1
CSARELAGVSYNEQFF	1
CSARELAGVDEQFF	1
CSARERGWPYEQYF	1
CSAREDYEQYF	1
CSARILTSGRPDTQYF	1
CSARISGAYNEQFF	1
CSARILTSGSADTQYF	1
CSARMRVADTQYF	1
CSARMSQETQYF	1
CSARIDGTYEQYF	1
CSARTSGSYEQYF	1
CSARTSGRSYEQYF	1
CSARTSGRTYEQYF	1
CSARTPVDEQFF	1
CSARTGPGESPLHF	1
CSARTDYEQYF	1
CSARTGRSSYNEQFF	1
CSARTGANEKLFF	1
CSARTGGYNEQFF	1
CSARTGNEGAFF	1
CSARTDTYEQYF	1
CSARSLDRSTDTQYF	1
CSARSGIYNEQFF	1
CSARRFGPLSQQFF	1
CSARRQDGETQYF	1
CSARRGDRGNAKNIQYF	1
CSARRGTGVNIQYF	1
CSARRGQGAYNEQFF	1
CSARRDKAIGSPLHF	1
CSARRLAGGMSYNEQFF	1
CSARKGVSPLHF	1
CSARKIAGGEQFF	1
CSARKTGYNEQYF	1
CSARKVLVSYEQYF	1
CSARFRILETQYF	1
CSARFRDRLSYEQYF	1
CSARFTGSYEQYF	1
CSARFYNEQFF	1
CSARFAANSPLHF	1
CSARLAWRVDQPQHF	1
CSARSHGGDTEAFF	1
CSARSSGGYNEQFF	1
CSARSSYNSPLHF	1
CSARSLGLSVYEQYF	1
CSARSPDRNQPQHF	1
CSARSGTAKQETQYF	1
CSARSEGGYGYTF	1
CSARSIAGAGDTQYF	1
CSARSAGRETQYF	1
CSARSGRLPNEQYF	1
CSARSGQGFTEAFF	1
CSARSTSGRDFDEQYF	1
CSARSSGAHNEQFF	1
CSARSLEIKYEQYF	1
CSARSRSGRALYEQYF	1
CSARWLSGTGNQPQHF	1
CSARWDRFYEQYF	1
CSARWTLGDEQYF	1
CSARYALTGYEQYF	1
CSARYGLGTETQYF	1
CSARYGRETQYF	1
CSARLLAGSYNEQFF	1
CSARLLNTGELFF	1
CSARLTGLAVGELFF	1
CSARLSRVVNQPQHF	1
CSARLWDRDYEQYF	1
CSARLAGSGDTQYF	1
CSARLAGRDQETQYF	1
CSARLAGGSGDTQYF	1
CSARLAGGSDTQYF	1
CSARLAGEDVYNEQFF	1
CSARLAGGPDTQYF	1
CSARLNDGEQYF	1
CSARPFLGLDTEAFF	1
CSARPVMAGVTNEQFF	1
CSARPGLAGPGELFF	1
CSARPDSARYQETQYF	1
CSARPELASSSYNEQFF	1
CSARPSRLSYNSPLHF	1
CSARPSAPGWSNQPQHF	1
CSARPLWGNQETQYF	1
CSARPLGGGPTYEQYF	1
CSARPPGRYEQFF	1
CSARPPDREAETQYF	1
CSARPSGRAYVETQYF	1
CSARPRRSSGNTIYF	1
CSARPASVTYNEQFF	1
CSARPGPDPYGYTF	1
CSARPGLVSYEQYF	1
CSARPGRIKGENEQFF	1
CSARPDGNTEAFF	1
CSARPDRGSFNQPQHF	1
CSARPTLTGYEQYF	1
CSARPSGRDYNEQFF	1
CSARPPGTLLGELFF	1
CSARPQLLVDTEAFF	1
CSARRTGGLDGYTF	1
CSARRVAGQETQYF	1
CSARRGGEAYNEQFF	1
CSARRGGMNTEAFF	1
CSARRGLAVQETQYF	1
CSARRTTASTQYF	1
CSARRTASTDTQYF	1
CSARRTPTLLNEKLFF	1
CSARRSSYEQYF	1
CSARRLAGASGYEQFF	1
CSARRPNSPLHF	1
CSARRGQPNSPLHF	1
CSARHPQGASNEKLFF	1
CSARHPGRANYGYTF	1
CSARQGAVDTQYF	1
CSARQGNGQYF	1
CSARQDSYNEQFF	1
CSARQTYEQYF	1
CSARQTGGGTGELFF	1
CSARQFYEQYF	1
CSARQEAYEQYF	1
CSARVFASGSTDTQYF	1
CSARVLDFYNEQFF	1
CSARVLQGTGQPQHF	1
CSARVWVSEAFF	1
CSARVPTGRNEQYF	1
CSARVRYSGSLSLEQYF	1
CSARVRTGGELFF	1
CSARVVTGPNSPLHF	1
CSARVVMANTEAFF	1
CSARVAGYTQYF	1
CSARVATSGRREQYF	1
CSARVGTSVYNEQFF	1
CSARVGLERGLFDSPLHF	1
CSARVEIGQGGTGEQYF	1
CSARVTGFSTEAFF	1
CSARVSAKNIQYF	1
CSARVSGANTGELFF	1
CSARVRGAGELFF	1
CSARVRDSRNYGYTF	1
CSARVNRYSYEQYF	1
CSARVKRYQETQYF	1
CSARVFGTRGYEQYF	1
CSARVLGRNNEKLFF	1
CSARVPTGQETQYF	1
CSARVPLRGNEQFF	1
CSARVPPIHEQFF	1
CSARVGRAPYEQYF	1
CSARVGAYSNQPQHF	1
CSARVGAEQYF	1
CSARVDRDRGLSTEAFF	1
CSARVEGPFAQHF	1
CSARVEVPGGEQYF	1
CSARVSGRGETQYF	1
CSARVSPDWGQTYEQYF	1
CSARVPSVTYNEQFF	1
CSARVPSGRTYNEQFF	1
CSARVPNEQFF	1
CSARVRGRGSSPLHF	1
CSARVVLAGDSNEQFF	1
CSARVASGGSTQYF	1
CSARVAGGTGELFF	1
CSARVGGQVNTEAFF	1
CSARVGQLYNEQFF	1
CSARVEDWWRWGEQFF	1
CSARVIRGANSPLHF	1
CSARVTSGSTDTQYF	1
CSARVKGGGTDTQYF	1
CSARVWSDNTYEQYF	1
CSARVLTGTSGSYEQYF	1
CSARVVFGVGKNIQYF	1
CSARVVGLASEQYF	1
CSARVAGLSYSNQPQHF	1
CSARVAGTDSPLHF	1
CSARVIIAGRTYEQYF	1
CSARAWTGYNEQFF	1
CSARALDRGAYEQYF	1
CSARAPDQAPLHF	1
CSARAAGTRSTDTQYF	1
CSARAWSSLYEQYF	1
CSARAYPGLWYNEQFF	1
CSARALLQGYNEQFF	1
CSARALASGNGDSYEQYF	1
CSARALGPFRQPQHF	1
CSARAPDRDTEAFF	1
CSARARETQYF	1
CSARAQGNTGELFF	1
CSARAVGAGEGNYGYTF	1
CSARAVRGETQYF	1
CSARAVTARRTNEKLFF	1
CSARAAKLVAFWKQYF	1
CSARAGVWTEAFF	1
CSARAGSHGEETQYF	1
CSARAETGRSPLHF	1
CSARATQPQETQYF	1
CSARARRAADTEAFF	1
CSARAAGHRNEKLFF	1
CSARAGQGKDYGYTF	1
CSARAGWQNQPQHF	1
CSARAGGNTGELFF	1
CSARAGQGVYSPLHF	1
CSARAGEVTDTQYF	1
CSARATGELFF	1
CSARATGINQPQHF	1
CSARASWRGRPDTQYF	1
CSARAPGRIVEAFF	1
CSARGPYEQYF	1
CSARGPGEQFF	1
CSARGPTSGVSTDTQYF	1
CSARGRTSGNTGELFF	1
CSARGRAGDLGSYEQYF	1
CSARGAARGYTF	1
CSARGARTGLYEQYF	1
CSARGGRAGEQFF	1
CSARGGGRYNEQFF	1
CSARGGLAEAYNEQFF	1
CSARGSGLETQYF	1
CSARGSRGGEYSNQPQHF	1
CSARGPLGNIQYF	1
CSARGRTYEQYF	1
CSARGQGRVFSYNSPLHF	1
CSARGAPQPGYTF	1
CSARGGLNTGELFF	1
CSARGGTGGSYEQYF	1
CSARGGSGRPENIQYF	1
CSARGGREEQYF	1
CSARGIDFGEKLFF	1
CSARGTRGEQYF	1
CSARGTDTQYF	1
CSARGSGDGQPQHF	1
CSARGRVGKVYGYTF	1
CSARGRTIYTNTEAFF	1
CSARGLGQGSYGYTF	1
CSARGYTQYF	1
CSARGLAGVNEQFF	1
CSARGLGLSTDTQYF	1
CSARGPSGRIDTQYF	1
CSARGPHDKGIIYEQYF	1
CSARGPLQTYEQYF	1
CSARGHNTGELFF	1
CSARGHNEQYF	1
CSARGQREARTPSTDTQYF	1
CSARGQGTNWEQFF	1
CSARGGREWFF	1
CSARGGLANEQFF	1
CSARGGRRSYGYTF	1
CSARGGQGFSPLHF	1
CSARGGTGSWTEAFF	1
CSARGDLDQPQHF	1
CSARGDGTDTQYF	1
CSARGDRYNEQFF	1
CSARGELIQETQYF	1
CSARGEREGPEQYF	1
CSARGETSGSIEEQYF	1
CSARGMGGWRSDEQFF	1
CSARGITSDQETQYF	1
CSARGTSPAPYEQYF	1
CSARGTSGSYNEQFF	1
CSARGTSGRLDGELFF	1
CSARGTRGYNEQFF	1
CSARGTRTHQETQYF	1
CSARGTSPDTQYF	1
CSARGTSTGELFF	1
CSARGTGGRGGYTF	1
CSARGTGDIYGYTF	1
CSARGTENSYEQYF	1
CSARGRRTGSNEKLFF	1
CSARGRKGAAFRASGYTF	1
CSARGNRGSGNTIYF	1
CSARGFGANTEAFF	1
CSARGSGTSDNYEQYF	1
CSARGLQETQYF	1
CSARGLARVVHYEQYF	1
CSARGLAGGDSYEQYF	1
CSARGLAGDTQYF	1
CSARGLGPGVSYNEQFF	1
CSARGHGTDTQYF	1
CSARGQGVNTIYF	1
CSARGQATGELFF	1
CSARGVSWEVNSYEQYF	1
CSARGALHASGSGELFF	1
CSARGALQQETQYF	1
CSARGGRAPYNEQFF	1
CSARGGMTSGTMSSYEQYF	1
CSARGGRETQYF	1
CSARGGGAGATHFEQYF	1
CSARGDRDYEQYF	1
CSARGDRRETQYF	1
CSARGTGPGTSGREYEQYF	1
CSARDFQVDNEQFF	1
CSARDFESSYNSPLHF	1
CSARDFGGNTEAFF	1
CSARDFGGFDEQYF	1
CSARDLWEQREVGETQYF	1
CSARDLRSVYYEQYF	1
CSARDLAGGGNEQFF	1
CSARDLAGNTGELFF	1
CSARDLGLTYEQYF	1
CSARDLGTGVLNTEAFF	1
CSARDLTRQKNIQYF	1
CSARDLQGAGAFF	1
CSARDLGGLVGELFF	1
CSARDLEGPGYGYTF	1
CSARDSLGIAGGHGELFF	1
CSARDSLAGTVGELFF	1
CSARDSSGSGDEQFF	1
CSARDSSGRAPEQYF	1
CSARDSLAGTDTQYF	1
CSARDSWEETQYF	1
CSARDSLAGGAGELFF	1
CSARDSPGAFF	1
CSARDSRGNQPQHF	1
CSARDSAVNTEAFF	1
CSARDSGREGDEQFF	1
CSARDSGGTVYYEQYF	1
CSARDSRGRYEQYF	1
CSARDSGQGRETQYF	1
CSARDSRSSGNTIYF	1
CSARDSGGLGGEQYF	1
CSARDWASRLYEQYF	1
CSARDWGQSSYEQYF	1
CSARDWDSSSYNEQFF	1
CSARDWRTPDNQPQHF	1
CSARDYRRATIQYF	1
CSARDYRDSYEQYF	1
CSARDYAGGKRTEAFF	1
CSARDYGGETQYF	1
CSARDYRETEAFF	1
CSARDLSGQGDNEQFF	1
CSARDLRTGGNEKLFF	1
CSARDLAREGETQYF	1
CSARDLIEQYF	1
CSARDLKREDTGELFF	1
CSARDLLAGIQYF	1
CSARDLPDAAGNTIYF	1
CSARDLAGGRWNF	1
CSARDLAEGLKTQYF	1
CSARDLGEKLFF	1
CSARDLGTPGDTEAFF	1
CSARDLTEQPQHF	1
CSARDLYIWGSSNSPLHF	1
CSARDLLVPETQYF	1
CSARDLDLGTDTQYF	1
CSARDLLGQGDNSPLHF	1
CSARDLLVGETQYF	1
CSARDLRVYNEQFF	1
CSARDLAGNTDTQYF	1
CSARDLAGGGYEQFF	1
CSARDLAGNEQYF	1
CSARDLGNNEQFF	1
CSARDLKGNSGTSYNEQFF	1
CSARDPSGTYNEQFF	1
CSARDPSGRDTQYF	1
CSARDPSGRSGEQFF	1
CSARDPSGLVIRSYNEQFF	1
CSARDPLAGGWETQYF	1
CSARDPPGKLFF	1
CSARDPRREDNSPLHF	1
CSARDPQTSGRVRYF	1
CSARDPGLRTYEQYF	1
CSARDPGGNTEAFF	1
CSARDPGRGTQPQHF	1
CSARDPGGGVGYTF	1
CSARDPGLAVTDTQYF	1
CSARDPGGGVETQYF	1
CSARDPTRGEQYF	1
CSARDPTGRGDTQYF	1
CSARDPTTDTQYF	1
CSARDPLGRIEKLFF	1
CSARDPSAGGKTQYF	1
CSARDPADYSNQPQHF	1
CSARDPGLAPGELFF	1
CSARDPGDTEAFF	1
CSARDPTSGGDNEQFF	1
CSARDPRGAGNEKLFF	1
CSARDPQGLAGGLFF	1
CSARDPAGSSYEQYF	1
CSARDPGVAGSPLDTDTQYF	1
CSARDRVGKREQYF	1
CSARDRGPYGYTF	1
CSARDRGGLAGYTF	1
CSARDRLADPYEQYF	1
CSARDRSSGSFNEQFF	1
CSARDRWDSARTGELFF	1
CSARDRLLGFSDQPQHF	1
CSARDRLAGVAKNIQYF	1
CSARDRREGTDTQYF	1
CSARDRRQPRVGYTF	1
CSARDRVTSTEAFF	1
CSARDRGQGSAGELFF	1
CSARDRGSGNTIYF	1
CSARDRETQYF	1
CSARDRTSGRYDEQFF	1
CSARDRNSYNEQFF	1
CSARDHPGLVADTQYF	1
CSARDHRGQVEKLFF	1
CSARDQGLAGTEQFF	1
CSARDQGIPTDEQYF	1
CSARDQTSATNTGELFF	1
CSARDQPDTQYF	1
CSARDQVWLAGAYEQYF	1
CSARDQGGDIQETQYF	1
CSARDVGRQETQYF	1
CSARDVTGVLNEQFF	1
CSARDVSGRAHNEQFF	1
CSARDVSGRTQEQYF	1
CSARDVQGEQPQHF	1
CSARDVIGLGGAFF	1
CSARDASGGSYNEQFF	1
CSARDALAGGIEQFF	1
CSARDAGRASGELFF	1
CSARDATSGTYEQYF	1
CSARDGRGRGFGEQFF	1
CSARDGRASGRTKNIQYF	1
CSARDGAGVPGELFF	1
CSARDGREQETQYF	1
CSARDGLQGLSGNTIYF	1
CSARDGAASSYEQYF	1
CSARDGGDSPEAFF	1
CSARDGTSGNNEQFF	1
CSARDGSAEQYF	1
CSARDGLHNEQFF	1
CSARDGLAGSYEQYF	1
CSARDGPGELFF	1
CSARDGGSLDEQYF	1
CSARDDAGRGGYTF	1
CSARDEGPDTQYF	1
CSARDEGGVNTEAFF	1
CSARDEIWGKSYNEQFF	1
CSARDIPGGLYNEQFF	1
CSARDIHTSGSYNEQFF	1
CSARDIGGNQPQHF	1
CSARDIGFGTYNEQFF	1
CSARDITSGRASFWDEQFF	1
CSARDMGTSSTDTQYF	1
CSARDMGQGDHEQYF	1
CSARDILSSGGENIQYF	1
CSARDIAGGNIQYF	1
CSARDIKGTSPDEQFF	1
CSARDTGGSSYEQYF	1
CSARDTSGRISYNEQFF	1
CSARDTRASNQPQHF	1
CSARDTNTGELFF	1
CSARDTGSSYNEQFF	1
CSARDTGRTGYYEQYF	1
CSARDTTNEKLFF	1
CSARDSGKYYEQYF	1
CSARDSRAVYQPQHF	1
CSARDSGKDTGELFF	1
CSARDSEREFRETQYF	1
CSARDRSSGYNEQFF	1
CSARDRRGRGIYEQYF	1
CSARDRRRSSYNEQFF	1
CSARDRAYNEQFF	1
CSARDRGRLDEQYF	1
CSARDRGEYRNEQYF	1
CSARDRTRSVVEQFF	1
CSARDRRRGTNNSPLHF	1
CSARDRRGLKNEQYF	1
CSARDRGGDQPQHF	1
CSARDNGYEQYF	1
CSARDKVGRPKHSYNEQFF	1
CSARDKGGIEQYF	1
CSARDKGRYEQYF	1
CSARDKLAGFNEQFF	1
CSARDKGLGVYNEQFF	1
CSARDLGLVGSYEQYF	1
CSARDLNRDSRSYEQYF	1
CSARDSRRDSQETQYF	1
CSARDSANNEQFF	1
CSARDWDSEQYF	1
CSARDYRGGEQYF	1
CSARDLMYQETQYF	1
CSARDLYSGGSGNEQFF	1
CSARDLEHLSSQFF	1
CSARDLPSSYNEQFF	1
CSARDLEVSYNEQFF	1
CSARDPKTEGDTQYF	1
CSARDPGDMNTEAFF	1
CSARDPRLYGYTF	1
CSARDPLAGDTQYF	1
CSARDPSGRAVEQYF	1
CSARDRGSGSKRSNEQFF	1
CSARDRGYTDTQYF	1
CSARDRLFGETQYF	1
CSARDRVYEQYF	1
CSARDQGVSYEQYF	1
CSARDGLAGVGELFF	1
CSARDGQGGNEQYF	1
CSARDGASYNEQFF	1
CSARDGDRGRTGELFF	1
CSARDGTSNNEQFF	1
CSARDGRAVYEQYF	1
CSARDGLAGGEQYF	1
CSARDDFTEGADTQYF	1
CSARDEGRAIYGYTF	1
CSARDEGGELFF	1
CSARDIRGRNYGYTF	1
CSARDTVQNQPQHF	1
CSARDTGHSNQPQHF	1
CSARDTGGAKQETQYF	1
CSARDSGTQYNEQFF	1
CSARDSGRSTDTQYF	1
CSARDRVTNTEAFF	1
CSARDRVGSYEQYF	1
CSARDRAEFYEQYF	1
CSARDRGAGKQPQHF	1
CSARDRDSTDTQYF	1
CSARELAYSHNEQFF	1
CSARELAGYEQYF	1
CSAREQRHPAGNEQFF	1
CSAREVGRGGYEQYF	1
CSAREAGVGANTEAFF	1
CSAREAGGETYEQYF	1
CSAREGSYNSPLHF	1
CSAREGVPQETQYF	1
CSAREGANEQFF	1
CSAREGGFANQPQHF	1
CSAREGGKSSYNEQFF	1
CSAREGTGDTGELFF	1
CSAREGTYGYTF	1
CSAREGTSGSYEQYF	1
CSAREDTGLREREQYF	1
CSAREDPNTEAFF	1
CSAREDSPSPLHF	1
CSAREEASGRETQYF	1
CSAREEGPGEKLFF	1
CSARETGSDEQYF	1
CSARESSGTSYEQYF	1
CSARELAGGTFYEQFF	1
CSARESSGPGDTQYF	1
CSARESGDTEAFF	1
CSAREWSAGYTDTQYF	1
CSAREWEVGRDWDEQFF	1
CSARELAVSYEQYF	1
CSARELAGVVTDTQYF	1
CSAREPAPETQYF	1
CSAREPQEFSYNEQFF	1
CSAREPGHLYGYTF	1
CSARERNPYEQYF	1
CSAREQVIAEAFF	1
CSAREQGRTDTQYF	1
CSAREVSGRGNEQFF	1
CSAREAGGILPSGNAIYF	1
CSAREGAVSTDTQYF	1
CSAREGGGSYEQYF	1
CSAREGEGNQPQHF	1
CSAREGTLNQPQHF	1
CSAREGTIAKNIQYF	1
CSARETGNLDSYEQYF	1
CSARETGPSMGEQYF	1
CSARESTSGRNEQFF	1
CSARERGAGQPQHF	1
CSARERGIPYEQYF	1
CSARIAGDFYEQYF	1
CSARISGINNEQFF	1
CSARIPGGGYEQYF	1
CSARIGKSTGELFF	1
CSARIGIKNIQYF	1
CSARMVGRTYEQYF	1
CSARMGQNSNQPQHF	1
CSARIGGAGIEQYF	1
CSARIEATYEQYF	1
CSARTFGRGNEQYF	1
CSARTPENYGYTF	1
CSARTGTSGVNEQFF	1
CSARTARDETQYF	1
CSARTGRAGSYNEQFF	1
CSARTLVQGRGNQPQHF	1
CSARTPNTGELFF	1
CSARTGGYYSNQPQHF	1
CSARTGESQPQHF	1
CSARSRATITYEQYF	1
CSARSSGSTGELFF	1
CSARSSDSYEQYF	1
CSARSPAGRNTEAFF	1
CSARSHETSGSYNEQFF	1
CSARSGRNSYEQYF	1
CSARSGDTEAFF	1
CSARSGQGSNIQYF	1
CSARRLAQYNEQFF	1
CSARRLAVTYNEQFF	1
CSARRREGTDTQYF	1
CSARRAGGPPSTDTQYF	1
CSARRGLNYEQYF	1
CSARRTNNNEQFF	1
CSARRQSGPGDTQYF	1
CSARRQGARTEAFF	1
CSARRAVVTYEQYF	1
CSARRAGVYEQYF	1
CSARNRGTFSEQYF	1
CSARNGRSYGYTF	1
CSARNRDNTGELFF	1
CSARNSRVSNQPQHF	1
CSARNLAGEQYF	1
CSARNGDPQETQYF	1
CSARNDYLNEQFF	1
CSARKFSGGDNEQFF	1
CSARKPGFRSYEQYF	1
CSARKGNEQFF	1
CSARKGLAGTGNEQFF	1
CSARKDRGTYEQYF	1
CSARKPSGRASEQFF	1
CSARKQGVTDTQYF	1
CSANLGRVSTDTQYF	1
CSANPDSLRGRPDTQYF	1
CSANVAGTYEQYF	1
CSANAHGTAENSNQPQHF	1
CSANGEQYF	1
CSANIEAGEYEQYF	1
CSANSGSPDTQYF	1
CSANNRVLSYEQYF	1
CSANLAGGNEQFF	1
CSANLAGQTQYF	1
CSANPPSGRIGEQFF	1
CSANRDRGWSNTEAFF	1
CSANGGVGAVQETQYF	1
CSANDRESATNEKLFF	1
CSANETPYNEQFF	1
CSANTGGTEAFF	1
CSAKSTSGRAGEQFF	1
CSAKWGTSTDTQYF	1
CSAKPRSVGVVGEQFF	1
CSAKREGLSTDTQYF	1
CSAKRTSTDTQYF	1
CSAKHEQFF	1
CSAKQSGWGPEAFF	1
CSAKAGTGVSEQYF	1
CSAKGLDEGTEAFF	1
CSAKGLAADTQYF	1
CSAKGRITPYEQYF	1
CSAKDPASRKDTQYF	1
CSAKTRLAGAEQFF	1
CSAKTAFTEAFF	1
CSAKSARGDTEAFF	1
CSAKNPGPTGSQHF	1
CSAKYSLEQYF	1
CSAKPSGRYNEQFF	1
CSAKPTSGSMNTGELFF	1
CSAKQGHTGELFF	1
CSAKGGRAPETQYF	1
CSAKGDADLTLGEQYF	1
CSAKGLGYSNQPQHF	1
CSAKGGPNYEQYF	1
CSAKDRGHEQFF	1
CSAKRETQYF	1
CSAKNTGTGSSPLHF	1
CSAKKQGARNEQFF	1
CSAFMASPRYQETQYF	1
CSAFSGSYNEQFF	1
CSAFTDNYGYTF	1
CSALRQGALYEQYF	1
CSASRTASNTGELFF	1
CSASWGSAGSSGNTIYF	1
CSASSSNQPQHF	1
CSASGGSRNQPQHF	1
CSASDRGRINSPLHF	1
CSASTSGRARRSQYF	1
CSASTGGETQYF	1
CSACCERVQETQYF	1
CSAYAGQGEYNEQFF	1
CSAYGQVSYEQYF	1
CSAYEGTSGYNEQFF	1
CSALSPSPDTQYF	1
CSALTGVVTEAFF	1
CSALNLGGQETQYF	1
CSALPLGYEQYF	1
CSALAQGDYSYEQYF	1
CSALGLTNDNEQFF	1
CSALGQMNTEAFF	1
CSALDRTYNEQFF	1
CSALTRVKDNEQFF	1
CSALSRGSGNTIYF	1
CSALAGGTYEQYF	1
CSALAGIVYEQYF	1
CSALTDRDYEQFF	1
CSAPQSSTGELFF	1
CSAPVWDEAFF	1
CSAPGIQGPRNSPLHF	1
CSAPTGTNQPQHF	1
CSAPSRTRSGELFF	1
CSAPPAGGPHEQYF	1
CSAPPGTSGGGRWYEQYF	1
CSAPRFVPGQYF	1
CSAPRGLAGWYENEQFF	1
CSAPVRTSKNEQFF	1
CSAPDPLRYNEQFF	1
CSAPDGRYEQYF	1
CSAPDMRGGWNEQFF	1
CSAPSGNTGELFF	1
CSAPNPGQEGNEQYF	1
CSAPKPSSGGGEQYF	1
CSAPPRSGRPYRNEQFF	1
CSAPRQDYEQYF	1
CSAPREGADTQYF	1
CSAPRTSGEGEQYF	1
CSAPGTGGKGQYF	1
CSAPGQGREDEQYF	1
CSAPDRVIHEQYF	1
CSAPTGVGYEQYF	1
CSAPRGGRNEAFF	1
CSAPNPLAGNYEQYF	1
CSAPYPYNEQFF	1
CSAPRVQYTGELFF	1
CSAPRTGDTGELFF	1
CSAPGGAFNEQFF	1
CSAPDGSGLTQYF	1
CSAPELLAASTDTQYF	1
CSAPTGGGRGPSEQYF	1
CSARPGQGVGEQYF	1
CSARGGIETQYF	1
CSARGTLGTDTQYF	1
CSARRGAGELFF	1
CSARGPWGGKGYTF	1
CSARGQQETQYF	1
CSARETEYEQYF	1
CSARTSASYEQYF	1
CSARTGESNQPQHF	1
CSARTDPYEQYF	1
CSARSVSTDTQYF	1
CSARRTSGGSYEQYF	1
CSARQGINTGELFF	1
CSARARDRGSTNEKLFF	1
CSARTPGLDNEQFF	1
CSARNNEQFF	1
CSAHPGGDYEQYF	1
CSAHRGTLNTEAFF	1
CSAHRENSYNEQFF	1
CSAQPQGNYGYTF	1
CSAQPPYNEQFF	1
CSAQGREGNTDTQYF	1
CSAQDRFESGELFF	1
CSAQDRAGTDTQYF	1
CSAQRGGGRAFTAKNIQYF	1
CSAQNGGSQETQYF	1
CSAQPGGTYNEQFF	1
CSAQRVNTDTQYF	1
CSAQHPASSTGELFF	1
CSAQGRNSPLHF	1
CSAQGLYTEAFF	1
CSAQGSAYEQYF	1
CSAQETSGISDTQYF	1
CSAQNSNQPQHF	1
CSAVTSASGGRGPSETQYF	1
CSAVSPGQGVYEQYF	1
CSAVRDSSYEQYF	1
CSAVALRHGTPSGNTIYF	1
CSAVDRGEYF	1
CSAVVDRSSYEQYF	1
CSAVKTVAYEQYF	1
CSAAPGTVYEQYF	1
CSAASGRYTGELFF	1
CSAAWVKGETQYF	1
CSAADPRITDTQYF	1
CSAALAGIDNEQFF	1
CSAAGLAGLSSYNEQFF	1
CSAAIAGGADTQYF	1
CSAATGREAFF	1
CSAGQETQYF	1
CSAGEASSGPYPQYF	1
CSAGTGASYTQYF	1
CSAGTSQRGQFF	1
CSAGTNNEQFF	1
CSAGTGGYNEQFF	1
CSAGRSAYGDKNIQYF	1
CSAGLAPQETQYF	1
CSAGPRNTDTQYF	1
CSAGRRGAKNIQYF	1
CSAGRQGGGYTF	1
CSAGVGTVQYF	1
CSAGGGRVYNEQFF	1
CSAGDTSGSREQYF	1
CSAGDRDYEQYF	1
CSAGIPGLVSNEQFF	1
CSAGTGNQPQHF	1
CSAGNLGDGSGELFF	1
CSADTGGASDTQYF	1
CSADRDSNTYEQYF	1
CSADALYEQYF	1
CSADGSSYEQYF	1
CSADGTDGGAEQYF	1
CSADSRSGNTIYF	1
CSAEREFWETQYF	1
CSAEGKGVPYEQYF	1
CSAEGRAKNIQYF	1
CSAEGRQETQYF	1
CSAELAVSTDTQYF	1
CSAEPLGGDEQFF	1
CSAEAWGPSGRRRGGELFF	1
CSAEAGDSLQYF	1
CSAEGTSGASSYNEQFF	1
CSAIAHEERVETQYF	1
CSAIINSPLHF	1
CSAMRVAGITDTQYF	1
CSAMGGGVNTDTQYF	1
CSAMSDRQETQYF	1
CSAMSGRGTDTQYF	1
CSAILAGKSYEQYF	1
CSATYSSYNEQFF	1
CSATPGVPDTQYF	1
CSATGVAGEQYF	1
CSATDRARYEQYF	1
CSATTSGHSYEQYF	1
CSATAGWGYTDTQYF	1
CSATGTAYNEQFF	1
CSATGRGGRTDTQYF	1
CSATTSAPYNEQFF	1
CSATSGRNANIQYF	1
CSATKSSVFSYNEQFF	1
CSATGLVYNEQFF	1
CSATGNSGGDGEQFF	1
CSATRRLSSTDTQYF	1
CSATKSVSRGYTF	1
CSASHRGAGDTQYF	1
CSASSGSRGNEQFF	1
CSASPGLAGGAYEQYF	1
CSASRDYNQPQHF	1
CSASAWSPDTQYF	1
CSASAGTSGNNEQFF	1
CSASSGAGGGELFF	1
CSARGLAGPYEQYF	1
CSARGLAEYNEQFF	1
CSARDRGPQPQHF	1
CSARTSGRTYEQYF	1
CSARREAQYF	1
CSARPGLAGVTGELFF	1
CSARQGYEQYF	1
CSARGQLLAKNIQYF	1
CSARIDRGHYGYTF	1
CSANRLALSTNEQFF	1
CSANRPGQVGYGYTF	1
CSANSPSFQQADTQYF	1
CSANQGGETQYF	1
CSANVGTGGPRETQYF	1
CSANALQGIPYEQYF	1
CSANSGRPPYEQYF	1
CSANKHSAGGLAKNIQYF	1
CSAKRGGLAYNEQFF	1
CSAKGLWREVTYEQYF	1
CSAKRAGQANNSPLHF	1
CSALFGNQPQHF	1
CSALQGKITEAFF	1
CSASQGNTEAFF	1
CSASGTGVNPIVYEQYF	1
CSASGGAIPNTEAFF	1
CSAYFYEQYF	1
CSAYTSGRVWGQETQYF	1
CSAYRDRAPEQFF	1
CSAYRGRVGTEAFF	1
CSALVSYNSSLHF	1
CSALQGLRNTEAFF	1
CSAPHTGGDEKLFF	1
CSAPGAGEGLTEQFF	1
CSAPLSNEQYF	1
CSAPGTSVNEQFF	1
CSAPGFRGTDTQYF	1
CSAPKTRDTNIQYF	1
CSARRGDTQYF	1
CSARRAGEVYNEQFF	1
CSARAGGLYNEQFF	1
CSARTSGFYEQYF	1
CSARTSGLTDTQYF	1
CSARTRTGSMNTEAFF	1
CSAHAEPRGQFF	1
CSAAFLGSSSYNEQFF	1
CSAARDPPRAGELFF	1
CSAAGTPSSYNEQFF	1
CSAAYRANNEQFF	1
CSAAVRGPGAKNIQYF	1
CSAAAWETATDTQYF	1
CSAGGNLPREQYF	1
CSAGRAPYEQYF	1
CSAGGMINEQFF	1
CSAGLVVEQYF	1
CSAGDRADTQYF	1
CSAGQGAYEQYF	1
CSAGQGFYEQYF	1
CSAGGLAGEPTDTQYF	1
CSAGNQREAYNEQFF	1
CSAGKGGHEQFF	1
CSADSSAETQYF	1
CSADSAVTDTQYF	1
CSADPIAAKNIQYF	1
CSADRDRGHEQYF	1
CSADRDRETYEQYF	1
CSADRGDEKLFF	1
CSADRGNEQFF	1
CSAETSGRSNEQFF	1
CSATGDRGYSNTEAFF	1
CSATYGYTF	1
CSATGAQAYNEQFF	1
CSASGRNNQPQHF	1
CSASRGVNEQFF	1
CSASKGEGYTF	1
CSARVGKNIQYF	1
CSARGGRTYNEQFF	1
CSARDNRNTEAFF	1
CSAREVNTGELFF	1
CSARTGHEQYF	1
CSARLGTGDVAREKLFF	1
CSARGGRDYEQYF	1
CSANVGASGRRPNEQFF	1
CSAKGLAGTNEQFF	1
CSAKDRVGVYEQYF	1
CSAKRRLAGSYNEQFF	1
CSASQGLNSPLHF	1
CSASVPSGRLLDTQYF	1
CSASVGGETQYF	1
CSAWTEFGYQETQYF	1
CSALAVYNEQFF	1
CSALGQYSNQPQHF	1
CSAPVGLNYEQYF	1
CSAPTSRGSYEQYF	1
CSAPRRGGSTDTQYF	1
CSAPDGARNEQYF	1
CSAPTGYYEKLFF	1
CSAPKPSSGNTIYF	1
CSAPDRGRRTEAFF	1
CSARRYRVPRGTGELFF	1
CSARARDRYYQPQHF	1
CSARGLAEENEQFF	1
CSAQDRMNTEAFF	1
CSAQSGDYNEQFF	1
CSAVPPGGRAANEQFF	1
CSAASGRSLGNEQFF	1
CSAARIAEAFF	1
CSAAGTSINEQFF	1
CSAAGVSYEQFF	1
CSAGVPNTGELFF	1
CSAGDRGSYEQYF	1
CSAGQSDTQYF	1
CSAGQGKGGQPQHF	1
CSADLKGGYNEQFF	1
CSAEGRDTPTNEKLFF	1
CSAETGTDTQYF	1
CSAIILRQAPSEVGTQYF	1
CSAINPNSNQPQHF	1
CSAIPGQGRNTEAFF	1
CSAMTGGNSPLHF	1
CSAIAGAGDTQYF	1
CSATRNNQPQHF	1
CSATGGAGELFF	1
CSATPRMGRVSTEAFF	1
CSATVNSYNSPLHF	1
CSATGTNAYNEQFF	1
CSATGTSGYEQYF	1
CSATGTPFGYEQYF	1
CSATTGTGTQYF	1
CSATSPGGESQRALYEQYF	1
CSATDRSRDNEQFF	1
CSATKLGTGIDQPQHF	1
CSASLRGSSYEQYF	1
CSASPGGRVEDTQYF	1
CSARGGEISPLHF	1
CSARDRGDGYTF	1
CSARTVNYEQYF	1
CSARTAYATNEKLFF	1
CSARRTGSSYEQYF	1
CSANSNSGNSYNEQFF	1
CSANPGTANTGELFF	1
CSANGQGLDIQYF	1
CSAKTGDEQYF	1
CSAKTEPYSNQPQHF	1
CSAKKQGSLYNSPLHF	1
CSAKLPSGRAKNIQYF	1
CSAKRLYTGELFF	1
CSGSGGSSYEQYF	1
CSGLTIYEQYF	1
CSGQRGDEQYF	1
CSGVELAKNIQYF	1
CSGGKGPYEQYF	1
CSGLRATSGNEQFF	1
CSGALAGGPTGELFF	1
CSGIDRTEAFF	1
CSGWIGPYNEQFF	1
CSGPGWMNTEAFF	1
CSGRTGGPNQPQHF	1
CSGVAGGSQPQHF	1
CSGGLAARSYEQYF	1
CSGGAGPLEEQYF	1
CSGDGETNEQFF	1
CSGDYNEQFF	1
CSGEVPDTQYF	1
CSGEVGTSSYNEQFF	1
CSGTGYSNQPQHF	1
CSGKGQLTYNEQFF	1
CSGLAGVGEQYF	1
CSGCPTLSTDTQYF	1
CSGYQGNTEAFF	1
CSGIAGRRETQYF	1
CSGTLGGASETQYF	1
CSDLAGVNNEQFF	1
CSEGSGSGNEQFF	1
CSEATGGTDTQYF	1
CSEGTSSYNEQFF	1
CSIGVAGAYEQFF	1
CSTRLLYNEQFF	1
CSTSDPGTSFSYEQYF	1
CSKSSTDTQYF	1
CSFYGTSGSNEQYF	1
CSFWTGGPTDTQYF	1
CSLFSYNEQFF	1
CSLTTARNSYNEQFF	1
CSCSPREAPYNEQFF	1
CSCGSYNEQFF	1
CSYSGGETVNEQFF	1
CSLRDGTQETQYF	1
CSLEAGGRTDTQYF	1
CSLGSRGSAEQYF	1
CSPTSGFMNTEAFF	1
CSPRGRTYEQYF	1
CSPSVPGQGIRETQYF	1
CSPRIGAGDTQYF	1
CSPGRGQDTQYF	1
CSPLFGNEQFF	1
CSPGAYYGYTF	1
CSRGSSYNEQFF	1
CSREGREQFF	1
CSQPGQKAVTICNQPQHF	1
CSVFSGRAHEQYF	1
CSVFAGSETQYF	1
CSVFVSSYEQYF	1
CSVFGGTGSNQPQHF	1
CSVFGQIGYEQYF	1
CSVLRTDTQYF	1
CSVLAGDNSPLHF	1
CSVLDSWSGGTEAFF	1
CSVLEAQETQYF	1
CSVLGYNTGELFF	1
CSVSGTLRNEQYF	1
CSVSGNTGELFF	1
CSVSLAGDETQYF	1
CSVSDNKETQYF	1
CSVSTGAQQTQYF	1
CSVSPRDSYYEQYF	1
CSVSAGVSYEQYF	1
CSVYFPNLNEQFF	1
CSVYSTDTQYF	1
CSVLGQGGNLLPNEQFF	1
CSVLEGSGTYEQYF	1
CSVLRQRQYF	1
CSVLAEEQFF	1
CSVLGATNEKLFF	1
CSVLGTVAHEQYF	1
CSVLGHRGENQETQYF	1
CSVPLAGGADTQYF	1
CSVPLAGGLETQYF	1
CSVPRLAGGPGNEQFF	1
CSVPAGTNEQFF	1
CSVPPGTGGKGTEAFF	1
CSVPGLAGVNEQFF	1
CSVPGQGIYNEQFF	1
CSVPRTSGFYNEQFF	1
CSVRFPGTVQEQYF	1
CSVRLGGGRDQPQHF	1
CSVRPTGGAAEQYF	1
CSVRSTDTQYF	1
CSVRSGRTDTQYF	1
CSVRVGSLNNEQFF	1
CSVRARYEQYF	1
CSVRGARDTGELFF	1
CSVRKGTGELFF	1
CSVRLAGDSDTQYF	1
CSVRQVIKETQYF	1
CSVHIAGGIDTQYF	1
CSVQLAYNEQFF	1
CSVQRENTGELFF	1
CSVQGVSSYEQYF	1
CSVQTSRTYEQYF	1
CSVQTTGAYGYTF	1
CSVVLSGRETDTQYF	1
CSVVSGLAGSYNEQFF	1
CSVVWGDSNQPQHF	1
CSVVLWNTGELFF	1
CSVVLQVGEQYF	1
CSVVPPLVTDTQYF	1
CSVVRAGGPANTGELFF	1
CSVVQDSHMNTEAFF	1
CSVVGSSSYNEQFF	1
CSVVGGLAEETQYF	1
CSVVDRGFGYTF	1
CSVVEREGPQYF	1
CSVVTGGVSNQPQHF	1
CSVVTTGGDEQYF	1
CSVVSLAGVETQYF	1
CSVVSRANYGYTF	1
CSVVSGRARNEQFF	1
CSVVLLGRGYEQYF	1
CSVVPLSLAEETQYF	1
CSVVANGNEQFF	1
CSVVAVTGNIQYF	1
CSVVGYPDTQYF	1
CSVVGPEEGQEETQYF	1
CSVVTGTGTHGYTF	1
CSVVTGGQETQYF	1
CSVVRLEGNEQFF	1
CSVVKGYTDTQYF	1
CSVVKGETEAFF	1
CSVVKGEETQYF	1
CSVVRGSQDEQFF	1
CSVVAARTDTQYF	1
CSVVGSNPYGYTF	1
CSVVGEANTGELFF	1
CSVVGTSGSWDTQYF	1
CSVVGLAGYNEQFF	1
CSVVGAAEVSEQFF	1
CSVVTGRSYEQYF	1
CSVVRSGRAADTQYF	1
CSVVKGDGRNTQYF	1
CSVVFEGLTGGGYGYTF	1
CSVVFRTPYNEQFF	1
CSVVFITVSKNIQYF	1
CSVVSRQRGSTDTQYF	1
CSVVWTGGTDTQYF	1
CSVVLAGVGQFF	1
CSVVPRGRYEQYF	1
CSVVRQGAYEQYF	1
CSVVQGAGNEQFF	1
CSVVVSGRSEQYF	1
CSVVAASYNEQFF	1
CSVVGVGDNTGELFF	1
CSVVGRSSSYNEQFF	1
CSVVGAGEQFF	1
CSVVDPTSTSGQNIQYF	1
CSVVMSTQETQYF	1
CSVVTNTYEQYF	1
CSVVRGLNEQFF	1
CSVVRGNTEAFF	1
CSVVRGMETQYF	1
CSVASPLDAYEQYF	1
CSVALPETQYF	1
CSVARQGSTGELFF	1
CSVAGGARIGVETQYF	1
CSVAFGRENIQYF	1
CSVASRGRNTEAFF	1
CSVAPGQGGIYEQYF	1
CSVAPRGRSTDTQYF	1
CSVAVTQETQYF	1
CSVAGLAGVGEQYF	1
CSVAGLAGSSEQFF	1
CSVAELAGGYNEQFF	1
CSVARVPGAYEQYF	1
CSVASQTYEQYF	1
CSVAVGPDNQPQHF	1
CSVAGGEETQYF	1
CSVAGGQSGRSYEQYF	1
CSVAGPPSGANVLTF	1
CSVAGQGFLNAEAFF	1
CSVAGGEETQYF	1
CSVAEGASEAFF	1
CSVATGLYEQYF	1
CSVAQGEDIQYF	1
CSVAASGRPMGEQFF	1
CSVGSPGTAFYEQYF	1
CSVGSRVNGYEQYF	1
CSVGPTTYEQYF	1
CSVGPQLGAKEQYF	1
CSVGVANYNEQFF	1
CSVGVSYEQYF	1
CSVGGSYEQYF	1
CSVGGGQGAYNEQFF	1
CSVGEREKETQYF	1
CSVGEGLSGTSSYNEQFF	1
CSVGTTSGRTDTQYF	1
CSVGSHTQYF	1
CSVGLSAGLRETQYF	1
CSVGQASGSWPYEQYF	1
CSVGQGPFGNTGELFF	1
CSVGQDQETQYF	1
CSVGVGTGIRYEQYF	1
CSVGGVGQGNEQFF	1
CSVGGTGTYEQYF	1
CSVGGSDTDTQYF	1
CSVGGPNYGYTF	1
CSVGSYNEQFF	1
CSVGRGLGETQYF	1
CSVGRGSEQYF	1
CSVGWPVYPPYGYTF	1
CSVGYEQFF	1
CSVGVVWDRAFSRSYNEQFF	1
CSVGAWETQYF	1
CSVGAMADNEQFF	1
CSVGGWAVPEAFF	1
CSVGGRFNEQFF	1
CSVGGTGIYEQYF	1
CSVGGQLNTEAFF	1
CSVGDSSYEQYF	1
CSVGDSTEAFF	1
CSVGDRGADQPQHF	1
CSVGIDTQKYNEQFF	1
CSVGTSSYNEQFF	1
CSVGTSGSYEQYF	1
CSVGTGANTGELFF	1
CSVGTGDSYEQYF	1
CSVGSSWDRGSIGSGNTIYF	1
CSVGSRLRDNEQFF	1
CSVGFLGETQYF	1
CSVGFTSRSGELFF	1
CSVGLAGINEQFF	1
CSVGLAGGSGTDTQYF	1
CSVGREVYEQYF	1
CSVGQGYSYEQYF	1
CSVGQGLGQPQHF	1
CSVGQGADTQYF	1
CSVGVDGNEKLFF	1
CSVGAGDYEQYF	1
CSVGGVGNRELFF	1
CSVGGWPYEQYF	1
CSVGGRSYNEQFF	1
CSVGGGLIAGSSYEQYF	1
CSVGGTIGTGIRNEQYF	1
CSVGGLVVEQFF	1
CSVGGDEQFF	1
CSVGEGEWNEQFF	1
CSVGEPGHRTQYF	1
CSVGEETQYF	1
CSVGIRTYEQYF	1
CSVGRNEQFF	1
CSVDFPPPLVPDTQYF	1
CSVDFDRGGSRSDTQYF	1
CSVDLVTGGSGNIQYF	1
CSVDSAVGQYF	1
CSVDPSGSYNEQFF	1
CSVDQPNIPSSYNEQFF	1
CSVDQTRLAGAHEQFF	1
CSVDVRGNEQYF	1
CSVDVAAYNEQFF	1
CSVDGSYGYNEQFF	1
CSVDGASGRSKETQYF	1
CSVDDSTGWNEQFF	1
CSVDDRDTEAFF	1
CSVDEDGGLGTQYF	1
CSVDSGLAGVWEQFF	1
CSVDRTAQSQETQYF	1
CSVDRRSSGGYNEQFF	1
CSVDNGARTHLNYGYTF	1
CSVDSGPSGPRDEQYF	1
CSVDSSPRLGTDTQYF	1
CSVDSAESLNEQFF	1
CSVDLAGRVEQYF	1
CSVDLGREKLFF	1
CSVDLVNEQFF	1
CSVDLAGGSQETQYF	1
CSVDLTGPDRYEQYF	1
CSVDPVLAGVADEQFF	1
CSVDPRGRRETGTGELFF	1
CSVDPAGGTYNEQFF	1
CSVDRQGGIYGYTF	1
CSVDRRLGWADTQYF	1
CSVDQGSGELFF	1
CSVDGLEGNTDTQYF	1
CSVDGGRAPFF	1
CSVDGTSGSSTDTQYF	1
CSVDGTAYNEQFF	1
CSVDDREGSYNEQFF	1
CSVDINAYEQFF	1
CSVDIGGGEQFF	1
CSVDRSGSPYNEQFF	1
CSVDRDPGPTEAFF	1
CSVDKNTGELFF	1
CSVECHGSYEQYF	1
CSVELLAGYNEQFF	1
CSVEPSYNEQFF	1
CSVEASARGHETQYF	1
CSVEGDSSYEQYF	1
CSVEGDNTDTQYF	1
CSVEGISEAFF	1
CSVEGTSESYEQYF	1
CSVEGARTDTQYF	1
CSVEGGQHTEAFF	1
CSVEGDSSYNEQFF	1
CSVEGTNTEAFF	1
CSVEGSVSYNEQFF	1
CSVEGRATQETQYF	1
CSVEGERGIRNEQFF	1
CSVEGRSYEQYF	1
CSVEDRDVPYNEQFF	1
CSVEEYNEQFF	1
CSVEETSRETQYF	1
CSVEEQGYFSYEQYF	1
CSVEIRGSNSEQYF	1
CSVETGIQETQYF	1
CSVETAVGLYNEQFF	1
CSVETGADTQYF	1
CSVERGLEYNEQFF	1
CSVERIAGAKETQYF	1
CSVERTSNTEAFF	1
CSVEKDSISGNTIYF	1
CSVEFSGYEQYF	1
CSVEFEGSEEQYF	1
CSVEFSRDSTDTQYF	1
CSVEFPGKASYEQYF	1
CSVEFVKNIQYF	1
CSVELGGATDTQYF	1
CSVELETQYF	1
CSVELTSGNNEQFF	1
CSVELTGREGNEQFF	1
CSVESLQGANEQFF	1
CSVELSGFSGELFF	1
CSVELLQGNTIYF	1
CSVELGGHQETQYF	1
CSVELAEYTDTQYF	1
CSVELGSSLYGYTF	1
CSVEPPTSDYRYNEQFF	1
CSVEPSGRVDTQYF	1
CSVEPLKEQFF	1
CSVEPDGDTQYF	1
CSVERGAGELFF	1
CSVEHAADTQYF	1
CSVEQGGADTQYF	1
CSVEVPGTYEQYF	1
CSVEVTAGELFF	1
CSVEVGLEGWDRNGQFF	1
CSVEVGGGRGNEQFF	1
CSVEVRREQYF	1
CSVEVRGRETQYF	1
CSVEVAVGGYEQYF	1
CSVEVGGQSSYNEQFF	1
CSVEAPDRGGEQYF	1
CSVEAVGQSDGIQYF	1
CSVEAVGTGVYEQYF	1
CSVEAADRSTDTQYF	1
CSVEAGSKNIQYF	1
CSVEARRGEQFF	1
CSVEAGGPLGYTF	1
CSVEAGGQYF	1
CSVEGFQGSPYNEQFF	1
CSVEGSGTLGGNTEAFF	1
CSVEGLAGGSYEQYF	1
CSVEGATGRELFF	1
CSVEGSGSGVNEQFF	1
CSVEGWGPRDTQYF	1
CSVEGPRNNEQFF	1
CSVEGSAGGEQYF	1
CSVEGPTMNTEAFF	1
CSVEGGISYGYTF	1
CSVEGGPGQPQHF	1
CSVEGGEETQYF	1
CSVEGGTSGRRYNEQFF	1
CSVEGGGSHLSEQFF	1
CSVEGDEAQYF	1
CSVEGTGRSRFF	1
CSVEGTGRGETQYF	1
CSVEGTGEYEQYF	1
CSVEGLVTHNEQFF	1
CSVEGLAANNEQFF	1
CSVEGLAGAPEQYF	1
CSVEGLADGNEQFF	1
CSVEGRGAIVHEQFF	1
CSVEGRVGTSGRDGEQFF	1
CSVEGGGNEQFF	1
CSVEGGAARYNEQFF	1
CSVEDLGGRYYEQYF	1
CSVEDSTYEQYF	1
CSVEDSGRLNIQYF	1
CSVEDWWVSGSRNEQFF	1
CSVEDWVWETQYF	1
CSVEDWEFYGYTF	1
CSVEDYSWGTSRETQYF	1
CSVEDYSRGPDTQYF	1
CSVEDYHEQFF	1
CSVEDLVPGGPPETQYF	1
CSVEDLGETQYF	1
CSVEDLRREQYF	1
CSVEDLGPVGGTGGNIQYF	1
CSVEDLTGPNYGYTF	1
CSVEDLTNRDETQYF	1
CSVEDLSYRVKQYF	1
CSVEDLAATNEKLFF	1
CSVEDLGGGRFF	1
CSVEDPPRDTQYF	1
CSVEDPQSSYNEQFF	1
CSVEDPALSGEQYF	1
CSVEDPENEVDTQYF	1
CSVEDPIETSGSLAKNIQYF	1
CSVEDPVIETEPQETQYF	1
CSVEDPAAFTGETQYF	1
CSVEDRPGSLQETQYF	1
CSVEDRADEQYF	1
CSVEDRWTSGTDTQYF	1
CSVEDRRTSGRPGDTQYF	1
CSVEDRAGGYTDTQYF	1
CSVEDRGLAGSVEQFF	1
CSVEDRGGFGSWSDTQYF	1
CSVEDREDTQYF	1
CSVEDQGFQETQYF	1
CSVEDGLAGANEQFF	1
CSVEDGGQGWATDTQYF	1
CSVEDEQGRGTEAFF	1
CSVEDTGTSKNIQYF	1
CSVEDTGAKNIQYF	1
CSVEDSGGGLEETQYF	1
CSVEDSWAQETQYF	1
CSVEDRTGTYNEQFF	1
CSVEDKREGAYNEQFF	1
CSVEDIAYNEQFF	1
CSVEERTGGSNEQFF	1
CSVEEASGPTGELFF	1
CSVEEAGRVDTQYF	1
CSVEEARGGETQYF	1
CSVEEGSKYEQYF	1
CSVEEGHEETQYF	1
CSVEEGTPETQYF	1
CSVEEDLPGETQYF	1
CSVEETTDTQYF	1
CSVEETGEQYF	1
CSVEERGSVTEAFF	1
CSVEESGGLADTQYF	1
CSVEEPHTQETQYF	1
CSVEEPGTGIGEAFF	1
CSVEERDWTDTQYF	1
CSVEERAGGLPDTQYF	1
CSVEEARLDYEQFF	1
CSVEEGHETQYF	1
CSVEEMGGSYEQYF	1
CSVEMTSGITDTQYF	1
CSVEISTSGTSYF	1
CSVETGGDRGYTF	1
CSVETGLGELFF	1
CSVETSEAFF	1
CSVETGLGPEAFF	1
CSVERQTCNQPQHF	1
CSVERTGDYGYTF	1
CSVIGPDTQYF	1
CSVIDRGSETQYF	1
CSVMPGNGEQFF	1
CSVTSGRYDGTDTQYF	1
CSVTGTDYEQYF	1
CSVTGTDYEQYF	1
CSVTDRTGEQYF	1
CSVTPSGSTDTQYF	1
CSVTGVRDNEQFF	1
CSVTRNSYEQYF	1
CSVTLAGRNTGELFF	1
CSVTGAPDEAFF	1
CSVSEGTGLMNTEAFF	1
CSVSPGQGYREQYF	1
CSVSGQGADNEQFF	1
CSVSRGRGDTQYF	1
CSVRLWGPGETQYF	1
CSVRTGDYEQYF	1
CSVRSGQETQYF	1
CSVRRTSGRGNEQFF	1
CSVRQGMAEQFF	1
CSVRGDSNQPQHF	1
CSVNPASPSGEQYF	1
CSVNRTGDEQFF	1
CSVNSGSRYEQYF	1
CSVNSGTAHREQFF	1
CSVNPTGTTNTEAFF	1
CSVKAGGRISYNEQFF	1
CSVKGQGNYGYTF	1
CSVKEGAETQYF	1
CSVKQGADEKLFF	1
CSVKGDRGTDTQYF	1
CSVKTGPAETQYF	1
CSVLAQGSGETQYF	1
CSVSSGEGSPLHF	1
CSVSTRDLNYEQYF	1
CSVWGRLNEQYF	1
CSVYSTGKGETQYF	1
CSVLPVESGRTYNEQFF	1
CSVLDPENYGYTF	1
CSVLGGAGPDTQYF	1
CSVLTQGAPFGQYF	1
CSVLGPPAYNEQFF	1
CSVLTSLNTGELFF	1
CSVLTVLAYEQYF	1
CSVLDRGNPYEQYF	1
CSVLDRLAGSTDTQYF	1
CSVPLTDTQYF	1
CSVPVYAYNEQFF	1
CSVPRGVEQFF	1
CSVPGLEQFF	1
CSVPDRVNYGYTF	1
CSVPQGIHTGELFF	1
CSVPRASGRARNEQFF	1
CSVRSDRDFGGYTF	1
CSVRPGTSGNTIYF	1
CSVRARVVGGELFF	1
CSVRKGNTDTQYF	1
CSVRDFAEKLFF	1
CSVRTSLYEQYF	1
CSVRSSGGLNEQFF	1
CSVRQGNSYEQYF	1
CSVHGGGEQYF	1
CSVALGADTGELFF	1
CSVASVTAGELFF	1
CSVAGTGEGSYTF	1
CSVAGLYYEQYF	1
CSVAGQGGNYGYTF	1
CSVASRGSQETQYF	1
CSVGGLAGDTQYF	1
CSVGTGNQPQHF	1
CSVGTGSAYEQYF	1
CSVGHTNTGELFF	1
CSVGQSYNSPLHF	1
CSVGQAYEQYF	1
CSVGQGDSYEQYF	1
CSVGDREAGELFF	1
CSVEQTPIAYGYTF	1
CSVEDYTDTQYF	1
CSVESRAGGEPEAFF	1
CSVESDGYEQYF	1
CSVEPRARTDTQYF	1
CSVTRGGEKLFF	1
CSVTQGFNQPQHF	1
CSVTGQGRGETQYF	1
CSVTYSYRGREETQYF	1
CSVTTVSYEQYF	1
CSVTGGANYGYTF	1
CSVTGETGNTIYF	1
CSVTISGSGTREQFF	1
CSVRGNTYNEQFF	1
CSVRTGTGGLAVYNEQFF	1
CSVNRGEVGETQYF	1
CSVKLVNEQFF	1
CSVLGSSNTGELFF	1
CSVSSGPSYEQYF	1
CSVWGREGPDEQYF	1
CSVPDEGTDTQYF	1
CSVHDRGVQYF	1
CSVQRLAGSYEQYF	1
CSVVREPYEQYF	1
CSVASGLSTDTQYF	1
CSVALAASGTTYEQYF	1
CSVAGGQGNEKLFF	1
CSVAMGTTEAFF	1
CSVGVFEEQYF	1
CSVGTSDYEQYF	1
CSVGTIGGSSGNEQFF	1
CSVGKGTDTGELFF	1
CSVGQNTEAFF	1
CSVDRTSGSDEQFF	1
CSVDPSGRWYEQYF	1
CSVEGLAQQFF	1
CSVEGVGGVNLDTQYF	1
CSVEGGEIQETQYF	1
CSVELAASTDTQYF	1
CSVEGAAGVNTEAFF	1
CSVTRTGSGQETQYF	1
CSVTGRNSYEQYF	1
CSVTGQEDYEQYF	1
CSVTGAAAYNEQFF	1
CSVRLAPDEQFF	1
CSVRAGAGNQPQHF	1
CSVNGGSSYEQYF	1
CSVNNRGLEETQYF	1
CSVSVNEQFF	1
CSVYAGEVETQYF	1
CSVPGHAETQYF	1
CSVPDTGVRNTDTQYF	1
CSVRDRKGEQYF	1
CSVHQRLTDTQYF	1
CSVQGASETQYF	1
CSVVNAGTDYYEQYF	1
CSVVDRNEKLFF	1
CSVAGVSGELFF	1
CSVDLYREQETQYF	1
CSVDTADRTDTQYF	1
CSVDRGYNEQFF	1
CSVERATSTDTQYF	1
CSVETSPNEQFF	1
CSVETGDRSYEQYF	1
CSVTGTGDDTQYF	1
CSVTGRYYEQYF	1
CSVTDSYEQYF	1
CSVSSMNTEAFF	1
CSVRTESSYEQYF	1
CSVKGLAVYNEQFF	1
CSAFLHETQYF	1
CSALAGEGEADTF	1
CSASGLNTEAFF	1
CSAPGTDPEKLFF	1
CSARDPGETQYF	1
CSAVGLAGGGSYNEQFF	1
CSAAPSEGWSYNEQFF	1
CSAAAGGYEQYF	1
CSAAVSQTGELFF	1
CSAGWLAGEQLFF	1
CSAGAPYQETQYF	1
CSAGDSLYFEQFF	1
CSAGTVQETQYF	1
CSAGTSGRAGNEQFF	1
CSAGTYNEQFF	1
CSAEPGTGFDEQYF	1
CSAEGEATNEQFF	1
CSAISGSSSYNEQFF	1
CSAMNTEAFF	1
CSATGGTEAFF	1
CSATGIYEQYF	1
CSARGLSVNSPLHF	1
CSAFWDKNTEAFF	1
CSALLADLYEQYF	1
CSALTGFNSGELFF	1
CSALRANNEQFF	1
CSASRQSLPYNEQFF	1
CSASGTDPEAFF	1
CSASHRYNEQFF	1
CSALGQGNTGELFF	1
CSALETGGSYEQYF	1
CSAPGQGLNEQFF	1
CSAPDRAGIQYF	1
CSARLDRGARPANTGELFF	1
CSARGWREQYF	1
CSARDLNTEAFF	1
CSAHRRRTSTDTQYF	1
CSAVFGQKGYEQYF	1
CSAVGGDVNTEAFF	1
CSAGTAEETQYF	1
CSAGTPRDEQYF	1
CSAGQGVTEAFF	1
CSAGAGSTDTQYF	1
CSAEGSLAGVYSYNEQFF	1
CSAETPGTGELFF	1
CSAEKPSSGGELFF	1
CSAIIQGANQPQHF	1
CSAIGGLAGGSAYNEQFF	1
CSATVERGTDTQYF	1
CSASDEDRGPHGYTF	1
CSASTGTGVDTQYF	1
CSARDSYNEQFF	1
CSARTDRVASEQYF	1
CSANGGGLYSNQPQHF	1
CSAKTSYEQYF	1
CSAKTAETSSYNEQFF	1
CSASSKTYNEQFF	1
CSAYSGPPYEQYF	1
CSALSGANNEQFF	1
CSAVRPPSPNEQFF	1
CSAVRETQYF	1
CSAVTGGYEQYF	1
CSAVAGGVTDTQYF	1
CSAASGNTIYF	1
CSAAGGAKNIQYF	1
CSAGLAGASTDTQYF	1
CSAGLAGAETQYF	1
CSAGRGTEAFF	1
CSADRGTDTQYF	1
CSAEDLSSYEQYF	1
CSARLGEETQYF	1
CSACRDSQETQYF	1
CSAYLNLVQETQYF	1
CSAYRDLNTEAFF	1
CSARTVAVFTSTDTQYF	1
CSARQGGETQYF	1
CSAVAYREIQYF	1
CSAVRNEQFF	1
CSAGTGDLFEQYF	1
CSAEVGGTSGSYEQYF	1
CSATNQGTGTDTQYF	1
CSANPLGTQYF	1
CSGLGGPATDTQYF	1
CSGRTDRLNTQYF	1
CSGALTDINEQFF	1
CSGDFSGYTDTQYF	1
CSGLLAGQDNEQFF	1
CSGRRDRGHNEQFF	1
CSGAGGRTNEQFF	1
CSGGQGAYEQYF	1
CSGGSTGELFF	1
CSGGTGENYEQYF	1
CSGGQGAGEQYF	1
CSGGELSGTKEKSVAKYNEQFF	1
CSGIHPGEGGETQYF	1
CSGRGLAKNIQYF	1
CSGADRKTQYF	1
CSGDLYNEQFF	1
CSGMLGYNEQFF	1
CSGTRGAGNTIYF	1
CSDFGGLWGYTF	1
CSDLGQPYTEAFF	1
CSDRAGDRIQYF	1
CSDETGRDNEQFF	1
CSDRRGYF	1
CSESQGANGYTF	1
CSEVAGGSDTQYF	1
CSIAGVTKHNEQFF	1
CSITWGADYGYTF	1
CSMIRGGKETQYF	1
CSIGGNTGELFF	1
CSTRQRQGDHEQFF	1
CSTLAGPGNYEQYF	1
CSTLAGVNYNEQFF	1
CSTRTAGETQYF	1
CSSGRDYEQYF	1
CSKREYEGTQYF	1
CSKTGSFYNEQFF	1
CSKTSPGETQYF	1
CRPLYSGTDQETQYF	1
CRHEEDGVAAFF	1
CRAATRGQTNEKLFF	1
CRGGYRAVYGYTF	1
CRTGQSSTDTQYF	1
CRTKINNEQFF	1
CRLPRGEGPTTEAFF	1
CRRQGHEQFF	1
CRKGPRGQNEAFF	1
CKPQGRYEQFF	1
CKTGTTSF	1
WDYEQYF	1
PVRGAGTRTGKNIQYF	1
GEVRWSYNEQFF	1
GRGETEKNIQYF	1
CASSIVSRQIQETQYF	3
CPSSERTRQGNTGELFF	2
CASASGTVGANVLTF	2
CAWTERELNEQFF	2
CAWSQGGVTGELFF	2
CAWSVDRLITEAFF	2
CAWSEQSGEKLFF	2
CAIGQRQNQPQHF	2
CAISVGGSADTQYF	2
CAISESAGGTYEQYF	2
CATGLAGGPTDTQYF	2
CATSSDRVPYEQYF	2
CATSAPTSGTSYNEQFF	2
CATSDDRQDQETQYF	2
CATSSGFSLGDEQFF	2
CATSRSGYQETQYF	2
CATSRAHQLAGEISF	2
CATSRDLLAWHNEQFF	2
CATSRDRASGIYEQYF	2
CATRSGGNSNQPQHF	2
CATGGTNYEQYF	2
CASSETSLSYNEQFF	2
CASSILGVAPYNEQFF	2
CASSIGLSDTQYF	2
CASSIGTGYNEQFF	2
CASSPSTEKLFF	2
CASSMRSGWASGRAYEQYF	2
CASSTSGSGEQFF	2
CASSPPESTDTQYF	2
CASSPRGMETQYF	2
CASCPGGGETQYF	2
CASPRGSGELFF	2
CASGRTSGVGENIQYF	2
CASGIYHEQYF	2
CASIREHGELFF	2
CASIRIFYGRNFVSYNEQFF	2
CASMRAIQETQYF	2
CASTFRDSPSGELFF	2
CASTYTDTQYF	2
CASTPSEREGNEQFF	2
CASTPSGEQFF	2
CASTPAYEQFF	2
CASTRDGMNTEAFF	2
CASSLGNYGYTF	2
CASSLGGPDTQYF	2
CASSLGRSNEQFF	2
CASSLENGPYEQYF	2
CASSLSSGEASSYEQYF	2
CASSLSGDTQYF	2
CASSLENTGELFF	2
CASSSNRGQYEQYF	2
CASSYLAVFQETQYF	2
CASSYTISGANVLTF	2
CASSYSRLAGGRQFF	2
CASSYSGGGTEAFF	2
CASSYSRSSGTDTQYF	2
CASSYRVYSDTQYF	2
CASSYRESAGELFF	2
CASSLGQQETQYF	2
CASSLNERYSTDTQYF	2
CASSPRFQETQYF	2
CASSPGTGGIFGYTF	2
CASSPNTPGDEQFF	2
CASSRGPSSYEQYF	2
CASSQAGQPYEQYF	2
CASSVLGGMKNTEAFF	2
CASSADFGELFF	2
CASSGQGIDPEAFF	2
CASSDSSTDTQYF	2
CASSEYTGGHYEQYF	2
CASSEALGGDEKLFF	2
CASSEGGVKFF	2
CASSKGRYNEQFF	2
CASSFGFDRVSQPQHF	2
CASSFRGFYYEQYF	2
CASSFPGTESYEQYF	2
CASSLALGGNTEAFF	2
CASSLGPGEGPLSYEQYF	2
CASSLDPLWGAKNIQYF	2
CASSLTTYNEQFF	2
CASSLTVRNTGELFF	2
CASSLSRNTEAFF	2
CASSLWFPGELFF	2
CASSLRDQPQHF	2
CASSLVGSSGQYF	2
CASSLVGGDAGEAYEQYF	2
CASSLVGGYGRDYNEQFF	2
CASSLATYNEQFF	2
CASSLAFGTEAFF	2
CASSLAPRNNSPLHF	2
CASSLATGNSPLHF	2
CASSLAGYTQYF	2
CASSLGPGQNNEQFF	2
CASSLGGGLIEQFF	2
CASSLGEPINSPLHF	2
CASSLGLPDTQYF	2
CASSLGPGDEQYF	2
CASSLGAGGPRETQYF	2
CASSLGRGTSFSEQYF	2
CASSLDLGSDTQYF	2
CASSLEGLRSYNEQFF	2
CASSLTSRLYEQYF	2
CASSLTGSAYNEQFF	2
CASSLSGSINTGELFF	2
CASSLRAGVGELFF	2
CASSLKSSGRLGELFF	2
CASSSFLASSYNEQFF	2
CASSSLAGYYNEQFF	2
CASSSSTGEQFF	2
CASSSTGFRATTEAFF	2
CASSSSGQGPTEAFF	2
CASSWTGDTQYF	2
CASSYGGGGGATEAFF	2
CASSLLRRAPSYNEQFF	2
CASSLTGGEGSPLHF	2
CASSLQGQGAYNEQFF	2
CASSPSGQGLVKNIQYF	2
CASSPRSTDTQYF	2
CASSPGSPTDTQYF	2
CASSPGQGKSSYNEQFF	2
CASSPSSRLGTDTQYF	2
CASSPWGPQGTGELFF	2
CASSPGLAGGNEQYF	2
CASSPGQGVWATEAFF	2
CASSRPLQDTQYF	2
CASSRELTDTQYF	2
CASSRGANEQFF	2
CASSRVASGRASSYEQYF	2
CASSRGLAGVEQYF	2
CASSHGRLAGVYTQYF	2
CASSHTSSSYNEQFF	2
CASSQTSGSTDTQYF	2
CASSQSSSSSSYEQYF	2
CASSQATSGANSYNEQFF	2
CASSQGDGAVWDEQFF	2
CASSQDWNEQYF	2
CASSVYGRANEKLFF	2
CASSVAPSTDTQYF	2
CASSALLGAKNIQYF	2
CASSAQGLAMYEQYF	2
CASSARSGTYYNEQFF	2
CASSANSGFNSPLHF	2
CASSTYTDTQYF	2
CASSRGTLLSTF	2
CASSNPPAGESADTQYF	2
CASRREGGTDTQYF	2
CASRATSVTGELFF	2
CASRGGKETQYF	2
CASRGAGVAETQYF	2
CASREGGETQYF	2
CASRRGTGGADTQYF	2
CASRKPGLRYNEQFF	2
CASNPITGRKSSYNEQFF	2
CASNRGTGGAYEQYF	2
CASNVWGEQYF	2
CASKGTRTGGNEQFF	2
CASKPGQGRNEQYF	2
CASFDSHYDEQYF	2
CASTPPGSSPFNEQFF	2
CASSSEGAGNIQYF	2
CASSSTRTSGTGELFF	2
CASSFRRSSYEQYF	2
CASSFLGEGAYNEQFF	2
CASSFGLAGDEQYF	2
CASSLPDTSGNTIYF	2
CASSLVASGFQETQYF	2
CASSLASGKTDTQYF	2
CASSLALLWSYEQYF	2
CASSLAQASGSTDTQYF	2
CASSLGTGGNSPLHF	2
CASSLGQGTDTQYF	2
CASSLGASSLSTDTQYF	2
CASSLELNTEAFF	2
CASSLMGISYEQYF	2
CASSLSGTGVGEQYF	2
CASSLLAATDTQYF	2
CASSSIRGANVLTF	2
CASSSTASSYEQYF	2
CASSSGLAGPTDTQYF	2
CASSYNILSGILSYNEQFF	2
CASSLGLTNTEAFF	2
CASSLRGMYEQYF	2
CASSPLVAGVGEQYF	2
CASSPTGLRTAYNEQFF	2
CASSPSPPGMGTDTQYF	2
CASSPTTGGYEQYF	2
CASSPSDPQETQYF	2
CASSRRATGGSETQYF	2
CASSQASAREQYF	2
CASSQRTLYEQYF	2
CASSQVRYNREETQYF	2
CASSQVWGLAGNNEQFF	2
CASSQVGTSSDTQYF	2
CASSQDRGSERCEQYF	2
CASSQDGLNSYEQYF	2
CASSTAGTRRNNEQFF	2
CASSRQGIGKNIQYF	2
CASNSGETQYF	2
CSVRTSGDHNEQFF	2
CSVSGGSTDTQYF	2
CSAFTSGSRHEQYF	2
CSASGLAGGNSDTQYF	2
CSARTGPHTGELFF	2
CSARREGDRGSYEQYF	2
CSAIEGREFTDTQYF	2
CSATPGLAPKGGTGELFF	2
CSASPGSSYEQYF	2
CSASASGRGGETQYF	2
CSASSGESSYNEQFF	2
CSASVTRLYVTQYF	2
CSASGGASNEKLFF	2
CSASDGSYEQYF	2
CSARGQGKAYNEQFF	2
CSARDRGRGTEAFF	2
CSARTGTSGKAYNEQFF	2
CSARSLGQGITDTQYF	2
CSARSGQIEYEQYF	2
CSARPRSGTSTDTQYF	2
CSARVVQLKNTGELFF	2
CSARAGRGTEAFF	2
CSARGLAGSDTQYF	2
CSARDPRPIGNEQFF	2
CSARIAGVSYEQYF	2
CSASPGPDYEQYF	2
CSAPESPDTQYF	2
CSAGRHLVNEQFF	2
CSAKQEGAIETQYF	2
CSASGLAENNEQFF	2
CSAWDRGGETQYF	2
CSAGSGDFTGELFF	2
CSAISRSDSTDTQYF	2
CSATGSGGVSYEQYF	2
CSAKRGLSNQPQHF	2
CSAPGLAEYF	2
CSTLTAGAGTQYF	2
CSVFGGETQYF	2
CSVQGTGGSSETQYF	2
CSVVGREQYF	2
CSVVGTITDTQYF	2
CSVAASGRDTGELFF	2
CSVEPGAHRDNEQFF	2
CSVEVSQPTSGSYEQYF	2
CSVEGDEQYF	2
CSVEDAGTGYGYTF	2
CSVEEDRYLRTQYF	2
CSVGDRATYNEQFF	2
CSARGQYDEQYF	2
CSGNRGPNTEAFF	2
STLTSGRQPQHF	1
CLDQRVGCNEQFF	1
CSGAFINYGYTF	1
CVSSGPYEQYF	1
CVSQTGGNRELFF	1
CVTGLAATDTQYF	1
CASTLAWYNEQFF	1
CASAAGKFSYNEQFF	1
CASAHVTGPYSGANVLTF	1
CASGFTPGAGGADFPGELFF	1
CASGFGVSGTDTQYF	1
CASGLFPTGAKSTDTQYF	1
CASGLVLSGSDTGELFF	1
CASGLVREGYNEQFF	1
CASGLVLASGSSYNEQFF	1
CASGLVLAGAPETQYF	1
CASGLADRDRPYEQYF	1
CASGLGGQGYNEQFF	1
CASGLDTGVETQYF	1
CASGLEDRQYNEQFF	1
CASGLTHLQIMNTEAFF	1
CASGSWTNYEQYF	1
CASGPSLARVIF	1
CASGLLENEQFF	1
CASGHVNGETQYF	1
CASGTSGITDTQYF	1
CASSPGKTLWDTQYF	1
CASSPGPSGNNEQFF	1
CASSFGHPHRGSSYNEQFF	1
CASSFIGGEQFF	1
CASSLSTSSEQYF	1
CASSLRPSSRGLAGGRDTQYF	1
CASSLVGETQYF	1
CASSLVTAGVTGELFF	1
CASSLVRELGKYF	1
CASSLASQETQYF	1
CASSLALGRETQYF	1
CASSLEPDYNEQFF	1
CASSLEVAGDGELFF	1
CASSLEAGGYEQYF	1
CASSLTPWDTQYF	1
CASSLNEGGETQYF	1
CASSPRLGVHEQFF	1
CASSPRAGGTQRGEQFF	1
CASSPAPRGPRSYNEQFF	1
CASSPTGRTGELFF	1
CASSRGGAGQETQYF	1
CASSQAGGARETQYF	1
CASSVTSANTGELFF	1
CASSASGSPDTQYF	1
CASSTGTGATKTQYF	1
CASSNSLAGGKEPVYEQYF	1
CASSNGTGGSGTGELFF	1
CAFTVKGGSPLHF	1
CALREGRTDTQYF	1
CASSGTSTDTQYF	1
CASRWDRENSPLHF	1
CASRTDKLSAFF	1
CASAAGGDTQYF	1
CASEEAGTKETQYF	1
CASSSRQAPGNEQFF	1
CASYAAGGRTDTQYF	1
CASRDPRDRVIDEQFF	1
CASQGRRLSTDTQYF	1
CASEGLAGKYF	1
CASSPGPPSSTDTQYF	1
CASRDRGSADTQYF	1
CASQDAPLVSSQYF	1
CASQSTDAYEQYF	1
CASEIAGGTEQYF	1
CASRSSGNNEQFF	1
CACWDFTDTQYF	1
CACWTGAEAFF	1
CACSRRENIQYF	1
CACRGRSIPLSGNTIYF	1
CACVPPTGELFF	1
CACEARDRVYEQYF	1
CAWSGLAKNIQYF	1
CAWSSTNYNEQFF	1
CAWVPQGFSYNEQFF	1
CAWAFPEGYGYTF	1
CAWGLKGTYEQYF	1
CAWGQGQGNTEAFF	1
CAWGQGIEQFF	1
CAWGRLVLQDTQYF	1
CAWETGKRNTEAFF	1
CAWIMTGGVTGELFF	1
CAWITDRGGTF	1
CAWIRGYEQYF	1
CAWIGTSGRGADTQYF	1
CAWIGGQGPFSYNEQFF	1
CAWTGTVNTGELFF	1
CAWTKKGTGTDTQYF	1
CAWTSSLSYEQYF	1
CAWTPGGSPLHF	1
CAWTANTEAFF	1
CAWTGGGNTIYF	1
CAWSFANYGYTF	1
CAWSFENTIYF	1
CAWSFRGASEKLFF	1
CAWSLGSQPQHF	1
CAWSLTSTGELFF	1
CAWSSTGDQPQHF	1
CAWSSLAGAYNEQFF	1
CAWSLVNEQFF	1
CAWSPFTGGSYEQYF	1
CAWSPGSNQPQHF	1
CAWSRQGNTIYF	1
CAWSRAGANQPQHF	1
CAWSRGRSEKLFF	1
CAWSRQGARSPLHF	1
CAWSHPRNTEAFF	1
CAWSVFLGRMNTEAFF	1
CAWSVNTGRPETQYF	1
CAWSVGTLGNQPQHF	1
CAWSVAESSYEQYF	1
CAWSVRGGGNTIYF	1
CAWSVSGTLAKNIQYF	1
CAWSVSGQGGSGNTIYF	1
CAWSVLFGREQFF	1
CAWSVLLHTGELFF	1
CAWSVLAGYNEQYF	1
CAWSVLGRGDEKLFF	1
CAWSVLGVAGELFF	1
CAWSVRTSATGELFF	1
CAWSVHRPYEQYF	1
CAWSVQDGSGNTIYF	1
CAWSVGGDTEAFF	1
CAWSVGTDTQYF	1
CAWSVGTREQFF	1
CAWSVGAYSTDTQYF	1
CAWSVGGGEYNEQFF	1
CAWSVRDPRNQPQHF	1
CAWSARGADTEAFF	1
CAWSAGTLYEQYF	1
CAWSAGTEASPLHF	1
CAWSASSGSTDTQYF	1
CAWSGRLAASTDTQYF	1
CAWSGGDRGYQPQHF	1
CAWSGLAAYEQYF	1
CAWSGREFF	1
CAWSDSYNQPQHF	1
CAWSEWQGMNTEAFF	1
CAWSEGREAFF	1
CAWSIPYRDRGFGEQYF	1
CAWSIGLTEAFF	1
CAWSIMVRTEAFF	1
CAWSMGGFPETQYF	1
CAWSTGGYEAFF	1
CAWSSTMGLNEQFF	1
CAWSNPGSTNEKLFF	1
CAWSNSIYEQYF	1
CAWSWTANEKLFF	1
CAWSYRPGGLEAFF	1
CAWSPPLTDQETQYF	1
CAWSRATGELFF	1
CAWSGLGSNQPQHF	1
CAWSDDWSGINEQFF	1
CAWSDVGEKLFF	1
CAWSDRSNNQPQHF	1
CAWSNALTSGRYGEQFF	1
CAWRLAGGNTGELFF	1
CAWRLTGTGNTIYF	1
CAWRLPGTAAYEQYF	1
CAWRGIAGEINNEQFF	1
CAWRSGSTVEQYF	1
CAWRSEGTREKLFF	1
CAWNKMMAPLYGYTF	1
CAWNLPVSYEQYF	1
CAWNPTTSGTYNEQFF	1
CAWNRLAGVGEQFF	1
CAWKTRTSGNNEQFF	1
CAWKRTGPPEAFF	1
CAWKGGGEAFF	1
CAWKGEAGRSPLHF	1
CAYKIAGPNTGELFF	1
CALLTDSYEQYF	1
CALRAAGGPDTQYF	1
CALRDSSRNEQFF	1
CALAAGQDYEQYF	1
CAPRNRLAVAYEQYF	1
CARASTGTPWGEQFF	1
CARPGGNGNTIYF	1
CARARATGRQQYF	1
CAHSPGDGDTQYF	1
CAQNRGSSYNEQFF	1
CAVLADYEQYF	1
CAVPEGVQGYTF	1
CAVQAQREGPYEQYF	1
CAVQKRLAGGYNEQFF	1
CAVVTTGTSYEQYF	1
CAVGGALYNEQFF	1
CAVTAPNTGELFF	1
CAVSRDGSYEQYF	1
CAANRVSYEQYF	1
CAASTPFDEQYF	1
CAARTVYVSGANVLTF	1
CAARRGRGYNSPLHF	1
CAAVGSGNTIYF	1
CAADTGQGLILDEKLFF	1
CAARLAGDLQETQYF	1
CAASRGTGNTIYF	1
CAASGTSASYEQYF	1
CAAGGWNSYNEQFF	1
CAASGTSGRNEQFF	1
CAARPGGTDTQYF	1
CAGGRQGGDGYTF	1
CAGRADSNTGELFF	1
CAGSGTLSGTQYF	1
CAGAREDTQYF	1
CAGGSGHSQETQYF	1
CAGGTEYYGYTF	1
CAGSRGAGGPHNEQFF	1
CAGSTGGSGETQYF	1
CAGARYGTSGQGYEQYF	1
CADMTREGSGELFF	1
CAEDRDHEQYF	1
CAIYRGGRKIQNTGELFF	1
CAIPGQHTGELFF	1
CAIRAAGDTYEQYF	1
CAIRTSGSFYNEQFF	1
CAIRTGLNEQFF	1
CAIQQVSGEQYF	1
CAIEGTGDNEQFF	1
CAILSSKGRPHQPQHF	1
CAILGQVSAGELFF	1
CAISAAGRTGELFF	1
CAISGANTEAFF	1
CAISMGLAGTYEQYF	1
CAISKGTASTDTQYF	1
CAIPRGYRRPDTQYF	1
CAIRAGERYEQYF	1
CAIRDPGTDTQYF	1
CAIRTSGTSKQFF	1
CAIRTAQEYEQYF	1
CAIRTGGYEQYF	1
CAIQARGTYEQYF	1
CAIQPDLGQNYEQYF	1
CAIVFLSPLTPRDEQFF	1
CAIARVWNYGYTF	1
CAIAGLPTDTQYF	1
CAIATSDGPPDEQYF	1
CAIANSGRSYNEQFF	1
CAIGPGFHNEQFF	1
CAIGGLAGAGEQFF	1
CAIGDSATSTDTQYF	1
CAIGDLLASNEQFF	1
CAIEPGGNDEQFF	1
CAIISGPPIILPQETQYF	1
CAITPSPGGEQFF	1
CAITRGVSGSSGEQFF	1
CAITQTVNQPQHF	1
CAITGAGATDTQYF	1
CAITSGQGNNEQYF	1
CAITRGGFYEQYF	1
CAITAGGWTYEQYF	1
CAISFPGLAGLGRETQYF	1
CAISFGTSNYEQYF	1
CAISSTGESSYEQYF	1
CAISSEYETQYF	1
CAISLNRQGGTDTQYF	1
CAISPTGAYEQYF	1
CAISPGTSVKNTGELFF	1
CAISPTGTSGANVLTF	1
CAISPTSGSYEQYF	1
CAISRDSSYEQYF	1
CAISHRDSYEQYF	1
CAISQGQAYEQYF	1
CAISVLGLRTGRRTGNEQFF	1
CAISVSDFSYEQYF	1
CAISVGTGEITEAFF	1
CAISVVTSAERWYTQYF	1
CAISVAEQETQYF	1
CAISVGGSYNEQFF	1
CAISVDREETQYF	1
CAISVTPGTGLGEQYF	1
CAISAWPRGPEQYF	1
CAISAEGMGYNEQFF	1
CAISAEGSSKETQYF	1
CAISAAGGLGETQYF	1
CAISAGLLKETQYF	1
CAISASGRNNEQFF	1
CAISAGDPLETQYF	1
CAISATGGGYNEQFF	1
CAISASGSYEQYF	1
CAISAKGQGYEQYF	1
CAISGQASGMGEQFF	1
CAISGGGEQYF	1
CAISGDWTGNEQYF	1
CAISGISGSQETQYF	1
CAISGRPGTFSYEQYF	1
CAISGVSGTSGGQETQYF	1
CAISGTLGGDEQFF	1
CAISGRGNWYEQYF	1
CAISGPSSYGYTF	1
CAISGAGELFF	1
CAISGAVGTGVYEQYF	1
CAISGGLRSSYEQYF	1
CAISGPRGVNYEQYF	1
CAISGQGCEQYF	1
CAISGVGTGAYEQYF	1
CAISGDRGERSYEQYF	1
CAISGEDAFYEQYF	1
CAISDWERGPDSPLHF	1
CAISDWTSGSYNEQFF	1
CAISDYATGFYNEQFF	1
CAISDYAGAYNEQFF	1
CAISDPTDYRDNEQFF	1
CAISDRSPPSGPYNEQFF	1
CAISDHMGLAGAYEQYF	1
CAISDVIRGGRPAYEQYF	1
CAISDARGETQYF	1
CAISDDRALGETQYF	1
CAISDEGEGKNIQYF	1
CAISDSQISTDTQYF	1
CAISDRAGTVGYNEQFF	1
CAISDRTSGSTTDEQFF	1
CAISDKSGELFF	1
CAISDPRMGQGMRETQYF	1
CAISDPGLAKNYNEQFF	1
CAISDRAAYEQYF	1
CAISDRGLYEQYF	1
CAISDRDRGQETQYF	1
CAISDQGHEQYF	1
CAISDQPNAVEQFF	1
CAISDVTGRSYEQYF	1
CAISDAGGPSGEQFF	1
CAISDGGRRSGELFF	1
CAISDGGGSNQPQHF	1
CAISDGTAQETQYF	1
CAISDGLGRFQETQYF	1
CAISDDLQETQYF	1
CAISDEGAGYNEQFF	1
CAISDEGRVLGLAGGPDEQFF	1
CAISDSPYEQYF	1
CAISDRGHTGELFF	1
CAISEFADEQFF	1
CAISEFPGLDDSPLHF	1
CAISELTITDTQYF	1
CAISESGDTILQYF	1
CAISESTSTDTQYF	1
CAISESPGASDTQYF	1
CAISESVASGNDEQFF	1
CAISESADQETQYF	1
CAISESGGTEAFF	1
CAISESGTSGTWGEQFF	1
CAISESGQGGSPLHF	1
CAISESFGTSGEQFF	1
CAISESWGFHEQYF	1
CAISESYGGDEQYF	1
CAISESAGGRNTDTQYF	1
CAISESAAPLTQYF	1
CAISESGEQYF	1
CAISESGRNNEQFF	1
CAISESGADEQFF	1
CAISESGRRTYEQYF	1
CAISESDSVYEQYF	1
CAISESETSGSKGQYF	1
CAISESTTSGRNTDTQYF	1
CAISESSGTAIPLEQYF	1
CAISESSGQETQYF	1
CAISESNLARAYNEQFF	1
CAISESKASGRTDTQYF	1
CAISESQASSYEQYF	1
CAISESELGLGDEQYF	1
CAISESTSLGVEQYF	1
CAISEWWTSGTITQYF	1
CAISEWRTSGRAGELFF	1
CAISEPPGAGEYEQYF	1
CAISEPPDTQYF	1
CAISEPQTSGYEQFF	1
CAISEPGSRTEAFF	1
CAISEPSRYEQYF	1
CAISERWEQFF	1
CAISERESSYNEQFF	1
CAISEQGQALYF	1
CAISEVDENDEQYF	1
CAISEVRGQQFF	1
CAISEVDGEETQYF	1
CAISEAGKETQYF	1
CAISEGEPGEQYF	1
CAISEGRGERETQYF	1
CAISEGSDTQYF	1
CAISEGQQGAIDGYTF	1
CAISEGVEETQYF	1
CAISEGGPEQYF	1
CAISEGIAGVYEQYF	1
CAISEGTDSYEQYF	1
CAISEGRAYEQYF	1
CAISEGRGETQYF	1
CAISEGQVMYEQYF	1
CAISEGQGRTYEQYF	1
CAISEGQGWGEQYF	1
CAISEGQGPARGEQYF	1
CAISEGQGSETQYF	1
CAISEEDGNTDTQYF	1
CAISEIYRGLVLLEQFF	1
CAISETQGILQETQYF	1
CAISESLGETQYF	1
CAISESSGRINEQFF	1
CAISERSNVGANTEAFF	1
CAISERDSAYEQYF	1
CAISERTKGNEQFF	1
CAISEREGNTEAFF	1
CAISENWGFGTGELFF	1
CAISENLGAGGDTQYF	1
CAISELSSIPGDGYTF	1
CAISEPTTGLARNEQFF	1
CAISEPDLNTEAFF	1
CAISEPTEGQETQYF	1
CAISERLASRDEQFF	1
CAISERGQNTGELFF	1
CAISERLAGDEGIQETQYF	1
CAISEVGQGAETQYF	1
CAISEVSQPQHF	1
CAISEAWRTHSGANVLTF	1
CAISEGADTQYF	1
CAISEGGRASETQYF	1
CAISEGTVAYEQYF	1
CAISEGLAGTYEQYF	1
CAISEDRHSYEQYF	1
CAISESQQGRNEQFF	1
CAISERKGLGDIQYF	1
CAISENGLAGEIQYF	1
CAISITGTSEETQYF	1
CAISTAGLSEQYF	1
CAISTGDSTYEQYF	1
CAISNRGPDTQYF	1
CAISSGTPLSVSYEQYF	1
CAISSGQGSSYEQYF	1
CAISLAGPSYEQYF	1
CAISPLGGQETQYF	1
CAISPEGLAGEYEQYF	1
CAISGTSGSTDTQYF	1
CAISGTSGQETQYF	1
CAISDRDRAGEQYF	1
CAISDSGTAYSNQPQHF	1
CAISMGVEQFF	1
CAISMEAGRAYEQYF	1
CAISREIDTQYF	1
CAIRSGRGSQNTEAFF	1
CAIRLAAAVYNEQFF	1
CAIRLAGDEQFF	1
CAIRAGTGEQYF	1
CAIRGESETQYF	1
CAIRDTGTSGTGELFF	1
CAIRDSGRAAVKSNEQFF	1
CAIREDRQETQYF	1
CAIRTQAGLYEQYF	1
CAIRTGFYIDTQYF	1
CAIRTGERETQYF	1
CAIRKTGGTDTQYF	1
CAIRSGQTYEQYF	1
CAIRVQGAYEQYF	1
CAIRGGNGDNQPQHF	1
CAIRGQGEDTQYF	1
CAIRTSSGSNEQYF	1
CAINQAGTGELFF	1
CAINAGGWTGELFF	1
CAINTPHRVGEQYF	1
CAINRGRAKNIQYF	1
CAIKRTGGVDTQYF	1
CAIKEPQSYEQYF	1
CAIKESPGQPYGYTF	1
CAMSSGMFTDTQYF	1
CAIPQGGGTNEQFF	1
CATSGTSIGETQYF	1
CATSERTQETQYF	1
CATSRGGTDTQYF	1
CATSRGARELFF	1
CATLSLSGANVLTF	1
CATHRRGSSYEQYF	1
CATQRGKGNQPQHF	1
CATASENSNQPQHF	1
CATTRGHYNEQFF	1
CATSGNGDTQYF	1
CATSRYYEQYF	1
CATRGTGYYEQFF	1
CATFRQGLSYEQYF	1
CATFQGQGTYEQYF	1
CATSSAGRGTGELFF	1
CATSPRWGTTYEQYF	1
CATSLTPNTGELFF	1
CATSYTF	1
CATSGTSVPYNEQFF	1
CATSGTGGLHTQYF	1
CATSGLAYNEQFF	1
CATSRGLASNEQFF	1
CATSFGRGTGDEQFF	1
CATSARGGDNEQFF	1
CATWDGGSEQYF	1
CATWTSGRGTQYF	1
CATWRAPWREQYF	1
CATLTRLAGSTDTQYF	1
CATLRHQGHQETQYF	1
CATLGQGGEQYF	1
CATLDRGINEQFF	1
CATLMAGWNIQYF	1
CATPGGYSNQPQHF	1
CATPFAVLSGANVLTF	1
CATPNHEQYF	1
CATPPGGWETEAFF	1
CATPGEITDTQYF	1
CATRGLTEQFF	1
CATRKVGATDTQYF	1
CATRLSEYRKSNEQFF	1
CATRPGLAADTQYF	1
CATRQRREGDTQYF	1
CATRGQDGQQETQYF	1
CATRRLPNSYNEQFF	1
CATRGLAGDNEQFF	1
CATRDSYNEQFF	1
CATRDSYEQYF	1
CATRDSLGSGNTIYF	1
CATRESGGFTDTQYF	1
CATRSRRETDTQYF	1
CATRQGNYEQYF	1
CATRQTLTSTDTQYF	1
CATRAGFVSNQPQHF	1
CATRSGTSTDTQYF	1
CATHGGQGSQPQHF	1
CATHSSGRLNEQFF	1
CATHPTTSGRSETQYF	1
CATHRDTDYEQYF	1
CATQVAGSLHGYTF	1
CATQAFSGELFF	1
CATQVGMVNQPQHF	1
CATQVSSYNEQFF	1
CATQATGDTGELFF	1
CATQGELETQYF	1
CATQILAGGNEQFF	1
CATVPEPGRVSRFTGELFF	1
CATVSGRFSYNEQFF	1
CATVAGFSYNEQFF	1
CATAPQGPHSYNEQFF	1
CATAQGPYNEQFF	1
CATAVGHGTDTQYF	1
CATASDRGRETQYF	1
CATANRDVTDTQYF	1
CATAPGSGSGNEQFF	1
CATATPGDQETQYF	1
CATASDRGNEQFF	1
CATGLGTGLAKNIQYF	1
CATGTPTNNSPLHF	1
CATGSGGSYEQYF	1
CATGGSYEQYF	1
CATGHGSSGANVLTF	1
CATGAQGTGELFF	1
CATGGPNTYEQYF	1
CATGGTGDNQPQHF	1
CATGGSNQPQHF	1
CATGDGNTGELFF	1
CATGDRGNTEAFF	1
CATGTTYEQYF	1
CATGTSGMEGQYF	1
CATGTGASYEQYF	1
CATGTGSSYNEQFF	1
CATGWTQQETQYF	1
CATGLGGDTQYF	1
CATGQGSNSGANVLTF	1
CATGQGPIDNEQFF	1
CATGEADTQYF	1
CATGTPGLEETQYF	1
CATDHRLEASTDTQYF	1
CATDQGNSNQPQHF	1
CATERGGARNEQFF	1
CATEREDQETQYF	1
CATEGEGPTGELFF	1
CATEGASGSSHEQFF	1
CATEDGTGNTIYF	1
CATEEDSPWGTSGNEQFF	1
CATETNRDQGYTF	1
CATIRGSQETQYF	1
CATMAGEGGEQFF	1
CATIPRGEGETQYF	1
CATTGTTSNEQFF	1
CATTELGKTGLFYEQYF	1
CATTSGTGVNEQFF	1
CATTSGLAGINEQFF	1
CATTSESSGDTQYF	1
CATTPFRGRNSNEQYF	1
CATTRDKAYEQYF	1
CATTDPPEGSTGELFF	1
CATTPGLGSPLHF	1
CATTAEQFF	1
CATTASYEQYF	1
CATTGQGSNQPQHF	1
CATTDRSTDTQYF	1
CATTKEMEETQYF	1
CATTPGLLTDTQYF	1
CATTRASGSRETQYF	1
CATSFDRSQETQYF	1
CATSLQGLSTDTQYF	1
CATSLGTGLAGGADTQYF	1
CATSSSSRGEQYF	1
CATSSDRDTGELFF	1
CATSYDRGTNTEAFF	1
CATSPTGSSYEQYF	1
CATSPGQGRTDTQYF	1
CATSPRSNTGELFF	1
CATSRPGGGDEQFF	1
CATSRGNTDTQYF	1
CATSRQDYNEQFF	1
CATSRDSIYEQYF	1
CATSRPDRDTGELFF	1
CATSHTDTQYF	1
CATSVRETQYF	1
CATSVRTSLYNEQFF	1
CATSVQGRDTQYF	1
CATSVQGTSGRGEQFF	1
CATSVGTPGDTQYF	1
CATSVAGLAGGSSYNEQFF	1
CATSVGGSYNEQFF	1
CATSVSPNEQFF	1
CATSVPPKDEQFF	1
CATSAYEGSGRGNEQFF	1
CATSAYTGAGELFF	1
CATSAGRAGVTDTQYF	1
CATSALNRQGYYGYTF	1
CATSALSDRPSGRAGSEQFF	1
CATSALGGATDTQYF	1
CATSAPGTGDHEQYF	1
CATSAPESYNEQFF	1
CATSAPNGGLLGELFF	1
CATSAPQSSYNEQFF	1
CATSAPGTGHYNEQFF	1
CATSARGSSYADTQYF	1
CATSAHGGTGNTIYF	1
CATSAVGGEQYF	1
CATSAGTAPYNEQFF	1
CATSAMTGFSSYNEQFF	1
CATSATSGPTDTQYF	1
CATSASGRAVPDTQYF	1
CATSAIGTPYEQYF	1
CATSANTGSWHEQFF	1
CATSAGDDYEQYF	1
CATSGWDRGATGELFF	1
CATSGPFGGPGAYEQFF	1
CATSGPQPQETQYF	1
CATSGPGGTNQPQHF	1
CATSGQGRNNEQFF	1
CATSGISSSRETQYF	1
CATSGIGEQFF	1
CATSGRTGLPAGGPPNEQYF	1
CATSGPRDGQYEQYF	1
CATSGSGNQETQYF	1
CATSGPGQGSGELFF	1
CATSGGSRQGAPNTEAFF	1
CATSGTSGSQNEQFF	1
CATSGTSGSDEQFF	1
CATSGTATPSGANVLTF	1
CATSGTGDTEAFF	1
CATSGNRGVVNSGELFF	1
CATSGLTLTSGRVTGELFF	1
CATSGSERNEQFF	1
CATSGGRISPLHF	1
CATSGTGGRTDTQYF	1
CATSDFSGGGYTF	1
CATSDFWDSSTDTQYF	1
CATSDFLDEQFF	1
CATSDFASRGTGELFF	1
CATSDFGDRGNEQFF	1
CATSDFGRAHEQFF	1
CATSDFGAGENQPQHF	1
CATSDFGGGINEQFF	1
CATSDFGTAYNEQFF	1
CATSDFETQYF	1
CATSDFRHDYGYTF	1
CATSDFNQPQHF	1
CATSDFNPGNLVNTEAFF	1
CATSDFNRGQETQYF	1
CATSDFWENTGELFF	1
CATSDFPDRGRTYEQYF	1
CATSDFQNEQFF	1
CATSDFGFANQETQYF	1
CATSDFGGVKGNQPQHF	1
CATSDFGTSGPNTDTQYF	1
CATSDFGVVRTEETQYF	1
CATSDFENTGELFF	1
CATSDFTGVDTGELFF	1
CATSDFTGGSYEQYF	1
CATSDLSSGSETQYF	1
CATSDLSALSYNEQFF	1
CATSDLSETQYF	1
CATSDLSRGDTGELFF	1
CATSDLWGTGDDGELFF	1
CATSDLWTSGTADTQYF	1
CATSDLLLPDTQYF	1
CATSDLPSTDTQYF	1
CATSDLPGGSTDTQYF	1
CATSDLPGRGGTGELFF	1
CATSDLRREGPTGELFF	1
CATSDLRDRGLETQYF	1
CATSDLRGAQGQPQETQYF	1
CATSDLRRGRDEKLFF	1
CATSDLQGPDTQYF	1
CATSDLQFGASGTYNEQFF	1
CATSDLQDGRAYDTQYF	1
CATSDLGRGQETQYF	1
CATSDLGRGNTGELFF	1
CATSDLGLKQETQYF	1
CATSDLGTGGYNEQFF	1
CATSDLGLFFF	1
CATSDLGLAGVDEQFF	1
CATSDLGQGGETQYF	1
CATSDLGQGETQYF	1
CATSDLGGAYTDTQYF	1
CATSDLDGDETQYF	1
CATSDLTGDYGYTF	1
CATSDLRQFRIYEQYF	1
CATSDLSGNEQYF	1
CATSDLLAGSETQYF	1
CATSDLRREQFF	1
CATSDLASGGQETQYF	1
CATSDLGEIGQETQYF	1
CATSDLGDRGYEQYF	1
CATSDLGPEGSYEQYF	1
CATSDLTGGSYNEQFF	1
CATSDLTGDGADTQYF	1
CATSDLSGGRSYNEQFF	1
CATSDLKREGPHTQYF	1
CATSDSRTTSVITDTQYF	1
CATSDSRKRDTDTQYF	1
CATSDSVEGVTDTQYF	1
CATSDSGGGLHGYTF	1
CATSDSSGDFNEQFF	1
CATSDSSGTRNEQFF	1
CATSDSSGRAQNEQFF	1
CATSDSRGYQETQYF	1
CATSDSWGGSSYNEQFF	1
CATSDSLSLAAPTDTQYF	1
CATSDSAGTGVREQYF	1
CATSDSAGFGYNEQFF	1
CATSDSATSAQETQYF	1
CATSDSGSTYEQYF	1
CATSDSGAEGVNEQFF	1
CATSDSGTSGETQYF	1
CATSDSGTSGISGELFF	1
CATSDSGQGGETQYF	1
CATSDSTSVSSYNEQFF	1
CATSDSTTETQYF	1
CATSDSNRGYSQPQHF	1
CATSDSPFTDTQYF	1
CATSDSPSGAPLNEQYF	1
CATSDSPGQGPDEQYF	1
CATSDSRGLAGAQETQYF	1
CATSDSGGAKPYEQYF	1
CATSDSTVTDTQYF	1
CATSDSTGQVFEQFF	1
CATSDSTAYEQYF	1
CATSDSTGGDNSPLHF	1
CATSDSYTQYF	1
CATSDSGSARYGYTF	1
CATSDSGQFQETQYF	1
CATSDSGGGQETQYF	1
CATSDWGGPNDNEQFF	1
CATSDWDRAEAFF	1
CATSDWDRGETGELFF	1
CATSDWDREVSTDTQYF	1
CATSDWTSEGGELFF	1
CATSDYLDPYNEQFF	1
CATSDYVDGDTQYF	1
CATSDYTRGRIGELFF	1
CATSDYNEQFF	1
CATSDLDRETDTQYF	1
CATSDLPGQGPYNEQFF	1
CATSDPLRGELLGEQYF	1
CATSDPATYNEQFF	1
CATSDPIAGTSLDTQYF	1
CATSDPMGQGAGETQYF	1
CATSDPTGYNEQFF	1
CATSDPRSTDTQYF	1
CATSDPNPSSGRYETQYF	1
CATSDPSRREAYDAQYF	1
CATSDPRREQFF	1
CATSDPRTGLAYNEQFF	1
CATSDPAQREGHGELFF	1
CATSDPGGTDTQYF	1
CATSDPGTGGSYEQYF	1
CATSDPGQNTGELFF	1
CATSDPDRDPYNEQFF	1
CATSDPSNGQGRTGELFF	1
CATSDPSGRLGETQYF	1
CATSDPGGGGLINEQFF	1
CATSDPGTVVETQYF	1
CATSDPGPSSSTDTQYF	1
CATSDPGPRTNTGELFF	1
CATSDPGQGVETQYF	1
CATSDPTSSTDTQYF	1
CATSDPNRKDQETQYF	1
CATSDPKVTRDPTDTQYF	1
CATSDPQGSYNEQFF	1
CATSDPRQGKMNTQYF	1
CATSDRPGELFF	1
CATSDRGQGAGGELFF	1
CATSDRDISYNEQFF	1
CATSDRRTAYNEQFF	1
CATSDRNQETQYF	1
CATSDHELASYEQYF	1
CATSDQATANEQFF	1
CATSDVSGSSYNEQFF	1
CATSDAQGNQPQHF	1
CATSDALFHTGELFF	1
CATSDALTGPNEQFF	1
CATSDATSGSQNEQFF	1
CATSDADRPGELFF	1
CATSDGYSYEQYF	1
CATSDGLSGIDEQFF	1
CATSDGAGAPNEQFF	1
CATSDGGKRPLGNYNEQFF	1
CATSDGGLAGGTDTQYF	1
CATSDGTGGPQAFF	1
CATSDGPYNEQFF	1
CATSDDRYPPETQYF	1
CATSDDRGRETQYF	1
CATSDETADTQYF	1
CATSDESTGQETQYF	1
CATSDIGTGQQETQYF	1
CATSDTRQALQEQFF	1
CATSDTLAGAQETQYF	1
CATSDTGTINNEQFF	1
CATSDTRGQGNIQYF	1
CATSDTRIGENIQYF	1
CATSDSGQARYGYTF	1
CATSDRTGSNTGELFF	1
CATSDNNGGLDEQFF	1
CATSDNPQRTGGRTQYF	1
CATSDSGTKDNEQFF	1
CATSDSGGDITDTQYF	1
CATSDSGLPTEEQYF	1
CATSDWAGELFF	1
CATSDWRRHEQFF	1
CATSDLREAENNEQFF	1
CATSDLNEDTQYF	1
CATSDLQETQYF	1
CATSDLTSGTSVDTQYF	1
CATSDPSSGSSYNEQFF	1
CATSDPSGRAYNEQFF	1
CATSDPLGLAGRVGELFF	1
CATSDPAAETDTQYF	1
CATSDPGTSGDNEQFF	1
CATSDPGTGRRDEQFF	1
CATSDPGQGIADTQYF	1
CATSDPSGGYEQYF	1
CATSDPGLAKTGELFF	1
CATSDPGQAQETQYF	1
CATSDPGQGSYSPHEQFF	1
CATSDPTSGREPVYEQYF	1
CATSDPTVDKETQYF	1
CATSDPTGNHYEQYF	1
CATSDPPGQGSQETQYF	1
CATSDPQGGDEQYF	1
CATSDPKTSGRAREQFF	1
CATSDRPGSVGTYNEQFF	1
CATSDRSGRSEQYF	1
CATSDRSGGYTF	1
CATSDRDRGMGEQFF	1
CATSDRLPARGTYNEQFF	1
CATSDRRASLEYQETQYF	1
CATSDRQGAHQETQYF	1
CATSDRQKYNNEQFF	1
CATSDRGQGANYGYTF	1
CATSDHPGRSQETQYF	1
CATSDQGLAGANEQFF	1
CATSDQGNGSNQPQHF	1
CATSDQGLAGGVGTGELFF	1
CATSDVGQETQYF	1
CATSDAGTGDLTGELFF	1
CATSDAGEVTDTQYF	1
CATSDGSKYEQYF	1
CATSDGLAGGSTDTQYF	1
CATSDGHEQYF	1
CATSDDSGEQFF	1
CATSDTGGNGELFF	1
CATSDTSRDREQYF	1
CATSDTRTGLETQYF	1
CATSDTQETQYF	1
CATSDRGRRETQYF	1
CATSDRRTENTGELFF	1
CATSDNRRATGEQFF	1
CATSDNDRFEETQYF	1
CATSELAGGLSEQFF	1
CATSESGLAVQETQYF	1
CATSEYRSEGYTF	1
CATSEPGTDTGELFF	1
CATSEHLWGQDTDTQYF	1
CATSEQGAYNEQFF	1
CATSEAVSYEQYF	1
CATSEGGANVLTF	1
CATSEGGTGVNEQFF	1
CATSEGITGQGENQPQHF	1
CATSEGQGLLTDTQYF	1
CATSEDSQETQYF	1
CATSEETTHEQYF	1
CATSETSGRYNEQFF	1
CATSESGRAVNEQYF	1
CATSENRDVKGYNEQFF	1
CATSENRDTGELFF	1
CATSEKGALGDTQYF	1
CATSESSGSSYNEQFF	1
CATSEWGFSYEQYF	1
CATSEWDSSYNEQFF	1
CATSEPGLGETQYF	1
CATSEPSGSFSEQFF	1
CATSEPNNEQFF	1
CATSEPLAAKNIQYF	1
CATSERGRASYNEQFF	1
CATSEAGRLRGPPGELFF	1
CATSEDRARYNEQFF	1
CATSEETVPGTQYF	1
CATSETGTTKETQYF	1
CATSETGRSTDTQYF	1
CATSETRDNTDTQYF	1
CATSETGEYQETQYF	1
CATSMGGELFF	1
CATSTSTGQSTDTQYF	1
CATSSGTGASNEQFF	1
CATSFLTSGSEQYF	1
CATSFWTGGLETQYF	1
CATSFVGYQETQYF	1
CATSLGGSPYNEQFF	1
CATSSLGQGPTTEAFF	1
CATSSRRDRYNEQFF	1
CATSSHLTSGSYNEQFF	1
CATSSSSTDTQYF	1
CATSSYRGLGEQFF	1
CATSLNRHPPYEQYF	1
CATSPDYSSYEQYF	1
CATSPSGETQYF	1
CATSPSGSMSTEAFF	1
CATSPLGGNEQYF	1
CATSPPDDRYNEQFF	1
CATSPRRVRPNEQFF	1
CATSPAGSGTQYF	1
CATSPDVSNQPQHF	1
CATSPGQGLYNEQFF	1
CATSPTMRGGSDYNEQFF	1
CATSPRAFWSEGSYEQYF	1
CATSPGGNEQYF	1
CATSPDPPYNEQFF	1
CATSRREYSNQPQHF	1
CATSRGSTYEQYF	1
CATSRGPYEQYF	1
CATSRTQIGAQYF	1
CATSRTGNEQYF	1
CATSRSGRGVEQFF	1
CATSRGGEQETQYF	1
CATSHEESGELFF	1
CATSHKGVQETQYF	1
CATSQTGEDYEQYF	1
CATSQGLAGHNEQFF	1
CATSQERAGGNEQFF	1
CATSVYPDRWSYEQYF	1
CATSVYNGPGYEQYF	1
CATSVAGGFDEQFF	1
CATSARDRSKDTQYF	1
CATSARGGPFYEQYF	1
CATSAGLTDTQYF	1
CATSAERTGSSPLHF	1
CATSASGAPRETQYF	1
CATSGSRDRYYEQYF	1
CATSGRTSGKPTYNEQFF	1
CATSGGRGNTQYF	1
CATSGEREPSYEQYF	1
CATSGRLAVLAKNIQYF	1
CATSGQGSVYEQYF	1
CATSGAGTSVKSGSYEQYF	1
CATSGARGSLYEQYF	1
CATSGGASTDTQYF	1
CATSGGGLQETQYF	1
CATSGKDRGIQETQYF	1
CATSDALELDEQFF	1
CATSDLGGWADTQYF	1
CATSDYANTGELFF	1
CATSDYREETQYF	1
CATSDRDRPTNEQFF	1
CATSDRVYNEQFF	1
CATSERSYNEQFF	1
CATSEVPGLAHTGELFF	1
CATSEGQGVATEAFF	1
CATSEGQFYEQYF	1
CATSIDRGYYEQYF	1
CATSITGFDEQFF	1
CATSMVGAYEQYF	1
CATSILYNEQFF	1
CATSIAPLGTGELFF	1
CATSTLTGVTGELFF	1
CATSTSGVSGKLKTGELFF	1
CATSTRGRSSYNEQFF	1
CATSTRTSGSYEQYF	1
CATSTNTGELFF	1
CATSTLRGGGELFF	1
CATSTRTTSTDTQYF	1
CATSTASGRNSEQFF	1
CATSTGMSGELFF	1
CATSTGTSGLYNEQFF	1
CATSTGTSGANEQFF	1
CATSTDRGLAGASYNEQFF	1
CATSTTSDRDEQYF	1
CATSTGPAGTEAFF	1
CATSTDRRSWSEETQYF	1
CATSTDREGADTQYF	1
CATSTEGKAPDTQYF	1
CATSTSGSVYNEQFF	1
CATSTLAGGPDEQYF	1
CATSTGSLLDTQYF	1
CATSSLKGLAGDPDTQYF	1
CATSSSLAGVGGELFF	1
CATSSPNNEQFF	1
CATSSRWLDTQYF	1
CATSSQGGTYEQYF	1
CATSSVRDVGSYEQYF	1
CATSSGSSSGHTDTQYF	1
CATSSGQGSGANVLTF	1
CATSSGAAQFF	1
CATSSGGSLYEQYF	1
CATSSGDYNEQFF	1
CATSSDTSGGNEQFF	1
CATSSEGRANTGELFF	1
CATSSIPGRAYEQYF	1
CATSSRSTDTQYF	1
CATSSRNRDITDTQYF	1
CATSSPRDSYEQYF	1
CATSSPISAGDEQFF	1
CATSSPRGSSYNEQFF	1
CATSSPGQGDTQYF	1
CATSSRDSLSYNEQFF	1
CATSSRPSYEQYF	1
CATSSQAWVGGTGNEQFF	1
CATSSQRGYNQPQHF	1
CATSSGSRDEQYF	1
CATSSGGFSGKYGGNEQFF	1
CATSSGTRGTQYF	1
CATSSGGSVNQPQHF	1
CATSSDVGTGWDEQYF	1
CATSSEVSDTQYF	1
CATSSIAGGLGEQYF	1
CATSSMVSQPQHF	1
CATSSTEGGRAYEQFF	1
CATSSSPRDPQETQYF	1
CATSSNSGTGSSYEQYF	1
CATSSNPLDTGELFF	1
CATSRLEDFFNQPQHF	1
CATSRRLAAVYEQYF	1
CATSRRNEQFF	1
CATSRRTSGDNEQFF	1
CATSRRTGYNEQFF	1
CATSRRAFNQETQYF	1
CATSRAGTGVYEQYF	1
CATSRGSHFGGTDTQYF	1
CATSRGLAGVSETQYF	1
CATSRGETQYF	1
CATSRGHQETQYF	1
CATSRGITNTGELFF	1
CATSRGQAYEQYF	1
CATSRGSIAGFLETQYF	1
CATSRDRGQMDTQYF	1
CATSRDQGFFEAFF	1
CATSRDWRDQYF	1
CATSRDLYEQYF	1
CATSRDRVGETQYF	1
CATSREGLAGYNEQFF	1
CATSRTEGVQGVITDTQYF	1
CATSRTGQETQYF	1
CATSRTGGETQYF	1
CATSRTGELHEQYF	1
CATSRRGSYEQYF	1
CATSRRRRQGETGELFF	1
CATSRKQGPDEQYF	1
CATSRSSGANEQFF	1
CATSRSGTRQFF	1
CATSRSGQGSYEQYF	1
CATSRSVEGSSYEQYF	1
CATSRSRAIPYEQYF	1
CATSRSKGETNEKLFF	1
CATSRSGVENEQFF	1
CATSRSSWTGELFF	1
CATSRWPLTYEQYF	1
CATSRWGRQDYGYTF	1
CATSRYTTDTQYF	1
CATSRPGLLSEQFF	1
CATSRPGSYYEQYF	1
CATSRPLAGGPDTQYF	1
CATSRRTSGEQYF	1
CATSRRQNSYNEQFF	1
CATSRRTGQHEQYF	1
CATSRRRLAGESYEQYF	1
CATSRRLAQETQYF	1
CATSRHRETGANVLTF	1
CATSRQNSGRAYNEQFF	1
CATSRVLAGDIEQFF	1
CATSRVPLSGANVLTF	1
CATSRVPSYWDGAYEQYF	1
CATSRVPGQGNTDTQYF	1
CATSRVRTEAFF	1
CATSRVGQFNGYTF	1
CATSRVRGRPDTQYF	1
CATSRVVAVNEQFF	1
CATSRVGSYEQYF	1
CATSRVGAREQFF	1
CATSRVMAGVRNEQFF	1
CATSRVIAGGVTDTQYF	1
CATSRVRAGAGEQYF	1
CATSRVQTLTDTQYF	1
CATSRVAGGYNEQFF	1
CATSRVADSDYEQYF	1
CATSRALAGVGELFF	1
CATSRAETESSPLHF	1
CATSRASGPYEQYF	1
CATSRARTRQETQYF	1
CATSRARNAGDTQYF	1
CATSRAGNSPLHF	1
CATSRAIGRAKQQYF	1
CATSRAAGAGYEQYF	1
CATSRAGAPYEQYF	1
CATSRAGGYEQYF	1
CATSRADDSGYEQYF	1
CATSRAATGELFF	1
CATSRAGAGANVLTF	1
CATSRAGGNQPQHF	1
CATSRAGGKSYEQYF	1
CATSRAKGVAGESYEQYF	1
CATSRGAGASSYEQYF	1
CATSRGGGREYNEQFF	1
CATSRGGPSYEQYF	1
CATSRGTSVDEQFF	1
CATSRGSGNTDTQYF	1
CATSRGPIDEAFF	1
CATSRGRNNSPLHF	1
CATSRGHEQFF	1
CATSRGGDQETQYF	1
CATSRGGSGETQYF	1
CATSRGSGRARDIQYF	1
CATSRGFAGDGNQPQHF	1
CATSRGSGGNYEQYF	1
CATSRGLGGPDF	1
CATSRGVQGYNEQFF	1
CATSRGASGNYEQYF	1
CATSRGASQGYEQYF	1
CATSRGAGLETQYF	1
CATSRGGGDTQYF	1
CATSRGGTYDEKLFF	1
CATSRGGLAGVYEQYF	1
CATSRGDRGVNQPQHF	1
CATSRGDSYGYTF	1
CATSRGDRGLDEQYF	1
CATSRGDNYEQYF	1
CATSRGTAGSPLHF	1
CATSRGTGTETQYF	1
CATSRGTGNTGELFF	1
CATSRGWDRHDQPQHF	1
CATSRGPPSYNEQFF	1
CATSRGGFRDNDLYEQYF	1
CATSRGGGTHEQYF	1
CATSRGISGILHEQFF	1
CATSRGRVTNSPLHF	1
CATSRDFRLAGDF	1
CATSRDFNLAYEQYF	1
CATSRDFQGAGEQYF	1
CATSRDFGYNEQFF	1
CATSRDLAGGYNEQFF	1
CATSRDLTKNIQYF	1
CATSRDSPRSSYEQYF	1
CATSRDSHEQYF	1
CATSRDSRRTTGELFF	1
CATSRDWPPGEEDQPQHF	1
CATSRDWRIETSGRETQYF	1
CATSRDWDSEAFF	1
CATSRDWTSPDTQYF	1
CATSRDWNSHEQYF	1
CATSRDLQTDYNEQFF	1
CATSRDLAQSYEQYF	1
CATSRDLGPEETQYF	1
CATSRDLGTIYNEQFF	1
CATSRDLTTTYEQYF	1
CATSRDLNVDTQYF	1
CATSRDLPDIGQFNQPQHF	1
CATSRDLGQGRRGYTF	1
CATSRDLASGSSEQYF	1
CATSRDLGQGGGELFF	1
CATSRDLSGGDSYNEQFF	1
CATSRDLQNYGYTF	1
CATSRDPYMRTYQETQYF	1
CATSRDPSTGVREQFF	1
CATSRDPSSRDYGYTF	1
CATSRDPLGRRGNEQFF	1
CATSRDPAGVPYNEQFF	1
CATSRDPGQGTYEQYF	1
CATSRDPGGEQYF	1
CATSRDPGTPLTGELFF	1
CATSRDPGLAGGDTQYF	1
CATSRDPGQGADEQYF	1
CATSRDRHPLEYF	1
CATSRDRANQETQYF	1
CATSRDRGDTGELFF	1
CATSRDRGRAGEYF	1
CATSRDRTGLIETQYF	1
CATSRDRSSGSAGELFF	1
CATSRDRGLADNEQFF	1
CATSRDRREQFF	1
CATSRDRQRQFF	1
CATSRDRARATGEQYF	1
CATSRDRAGRDEQFF	1
CATSRDRAEETQYF	1
CATSRDRGREFF	1
CATSRDRTSGSHEQYF	1
CATSRDRTVSSYEQYF	1
CATSRDRSGIYNEQFF	1
CATSRDRNRGNEKLFF	1
CATSRDRVMGSQETQYF	1
CATSRDRGTDTQYF	1
CATSRDHANEQFF	1
CATSRDQGKSTDTQYF	1
CATSRDQEQETQYF	1
CATSRDQTGTDTQYF	1
CATSRDQFDGQYF	1
CATSRDQEVNEQFF	1
CATSRDVTSPGETQYF	1
CATSRDVAGGWAGELFF	1
CATSRDAGDSNQPQHF	1
CATSRDAEGHNEQYF	1
CATSRDGLAGGFDTQYF	1
CATSRDGNEQFF	1
CATSRDGQRSDTQYF	1
CATSRDGGNSYNEQFF	1
CATSRDGGYEQYF	1
CATSRDGTSLRTGELFF	1
CATSRDGTGGFIEQFF	1
CATSRDGKGGRGAYEQYF	1
CATSRDGASGRETQYF	1
CATSRDGGLAGGPKSTQYF	1
CATSRDGGGYNEQFF	1
CATSRDGSGTYNEQFF	1
CATSRDEGSEQFF	1
CATSRDILAGGTDTQYF	1
CATSRDMGQSHQPQHF	1
CATSRDRALRQESTEAFF	1
CATSRDRGDGGSSYEQYF	1
CATSRDRGTSGREQFF	1
CATSRDRGKETQYF	1
CATSRDRERDAQYF	1
CATSRDREGIYNEQFF	1
CATSRDRKGNEQFF	1
CATSRDRAGLRTDTQYF	1
CATSRDRGTSGSSVNEQYF	1
CATSRDRGTEEAFF	1
CATSRDNLGPYEQYF	1
CATSRDNSGNYEQYF	1
CATSRDKFRGPSNYGYTF	1
CATSRDKGSHYGYTF	1
CATSRDKQNEQYF	1
CATSRDKATAENYGYTF	1
CATSRDLNTEAFF	1
CATSRDLRQLYEQYF	1
CATSRDPSGPYEQYF	1
CATSRDPGLAFGYNEQFF	1
CATSRDPGTSRSEEQFF	1
CATSRDRGGQETQYF	1
CATSRDQGAVYGYTF	1
CATSRDQETQYF	1
CATSRDVGRVNTEAFF	1
CATSRDGPHDSGDTQYF	1
CATSRDGTSGTYEQYF	1
CATSRDGTYEQYF	1
CATSRDTGTGWNEQFF	1
CATSRDTDYTDTQYF	1
CATSRDSYEQYF	1
CATSRDRGSYNEQFF	1
CATSRDRSSGNTIYF	1
CATSRDRRPYEQYF	1
CATSRESGQSYNEQFF	1
CATSRESGGLTDTQYF	1
CATSREWVGTYEQYF	1
CATSRELQLTGELFF	1
CATSREPVIYEQYF	1
CATSREPAGYTDTQYF	1
CATSRERTERDTQYF	1
CATSREVGETQYF	1
CATSREVTGGNTGELFF	1
CATSREASGRAQETQYF	1
CATSREAGPSTDTQYF	1
CATSREGHEQFF	1
CATSREGSRPYF	1
CATSREGTIAARQYF	1
CATSREGSNQPQHF	1
CATSREDEGLRGYTF	1
CATSRETSGVPDTQYF	1
CATSRETYNEQFF	1
CATSRESPMISGYNEQFF	1
CATSRERGSGFEQYF	1
CATSRERTFSYEQYF	1
CATSRENSAGGPVVRSYNEQFF	1
CATSRESLAVYTGELFF	1
CATSREPFASQPQHF	1
CATSRERGLARFF	1
CATSREQDYEQYF	1
CATSREAGTVFIQYF	1
CATSREGPRETQYF	1
CATSREGRSTDTQYF	1
CATSRESRGSYEQYF	1
CATSRENVELFF	1
CATSRMVGGYNEQFF	1
CATSRTLAESTDTQYF	1
CATSRTGGMETQYF	1
CATSRSRDDADEQYF	1
CATSRSATGQQFF	1
CATSRSRGGTDTQYF	1
CATSRRTGLGETQYF	1
CATSRRNTGGDEQYF	1
CATSRNRGLDEKLFF	1
CATSRKETGDQPQHF	1
CATSNLAGAADTQYF	1
CATSNPQGNEQFF	1
CATSNQVGPVYEQYF	1
CATSNFGIFSYEQYF	1
CATSNPTSGRQETQYF	1
CATSKPGASYEQYF	1
CATSKGLAGSETQYF	1
CATSKLSTDTQYF	1
CATSKPPAAGGNYNEQFF	1
CATRLRETQYF	1
CATRPSSVSYNEQFF	1
CATRVPSTDTQYF	1
CATRASGEGETQYF	1
CATRAAGEGNEQFF	1
CATRGDNEQFF	1
CATRDRDGYGYTF	1
CATRITTDTQYF	1
CATRYILTGTAEQFF	1
CATRLAGGHPNEQFF	1
CATRPMRQGNQPQHF	1
CATRPGRGTGELFF	1
CATRAGGVGNEQFF	1
CATRAAITYEQYF	1
CATRISGGGNEQFF	1
CATRMQLADSYNEQFF	1
CATRTSGRETDTQYF	1
CATRKTGADEQFF	1
CATNPTSGESNEQFF	1
CATNVPGTREETQYF	1
CATNSGSYEQFF	1
CATNKGGNQETQYF	1
CATKEGYDEQYF	1
CATKTGLATNTGELFF	1
CATKKPTSLEVDTQYF	1
CATKSRGFQETQYF	1
CATKAGGGYEQYF	1
CATKTGQGETGEQYF	1
CATSRSGTENEQFF	1
CATSEIYEQYF	1
CATPGEGTYTGELFF	1
CATPGQEHNSNQPQHF	1
CATGLSGLAGGPYEQYF	1
CATGDGNYEQYF	1
CATGTSGRLWETQYF	1
CATGQSYEQYF	1
CATECGGRAEETQYF	1
CATEGTYEQYF	1
CATEAGGSEQYF	1
CATISGQLYSGANVLTF	1
CATIQVLNTEAFF	1
CATTGERYEQYF	1
CATTSGRFYNEQFF	1
CATRPVGGSPLHF	1
CATRQAGGALDEQYF	1
CATRGTSGISYNEQFF	1
CATLSAAGTGELFF	1
CATREVGEAFF	1
CATHTFDRGENEQFF	1
CATQTELGDQYF	1
CATGGGQELFF	1
CATTGLAGDTQYF	1
CATTNGTVYEQYF	1
CATSTGPGTGELFF	1
CATNRGATNEKLFF	1
CATKPGTTTDTQYF	1
CATKNRANSPLHF	1
CASSPRSGTPYEQYF	1
CASSRGKSSYNEQFF	1
CASSRQGIPLNTEAFF	1
CASSSGDYNEQFF	1
CASSNRDIYNEQFF	1
CASSPGMTYEQYF	1
CASSQSGQSYNEQFF	1
CASSGTSGAQYF	1
CASSARQTDTQYF	1
CASSGGNTEAFF	1
CASSDRGADTQYF	1
CASSTYRDNEQFF	1
CASWSVYVYEQYF	1
CASWTGALREQYF	1
CASLAPDGYEQYF	1
CASLDRKGTSGELFF	1
CASLSGSSYNEQFF	1
CASLSSGSSYEQYF	1
CASLRGNTGELFF	1
CASLAYLREMSYNEQFF	1
CASLAGGPGEQFF	1
CASLDWEGIQYF	1
CASPRQPTYGYTF	1
CASPNPVTTDNEQFF	1
CASPHGYNEQFF	1
CASPTAGRNTIYF	1
CASPLVVQPRSYEQYF	1
CASPPRPGLAGDLTDTQYF	1
CASRFVGRGDEQYF	1
CASRGWVVGGTEAFF	1
CASRLMSLNEKLFF	1
CASRRGNNEQFF	1
CASRRLPNSGSDYEQYF	1
CASRGASRNLAAYEQYF	1
CASRSGRGAGEQFF	1
CASRLAGGDEQYF	1
CASRRAWRAGNTIYF	1
CASRRTETGLYEQFF	1
CASQRDLQETQYF	1
CASQGPAAFGSYNEQFF	1
CASQSRSYNSPLHF	1
CASVGGTEAFF	1
CASAFGANTEAFF	1
CASARVLVNEQFF	1
CASAVGTGSYNEQFF	1
CASAGAPSYNEQFF	1
CASARDRRTGELFF	1
CASAGTSNQPQHF	1
CASARGSQETQYF	1
CASGGSYNEQFF	1
CASGAPYSNQPQHF	1
CASGDMRSRSYEQYF	1
CASGRGGTEAFF	1
CASGGVAGAMTGELFF	1
CASDGGLTGELFF	1
CASEGSGLLQETQYF	1
CASEGQGQGNYGYTF	1
CASEHSGANSYEQYF	1
CASIRAAYSNQPQHF	1
CASIGQTYGYTF	1
CASTQGGTDTQYF	1
CASTGALNTGELFF	1
CASTFDRGPYYGYTF	1
CASTPPRGTHNNEQFF	1
CASTPLGAGGAYNEQFF	1
CASTPGQTTYEAFF	1
CASTPQGTKNIQYF	1
CASTRTSGTHEQFF	1
CASTRGESTEAFF	1
CASTHLGRDGDTEAFF	1
CASTHGSGYTF	1
CASTVWDREAFF	1
CASTGTSVLNEQFF	1
CASTTREGLINEQFF	1
CASTSPGSNSPLHF	1
CASTRTLYSYNEQFF	1
CASTYGEATQYF	1
CASTGQGGYNEQFF	1
CASTETGNNNQPQHF	1
CASTGGHYGYTF	1
CASSFRDPNQPQHF	1
CASSFTGGAYEQYF	1
CASSFTDTQYF	1
CASSLDSGANVLTF	1
CASSLDSFANYGYTF	1
CASSSTGGSTEAFF	1
CASSSLWTGWTLEAFF	1
CASSSSVERGKLFF	1
CASSSGDPGNTIYF	1
CASSSPGQLYEQYF	1
CASSSQVSYEQYF	1
CASSSQGTGVNSPLHF	1
CASSWSLNEKLFF	1
CASSWNPGTDTQYF	1
CASSYFLSSEGPSGNEQFF	1
CASSYQGTPRVNTEAFF	1
CASSLFIGGYNEQFF	1
CASSLWVEQFF	1
CASSLQGNQPQHF	1
CASSPSGRALDADTQYF	1
CASSPWTSEYNEQFF	1
CASSPPSGTYNEQFF	1
CASSPRLRTAEETQYF	1
CASSPAGGKTQYF	1
CASSPGTGRMNTEAFF	1
CASSPDSFEAFF	1
CASSPRVTSYNEQFF	1
CASSPRTGDLSTYGYTF	1
CASSPQEGWAEAFF	1
CASSPGTAYGYTF	1
CASSPGLAVKTYEQYF	1
CASSPYRNLRDGNTIYF	1
CASSPGTGTYEQYF	1
CASSPDRAFYGYTF	1
CASSPEQRGTQYF	1
CASSPIAGGNQPQHF	1
CASSPTGSWPQHF	1
CASSRPSGTGELFF	1
CASSHGRRGSNQPQHF	1
CASSHIKGYSNQPQHF	1
CASSQAGGLGNEQFF	1
CASSVLGTSAGNTIYF	1
CASSVSTGAIDRNSPLHF	1
CASSVRQGAEAFF	1
CASSAQLTSYEQYF	1
CASSAGSSMNTEAFF	1
CASSARTGVEQFF	1
CASSGWTGTRSGTPAFF	1
CASSGSYNEQFF	1
CASSGPGLAINEQFF	1
CASSGDVPYNEQFF	1
CASSGTSGRFDTQYF	1
CASSGKTGPGDSNQPQHF	1
CASSGQGYEQYF	1
CASSDSQGTDTQYF	1
CASSDSGTDRYNEQFF	1
CASSDSYEQYF	1
CASSEGRSGYTF	1
CASSELGQGMYGYTF	1
CASSEAGLYNEQFF	1
CASSIFQKRYNEQFF	1
CASSILEGALGQPQHF	1
CASSISSSNTGELFF	1
CASSIWARNYGYTF	1
CASSIWGTNYGYTF	1
CASSIWDGPEAFF	1
CASSIYRGPYEQYF	1
CASSIYNEQFF	1
CASSIPLPFSNQPQHF	1
CASSIRTGYEQYF	1
CASSIVAGDTEAFF	1
CASSIVSGGNNEQFF	1
CASSIGPAVYEQYF	1
CASSIGRMNTEAFF	1
CASSIGLAGNTGELFF	1
CASSIESASNQPQHF	1
CASSIEGNQPQHF	1
CASSIEFYGGSYNEQFF	1
CASSITPGAEAFF	1
CASSITRGGSNQPQHF	1
CASSITGLSNEQFF	1
CASSIRGEGPQHF	1
CASSISAGGYNEQFF	1
CASSISYWPGELFF	1
CASSISGTSYGYTF	1
CASSIYGRLAKNIQYF	1
CASSILAGGSDEQFF	1
CASSIRSGAYEQYF	1
CASSIVGLAYISYNEQFF	1
CASSIVSGEYPQFF	1
CASSIAGTSGRARDTQYF	1
CASSIAPDYYGYTF	1
CASSIATSGYTF	1
CASSIGQAHQPQHF	1
CASSIGDRGANQPQHF	1
CASSIDMAGASSYEQYF	1
CASSIEIPLAPAYQPQHF	1
CASSITQAQETQYF	1
CASSISSYNEQFF	1
CASSMSGGRSQPQHF	1
CASSMPHQYF	1
CASSMRSTGRSYNSPLHF	1
CASSMRDLSIQETQYF	1
CASSMVGRETQYF	1
CASSMGYEQYF	1
CASSMGGSPSYEQYF	1
CASSMGQLFYTF	1
CASSMGGPYNEQFF	1
CASSMGEGYNEQFF	1
CASSMGNEQFF	1
CASSMGRIYGYTF	1
CASSMGGTPFF	1
CASSMDRGPNQPQHF	1
CASSMEGGPLEGEQFF	1
CASSMTTNTEAFF	1
CASSMNRNTEAFF	1
CASSMKRSTVNEQFF	1
CASSILAGGNTGELFF	1
CASSISGFTEAFF	1
CASSILHEQLF	1
CASSIQASNQPQHF	1
CASSIVHSGSYEQYF	1
CASSIVYWNQPQHF	1
CASSIAYEGSGELFF	1
CASSIASGNTGELFF	1
CASSIAGTGELRQPQHF	1
CASSIAGQGFYQPQHF	1
CASSIADGVGYEQYF	1
CASSIATRKRPNYGYTF	1
CASSIAGVQPQHF	1
CASSIGRLNTEAFF	1
CASSIGLADTQYF	1
CASSIGAKPQHF	1
CASSIGGETQYF	1
CASSIGGNQPQHF	1
CASSIGTGGYNEQFF	1
CASSIGRVWNTEAFF	1
CASSIGPGTEAFF	1
CASSIGQGAYSNQPQHF	1
CASSIDLYGTIGSEQFF	1
CASSIDLGEQFF	1
CASSIDRGLAGLSYNEQFF	1
CASSIDRAFSYNEQFF	1
CASSIDRSTEAFF	1
CASSIDHLVGSSYNSPLHF	1
CASSIDGEVTEAFF	1
CASSIEGYNEQFF	1
CASSIEDGADEQYF	1
CASSIELAGVNEQFF	1
CASSIERAYLNEQFF	1
CASSITFGSGSSGELFF	1
CASSITGVGYEQYF	1
CASSISGGAHEQFF	1
CASSIKVSGNEQFF	1
CASSTWTVSNQPQHF	1
CASSTTPNYGYTF	1
CASSTLRDRTYEQYF	1
CASSTLPNEQFF	1
CASSTPADTHRNQPQHF	1
CASSTRTTVAQPQHF	1
CASSTGTGGEQYF	1
CASSTGPERALETQYF	1
CASSTMTRSNQPQHF	1
CASSTSGANVLTF	1
CASSTPFAGADEQFF	1
CASSTQGGKPQHF	1
CASSTLYRVNTDQPQHF	1
CASSTGDEQFF	1
CASSSLRELTRDNEQFF	1
CASSSAGTTYEQYF	1
CASSSREDTEAFF	1
CASSSPGSLSNQPQHF	1
CASSSDSAVSYNEQFF	1
CASSRPGTASNTEAFF	1
CASSRQMDGETQYF	1
CASSRGRYNSPLHF	1
CASSRDLAGETYNEQFF	1
CASSRDAWTYTGELFF	1
CASSRDRGNQPQHF	1
CASSRTGNQPQHF	1
CASSRKRTGSFYEQYF	1
CASSRGQVLSSYNEQFF	1
CASSNLAGQREQFF	1
CASSNPGNTIYF	1
CASSNRIDRGIMNTEAFF	1
CASSNSRPPEGETQYF	1
CASSNRGLESNQPQHF	1
CASSKPLVRNTEAFF	1
CASSKALAYNEQFF	1
CASSKTSGRSSYNEQFF	1
CASSKRVSNQPQHF	1
CASSWILAGGHDEQFF	1
CASSWTGGNEQFF	1
CASSLSSYEQYF	1
CASSLATPYSNQPQHF	1
CASSLKGPNTEAFF	1
CASSLTTGFSQPQHF	1
CASSLRGYEQFF	1
CASSPWGPSNQPQHF	1
CASSPLGGYSNQPQHF	1
CASSPQGQGAIYEQYF	1
CASSPGTGGSYEQYF	1
CASSPIIAGWGDNEQFF	1
CASSPQGNEQFF	1
CASSPTLLSYQPQHF	1
CASSPRSNQPQHF	1
CASSPGLADTQYF	1
CASSRPDSVPYNEQFF	1
CASSRGLAGDSYEQYF	1
CASSRVLSGSSLNIQYF	1
CASSRQGGKNIQYF	1
CASSHPPYEQYF	1
CASSHRTSVYNEQFF	1
CASSQPPRGGTEAFF	1
CASSGTGARNYGYTF	1
CASSGRAPTDTQYF	1
CASSGRDNEQFF	1
CASSGRNQETQYF	1
CASSGSLWDRRFTDTQYF	1
CASSDRTGSSYEQYF	1
CASSDRYNQPQHF	1
CASSTTGTGQPQHF	1
CASSRYEQYF	1
CASSRVPNTEAFF	1
CASRFYNTEAFF	1
CASRWSSEQFF	1
CASRYALGTDTQYF	1
CASRLAGVKDTQYF	1
CASRPGTGGAETQYF	1
CASRRTGDSYNEQFF	1
CASRVSSNQPQHF	1
CASRALSDGTEAFF	1
CASRDGSITEAFF	1
CASRDRGQPQHF	1
CASREQGGTGELFF	1
CASRSLRGSEKLFF	1
CASRSDRGLDGYTF	1
CASRNRVSPSSYNSPLHF	1
CASRSGLIYNEQFF	1
CASRLLGSVTEAFF	1
CASRLGTSGSYEQYF	1
CASRLTRDYYEQYF	1
CASRLTENSYNEQFF	1
CASRPLGGDEQYF	1
CASRPSGSGELFF	1
CASRGPGPYGYTF	1
CASREGDTEAFF	1
CASRTWGGATGELFF	1
CASRNNSGNTIYF	1
CASRKRATNEKLFF	1
CASNPKVGAGEQYF	1
CASNAGTDSYEQYF	1
CASNGGDLYGYTF	1
CASNDGGQGDTQYF	1
CASNRPGRQEQYF	1
CASNPPPGELFF	1
CASNRGRDTDTQYF	1
CASNDLAGGLDKNIQYF	1
CASNTYGGGPDTQYF	1
CASKRDNYNEQFF	1
CASKREAVYNEQFF	1
CASKHRSDYNEQFF	1
CASKAVAENTEAFF	1
CASKGLAIRSYNEQFF	1
CASKGERRTGELFF	1
CASKEGNEQFF	1
CASKNPGRGRYNEQFF	1
CASKQGDEQYF	1
CASKAGLNQPQHF	1
CASKGGGGSDSYNEQFF	1
CASFSRGHYKYF	1
CASFRGLAGGNEQFF	1
CASFRDRVHEQYF	1
CASFESGETQYF	1
CASFRGQPQHF	1
CASLGGLAGGLNTGELFF	1
CASLSSGFSGANVLTF	1
CASLPRGPSLNEQFF	1
CASLNPWGQEGTYEQYF	1
CASSLAGGSYNEQFF	1
CASSLGEQYF	1
CASSSRGPRRDTQYF	1
CASSSGAGDVDTQYF	1
CASSYRGPYEQYF	1
CASSLPASNTGELFF	1
CASSLAVSSTDTQYF	1
CASSPDILEAFF	1
CASSRLADEQYF	1
CASSHNKAHYSGANVLTF	1
CASSVGEYEQYF	1
CASSAFRAYF	1
CASSAGYYEQYF	1
CASSGSQETQYF	1
CASSGVGGDEQYF	1
CASSGTAYEQYF	1
CASSGTGLNYGYTF	1
CASSEPGAGGRTGELFF	1
CASSEGGGNTIYF	1
CASSIKRETQYF	1
CASSTPGTGYNEQFF	1
CASSTGTATYEQYF	1
CASSTGPAKNIQYF	1
CASSTNNEQFF	1
CASSSGSTDTQYF	1
CASSRAGGEKLFF	1
CASSNSWGTEAFF	1
CASSFGRESDTQYF	1
CASSLAVSSYNEQFF	1
CASSLAVSSYNEQFF	1
CASSWGDSITDTQYF	1
CASSWDTIYEQYF	1
CASSYGLAGTRSYNEQFF	1
CASSYIDGDTQYF	1
CASSLSSGVQPQHF	1
CASSLDRAFQHF	1
CASSLGSSNTEAFF	1
CASSLGLAGTDTQYF	1
CASSPGGGNNEQYF	1
CASSPVGAWKQYF	1
CASSPGHFYGYTF	1
CASSPPGTSGRALNEQFF	1
CASSPTSTDTQYF	1
CASSPEAPTYEQYF	1
CASSRPGPSGEQFF	1
CASSRQGYEQYF	1
CASSRGTGSYEQYF	1
CASSRGGTGTNYEQYF	1
CASSHLAGTGGSYEQYF	1
CASSQGQGGTEAFF	1
CASSQGQIYNEQFF	1
CASSQGSTNEKLFF	1
CASSQMTSGTDTQYF	1
CASSVRGGEKLFF	1
CASSARSPRNTEAFF	1
CASSGTGEQYF	1
CASSEDRATSGSGNEQFF	1
CASSSSYEQYF	1
CASSRGDLNQPQHF	1
CASSKYRATQYF	1
CASSFGYEQYF	1
CASSFSQETQYF	1
CASSSRLAVKRKTQYF	1
CASSSGEGETDTQYF	1
CASSSNLYEQYF	1
CASSPPRTGDNSPLHF	1
CASSPSGYLYEQYF	1
CASSPRQGDPYEQYF	1
CASSPTKGAGQPQHF	1
CASSPNGGTEAFF	1
CASSPVYSNQPQHF	1
CASSPGLAGGPETQYF	1
CASSPNYRTDSPLHF	1
CASSHGQGATEAFF	1
CASSVGEQYF	1
CASSAYNEQFF	1
CASSGTVDQPQHF	1
CASSGLAGSETQYF	1
CASSGQFYEQYF	1
CASSGQGAFGDTQYF	1
CASSGQSNTEAFF	1
CASSDALGGNEQFF	1
CASSEPSGTVETQYF	1
CASSESYRGTEAFF	1
CASSIEHSSGNTIYF	1
CASSTLGRNTEAFF	1
CASSTSGETEAFF	1
CASSTPGQGYTGELFF	1
CASSTGAGQTQYF	1
CASSTLAGGPEDTQYF	1
CASSSSTDTQYF	1
CASSRDPAYEQYF	1
CASSFSFRRGGSEQFF	1
CASSFFTSGDSYEQYF	1
CASSLPRGAGNTIYF	1
CASSSQGDAEKLFF	1
CASSSSQGGGNQPQHF	1
CASSSSHANTGELFF	1
CASSSWESYEQYF	1
CASSSGTDTDTQYF	1
CASSSGQGILYEQYF	1
CASSSSTGGNTEAFF	1
CASSSGPSVAYEQYF	1
CASSSAGDLYEQYF	1
CASSSGMDVYGYTF	1
CASSSTLSYEQYF	1
CASSSTQRNTEAFF	1
CASSLQPGEKLFF	1
CASSLGDTEAFF	1
CASSLSSGIPYEQYF	1
CASSLLRGEQYF	1
CASSLPAGMNTEAFF	1
CASSLGPSGSNEQFF	1
CASSLGLAGGEQFF	1
CASSLGLADYNEQFF	1
CASSLMPGRTYNEQFF	1
CASSLIAGANTDTQYF	1
CASSLTGTEQYF	1
CASSLVIQRELDTQYF	1
CASSLSTSMYEQYF	1
CASSLLAGARNEQFF	1
CASSLAGVRYGYTF	1
CASSLTGQVNTEAFF	1
CASSPFYLLSGANVLTF	1
CASSPLGGSLADTQYF	1
CASSPLDREETQYF	1
CASSPSRGRDRAF	1
CASSPSGGASSPLHF	1
CASSPLPHGTGAYEQYF	1
CASSPRTGRSFDEQYF	1
CASSPRAGGRLDEQFF	1
CASSPQGGTGLHEQFF	1
CASSPQEMNTEAFF	1
CASSPQGAAEKLFF	1
CASSPVGTGELFF	1
CASSPGGQGRINQPQHF	1
CASSPGRGSSYEQYF	1
CASSPGQIGETQYF	1
CASSPGVAGSYEQYF	1
CASSPGGNTQYF	1
CASSPGGTPSYEQYF	1
CASSPTGYEQYF	1
CASSPTRQETQYF	1
CASSPTDSTDTQYF	1
CASSPRTSTDEQYF	1
CASSPNRGQGNTGELFF	1
CASSPNRGNEKLFF	1
CASSPFGGQQSYGYTF	1
CASSPLGQLSSGANVLTF	1
CASSPLAEPGGTDTQYF	1
CASSPLNNEQFF	1
CASSPLPSGGSTDTQYF	1
CASSPLEGTDTQYF	1
CASSPLHPPGNYGYTF	1
CASSPPGRTYEQYF	1
CASSPPGQGGEKLFF	1
CASSPRAEVNSPLHF	1
CASSPRGYYGYTF	1
CASSPRGGQGRGGHEQYF	1
CASSPRIRNEQFF	1
CASSPRQGDHEQYF	1
CASSPQTGDTEAFF	1
CASSPQGNTEAFF	1
CASSPQRLAGGPSSYNEQFF	1
CASSPVAQDYEQYF	1
CASSPGPDYEQYF	1
CASSPGTMYEQYF	1
CASSPGTSYEQYF	1
CASSPGTVTYEQYF	1
CASSPGTANEQFF	1
CASSPGTGGRGYTF	1
CASSPGNSPLHF	1
CASSPDGHLSYNEQFF	1
CASSPDYEQYF	1
CASSPEGYNEQFF	1
CASSPISTGNNEQFF	1
CASSPIPQRQGTDTQYF	1
CASSPIRDEKLFF	1
CASSPMGRGETQYF	1
CASSPTTGDYGYTF	1
CASSPTASLSYEQYF	1
CASSPSRDSLVVDEQFF	1
CASSPRGETDTQYF	1
CASSPRRGLHSPYEQYF	1
CASSPNDRSIAKNIQYF	1
CASSPKQNQETQYF	1
CASSPLRGGYEQYF	1
CASSPSPYEQYF	1
CASSPSRGLYNEQFF	1
CASSPSGTLRSEAFF	1
CASSPSGTGVDEQFF	1
CASSPSVYNQPQHF	1
CASSPSDLDKQFF	1
CASSPWTDQETQYF	1
CASSPLGGGRATDTQYF	1
CASSPLPYGGNTEAFF	1
CASSPLGTDNEKLFF	1
CASSPPSGETQYF	1
CASSPPGVLSEGYTF	1
CASSPRDEQFF	1
CASSPRTGLNEKLFF	1
CASSPQGQPNSPLHF	1
CASSPQKGYSNQPQHF	1
CASSPVGRGAYEQYF	1
CASSPVIVTDTQYF	1
CASSPAGAYNEQFF	1
CASSPGYEQYF	1
CASSPGQNYGYTF	1
CASSPGTAEGYTF	1
CASSPGTGGNYEQYF	1
CASSPGSNQPQHF	1
CASSPGKNEKLFF	1
CASSPGLPWEQYF	1
CASSPGLAVVYEQYF	1
CASSPGLAGVDTQYF	1
CASSPGLAGGEQYF	1
CASSPGLAGDSQYF	1
CASSPGQGAMGGYTF	1
CASSPGQNNEQFF	1
CASSPDSPYEQYF	1
CASSPTTSDSLGYTF	1
CASSPTDRANTGELFF	1
CASSPTGGSSLSKNIQYF	1
CASSPSARGETQYF	1
CASSPRQGSYEQYF	1
CASSPNRDSDGYTF	1
CASSPKREAREQYF	1
CASSPFVGGTDTQYF	1
CASSPFGGLAGDEQFF	1
CASSPSSGRASEQFF	1
CASSPSRHNTDTQYF	1
CASSPSGFGTEAFF	1
CASSPSGVEPGGYTF	1
CASSPSQDFTGELFF	1
CASSPSGGRQPQHF	1
CASSPYAGVYEQYF	1
CASSPLFQLGYNEQFF	1
CASSPLSNTGELFF	1
CASSPLQSGGANEQFF	1
CASSPLTGGGETQYF	1
CASSPLPLDRGQGGYTF	1
CASSPLPTDVSNQPQHF	1
CASSPLRDMNTEAFF	1
CASSPLQGARNEQFF	1
CASSPLDRVETQYF	1
CASSPLDRGTPPYGYTF	1
CASSPLRGLAGSEQYF	1
CASSPPWPTEAFF	1
CASSPPWAGTEAFF	1
CASSPPLEFRGYTF	1
CASSPPVGVGNYNEQFF	1
CASSPPGGRRDEQFF	1
CASSPPRVNTGELFF	1
CASSPPRDGNYGYTF	1
CASSPPWTEGSYNEQFF	1
CASSPPLSTNEKLFF	1
CASSPPLAGGTDTQYF	1
CASSPPAGEVSYNEQFF	1
CASSPPGTDTQYF	1
CASSPPGGPAGNTIYF	1
CASSPPGTGFYEQYF	1
CASSPPGLAGVETQYF	1
CASSPPRLDTQYF	1
CASSPPFIQGGNEQFF	1
CASSPPFRQGASEQFF	1
CASSPPLLAGGTEQFF	1
CASSPPSSPLHF	1
CASSPPSYEQYF	1
CASSPPSRIYEQYF	1
CASSPPSVGGDTQYF	1
CASSPPPQGNTIYF	1
CASSPPRGRGDEQFF	1
CASSPPRGTAQIKETQYF	1
CASSPPATASTDTQYF	1
CASSPPGSTGQNIQYF	1
CASSPPGIYEQYF	1
CASSPPGLAGEVTGELFF	1
CASSPPGLAGEVQFF	1
CASSPPGQGVYEQYF	1
CASSPPDINEQFF	1
CASSPPEERETQYF	1
CASSPPSRGETQYF	1
CASSPPSRTDVNIQYF	1
CASSPPNLAGGTGELFF	1
CASSPPKAGPFYEQYF	1
CASSPPTGRDEKLFF	1
CASSPPKVSEQFF	1
CASSPRRTEAYEQYF	1
CASSPRGASGDEQYF	1
CASSPRRGSSYEQYF	1
CASSPRRTSYEQYF	1
CASSPRAGVANQPQHF	1
CASSPRGDQPQHF	1
CASSPRGQRDYGYTF	1
CASSPRGREEAFF	1
CASSPRERETQYF	1
CASSPRTGSGTGELFF	1
CASSPRTSQETQYF	1
CASSPRRREHNEQFF	1
CASSPRAREETQYF	1
CASSPRGNTEAFF	1
CASSPQSNTEAFF	1
CASSPQPGWEKLFF	1
CASSPQGRETQYF	1
CASSPQEGGDYGYTF	1
CASSPQETQYF	1
CASSPQETASYEQYF	1
CASSPQQDEQYF	1
CASSPQGVGGDSEAFF	1
CASSPQIGYNEQFF	1
CASSPVTGGYNEQFF	1
CASSPVPSGLAGGGRYEQYF	1
CASSPVQGTGEKLFF	1
CASSPATGFTEAFF	1
CASSPASGETQYF	1
CASSPAGPGELFF	1
CASSPAGGSETQYF	1
CASSPATGTDPYEQYF	1
CASSPGMNTEAFF	1
CASSPGRIDYEAFF	1
CASSPGGTPYEQYF	1
CASSPGIAVSSYNEQFF	1
CASSPGTGLYEAFF	1
CASSPGTGEYEQYF	1
CASSPGTGIQETQYF	1
CASSPGQPSNYGYTF	1
CASSPGAASLNEKLFF	1
CASSPDRQGGNEQFF	1
CASSPDRVTLSNSPLHF	1
CASSPELEETQYF	1
CASSPEGPSSYNEQFF	1
CASSPEGETQYF	1
CASSPERVVDTQYF	1
CASSPILRTSKHEQYF	1
CASSPIAGGPNEQYF	1
CASSPMPGTSSETQYF	1
CASSPMGLAGVGNEQFF	1
CASSPMGQNNYGYTF	1
CASSPITINEQFF	1
CASSPTAGPVSYEQYF	1
CASSPTFSNTGELFF	1
CASSPTGIYNEQFF	1
CASSPTGADEKLFF	1
CASSPTGEVETQYF	1
CASSPTDRGNEKLFF	1
CASSPTMGPSYGYTF	1
CASSPTQANRETQYF	1
CASSPTGGQPQHF	1
CASSPSKKETQYF	1
CASSPSGSSYNEQFF	1
CASSPSGSGTGELFF	1
CASSPRFEQFF	1
CASSPRTTPSSGANVLTF	1
CASSPRTGSSYEQYF	1
CASSPRLAGWADTQYF	1
CASSPRQGPTEAFF	1
CASSPNHRGGRTEAFF	1
CASSPNVATNEKLFF	1
CASSPNAGVGETQYF	1
CASSPNSGRETQYF	1
CASSPKRASGRAFNEQYF	1
CASSPKPIQETQYF	1
CASSPKRQGPLYEQYF	1
CASSRGGQASYEQYF	1
CASSRRASGREETQYF	1
CASSRRGETQYF	1
CASSRVIAGGENYEQYF	1
CASSRAGLRNTEAFF	1
CASSRGSDREYGYTF	1
CASSRGLSYEQYF	1
CASSRGQLQETQYF	1
CASSRGAGVGTEAFF	1
CASSREGYGGYTF	1
CASSRMNNEQFF	1
CASSRSGRAEQYF	1
CASSRLAGGTSYEQYF	1
CASSRPGLAFPNEQFF	1
CASSHSVAGIGVLSYEQYF	1
CASSHGQGQETQYF	1
CASSQRAATDTQYF	1
CASSQQGDSPGEQFF	1
CASSQADTQYF	1
CASSQGLSNQPQHF	1
CASSQDRNTEAFF	1
CASSQIGQGENEQYF	1
CASSQERETQYF	1
CASSQTNRVIGNTIYF	1
CASSQSGRGTDTQYF	1
CASSVPGLAGTGELFF	1
CASSALEGTYEQYF	1
CASSATSGRGEQYF	1
CASSAGLAGKEQYF	1
CASSADRTRDQPQHF	1
CASSAGSRVDTQYF	1
CASSGSYNEQFF	1
CASSGTSGTDTQYF	1
CASSGPDGANVLTF	1
CASSGRGSLGLDTQYF	1
CASSGGRGDQETQYF	1
CASSGDTTEAFF	1
CASSDRAPDTQYF	1
CASSETSGRGNEQFF	1
CASSELSYNSPLHF	1
CASSMGTGGTGELFF	1
CASSINHRNTEAFF	1
CASSTSLTGNVTYEQYF	1
CASSTKTGNTEAFF	1
CASSTGTGGGYTF	1
CASSTTSGSTDTQYF	1
CASSTRATFSGNTIYF	1
CASSTPPENTEAFF	1
CASSTDGTGGQETQYF	1
CASSTTTGPYNEQFF	1
CASSSGRYEQYF	1
CASSNLQGADNEKLFF	1
CASSNPRVGPDTQYF	1
CASSKMNTEAFF	1
CASSKPLETQYF	1
CASCRADPSTDTQYF	1
CASCRFTDTQYF	1
CASCMVTGELFF	1
CASCLLGGTSGSGFHEQFF	1
CASCMSGTITGELFF	1
CASCSGSSYNEQFF	1
CASWSRSGSNEQFF	1
CASWLNTGELFF	1
CASWPGQGNYGYTF	1
CASWGDGTEQFF	1
CASWGRFEADEKLFF	1
CASWGVTDTQYF	1
CASWGGQTEAFF	1
CASWDHGQSDEQFF	1
CASWDFNNEQFF	1
CASWESNTEAFF	1
CASYDYPYEQYF	1
CASYDRSKTNEQFF	1
CASYSGRAHNAQFF	1
CASYGRVFQETQYF	1
CASYGTGGSPLHF	1
CASYDSYQETQYF	1
CASYSTPVASGYEQFF	1
CASYSGYNEQFF	1
CASLWGQGQVGDTQYF	1
CASLLGFQGTGELFF	1
CASLRSGTGAGGAFF	1
CASLDRGPDYEQYF	1
CASLSLIGAIQETQYF	1
CASLSAGGGDTQYF	1
CASLPGTRHTGELFF	1
CASLSRSYNEQFF	1
CASLLTASNYGYTF	1
CASLPAGVARTDTQYF	1
CASLGAPSYNEQFF	1
CASLPSGVRNTIYF	1
CASLRLDTQYF	1
CASLDPGQAHEKLFF	1
CASLDRVYTGELFF	1
CASLERDRGYNEQFF	1
CASLRGPGMVEQYF	1
CASPYASTDTQYF	1
CASPGGAVSSYEQYF	1
CASPKIGEKLFF	1
CASPQNTGELFF	1
CASPGKEGVHEQFF	1
CASPGRGGRCGEQYF	1
CASPGPRETQYF	1
CASPSRTGEVREQYF	1
CASRSPSGSRNEQFF	1
CASRPSFSAGELFF	1
CASRPGTSGRNNEQFF	1
CASRPAGLSYNEQFF	1
CASRAGREQYF	1
CASRSGEETQYF	1
CASRSLGTSSYNEQFF	1
CASRSQSSGRQGQYF	1
CASRSGVAGPQQFF	1
CASRLGTANTGELFF	1
CASRPPTGVYNEQFF	1
CASRPGLAGSYEQYF	1
CASRPLGTSYEQYF	1
CASRPALTGELFF	1
CASRGGYSYNEQFF	1
CASRGRLAGHEQYF	1
CASRRGHQPQHF	1
CASRPNTEAFF	1
CASRVSFDFYNEQFF	1
CASRVRVTEAFF	1
CASRARDTGELFF	1
CASRAGGIYNEQFF	1
CASRGSGGNTDTQYF	1
CASRGAGGGDTQYF	1
CASRDFNLNEQFF	1
CASRDSGRGNEQFF	1
CASRDIGTDTQYF	1
CASRDTEPLSYEQYF	1
CASRDRGTLDTQYF	1
CASRDRTQETQYF	1
CASRSQGNSPLHF	1
CASRRGDSLTDTQYF	1
CASRKMGGSDTEAFF	1
CASRSGGYYNEQFF	1
CASRYAGSYEQYF	1
CASRLAGYYEQYF	1
CASRPLDYNEQFF	1
CASRPPAERVWAETQYF	1
CASRPSGSYEQYF	1
CASRREGGTDTQYF	1
CASRQYLGTDTQYF	1
CASRQGSQAGELFF	1
CASRQGLSYEQYF	1
CASRQERSPTDTQYF	1
CASRQGGGSSYEQYF	1
CASREGFIWYF	1
CASRILSGGYNEQFF	1
CASRTSGQSYEQYF	1
CASRTEDRGISPLHF	1
CASRNGQGVLEEQYF	1
CASRKGARLRSPLHF	1
CASHSRGTGNTGELFF	1
CASHIGGSYEQYF	1
CASHRGLSPYEQYF	1
CASHPGVAGVVDTQYF	1
CASHANGELFF	1
CASHGGSNTDTQYF	1
CASHDLFGAEAFF	1
CASQGGTYEQYF	1
CASQGSSYNEQFF	1
CASQTGGGEQYF	1
CASQTRQTQYF	1
CASQLNTGELFF	1
CASQLAVPGQETQYF	1
CASQPGQGNQPQHF	1
CASQRIGTDTQYF	1
CASQARGNSGANVLTF	1
CASQAASYNEQFF	1
CASQGRTGEETQYF	1
CASQDLPEETQYF	1
CASQTSSGNTIYF	1
CASVTPARAGANVLTF	1
CASVSGDRAYNEQFF	1
CASVYGSRELRVEQYF	1
CASVPGTSDTGELFF	1
CASVRDYGPSTQYF	1
CASVGRDQETQYF	1
CASVHTGELFF	1
CASVGALPYNEQFF	1
CASVHEQYF	1
CASVGPTYEQYF	1
CASAFSRTNNSPLHF	1
CASASSTGELFF	1
CASAYSSGTVLLNEQFF	1
CASARPGTAIYEQYF	1
CASARTAPGGKDIQYF	1
CASARAAEAFF	1
CASASGRARVLADTQYF	1
CASASPGLAAASYEQYF	1
CASALGTSGPLHYNEQFF	1
CASAPSTDTQYF	1
CASARGTLEHYEQYF	1
CASARAHTAPVGSYEQYF	1
CASARKGNTGELFF	1
CASAHGAGLNTGELFF	1
CASAADSGNTIYF	1
CASAATGLPYEQYF	1
CASAGQGAGANEKLFF	1
CASAGTSGGHEQFF	1
CASAGQGAFGELFF	1
CASADVANTEAFF	1
CASAMAGTGSRGWSGELFF	1
CASAKYRGGDNEQFF	1
CASAGQETQYF	1
CASATGQGRTEAFF	1
CASATGGYDTDTQYF	1
CASALGLAGVETQYF	1
CASAPGLAGVGQFF	1
CASAGESYGYTF	1
CASAGTSVETQYF	1
CASAGTGLQPQHF	1
CASAISTGSSYEQYF	1
CASAKPGLTDTQYF	1
CASGPVGNTDTQYF	1
CASGPTSGSYEQYF	1
CASGRGVTGELFF	1
CASGRGSLEAFF	1
CASGVSGQADYGYTF	1
CASGGLAGSEQYF	1
CASGGQGGDSPLHF	1
CASGDSGRRNTQYF	1
CASGIYGEKLFF	1
CASGTSSYEQYF	1
CASGRDSHEQYF	1
CASGNEGDEQYF	1
CASGNNEQFF	1
CASGKRGQGFDEQFF	1
CASGLGGPPAKNIQYF	1
CASGSGQPQHF	1
CASGWYEQYF	1
CASGWVGGSEKLFF	1
CASGWGSTDTQYF	1
CASGWDIYNEQFF	1
CASGWTSGSYEQYF	1
CASGYNEQFF	1
CASGLGTDTGELFF	1
CASGLAYSSYEQYF	1
CASGLAGARDEQFF	1
CASGLSTDTQYF	1
CASGRPGRKGSGRLVGELFF	1
CASGRASSYNSPLHF	1
CASGRDRSSKQYF	1
CASGRDRGSHSYNEQFF	1
CASGRFVSGNDYGYTF	1
CASGQNEQFF	1
CASGVPGTSGISYEQYF	1
CASGGGEETQYF	1
CASGGGYNEQFF	1
CASGGTSGILGELFF	1
CASGGTYGTGELFF	1
CASGIAVSTDTQYF	1
CASGTGSYEQYF	1
CASGRGSYNEQFF	1
CASGPSGSGTETQYF	1
CASGPSGRPHEQYF	1
CASGPVAGDEQFF	1
CASGPGLADEQYF	1
CASGPMGSSSYNEQFF	1
CASGRRDRRYEQYF	1
CASGHGTSGTDTQYF	1
CASGQGRATEAFF	1
CASGQGSTEAFF	1
CASGVLSTDTQYF	1
CASGARSSYNEQFF	1
CASGAESPTSGNTIYF	1
CASGGGRAKGDTQYF	1
CASGGPSGNTGELFF	1
CASGGDYEQYF	1
CASGGDRANTGELFF	1
CASGGRDHEQFF	1
CASGGKRQYF	1
CASGGLAGNTQYF	1
CASGGQSYEQYF	1
CASGGASGGTDTQYF	1
CASGDRDYEQYF	1
CASGERASYNEQFF	1
CASGIGETQYF	1
CASGTTYEQYF	1
CASGTTTPYEQYF	1
CASGTSWYNEQFF	1
CASGTSGGTDTQYF	1
CASGTSGRAVTGELFF	1
CASGTRWTPDTQYF	1
CASGTGNTEAFF	1
CASGTLYEQYF	1
CASGTGYTGELFF	1
CASGTGANSPLHF	1
CASGTGDYGYTF	1
CASGTRSYEQYF	1
CASGSSFEQFF	1
CASGRKTRTDTQYF	1
CASGNGALTYEQYF	1
CASGKLPRANEQFF	1
CASGKQGTETQYF	1
CASGLGGGRNTEAFF	1
CASGSQGGAYEQYF	1
CASGSTATLTEAFF	1
CASGSGVGDEQYF	1
CASGLSGNTGELFF	1
CASGLAPSNSYEQYF	1
CASGLAAYNEQFF	1
CASGPYEQYF	1
CASGPGTGELFF	1
CASGPGPGYEQYF	1
CASGPGGWGTEAFF	1
CASGRSSEQFF	1
CASGRGEKLFF	1
CASGQSSYNEQFF	1
CASGVRSTGELFF	1
CASGVGDYSYEQYF	1
CASGASVDQETQYF	1
CASGAGGGQETQYF	1
CASGAKGLNNEQFF	1
CASGGLTQFF	1
CASGGFTEAFF	1
CASGGQGPSYEQYF	1
CASGGQHSSYEQYF	1
CASGGQDGSGELFF	1
CASGGDNEQFF	1
CASGDSEQFF	1
CASGDRVGTYEQYF	1
CASGDRYYNEQFF	1
CASGIELTTYEQYF	1
CASGTGPTYEQYF	1
CASGSGSPKNIQYF	1
CASGRAGEGSYNEQFF	1
CASGNSGSWETQYF	1
CASGKTGANQPQHF	1
CASDGGKNEQFF	1
CASDISYTGAGGYNEQFF	1
CASDINGLADEQYF	1
CASDSRLAGGFYEQYF	1
CASDSGSSYNEQFF	1
CASDLVSAGGFAYEQYF	1
CASDPVYSTLYNEQFF	1
CASDGTSGPPDTQYF	1
CASDSPTGELFF	1
CASDRGHYEQYF	1
CASESGSRETQYF	1
CASEGRLYEQYF	1
CASEGGTVYEQYF	1
CASEGMNTEAFF	1
CASESSYNEQFF	1
CASENRLAGISYNEQFF	1
CASEGTGSYNEQFF	1
CASETEVLDEQFF	1
CASEKSGSPGEQFF	1
CASIFEGGNSNQPQHF	1
CASIFSWGTYEQYF	1
CASILSGTGEETQYF	1
CASIWVPGGRANTEAFF	1
CASIPSGRDPYNEQFF	1
CASIPLGTGDGELFF	1
CASIPTSGRYEQYF	1
CASIQGFYTEAFF	1
CASIQQGTGNTIYF	1
CASIQTAKSFEQFF	1
CASIGHGRQFF	1
CASIGIGLNEQFF	1
CASIDLIYNEQFF	1
CASIDQGGYNEQFF	1
CASIIISSGANVLTF	1
CASIRGQVENTEAFF	1
CASISRGVEDNEQFF	1
CASISRGAPEDTEAFF	1
CASISPGRLTEAFF	1
CASILSGSGEQYF	1
CASILHGRDNEQFF	1
CASILNTGANVLTF	1
CASIPGTSGSTDTQYF	1
CASIPDLTGNEQYF	1
CASIPRRTSGKVTQYF	1
CASIPGTLNTEAFF	1
CASIPRQQETQYF	1
CASIRLAGGSEQFF	1
CASIRNTGTGELFF	1
CASIQDRPYEQYF	1
CASIALALYNEQFF	1
CASIGTLSEEQYF	1
CASIGLAGTDTQYF	1
CASIGLAGLKTQYF	1
CASIELTSSYEQYF	1
CASIEGNTGELFF	1
CASIIRDLSYNEQFF	1
CASIIGSTGDTQYF	1
CASITGTGSYNEQFF	1
CASITPLRPEKLFF	1
CASIRAGHRGEQETQYF	1
CASIRGLAGAGPPGELFF	1
CASIRDTEAFF	1
CASIRQGREEAFF	1
CASIRGQGGLDTEAFF	1
CASIRRGQGKQFF	1
CASMPLVQSQQFF	1
CASMPSAYNEQFF	1
CASMPRGSSYEQYF	1
CASMPTANQPQHF	1
CASMVGDIQYF	1
CASMVGQGWNTEAFF	1
CASMARESGEQYF	1
CASMGEDSYEQYF	1
CASMGGLSPIYEQYF	1
CASMGTSGRANEQFF	1
CASMTGFSYNEQFF	1
CASMSWDSPLHF	1
CASMRSSYNEQFF	1
CASMKGQGGVGGYTF	1
CASISMGTRGISNEQFF	1
CASIYQLAALRTGELFF	1
CASILPEGSTEAFF	1
CASIRGGANVLTF	1
CASIRDGEDEQYF	1
CASIAPETGELFF	1
CASIGRGVRNEQFF	1
CASIIGPMGTEAFF	1
CASIRTGATYSYNEQFF	1
CASINPPKREQFF	1
CASTFGTSPSDF	1
CASTFSFRRETQYF	1
CASTFSNEQFF	1
CASTSVRGRGEQFF	1
CASTSALNIQYF	1
CASTSGNSYEQYF	1
CASTSEAGKADTQYF	1
CASTYYNEQFF	1
CASTLLAGVQEQYF	1
CASTLRLDYNEQFF	1
CASTLTGELFF	1
CASTLGGDLAVPPSTDTQYF	1
CASTLLGLAAGELFF	1
CASTLAGTANYEQYF	1
CASTPWGLNTGELFF	1
CASTPQNPRLNEQFF	1
CASTPGLAGYTDTQYF	1
CASTPNRDTYEQYF	1
CASTPRRGNTGELFF	1
CASTPGRAYNEQFF	1
CASTPIAGGPADTQYF	1
CASTRGGLATVEQYF	1
CASTHQTGNTGELFF	1
CASTQAGNQETQYF	1
CASTQGPTGSQPQHF	1
CASTQAGYQDPQYF	1
CASTALLGTDTQYF	1
CASTGTGQDTEAFF	1
CASTGRGLSYEQYF	1
CASTGQTFGEQYF	1
CASTDNYEQYF	1
CASTISGELFF	1
CASTIWEGHNEQFF	1
CASTILDSGAYEQYF	1
CASTTWGPTSTDTQYF	1
CASTTRSGSRGDTQYF	1
CASTTGGSSYNEQFF	1
CASTSLAAKNIQYF	1
CASTSSSVTDTQYF	1
CASTSGSGEQFF	1
CASTSGGNTGELFF	1
CASTSTDTQYF	1
CASTRDRGGYEQYF	1
CASTKQGASHTGELFF	1
CASTKAPGLAGDISTDTQYF	1
CASTFTSGDFSYEQYF	1
CASTFLSGSSYNEQFF	1
CASTFLGGGGSTYEQYF	1
CASTLWDRGRNTQYF	1
CASTLGGVQETQYF	1
CASTLDPPSAGTDTQYF	1
CASTLDRVETQYF	1
CASTLERAGGHYNEQFF	1
CASTLSGTTYEQYF	1
CASTLRGGLAGRTDTQYF	1
CASTSPSRTGHTGELFF	1
CASTSRPRGASPYEQYF	1
CASTSSGFSYNEQFF	1
CASTSPAYTTDTQYF	1
CASTSMTGGGETQYF	1
CASTSWGLAGLEYNEQFF	1
CASTSPVETGELFF	1
CASTSQGATNTGELFF	1
CASTSTLVGFNTEAFF	1
CASTWTSGWYEQYF	1
CASTWNPDTQYF	1
CASTYEGSRDTIYF	1
CASTYGPKETQYF	1
CASTYGLAGVVGEQFF	1
CASTYRRWGGLQTQYF	1
CASTLQLGRNTGELFF	1
CASTLAAGASMQYF	1
CASTLAGGLNEQYF	1
CASTLGGRLMNEQFF	1
CASTLLWGPSYEQYF	1
CASTLPGGGTDTQYF	1
CASTLVPNTDTQYF	1
CASTLGGGELFF	1
CASTLGQGDYEQFF	1
CASTLLEDGHTGELFF	1
CASTLALAGLSSYEQYF	1
CASTLGLARTDTQYF	1
CASTLDSTYF	1
CASTLVGQNYEQYF	1
CASTLAGAYNEQFF	1
CASTLAGGFSYNEQFF	1
CASTLGTDTQYF	1
CASTLGSWFLAGDYEQYF	1
CASTLTGGPYNEQFF	1
CASTLNFYGTQSHEQYF	1
CASTPLGGSHEQFF	1
CASTPRTGELFF	1
CASTPRGRGINAAFF	1
CASTPGGGAETQYF	1
CASTPRDFGIQYF	1
CASTPKGGRPHTGELFF	1
CASTPFPESAGELFF	1
CASTPLGRQGNNEQFF	1
CASTPSRRGTYNEQFF	1
CASTPSGLINEQFF	1
CASTPLNGREVHNEQFF	1
CASTPPRGGVTYEQYF	1
CASTPRVRLDTGELFF	1
CASTPRGGNTEAFF	1
CASTPRQTEAFF	1
CASTPQWTYNEQFF	1
CASTPQREGRYEQYF	1
CASTPQRSSGSYEQYF	1
CASTPQPGLADEQFF	1
CASTPVGAAKNIQYF	1
CASTPVGGQQPQHF	1
CASTPVGAGSYNEQFF	1
CASTPGRGGDGELFF	1
CASTPGTATYEQYF	1
CASTPGTGFYEQYF	1
CASTPGRRYNEQFF	1
CASTPGPYNEQFF	1
CASTPESGIYNEQFF	1
CASTPTGPEAFF	1
CASTPTAGQGRTEAFF	1
CASTPSRVAGAPEQFF	1
CASTPRGPETQYF	1
CASTPRDLTEAFF	1
CASTPWDRRTDTQYF	1
CASTPLWGNYGYTF	1
CASTPRGAGASEAFF	1
CASTPGFASYEQYF	1
CASTPGPPNGYTF	1
CASTPGQGSSYEQYF	1
CASTPGQGGYEQYF	1
CASTPGQGIADTQYF	1
CASTPDAYNEQFF	1
CASTPRDEQFF	1
CASTPFGAANTGELFF	1
CASTPSRFLNTGELFF	1
CASTPLRGRSTDTQYF	1
CASTPPRARMDDEQFF	1
CASTPTPLAGVVTGELFF	1
CASTRSTANYGYTF	1
CASTRLAVETQYF	1
CASTRGGESGEQYF	1
CASTRGTEYNEQFF	1
CASTRDSDTQYF	1
CASTRDGTPYEQYF	1
CASTRIGTPYEQYF	1
CASTRIGVRIDTQYF	1
CASTRIQGAGTSNEQFF	1
CASTRQGWNEKLFF	1
CASTRVREGLYNEQFF	1
CASTRGTGGNQPQHF	1
CASTRDPGGRETQYF	1
CASTRRGTGRSDSPLHF	1
CASTHHLAKNIQYF	1
CASTHEGIMNTEAFF	1
CASTHRTSGRYYTGELFF	1
CASTHARTEEHYEQYF	1
CASTHGDRGPTNEKLFF	1
CASTQSPGETQYF	1
CASTQAQTSGITGELFF	1
CASTQAGTGGLDEQFF	1
CASTQGQGTQETQYF	1
CASTQDRTDTQYF	1
CASTQTPGANVLTF	1
CASTQSGYNEQFF	1
CASTQRAAYTGELFF	1
CASTVLASDNEQFF	1
CASTVDPAEQFF	1
CASTVGSDQETQYF	1
CASTVGDGELFF	1
CASTVGGTDTQYF	1
CASTVDPSYNEQFF	1
CASTASGPPYEQYF	1
CASTADRGRSDF	1
CASTASTWGGSYNEQFF	1
CASTALIQGLNVLTF	1
CASTAGAGTDTQYF	1
CASTAPLGLADTDTQYF	1
CASTAGTSGEQYF	1
CASTAEGGANTEAFF	1
CASTGVRAPQEETQYF	1
CASTGGWVNTEAFF	1
CASTGGSGVTDTQYF	1
CASTGVTDTQYF	1
CASTGGAPYNSPLHF	1
CASTGSGNEQFF	1
CASTGRGATQYF	1
CASTGGPMSDEQFF	1
CASTGGVGLSNQPQHF	1
CASTGGDTQYF	1
CASTGGRDDQPQHF	1
CASTGTLSSYRPYEQYF	1
CASTDSGSSDTQYF	1
CASTDPAGGQYF	1
CASTDGTSGYTGELFF	1
CASTELLLQGPSNEQFF	1
CASTEGFRETQYF	1
CASTEGYGYTF	1
CASTEDSYEQYF	1
CASTETSGSRETQYF	1
CASTESGGTYEQYF	1
CASTEAGANQETQYF	1
CASTEAGGPIEQYF	1
CASTEAGGSYEQYF	1
CASTILRAWGQETQYF	1
CASTIGSFDNEQFF	1
CASTMGTSRSYEQYF	1
CASTMTSGYNEQFF	1
CASTMTGGSYEQYF	1
CASTISGGNEQFF	1
CASTILAGDEQFF	1
CASTIDRGRDEQYF	1
CASTTSTSLPSTDTQYF	1
CASTTGETYEQYF	1
CASTTGGSSYNEQFF	1
CASTTDLSTDTQYF	1
CASTTIGTTNTGELFF	1
CASTTRHLTDTQYF	1
CASTTLGARGDEQFF	1
CASTSSDNEQFF	1
CASTSGYEQYF	1
CASTRVPYEQYF	1
CASTRGDYGYTF	1
CASTRDLNTGELFF	1
CASTRDTGELFF	1
CASTNTGELFF	1
CASTNWNRFLAYEQYF	1
CASTNRADTQYF	1
CASTKPVQSSGNTIYF	1
CASTKAGAVTDTQYF	1
CASTKGDSSYEQYF	1
CASTKDRGVGPQHF	1
CASTKGLAGDNEQFF	1
CASTKTQDPDTQYF	1
CASTSGPYEQYF	1
CASTSVGVDEQYF	1
CASTLGGGGEETQYF	1
CASTRGGELFF	1
CASTVGGSIYEQYF	1
CASTANTGELFF	1
CASTAYSPPYEQYF	1
CASTAGQGLQETQYF	1
CASTAGRYEQYF	1
CASTARQFMFAEAFF	1
CASTGDSNQETQYF	1
CASTGGHVYEQYF	1
CASTGTSLYEQYF	1
CASTGLAGVVGSYNEQFF	1
CASTDPYNEQFF	1
CASTDGPGSYNEQFF	1
CASTEGPSYEQYF	1
CASTIAGGPPYNEQFF	1
CASTTRRLAGGGGELFF	1
CASTSLGAGMGQTQYF	1
CASTYTSGETQYF	1
CASTLLGGSGDTQYF	1
CASTLAVLYNEQFF	1
CASTPPGSSYNEQFF	1
CASTPRVVSAPDEQFF	1
CASTPTSGRETQYF	1
CASTRQEVNSNQPQHF	1
CASTVSGANVLTF	1
CASTAGTPYEQYF	1
CASTGLDEQYF	1
CASTGGTEAFF	1
CASTGEEETQYF	1
CASTGTPYEQYF	1
CASTGSGKTYNEQFF	1
CASTGPNYEQYF	1
CASTGKPNTEAFF	1
CASTETTENEQFF	1
CASTIRDDLTDTQYF	1
CASTMAHEQFF	1
CASTSSTWGGQPQHF	1
CASTNRSGETQYF	1
CASSFFGNGQPQHF	1
CASSFFDEQYF	1
CASSFFVTGMGEQYF	1
CASSFLPPSANEKLFF	1
CASSFLVGRLQVNTEAFF	1
CASSFLIKGPRGEQFF	1
CASSFLTGTVKTQYF	1
CASSFLPRSYNEQFF	1
CASSFLAGTGPYEQYF	1
CASSFLTGYEQYF	1
CASSFSPAQAGSTDTQYF	1
CASSFSSGSYEQYF	1
CASSFSLSGSYNEQFF	1
CASSFSGGEQYF	1
CASSFSGGNQPQHF	1
CASSFSGELFF	1
CASSFSDGVDTQYF	1
CASSFSPPGSGEQYF	1
CASSFSGVREQYF	1
CASSFSTGTVYGYTF	1
CASSFSAGDLGETQYF	1
CASSFSGQGAKNIQYF	1
CASSFCQREGQSPLEQFF	1
CASSFWQINQETQYF	1
CASSFWQMNTEAFF	1
CASSFWAGGQETQYF	1
CASSFWDNPYEQYF	1
CASSFWTGRNQETQYF	1
CASSFYVTSGRYNEQFF	1
CASSFYAERSDTQYF	1
CASSFYDEQFF	1
CASSFYSGTDDNEQFF	1
CASSFLFNQGEQYF	1
CASSFLGDPGELFF	1
CASSFLGQGAGGEQYF	1
CASSFLIYEQYF	1
CASSFLNEQFF	1
CASSFLLGPYEQYF	1
CASSFLGQETQYF	1
CASSFLGSYEQYF	1
CASSFLGQGDGEQFF	1
CASSFLTQETQYF	1
CASSFLSGEPQHF	1
CASSFLPEKLFF	1
CASSFPWSEQFF	1
CASSFPSRTSTDTQYF	1
CASSFPRRSYEQYF	1
CASSFPGTGVGSNQPQHF	1
CASSFPNFSSNEQFF	1
CASSFPASGGNEQFF	1
CASSFPGQGIYEQYF	1
CASSFRQGSYEQYF	1
CASSFRAGAIDTQYF	1
CASSFRGRTNEKLFF	1
CASSFREQGGQPQHF	1
CASSFRQGANTGELFF	1
CASSFRTGSVGETQYF	1
CASSFQGRNNSPLHF	1
CASSFQGGGETQYF	1
CASSFQIFGEQYF	1
CASSFQREGELFF	1
CASSFVFQETQYF	1
CASSFVVGTSTDTQYF	1
CASSFVDNSPLHF	1
CASSFVAATDTQYF	1
CASSFAGGTGELFF	1
CASSFASGRVRHPGELFF	1
CASSFARGYSNEQFF	1
CASSFASWDNEQFF	1
CASSFAWDGYTDTQYF	1
CASSFARYEQYF	1
CASSFAGQGIYEQYF	1
CASSFAGKEQYF	1
CASSFATPRYNEQFF	1
CASSFASGTPYEQYF	1
CASSFAQAEQYF	1
CASSFATNTEAFF	1
CASSFAGVEETQYF	1
CASSFGLGPREHSYEQYF	1
CASSFGAFGNTIYF	1
CASSFGGGSDTQYF	1
CASSFGGTTEQFF	1
CASSFGDQPQHF	1
CASSFGWDYEQFF	1
CASSFGQETQYF	1
CASSFGSSYEQYF	1
CASSFGWASDQPQHF	1
CASSFGWGQQQLNTEAFF	1
CASSFGQDNSPLHF	1
CASSFGVWGSFETQYF	1
CASSFGAGVYEQYF	1
CASSFGGPRDTQYF	1
CASSFGGQIYEQYF	1
CASSFGDRPNSPLHF	1
CASSFGENQDRCEQYF	1
CASSFGITGELFF	1
CASSFGTSGASSTDTQYF	1
CASSFGTRGYNEQFF	1
CASSFGTNIQYF	1
CASSFGSYNEQFF	1
CASSFGRGRSYNEQFF	1
CASSFGLNTGELFF	1
CASSFGQGPYEQYF	1
CASSFGQGSYEQYF	1
CASSFGGGETQYF	1
CASSFGETQYF	1
CASSFGSTETQYF	1
CASSFDSPARINSPLHF	1
CASSFDRLNTEAFF	1
CASSFEAGGDIQYF	1
CASSFEGPTYNEQFF	1
CASSFEGGDTQYF	1
CASSFEGNQPQHF	1
CASSFERQGTVGDTIYF	1
CASSFEGQVLGTQYF	1
CASSFISGSYEQYF	1
CASSFIGYEQYF	1
CASSFIGGGTEAFF	1
CASSFIKTAGTQNTEAFF	1
CASSFMAGGPQETQYF	1
CASSFMAGQFSGELFF	1
CASSFIAGINEQYF	1
CASSFTIGGYEQYF	1
CASSFTLDEQFF	1
CASSFTGSREYQYF	1
CASSFTDSHRGWYDDTEAFF	1
CASSFTVGLGNEQFF	1
CASSFTGAPYNEQFF	1
CASSFTSGHTGELFF	1
CASSFTLAGGPYEQYF	1
CASSFTASYEQYF	1
CASSFTGFYEQYF	1
CASSFTGGEETQYF	1
CASSFSGTEAFF	1
CASSFSGGRQPQHF	1
CASSFSGIAGELFF	1
CASSFSGRPYQETQYF	1
CASSFSGNGYNEQFF	1
CASSFSGLTDTQYF	1
CASSFSGKANTGELFF	1
CASSFRGSYEQYF	1
CASSFRGGGNQPQHF	1
CASSFRETQYF	1
CASSFRTSGALYYEQYF	1
CASSFRTGGEQYF	1
CASSFRRSTDTQYF	1
CASSFRQANQPQHF	1
CASSFNRFNTGELFF	1
CASSFNHRYTDTQYF	1
CASSFKGVRTTDTQYF	1
CASSFKVGWLAGDVDEQFF	1
CASSFFLPGLAGDEQFF	1
CASSFFVAGETQYF	1
CASSFFTDADTQYF	1
CASSFLQVNTDTQYF	1
CASSFLGPQGTQYF	1
CASSFSEGAQHF	1
CASSFSSGGSYEQYF	1
CASSFSSGRPYEQYF	1
CASSFSSTYQETQYF	1
CASSFSSVGDEAFF	1
CASSFSAGQRAYEQYF	1
CASSFSGARNEQFF	1
CASSFSGTSPLDTQYF	1
CASSFSGLAGDLAYEQYF	1
CASSFSELGSDYEQYF	1
CASSFSGLETQYF	1
CASSFSGGVYEQYF	1
CASSFSGGTGELFF	1
CASSFSSQGSDTQYF	1
CASSFSGGFGYTF	1
CASSFWQGQQYF	1
CASSFYYLSGRNEQFF	1
CASSFYTDSGNTIYF	1
CASSFYHNEQFF	1
CASSFYRGNTEAFF	1
CASSFLRTQSSLAGVGEQYF	1
CASSFLVSGGTDTQYF	1
CASSFLSGRPNEQFF	1
CASSFLRSGRAGEQFF	1
CASSFLAKSYEQYF	1
CASSFLGGTGGYEQYF	1
CASSFLTGTGENEQFF	1
CASSFLARMGETQYF	1
CASSFLESTGELFF	1
CASSFLTDEQYF	1
CASSFLAVSTDTQYF	1
CASSFLAGGPNEQFF	1
CASSFPPGLADNEQFF	1
CASSFPRDRGYNEQFF	1
CASSFPSGRANGELFF	1
CASSFPWTAVALAKNIQYF	1
CASSFPPGGETQYF	1
CASSFPPLTSGSTDTQYF	1
CASSFPQGYEQYF	1
CASSFPVRGQKLFF	1
CASSFPGSGANVLTF	1
CASSFPGRVNEQFF	1
CASSFPGRGGGELFF	1
CASSFPKGLPGTQYF	1
CASSFPGDRNTGELFF	1
CASSFPTRETQYF	1
CASSFPQDPHEQYF	1
CASSFPNSASDTQYF	1
CASSFRDTQYF	1
CASSFRGWDEQYF	1
CASSFRPGVRDTQYF	1
CASSFRRWETQYF	1
CASSFRVADTQYF	1
CASSFRGQGNQPQHF	1
CASSFRGVGEQYF	1
CASSFRDRDNNEQFF	1
CASSFRTSADEQYF	1
CASSFRTSGDFEQFF	1
CASSFRTPDYNSPLHF	1
CASSFRTGTTEAFF	1
CASSFRLAGGKELIDTQYF	1
CASSFRRGELFF	1
CASSFHWGAGVGEQYF	1
CASSFHNSYEQYF	1
CASSFQGGEDEKLFF	1
CASSFQTRDRVEAFF	1
CASSFQTDTQYF	1
CASSFQGQFYNEQFF	1
CASSFVGTDTQYF	1
CASSFVLATDTQYF	1
CASSFVTDTQYF	1
CASSFADYEQYF	1
CASSFALRGDEQFF	1
CASSFARSVTGELFF	1
CASSFARLASTDTQYF	1
CASSFAQGFGEQYF	1
CASSFAGTGMETQYF	1
CASSFAEPYNEQFF	1
CASSFAIQDYRNSPLHF	1
CASSFAGGTTDTQYF	1
CASSFGWDEQYF	1
CASSFGQGLPPLHF	1
CASSFGAYGEQYF	1
CASSFGGTGGDEQYF	1
CASSFGNTGELFF	1
CASSFGLNEQFF	1
CASSFGGRGDEQYF	1
CASSFGEGRQQFF	1
CASSFGRANTEAFF	1
CASSFGWMGEKLFF	1
CASSFGLGTGELFF	1
CASSFGPYNEQFF	1
CASSFGPAGSGTDTQYF	1
CASSFGRSGTEAFF	1
CASSFGQGAYEQYF	1
CASSFGQSSYNEQFF	1
CASSFGGLQGEKLFF	1
CASSFGGPYNEQFF	1
CASSFGGVEQFF	1
CASSFGGNFYNEQFF	1
CASSFGDSYNEQFF	1
CASSFGEKLFF	1
CASSFGIVNEQFF	1
CASSFGTIPQETQYF	1
CASSFGTTRYNEQFF	1
CASSFGTLSYEQYF	1
CASSFGTGGYEQYF	1
CASSFGTGDEQYF	1
CASSFGLTYEQYF	1
CASSFGLAYEQFF	1
CASSFGPRRFYEQFF	1
CASSFGRRNQPQHF	1
CASSFGQGLFGYTF	1
CASSFGQGGNQPQHF	1
CASSFDYEQYF	1
CASSFDAKAFF	1
CASSFDSNSYEQYF	1
CASSFDRVSNQPQHF	1
CASSFDRGAYEQYF	1
CASSFEYRGEQYF	1
CASSFEGTYGYTF	1
CASSFETSGYEQYF	1
CASSFELAGEQFF	1
CASSFELAEARYF	1
CASSFIPGGVADTGELFF	1
CASSFINAGANVLTF	1
CASSFIQGTYEQYF	1
CASSFIQEMYQETQYF	1
CASSFIVTSAAYNEQFF	1
CASSFIGLVETDTQYF	1
CASSFMDRGRNEQFF	1
CASSFIQGVGETQYF	1
CASSFTLLTGELFF	1
CASSFTRGETQYF	1
CASSFTRVDEQYF	1
CASSFTQPYEQYF	1
CASSFTAARASTDTQYF	1
CASSFTGELFF	1
CASSFTGQETQYF	1
CASSFTGSTDTQYF	1
CASSFTGYNQPQHF	1
CASSFSDLSYEQYF	1
CASSFSSGDSQAEKLFF	1
CASSFSVRRSYEQYF	1
CASSFRARGYNEQFF	1
CASSFRGEQYF	1
CASSFRGGDTDTQYF	1
CASSFRTGVARTDTQYF	1
CASSFRRDEQYF	1
CASSFRNTGELFF	1
CASSFRVAGGNEQFF	1
CASSFRGGLEETQYF	1
CASSFNGGNSGELFF	1
CASSFNESPYEQYF	1
CASSLFQEAKNIQYF	1
CASSLFRTVGELFF	1
CASSLLRTGGSEQYF	1
CASSLLNGAYEQYF	1
CASSLSLLSRGRGGRNNEQYF	1
CASSLSTSGRKTQYF	1
CASSLSPNYEQFF	1
CASSLSQDGFKWF	1
CASSLSGTNYEQYF	1
CASSLSQVTDTQYF	1
CASSLWPPNSNQPQHF	1
CASSLWAGGANEQFF	1
CASSLWATGELFF	1
CASSLWGRADTQYF	1
CASSLWGRGNQPQHF	1
CASSLWDVSYNEQFF	1
CASSLWDSQETQYF	1
CASSLWTGAAYEQYF	1
CASSLYQETQYF	1
CASSLYGTDTQYF	1
CASSLYGTFGSYEQYF	1
CASSLYEQYF	1
CASSLYRAGDWGETQYF	1
CASSLLGSYNEQFF	1
CASSLLGAETQYF	1
CASSLLGDVSHEQYF	1
CASSLPGLAGPNEQFF	1
CASSLPQGADTQYF	1
CASSLPQTQYF	1
CASSLPGTEETQYF	1
CASSLPGLAGVDEQFF	1
CASSLPNRGSNEQFF	1
CASSLPAGSTDTQYF	1
CASSLPGPRKLFF	1
CASSLRLAGGTGELFF	1
CASSLRGPYGYTF	1
CASSLREGSAEQYF	1
CASSLRSSYEQYF	1
CASSLQGHSYGYTF	1
CASSLQGLPLYEQYF	1
CASSLQGGEQFF	1
CASSLQATNEKLFF	1
CASSLVPSDEQFF	1
CASSLVGGGNIQYF	1
CASSLVGQIYEQYF	1
CASSLVKDTQYF	1
CASSLVSGAYEQYF	1
CASSLVAADHNEQFF	1
CASSLVAGGSYEQYF	1
CASSLALSPYEQYF	1
CASSLAIYNEQFF	1
CASSLARSYEQYF	1
CASSLAKETQYF	1
CASSLAGYEQYF	1
CASSLAGVTYEQYF	1
CASSLAGGSPLYNEQFF	1
CASSLALGVEQFF	1
CASSLALGPNEQFF	1
CASSLAGGVRSPLHF	1
CASSLGPSGTYEQYF	1
CASSLGAGGSTDTQYF	1
CASSLGGAWMNTEAFF	1
CASSLGGTGVWEQFF	1
CASSLGISYNEQFF	1
CASSLGNSPLHF	1
CASSLGPNYGYTF	1
CASSLGRGTQYF	1
CASSLGGWEQFF	1
CASSLGGYYNEQFF	1
CASSLGGGTGDNEQFF	1
CASSLGGIVTGELFF	1
CASSLGGQGYEQYF	1
CASSLGTEAFF	1
CASSLGSPNSYEQYF	1
CASSLGFGGGLGAGELFF	1
CASSLGLEPYNEQFF	1
CASSLGRRLSADTQYF	1
CASSLGRDNEQFF	1
CASSLGRETSYNEQFF	1
CASSLGQASNQPQHF	1
CASSLGVGTDTQYF	1
CASSLGVNTEAFF	1
CASSLGGTDTQYF	1
CASSLGGSSYEQYF	1
CASSLGGSPYEQYF	1
CASSLGGAYEQFF	1
CASSLGGRGQYF	1
CASSLGDMSTDTQYF	1
CASSLGETQYF	1
CASSLGIRVLRYF	1
CASSLGTSGRGDTQYF	1
CASSLGTSNEQFF	1
CASSLGSGASTDTQYF	1
CASSLGLRGNIQYF	1
CASSLGLAGLGHEQFF	1
CASSLGHTDTQYF	1
CASSLGQGPKTQYF	1
CASSLGQGNQPQHF	1
CASSLGQGLYGYTF	1
CASSLGAEQFF	1
CASSLGGYEQYF	1
CASSLGGGANYGYTF	1
CASSLGGSSYEQYF	1
CASSLGGGATDTQYF	1
CASSLGGEVVYEQYF	1
CASSLGSPDTQYF	1
CASSLDVSGTTNTGELFF	1
CASSLDGLYGYTF	1
CASSLDSHYEQYF	1
CASSLDRGGTGELFF	1
CASSLDRYSDTQYF	1
CASSLEVGYVWNSNQPQHF	1
CASSLEETQYF	1
CASSLERSRDTQYF	1
CASSLIATNEKLFF	1
CASSLIATNEKLFF	1
CASSLIGGDEQFF	1
CASSLMGGRRSNSPLHF	1
CASSLTRVGLYQETQYF	1
CASSLTSPQETQYF	1
CASSLTSGYEQYF	1
CASSLTSGYNEQFF	1
CASSLTSGGNEQFF	1
CASSLTRNTDTQYF	1
CASSLTPTDTQYF	1
CASSLTLGELGEQFF	1
CASSLTEDTGELFF	1
CASSLTWGGSYEQYF	1
CASSLTGGYEQYF	1
CASSLTGSSYNEQFF	1
CASSLTGSTDTQYF	1
CASSLTIAGGSYNEQFF	1
CASSLTTGTDRITGELFF	1
CASSLSSGLLNEQFF	1
CASSLSQPQHF	1
CASSLSGGTGLTDTQYF	1
CASSLSRPGELFF	1
CASSLSRGTAEQYF	1
CASSLSGTSYEQYF	1
CASSLSGRVDTQYF	1
CASSLRPVSYNEQFF	1
CASSLRGGAKNIQYF	1
CASSLRDMELEQFF	1
CASSLREETQYF	1
CASSLRTGLVSNEQFF	1
CASSLRLSINNEQFF	1
CASSLNIAKNIQYF	1
CASSLNRRGEQYF	1
CASSLKGNYGYTF	1
CASSLFLSPGNTGELFF	1
CASSLFLPRLRVNEQFF	1
CASSLFSGETQYF	1
CASSLFYTGQGKSGELFF	1
CASSLFGTGELFF	1
CASSLFGFRRDQYF	1
CASSLFSGTSEQYF	1
CASSLFWGRTDTQYF	1
CASSLFPPSGRDNEQFF	1
CASSLFRDSGNTIYF	1
CASSLFHYEQYF	1
CASSLFQDWHEQYF	1
CASSLFGAVNQETQYF	1
CASSLFGLAGGDTQYF	1
CASSLFDRNYEQYF	1
CASSLFTGNSYEQYF	1
CASSLFRGAITDTQYF	1
CASSLLFGFGTGELFF	1
CASSLLPSGSINEQFF	1
CASSLLPKREKLFF	1
CASSLLRLAGGWVTDTQYF	1
CASSLLVLAGGSTDTQYF	1
CASSLLASYSYEQYF	1
CASSLLAGSEQYF	1
CASSLLAGNTEAFF	1
CASSLLGGSYNEQFF	1
CASSLLGSYGYTF	1
CASSLLGEVNQPQHF	1
CASSLLGLSSYNEQFF	1
CASSLLGPLGELFF	1
CASSLLGGPNEQFF	1
CASSLLGGGSPLHF	1
CASSLLDRVEQYF	1
CASSLLDRGVNEQFF	1
CASSLLTYTDTQYF	1
CASSLLTREREQYF	1
CASSLLTGPYNEQFF	1
CASSLLNYEQYF	1
CASSLLFRFGSAYEQYF	1
CASSLLFYEQYF	1
CASSLLLAGGTGELFF	1
CASSLLHADRLVNTEAFF	1
CASSLLAGLGQPQHF	1
CASSLLAGLGEQFF	1
CASSLLAGGPNEQFF	1
CASSLLALAGGHEQYF	1
CASSLLGSGIQYF	1
CASSLLGQEQFF	1
CASSLSPGDEQYF	1
CASSLSRNEQFF	1
CASSLSAGGGEQYF	1
CASSLSGNEQFF	1
CASSLSGGEQYF	1
CASSLSGISGEQYF	1
CASSLSTSGLDYGYTF	1
CASSLSTRPQHF	1
CASSLSTGFTDTQYF	1
CASSLSSRGNEQYF	1
CASSLSFPYEQYF	1
CASSLSLPSGQPQHF	1
CASSLSWRGHNEQFF	1
CASSLSWGGFRYEQYF	1
CASSLSWTSLTYEQYF	1
CASSLSLRTGGEQYF	1
CASSLSPRDYEQYF	1
CASSLSPGGLIVDEQFF	1
CASSLSGLAGGSTDTQYF	1
CASSLSEETQYF	1
CASSLSIQGAWEQYF	1
CASSLSTYNEQFF	1
CASSLSTKLLGLAGDYEQFF	1
CASSLSSTDTQYF	1
CASSLSRANTGELFF	1
CASSLSRTSGYNEQFF	1
CASSLSRSGLSTGELFF	1
CASSLSNPWGGQETQYF	1
CASSLSKSTGGWKGYTF	1
CASSLSWREDVYEQYF	1
CASSLSWGYQPQHF	1
CASSLSLTSTNYEQYF	1
CASSLSRMLEQYF	1
CASSLSRAETQYF	1
CASSLSVRLVNNEQFF	1
CASSLSATGTNYEQYF	1
CASSLSADYPISSTDTQYF	1
CASSLSADYEQYF	1
CASSLSAASSYEQYF	1
CASSLSGGQGISADTQYF	1
CASSLSGSSYNEQFF	1
CASSLSGGEQYF	1
CASSLSGEGIGELFF	1
CASSLSGSNLQETQYF	1
CASSLSGSPVWYF	1
CASSLSGLAGSTDTQYF	1
CASSLSGHSYEQYF	1
CASSLSGGRGAETQYF	1
CASSLSDLNEQYF	1
CASSLSIRVQHF	1
CASSLSIGQGLETQYF	1
CASSLSMAGAYEQYF	1
CASSLSITQADTGELFF	1
CASSLSTTGELFF	1
CASSLSSTGGETQYF	1
CASSLSSGVAGNTIYF	1
CASSLSRLAGAENEQYF	1
CASSLSRGTYEQYF	1
CASSLSRGDRSNYGYTF	1
CASSLSNGAEQFF	1
CASSLSWGTEAFF	1
CASSLSWIGGGTNEKLFF	1
CASSLSPGSYEQYF	1
CASSLSRGREGNQPQHF	1
CASSLSHLNTEAFF	1
CASSLSVTGGISETQYF	1
CASSLSAGPYEQYF	1
CASSLSGLVGETQYF	1
CASSLSGSGANVLTF	1
CASSLSEDRYNEQFF	1
CASSLSTGVNEQYF	1
CASSLSSGSGLYYEQYF	1
CASSLCSYEQYF	1
CASSLWFGGTGELFF	1
CASSLWSVAGTDTQYF	1
CASSLWLAGTRSVEFF	1
CASSLWLAETYEQYF	1
CASSLWRLSGQGGETQYF	1
CASSLWVWLAGGHNEQFF	1
CASSLWANTDTQYF	1
CASSLWGREWDNEQFF	1
CASSLWGRYEQYF	1
CASSLWGVPYEQYF	1
CASSLWGAQPQHF	1
CASSLWGASGGSAYNEQFF	1
CASSLWGGTEAFF	1
CASSLWGGSEGYTF	1
CASSLWGEETQYF	1
CASSLWGTHSYNEQFF	1
CASSLWGSGGRTGELFF	1
CASSLWGLGDTGELFF	1
CASSLWGQGAGNTIYF	1
CASSLWDRVDNSPLHF	1
CASSLWDRGPKNIQYF	1
CASSLWKGTSGSYQETQYF	1
CASSLYFGIGYEQYF	1
CASSLYPTADRGQETQYF	1
CASSLYRRGPGTGELFF	1
CASSLYGGNYGYTF	1
CASSLYGGRTTDTQYF	1
CASSLYGTGGEQYF	1
CASSLYRNTGELFF	1
CASSLYSLTREHNEQFF	1
CASSLYSPGELFF	1
CASSLYWLADEQFF	1
CASSLYPTALSYEQYF	1
CASSLYPQGDNEQFF	1
CASSLYPGQAQETQYF	1
CASSLYRALASGTWYLEETQYF	1
CASSLYVLGNEQFF	1
CASSLYVPTYNEQFF	1
CASSLYAYEQYF	1
CASSLYGPSGRDFYEQYF	1
CASSLYGQETQYF	1
CASSLYGVSYNEQFF	1
CASSLYGASYNSPLHF	1
CASSLYNIETQYF	1
CASSLLGTSGPQFF	1
CASSLLIASTTTDTQYF	1
CASSLLTVLNYEQYF	1
CASSLLSGGGDADTQYF	1
CASSLLLPNTDTQYF	1
CASSLLPLSGAYNEQFF	1
CASSLLQGVDEQYF	1
CASSLLARASGQYF	1
CASSLLGTASEAFF	1
CASSLLSAYQETQYF	1
CASSLLGGADTEAFF	1
CASSLLGGPTDTQYF	1
CASSLLGGTAAEQYF	1
CASSLLTNALGQGTYEQYF	1
CASSLLTGPAYEQYF	1
CASSLLKKAI	1
CASSLLAGSTDTQYF	1
CASSLLAGLRDTQYF	1
CASSLLAGVEQYF	1
CASSLLAGGYEQYF	1
CASSLLGYNEQFF	1
CASSLLGISYNEQFF	1
CASSLLGRNEQFF	1
CASSLPPGGFAARETQYF	1
CASSLPGTTTYNEQFF	1
CASSLPLTGELFF	1
CASSLPLKAGNTKNIQYF	1
CASSLPLREGHDTQYF	1
CASSLPLSYEQYF	1
CASSLPRTSGRFHNEQFF	1
CASSLPGTSVTEQFF	1
CASSLPGTRKYF	1
CASSLPGTLTPTYEQYF	1
CASSLPTDTQYF	1
CASSLPNLAAAYNEQFF	1
CASSLPPAGGAYGYTF	1
CASSLPQGIEAFF	1
CASSLPGEQFF	1
CASSLPGGQETQYF	1
CASSLPGTSGIFTRDTQYF	1
CASSLPGTVGSEQYF	1
CASSLPGTDTQYF	1
CASSLPGGNGNEQFF	1
CASSLPTDRFSYEQYF	1
CASSLPTGEQFF	1
CASSLPSSYEQYF	1
CASSLPRGTGELFF	1
CASSLPVSYEQYF	1
CASSLPALASNEQFF	1
CASSLRPENEQFF	1
CASSLRQKNYEQYF	1
CASSLRVGGGDEQYF	1
CASSLRKLVGTDTQYF	1
CASSLRVMRETQYF	1
CASSLRGWGETQYF	1
CASSLREGMIYEQYF	1
CASSLRTTGQGTDTQYF	1
CASSLRTSGNYEQYF	1
CASSLRPGRTDTQYF	1
CASSLRRSQNYGYTF	1
CASSLRGTGAREQYF	1
CASSLHEQFF	1
CASSLHSSGSEQYF	1
CASSLHGTPDGYTF	1
CASSLHTRYGYTF	1
CASSLQSPGELFF	1
CASSLQVEETQYF	1
CASSLVGRGQGQEQYF	1
CASSLVGGELFF	1
CASSLVGNQPQHF	1
CASSLVDTQYF	1
CASSLVSGELFF	1
CASSLVRTSEITDTQYF	1
CASSLVPRGQQQYF	1
CASSLVRPGLSAKNIQYF	1
CASSLVRAEAFF	1
CASSLVGYTGELFF	1
CASSLVGSFGELFF	1
CASSLVGLAGELFF	1
CASSLVGTDTQYF	1
CASSLVFYSTDTQYF	1
CASSLVVQPQHF	1
CASSLVVNEQFF	1
CASSLVVSGSQYF	1
CASSLVAAETQYF	1
CASSLVGRSEQFF	1
CASSLVGTGGYEQYF	1
CASSLVGQFYEQYF	1
CASSLVGQGQPQHF	1
CASSLVSGQSSYNEQFF	1
CASSLVSLAGYNEQFF	1
CASSLVLAGDSSYNEQFF	1
CASSLVLAGNEQYF	1
CASSLVLAIEQFF	1
CASSLVPNSPNEQYF	1
CASSLVQGGREQYF	1
CASSLVARDTQYF	1
CASSLVAGAYNEQFF	1
CASSLVAGAPGGYTF	1
CASSLVAGGEQETQYF	1
CASSLVGQGKETQYF	1
CASSLAPDGYEQYF	1
CASSLAQSNYGYTF	1
CASSLAQTDGLESLFF	1
CASSLAGYGYF	1
CASSLAGGPQPQHF	1
CASSLASGGTDTQYF	1
CASSLARTNTGELFF	1
CASSLANRAQTLHF	1
CASSLAFIDRGHEQYF	1
CASSLASGGDQETQYF	1
CASSLAWGDYSGNTIYF	1
CASSLALILSGPQHF	1
CASSLAQGSNQPQHF	1
CASSLAQAYEQYF	1
CASSLAGVPEQYF	1
CASSLAGIYQETQYF	1
CASSLAEDSTDTQYF	1
CASSLARDFSGRETQYF	1
CASSLANLGRGRQETQYF	1
CASSLAFNEQFF	1
CASSLALGGVTDEQYF	1
CASSLALASGPYEQYF	1
CASSLALEIGTDTQYF	1
CASSLAPGFDQPQHF	1
CASSLAQGTEAYEQYF	1
CASSLAAAETQYF	1
CASSLAAGSSGQDTQYF	1
CASSLAAGVPYNEQFF	1
CASSLAASRIYNEQFF	1
CASSLAGFRNEQFF	1
CASSLAGAGSYEQYF	1
CASSLAGGNTYEQYF	1
CASSLAGETQYF	1
CASSLAGITMTGELFF	1
CASSLAGLAGVRDTQYF	1
CASSLAGPYTQYF	1
CASSLAGQVNEKLFF	1
CASSLAGVGEQYF	1
CASSLAGVDYEQYF	1
CASSLAGAGYEQYF	1
CASSLAGGTDTQYF	1
CASSLAGGPAGELFF	1
CASSLAGGPETQYF	1
CASSLAGGEETQYF	1
CASSLAGGTYEQYF	1
CASSLAGGTNEQFF	1
CASSLAGDTGELFF	1
CASSLAEGVGELFF	1
CASSLAIAGGPGNTGELFF	1
CASSLATPDQPQHF	1
CASSLASIAENTGELFF	1
CASSLARQTTYEQYF	1
CASSLASSRNNEQFF	1
CASSLAGPYEQYF	1
CASSLAIAGAMRDEQFF	1
CASSLGFREGTGELFF	1
CASSLGWPSYEQYF	1
CASSLGPGDSSYEQYF	1
CASSLGRLYEQYF	1
CASSLGHPSLGEQYF	1
CASSLGGRAYNEQFF	1
CASSLGIGINQPQHF	1
CASSLGSGGNSPLHF	1
CASSLGSGTGASYEQYF	1
CASSLGYSRNTIYF	1
CASSLGLNTGELFF	1
CASSLGPNTDTQYF	1
CASSLGPKDEQYF	1
CASSLGGGAGAAGNTIYF	1
CASSLGGELFF	1
CASSLGGQTYEQYF	1
CASSLGMLGYEQYF	1
CASSLGRRYEQYF	1
CASSLGFSGTGKTEAFF	1
CASSLGSGQYF	1
CASSLGSYEQFF	1
CASSLGSGSPYEQYF	1
CASSLGHSTDTQYF	1
CASSLGQVNYEQYF	1
CASSLGVREFF	1
CASSLGVDTGELFF	1
CASSLGASGMTDTQYF	1
CASSLGAGSYF	1
CASSLGGSGQPQHF	1
CASSLGGHSPYEQYF	1
CASSLGGGATAPLGQYF	1
CASSLGGRREAFF	1
CASSLGGSGSPFYNEQFF	1
CASSLGGPNTGELFF	1
CASSLGGQLNQPQHF	1
CASSLGGGPYNEQFF	1
CASSLGDITDTQYF	1
CASSLGDRDSDTQYF	1
CASSLGTEAFF	1
CASSLGTTYEQYF	1
CASSLGTSYEQYF	1
CASSLGTSGSKYNEQFF	1
CASSLGTSTDTQYF	1
CASSLGTGYEQYF	1
CASSLGTGGNTGELFF	1
CASSLGTGGGYTF	1
CASSLGRPGHEQFF	1
CASSLGSGTDNTGELFF	1
CASSLGWPTGAYEQYF	1
CASSLGLAGYTQYF	1
CASSLGLAGGQETQYF	1
CASSLGRTSSGNTIYF	1
CASSLGHVTYEQYF	1
CASSLGQFDLYEQYF	1
CASSLGQYEQYF	1
CASSLGQRTDTQYF	1
CASSLGQAHLPHNEQFF	1
CASSLGQDTEAFF	1
CASSLGVYYGYTF	1
CASSLGAGDHNEQFF	1
CASSLGAGRINQETQYF	1
CASSLGGGANIQYF	1
CASSLGGIDTEAFF	1
CASSLGIMNEQFF	1
CASSLGRGLVKFF	1
CASSLDFSPRFF	1
CASSLDWSGTEAYEQYF	1
CASSLDLLAQQHNEQFF	1
CASSLDPSGRFDGELFF	1
CASSLDPTSGRQETQYF	1
CASSLDAGVSSYEQYF	1
CASSLDGGNEQFF	1
CASSLDPGGGWADTQYF	1
CASSLDASLYNEQFF	1
CASSLDAGSYEQYF	1
CASSLDAGGTDTQYF	1
CASSLDGRDSYNEQFF	1
CASSLDGRAMNEQFF	1
CASSLDTDTQYF	1
CASSLDRVFPLVPYEQYF	1
CASSLDRTEETQYF	1
CASSLEPGGRHTQYF	1
CASSLEAVNEQFF	1
CASSLEGQELFF	1
CASSLEEQYF	1
CASSLERFPQYF	1
CASSLEYRVGHYEQYF	1
CASSLELAPLF	1
CASSLELAGVSGSYNEQFF	1
CASSLELISGDTQYF	1
CASSLEQYNEQFF	1
CASSLEQGFYEQYF	1
CASSLEGVGYTF	1
CASSLEDRGDGYTF	1
CASSLESPYNEQFF	1
CASSLERGQPQHF	1
CASSLIRPSGRRNEQFF	1
CASSLISFWRGLSPSSNQPQHF	1
CASSLILTGEEAFF	1
CASSLIRLTDTQYF	1
CASSLIHRSVDQYF	1
CASSLIADRGHEQYF	1
CASSLIGRGISAYEQYF	1
CASSLIGRDEYF	1
CASSLIGKDEQFF	1
CASSLIDNEQFF	1
CASSLISNQPQHF	1
CASSLMPQTWEKLFF	1
CASSLMVAGEGEQYF	1
CASSLMVAGESYNEQFF	1
CASSLMGVNTEAFF	1
CASSLMGTSGGETQYF	1
CASSLMGTGGYEQYF	1
CASSLMGGSSGELFF	1
CASSLMRTSGYNEQFF	1
CASSLIASGANVLTF	1
CASSLTGLGTYEQYF	1
CASSLTTESQYF	1
CASSLTTETQYF	1
CASSLTSVNEQFF	1
CASSLTSGSDTQYF	1
CASSLTSMETQYF	1
CASSLTPTVPGELFF	1
CASSLTRNGYTF	1
CASSLTASYEQYF	1
CASSLTGSDTQYF	1
CASSLTGGVDTQYF	1
CASSLTETQYF	1
CASSLTTGSSSGNTIYF	1
CASSLTRNTEAFF	1
CASSLTFEKETQYF	1
CASSLTLNGNQPQHF	1
CASSLTARPEKGLFF	1
CASSLTAGSYNEQFF	1
CASSLTAGMDPEQYF	1
CASSLTGMNTEAFF	1
CASSLTGPLAHEQYF	1
CASSLTGMGNEQFF	1
CASSLTGQYGYTF	1
CASSLTDHYTDTQYF	1
CASSLTDRATPDTQYF	1
CASSLTERERGDTQYF	1
CASSLTSLNTEAFF	1
CASSLTATYEQYF	1
CASSLTAGGIDEQFF	1
CASSLTGSVGQPQHF	1
CASSLTGDSPYEQYF	1
CASSLSSARTGAYEQYF	1
CASSLSSAHKRGERSYEQYF	1
CASSLSYVNTEAFF	1
CASSLSPAGANTDTQYF	1
CASSLSGLDNEQFF	1
CASSLSDEQFF	1
CASSLSEQFF	1
CASSLSLASDTQYF	1
CASSLSPIRGEKLFF	1
CASSLSQYEQYF	1
CASSLSVGRIYNEQFF	1
CASSLSGLGTQYF	1
CASSLSGTGARETQYF	1
CASSLSGRAVEQFF	1
CASSLSGNSYNEQFF	1
CASSLSGKLFF	1
CASSLRSGRDMGQFF	1
CASSLRWTERLETQYF	1
CASSLRHPRETQYF	1
CASSLRQGAREQYF	1
CASSLRQGASTDTQYF	1
CASSLRQTSTNTGELFF	1
CASSLRVGGSRSDTQYF	1
CASSLRVANYGYTF	1
CASSLRASGHNEQFF	1
CASSLRAPALTKNIQYF	1
CASSLRGNSPLHF	1
CASSLRGASSYEQYF	1
CASSLRDRGGTQYF	1
CASSLRTDTDQPQHF	1
CASSLRLLEAFF	1
CASSLRVGSTDTQYF	1
CASSLRGAGRTDTQYF	1
CASSLRGGAETQYF	1
CASSLREDNNQPQHF	1
CASSLRETYEQYF	1
CASSLNSASTDTQYF	1
CASSLNYEQYF	1
CASSLNGISTDTQYF	1
CASSLNDSGALRLHF	1
CASSLNSLGYTF	1
CASSLKLTYEQYF	1
CASSLKLAGDFLAQYF	1
CASSLKAGQGSTEQYF	1
CASSLKGWGGELFF	1
CASSLKGTGTYEQYF	1
CASSLKDGYTEAFF	1
CASSLKTPHTQYF	1
CASSLKAGGIINEQFF	1
CASSSLAGGYNEQFF	1
CASSSSGTGAQKTQYF	1
CASSSLAGPYNEQFF	1
CASSSLAMGTDTQYF	1
CASSSLATPQYEQYF	1
CASSSLTPYNEQFF	1
CASSSPRGLLGYNEQFF	1
CASSSPGLPSYEQYF	1
CASSSPLALSYNEQFF	1
CASSSPQGGYNEQFF	1
CASSSRGLSYEQYF	1
CASSSRGATDTQYF	1
CASSSRDGWIEKLFF	1
CASSSRLAGNNEQFF	1
CASSSRTSGRETQYF	1
CASSSRSGRVDEQFF	1
CASSSQASTGYEQYF	1
CASSSAHRATADTQYF	1
CASSSGTSEYEQYF	1
CASSSGQFTGNTIYF	1
CASSSTGPDEQYF	1
CASSSSYTGELFF	1
CASSSSGSTDTQYF	1
CASSSSGRVHEQYF	1
CASSSSGATFEQYF	1
CASSSSERTYEQYF	1
CASSSRRGYEQYF	1
CASSSNPSETQYF	1
CASSSNTLGYTDTQYF	1
CASSSNSPGTEQYF	1
CASSSFLAENLEQYF	1
CASSSFGGSNQPQHF	1
CASSSFGAAQPQHF	1
CASSSFRDYEQYF	1
CASSSLVNTGELFF	1
CASSSLGLAGFADTQYF	1
CASSSLGQGVYEQYF	1
CASSSLWGQGTDTQYF	1
CASSSLPPYEQYF	1
CASSSSSGAGKGQFF	1
CASSSSPFDRVGKLFF	1
CASSSSPRAGVDTDTQYF	1
CASSSSGTSGSTDTQYF	1
CASSSSGTRWETQYF	1
CASSSSGSEQYF	1
CASSSWGKVDSYNEQFF	1
CASSSYYEQYF	1
CASSSYGDYLSYEQYF	1
CASSSYRSTNEKLFF	1
CASSSYNRGNTGELFF	1
CASSSLTSAGGLEKLFF	1
CASSSLKRTGELFF	1
CASSSLLDRVVLRTGELFF	1
CASSSLRDRDYNEQFF	1
CASSSLRSTTYEQYF	1
CASSSLGPGSYNEQFF	1
CASSSLRRSPEGAQETQYF	1
CASSSLRGSNEKLFF	1
CASSSLEQYF	1
CASSSLTVQETQYF	1
CASSSLSRGRGNEQFF	1
CASSSLRGAYNEQFF	1
CASSSLTVVSYNEQFF	1
CASSSPWGAQVDPYEQYF	1
CASSSPPGTARDTQYF	1
CASSSPFQETQYF	1
CASSSPYAGGPDTQYF	1
CASSSPLQRNLYNEQFF	1
CASSSPLAGAYNEQFF	1
CASSSPRGSLAGVETQYF	1
CASSSPGRTSIYEQYF	1
CASSSPDRVGGKLFF	1
CASSSPSVPNEQFF	1
CASSSPKGTTSTDTQYF	1
CASSSPLKRGSKYF	1
CASSSPGRDEQFF	1
CASSSPGLAGYNEQFF	1
CASSSPGPSTGELFF	1
CASSSPGRLVPYEQYF	1
CASSSPGQLNEQFF	1
CASSSPDTGELFF	1
CASSSPTSGRVETQYF	1
CASSSPRAGGFGNEQFF	1
CASSSRMDSLNTGELFF	1
CASSSRRGQGTPGELFF	1
CASSSRLVTGELFF	1
CASSSRRGETQYF	1
CASSSRVSRPVEDNEQFF	1
CASSSRDSGYNEQFF	1
CASSSRTTKDFENEQFF	1
CASSSRTSGTGELFF	1
CASSSRTGSYEQYF	1
CASSSRLAGRETQYF	1
CASSSRLAGVETQYF	1
CASSSRLAGDDEQFF	1
CASSSRQGLGQPQHF	1
CASSSRQGETQYF	1
CASSSRGQAEVYSSTDTQYF	1
CASSSHSINNEQFF	1
CASSSHPVYEQYF	1
CASSSHTNTGELFF	1
CASSSQREGPGANTGELFF	1
CASSSQRGLSYEQYF	1
CASSSQVWGGGASNQPQHF	1
CASSSVSGTDNEQFF	1
CASSSVAGKSYNEQFF	1
CASSSVEDGSQYF	1
CASSSAPTFTDTQYF	1
CASSSAGTSGSSDTQYF	1
CASSSAASGSYEQYF	1
CASSSARSYNEQFF	1
CASSSARGRSRTDTQYF	1
CASSSAREKLFF	1
CASSSAGTSGSTDTQYF	1
CASSSALLANQETQYF	1
CASSSGYEQYF	1
CASSSGETGELFF	1
CASSSGGSNQPQHF	1
CASSSGGQGADEQFF	1
CASSSGTYSYEQYF	1
CASSSGTSVTDTQYF	1
CASSSGTSGYEQYF	1
CASSSGTSGSTSTDTQYF	1
CASSSGTLSSYNEQFF	1
CASSSGTGPPEAFF	1
CASSSGTGVYNEQFF	1
CASSSGTGVEQYF	1
CASSSGTGVYEQYF	1
CASSSGTGIVEQYF	1
CASSSGTGSQETQYF	1
CASSSGTGNYGYTF	1
CASSSGRGHPTQETQYF	1
CASSSGHRTDTQYF	1
CASSSDSGMGNEQFF	1
CASSSDPLAQSYNEQFF	1
CASSSDREPEQYF	1
CASSSDSSSYNEQFF	1
CASSSDREGGETQYF	1
CASSSERDTDTQYF	1
CASSSEGLAGYNEQFF	1
CASSSIPRGEWAGELFF	1
CASSSTGQRETQYF	1
CASSSTDRAGGELFF	1
CASSSTAYNEQFF	1
CASSSTGAGSYEQYF	1
CASSSSGSDHNEQFF	1
CASSSSGRATWDEQFF	1
CASSSRPNNSPLHF	1
CASSSRGLGTEAFF	1
CASSSRGLEQYF	1
CASSSRGTGELFF	1
CASSSRDRADQPQHF	1
CASSSNRGQGPTSGSYNEQFF	1
CASSSNDRVDIQYF	1
CASSSNKLTGRETQYF	1
CASSSFLLAGVPYEQYF	1
CASSSFGRTSGMETQYF	1
CASSSLDRGQYF	1
CASSSSYRSKNTGELFF	1
CASSSSGTPIQYF	1
CASSSWRSTDTQYF	1
CASSSLRGGEPYEQYF	1
CASSSPGTGFNEQFF	1
CASSSPGGIHEQYF	1
CASSSPGLAGGPMWYNEQFF	1
CASSSPGLGYEQYF	1
CASSSPGLGALNEQFF	1
CASSSRRGRYEQYF	1
CASSSRTSGRAHRNEQFF	1
CASSSHRGEDSNQPQHF	1
CASSSQPGQGAWETQYF	1
CASSSQGAEGETQYF	1
CASSSQAGGFDEQYF	1
CASSSARLVKSYEQYF	1
CASSSAGLAGGWETQYF	1
CASSSATYEQYF	1
CASSSGGTYEQYF	1
CASSSGTSGPFF	1
CASSSGTGQYF	1
CASSSGLHTGELFF	1
CASSSGLYTGELFF	1
CASSSGLAGYNEQFF	1
CASSSGLAGADEQFF	1
CASSSGLAGGTDTQYF	1
CASSSGLAENEQFF	1
CASSSGRMNTEAFF	1
CASSSGQPNSPLHF	1
CASSSGQGDTEAFF	1
CASSSGQEIGNEQFF	1
CASSSDPGLAEETQYF	1
CASSSDIYEQYF	1
CASSSDRTNYGYTF	1
CASSSEGELDNEQFF	1
CASSSILDRGGTEAFF	1
CASSSTGTAKNIQYF	1
CASSSTSGTSYEQYF	1
CASSSTPIGQYF	1
CASSSTGADQEQYF	1
CASSSTGRDEQYF	1
CASSSTGSDDYGYTF	1
CASSSSSSRTSYEQYF	1
CASSSSQETGELFF	1
CASSSSTYNEQFF	1
CASSSSSEQFF	1
CASSSRVAGDVRQYF	1
CASSSNPGLAVPDTQYF	1
CASSSKREGPYYNEQFF	1
CASSSSLLSGANVLTF	1
CASSSSGAEETQYF	1
CASSSSGRTQETQYF	1
CASSSSTDTQYF	1
CASSSLSGSRDEQFF	1
CASSSLSGRAVEQYF	1
CASSSLSINPLKAFTDTQYF	1
CASSSLLAERHNEQFF	1
CASSSLPGGGAYEQYF	1
CASSSLARNTGELFF	1
CASSSLMGDTQYF	1
CASSSLAGVRNEQFF	1
CASSSLAGIEEQYF	1
CASSSLAEARTTGELFF	1
CASSSPPTGTGGEQYF	1
CASSSPAGQGKYEQYF	1
CASSSPYPLSGGPGDTQYF	1
CASSSRRVEETQYF	1
CASSSQRESYEQYF	1
CASSSQVSEQYF	1
CASSSQGYEQYF	1
CASSSQGELSSPLHF	1
CASSSVGAIRGPQHF	1
CASSSAVADSTDTQYF	1
CASSSAKTGPYEQYF	1
CASSSAGGPGNEQFF	1
CASSSGYNEQFF	1
CASSSGVYEQYF	1
CASSSGGYLATDTQYF	1
CASSSGGRNTEAFF	1
CASSSGTSGSFNEQFF	1
CASSSGRANEKLFF	1
CASSSGPGANVLTF	1
CASSSDTGSVYEQYF	1
CASSSDSTRDEQFF	1
CASSSDRYSYEQYF	1
CASSSIGKNTGELFF	1
CASSSIAGVGSPLHF	1
CASSSIAGASGDTQYF	1
CASSSTGTGSYEQYF	1
CASSSTDTQYF	1
CASSSSGKGANEQFF	1
CASSSRDSSYGGYTF	1
CASSSRDRVIVEPQHF	1
CASSSRTPAGELFF	1
CASSSRLAGDKLRADTQYF	1
CASSCPGDKHYNEQFF	1
CASSCRGLAKSYNEQFF	1
CASSCGTSGSHNEQFF	1
CASSWLQIYLTDEQFF	1
CASSWLAPADTQYF	1
CASSWPGQGNYEQYF	1
CASSWRSYEQYF	1
CASSWRWANEQFF	1
CASSWRHMNTEAFF	1
CASSWASGRTGELFF	1
CASSWGPATSYEQYF	1
CASSWGRGSDEQFF	1
CASSWGVGVADTQYF	1
CASSWGGGNTGELFF	1
CASSWGGSNSYNEQFF	1
CASSWGTEQYF	1
CASSWGSSLSGYEQYF	1
CASSWGLAGTYEQYF	1
CASSWGVMETQYF	1
CASSWGDNEQFF	1
CASSWGRAFRETQYF	1
CASSWGYSGANVLTF	1
CASSWGLANDYNEQFF	1
CASSWGQTYEQYF	1
CASSWGGEQFF	1
CASSWGGGQATTQYF	1
CASSWGETSGKWRGEQFF	1
CASSWGTTNEKLFF	1
CASSWDSLSSYNEQFF	1
CASSWDRLSPMVSYEQYF	1
CASSWMGASYNSPLHF	1
CASSWISPGELFF	1
CASSWTSSYNEQFF	1
CASSWTSAGAGTDTQYF	1
CASSWTSGTSYEQYF	1
CASSWTSGSLYEQFF	1
CASSWTSGRGRTDTQYF	1
CASSWTSGKSYEQYF	1
CASSWTSGVSYEQYF	1
CASSWTLAGGSYNEQFF	1
CASSWTGIHNEQFF	1
CASSWTGTAVNEQFF	1
CASSWTGRTDTQYF	1
CASSWTGRYTEAFF	1
CASSWTGGAKNIQYF	1
CASSWTGGETQYF	1
CASSWTGEDTEAFF	1
CASSWTGTNTEAFF	1
CASSWRARETQYF	1
CASSWRQSYEQYF	1
CASSYLDSIAYEQYF	1
CASSYLQVTYEQYF	1
CASSYLAGGTQETQYF	1
CASSYSLSGSGEGHEQFF	1
CASSYSGLAGVYNEQFF	1
CASSYSGPRGYTF	1
CASSYSIGGGPYEQYF	1
CASSYSWGQENSYEQYF	1
CASSYSEPEAFF	1
CASSYYRGRADTQYF	1
CASSYLGPGGDEQYF	1
CASSYPGPQHF	1
CASSYPTSGNSLAKETQYF	1
CASSYQGKDTQYF	1
CASSYQRGTGELFF	1
CASSYAPHRDQPQHF	1
CASSYAGEQYF	1
CASSYGSSLSEQFF	1
CASSYGLAGGYTQYF	1
CASSYGQGGHTEAFF	1
CASSYGRGLDEQYF	1
CASSYGRGRQETQYF	1
CASSYGRGDEQYF	1
CASSYGAWGGVTGELFF	1
CASSYGTRLDNEQFF	1
CASSYGTSLSYEQYF	1
CASSYGHGRDPFYEQYF	1
CASSYGGAGSSYEQYF	1
CASSYDSRGTEAFF	1
CASSYDRGNTGELFF	1
CASSYDRGFSYEQYF	1
CASSYEDYTEAFF	1
CASSYEDVAYNEQFF	1
CASSYIPLSYEQYF	1
CASSYMRESQFF	1
CASSYTSGSYNEQFF	1
CASSYTGLAGNTIYF	1
CASSYSPGLAGVGEQYF	1
CASSYSGRGDEQFF	1
CASSYSSGDPYEQYF	1
CASSYRLAGTDTQYF	1
CASSYRVVGGNQPQHF	1
CASSYRQGPVEAFF	1
CASSYFPGRASSYNEQFF	1
CASSYFGTGGGETQYF	1
CASSYFGQGANEQYF	1
CASSYFETSGTYEQYF	1
CASSYFERSSYEQYF	1
CASSYFTGGGEQFF	1
CASSYFRVAQPQHF	1
CASSYLSGSQETQYF	1
CASSYLETQYF	1
CASSYLLAGDQQFF	1
CASSYLLAAKIGELFF	1
CASSYLGYNEQFF	1
CASSYLGQPSNQPQHF	1
CASSYLSLAGRTDTQYF	1
CASSYSLHWENTGELFF	1
CASSYSPTYVENEQFF	1
CASSYSHGLAGVYEQYF	1
CASSYSQETQYF	1
CASSYSVGANTEAFF	1
CASSYSANPPLHF	1
CASSYSGGRASETQYF	1
CASSYSGTSGSYEQYF	1
CASSYSIDSSGELFF	1
CASSYSRGDWQTEQFF	1
CASSYSFGSSYEQYF	1
CASSYSSPYEQYF	1
CASSYSSRGAAYEQYF	1
CASSYSWRAINEQFF	1
CASSYSLTGGTDTQYF	1
CASSYSPSGGAKNIQYF	1
CASSYSPVAGMSTDTQYF	1
CASSYSPTSGSNYNEQFF	1
CASSYSAEYEQYF	1
CASSYSAATSYNEQFF	1
CASSYSGGSTRELFF	1
CASSYSGQGTLYNEQFF	1
CASSYSGGRGNTIYF	1
CASSYSGTGGVRELFF	1
CASSYSGRGRNEQFF	1
CASSYSEGSIETQYF	1
CASSYSTGGAYEQYF	1
CASSYSFRQGDYGYTF	1
CASSYSFTWTGELFF	1
CASSYSSSYNEQFF	1
CASSYSSGTEQFF	1
CASSYSYPRNGELFF	1
CASSYSYRDYEQYF	1
CASSYSRTHPGGEQFF	1
CASSYSQSSGNTIYF	1
CASSYSVARTDTQYF	1
CASSYSVGRRTDTQYF	1
CASSYSVGEGGQPQHF	1
CASSYSVSGDYEQYF	1
CASSYSVGEGGDEQFF	1
CASSYSVKMQYF	1
CASSYSASSYEQYF	1
CASSYSALHSEQFF	1
CASSYSALNGYTF	1
CASSYSAGGWSNEQFF	1
CASSYSGLAGSYNEQFF	1
CASSYSGLAVSYEQYF	1
CASSYSGAVWGNEQFF	1
CASSYSGGSSYNSPLHF	1
CASSYSGDTQYF	1
CASSYSGDSGFYEQYF	1
CASSYSGTGPRNEQFF	1
CASSYSGPYGYTF	1
CASSYSDSEQFF	1
CASSYSDSGIQYF	1
CASSYSDNEQFF	1
CASSYSESGGSYGYTF	1
CASSYSESPLHF	1
CASSYSEAGLSFEQYF	1
CASSYSEGGNEQFF	1
CASSYSEGSGQETQYF	1
CASSYSETSAYEQYF	1
CASSYSETDTQYF	1
CASSYSIAGGGEQYF	1
CASSYSMEGPPGTQYF	1
CASSYSISLVPDNEQFF	1
CASSYSTSGAYEQYF	1
CASSYSTPWTGMNTEAFF	1
CASSYSTASSYNEQFF	1
CASSYSTVYEQYF	1
CASSYSTGRYEQYF	1
CASSYSTGEYLDEQFF	1
CASSYSTGGPDTQYF	1
CASSYSTQTEAFF	1
CASSYSTGLSEGPYNEQFF	1
CASSYSTGGNGELFF	1
CASSYSTGSYEQYF	1
CASSYSSTLTGELFF	1
CASSYSSSAPEDGGTDTQYF	1
CASSYSSLSTDTQYF	1
CASSYSSTGDGYTF	1
CASSYSRWYWAPLHF	1
CASSYSRADTQYF	1
CASSYSRLAGARNEQFF	1
CASSYSRLEETQYF	1
CASSYSRPKLGYEQYF	1
CASSYSRRGSGGTGELFF	1
CASSYSNQGDTEAFF	1
CASSYSNYNEQFF	1
CASSYSNGAEQYF	1
CASSYSKLDTQYF	1
CASSYSKSPGGDRAGEQFF	1
CASSYSKVNTEAFF	1
CASSYSKGSEAFF	1
CASSYSKSATDTQYF	1
CASSYSLGGQETQYF	1
CASSYSLLRQGGFTGELFF	1
CASSYSSSGSRDTQYF	1
CASSYSSLRENYGYTF	1
CASSYSRSGPGELFF	1
CASSYSVGGDGETQYF	1
CASSYSGVILDNEQFF	1
CASSYSGGPAGEQYF	1
CASSYSGGLAIGEQFF	1
CASSYSGKNEQFF	1
CASSYSDSSYEQYF	1
CASSYSTRVYYEQYF	1
CASSYSTDTGELFF	1
CASSYWRESGELFF	1
CASSYWGDTEAFF	1
CASSYWTVPETQYF	1
CASSYYPTGGYTEAFF	1
CASSYYPTGQNQETQYF	1
CASSYYGTFQYF	1
CASSYLQGASSGANVLTF	1
CASSYLGASGSGNEQFF	1
CASSYLNQRTEAFF	1
CASSYLYSRDYPRETQYF	1
CASSYLVSGSTHNEQFF	1
CASSYLASENTGELFF	1
CASSYLAGSETQYF	1
CASSYLGPYLQRRNEQFF	1
CASSYLAGEETQYF	1
CASSYLGSDTQYF	1
CASSYLTTSGSYEQYF	1
CASSYPFQTTSSYNEQFF	1
CASSYPSRPGREETQYF	1
CASSYPLAGVDNEQFF	1
CASSYPGGEQFF	1
CASSYPGQSSVYGYTF	1
CASSYPELALAGTDTQYF	1
CASSYPPPLSGSEQYF	1
CASSYPRGYHYEQYF	1
CASSYPRLTYEQYF	1
CASSYPGSPIYNEQFF	1
CASSYPILAANTGELFF	1
CASSYPSYEQYF	1
CASSYPGNEQFF	1
CASSYPGLAVYEQYF	1
CASSYPGERETQYF	1
CASSYPTGPSGEQYF	1
CASSYPNTGELFF	1
CASSYPQGPSTDTQYF	1
CASSYPDYEQYF	1
CASSYPTTRQETQYF	1
CASSYPNTEAFF	1
CASSYREPQFF	1
CASSYRRLAGFFDTQYF	1
CASSYRLTELYGYTF	1
CASSYRQGGSSYNEQFF	1
CASSYRAGLAGNEQFF	1
CASSYRGTNTGELFF	1
CASSYRGRGNEQFF	1
CASSYRGQGNYEQYF	1
CASSYRDRSYEQYF	1
CASSYRTSAYNEQFF	1
CASSYRTGGHQPQHF	1
CASSYRRGYNQPQHF	1
CASSYRSTDTQYF	1
CASSYRAGVVYNEQFF	1
CASSYRDTQYF	1
CASSYRTSRTTDTQYF	1
CASSYRTGGGRIAQYF	1
CASSYRTGEQFF	1
CASSYHLTDTQYF	1
CASSYQRAYEQYF	1
CASSYQASGRMEYNEQFF	1
CASSYQAISEQYF	1
CASSYQGRNEQFF	1
CASSYQGGASGLTF	1
CASSYQGGAEKLFF	1
CASSYQGPASGPQHF	1
CASSYQEGTTEAFF	1
CASSYQPTGFTNEKLFF	1
CASSYQPRERAFF	1
CASSYQMSGTSYEQYF	1
CASSYVAETVYEQYF	1
CASSYVQGPNEQFF	1
CASSYVQGQVGETQYF	1
CASSYARAGEKGNEQFF	1
CASSYAERGDGKQYF	1
CASSYASGRAGNEQFF	1
CASSYAYGDGNIQYF	1
CASSYAYEQYF	1
CASSYARWREGAGELFF	1
CASSYAHVGLPSYNEQFF	1
CASSYAGRATGELFF	1
CASSYAGQNYEQYF	1
CASSYADRSPYEQYF	1
CASSYARGSGHEQFF	1
CASSYANYEQYF	1
CASSYAVNTEAFF	1
CASSYAGHEQFF	1
CASSYAGQGGTEAFF	1
CASSYAGNVNYGYTF	1
CASSYATGVGVQFF	1
CASSYGYGYTF	1
CASSYGYTGELFF	1
CASSYGQGNEQFF	1
CASSYGVGYTDTQYF	1
CASSYGALSGSGDTQYF	1
CASSYGSGRAGEQFF	1
CASSYGSLTDSQETQYF	1
CASSYGLGKGRQETQYF	1
CASSYGPASGSHEQYF	1
CASSYGQGPYEQYF	1
CASSYGAGTTDTQYF	1
CASSYGGRGYNEQFF	1
CASSYGGRTHNEQFF	1
CASSYGEAHTDTQYF	1
CASSYGMSSGMAGTQYF	1
CASSYGRGGNQPQHF	1
CASSYGRGTDIQYF	1
CASSYGSLQYF	1
CASSYGSNRELGKETQYF	1
CASSYGLANTGELFF	1
CASSYGRDVYNEQFF	1
CASSYGAGSYEQYF	1
CASSYGGLETQYF	1
CASSYGGLMNTEAFF	1
CASSYGGRKGNQPQHF	1
CASSYGGISYEQYF	1
CASSYGTSDNEQFF	1
CASSYGTEVNEQFF	1
CASSYGTSPYNEQFF	1
CASSYGTRGEQYF	1
CASSYGTRRSNEQFF	1
CASSYGTAQETQYF	1
CASSYGTGVDEQYF	1
CASSYGTGATGYTF	1
CASSYGTEGETQYF	1
CASSYGTSIEQYF	1
CASSYGLASGELFF	1
CASSYGLAGDNEQFF	1
CASSYGLAGVDEQFF	1
CASSYGPVTTYEQYF	1
CASSYGRGRDTQYF	1
CASSYGQGATYEQYF	1
CASSYGNRELFF	1
CASSYDSAVSGNTIYF	1
CASSYDGANYGYTF	1
CASSYDGRSTDTQYF	1
CASSYDTGGYNEQFF	1
CASSYDRGTANTGELFF	1
CASSYDPQGGTGELFF	1
CASSYDAGQPYGYTF	1
CASSYDRAEQYF	1
CASSYDRGYEQYF	1
CASSYDRGRIYEQYF	1
CASSYELAGGDEQFF	1
CASSYEGQPQHF	1
CASSYEGTYTDTQYF	1
CASSYEGFRNNEQFF	1
CASSYEGASGRYEQYF	1
CASSYEGTGVYEQYF	1
CASSYEIMGEQYF	1
CASSYETSGYEQYF	1
CASSYILTSGSSPTSVYNEQFF	1
CASSYIGWAPLHF	1
CASSYIRYTDTQYF	1
CASSYIRGPINYGYTF	1
CASSYIGLGNTIYF	1
CASSYIMGNSYEQYF	1
CASSYMAGGTKNIQYF	1
CASSYMGIAGVYNEQFF	1
CASSYTTGKLYEQYF	1
CASSYTLNTGELFF	1
CASSYTGVQETQYF	1
CASSYTWNEQFF	1
CASSYTAGGRGNEQFF	1
CASSYTGAGGNTIYF	1
CASSYTGYEQYF	1
CASSYTGTSGRAPQFF	1
CASSYTNTGELFF	1
CASSYSSLPGELFF	1
CASSYSLLAGGIEQYF	1
CASSYRVGYNEQFF	1
CASSYRGQRGTGELFF	1
CASSYRGGEQYF	1
CASSYRGRSYEQYF	1
CASSYRGARFSYEQYF	1
CASSYRINQPQHF	1
CASSYRSGQVPAYNEQFF	1
CASSYRQGADTQYF	1
CASSYRGVNTEAFF	1
CASSYRGRGGTDTQYF	1
CASSYNVDTQYF	1
CASSYNTYEQYF	1
CASSYNHNEQFF	1
CASSLWDSATNEKLFF	1
CASSLYWLAGNEQFF	1
CASSLPSGQPNTEAFF	1
CASSLPRSEGYEQYF	1
CASSLPGHHEAFF	1
CASSLRQGPQETQYF	1
CASSLQTPDTQYF	1
CASSLADWMPIGEQYF	1
CASSLGEQFF	1
CASSLGGAGQETQYF	1
CASSLGTGGHNEQFF	1
CASSLGLGGYTGEQYF	1
CASSLGGVSEQFF	1
CASSLIPGREGWDIQYF	1
CASSLIAGEETQYF	1
CASSLTSADNEQFF	1
CASSLTVLYNEQFF	1
CASSLTGGQETQYF	1
CASSLTGGGGELFF	1
CASSLTGTYEQYF	1
CASSLSQGIYNEQFF	1
CASSLRTSGIGETQYF	1
CASSLNRGRVGYTF	1
CASSLKRTSGDSYNEQFF	1
CASSLLAGTEQETQYF	1
CASSLLAGGPNEQFF	1
CASSLSSGSYEQYF	1
CASSLSKGQGMKTQYF	1
CASSLLGDTYNEQFF	1
CASSLLRADTQYF	1
CASSLPPLLAGGEDTQYF	1
CASSLPPGQGAGELFF	1
CASSLPRGRYEQYF	1
CASSLPILTGDQETQYF	1
CASSLRGGVRGYTF	1
CASSLRDREDNEQFF	1
CASSLRTVNTEAFF	1
CASSLQRGAGVETQYF	1
CASSLGGADSPFF	1
CASSLGGNTEAFF	1
CASSLGTSGANEQFF	1
CASSLGRASYEQYF	1
CASSLGRPPKETQYF	1
CASSLGQGMQETQYF	1
CASSLDRGSYEQYF	1
CASSLDVNQPQHF	1
CASSLTLAEVDTQYF	1
CASSLTSQGLYTDTQYF	1
CASSLTVQGDIQYF	1
CASSLTGGRVRTDTQYF	1
CASSLTDTQYF	1
CASSLRVYEQYF	1
CASSLREIYEQYF	1
CASSLRRVRGVGTEAFF	1
CASSLSGPYNEQFF	1
CASSLWTGHFEQYF	1
CASSLVSGGGYGYTF	1
CASSLGPYNEQFF	1
CASSLGQASYEQYF	1
CASSLGQGAREQYF	1
CASSLGGGDEQFF	1
CASSLDGGQGNQPQHF	1
CASSLDLNEQFF	1
CASSLDSANEKLFF	1
CASSLTSFYEQYF	1
CASSLTVWTGELFF	1
CASSLSSYEQYF	1
CASSLRTSGSTDTQYF	1
CASSLRTGELFF	1
CASSLRTGPKSYGYTF	1
CASSLKTGRTEAFF	1
CASSLLAGDTQYF	1
CASSLLGTSGGSSYNEQFF	1
CASSLPPGELFF	1
CASSLRPRASSTDTQYF	1
CASSLRLAGAYEQFF	1
CASSLRLAIGYEQYF	1
CASSLRQGPPETQYF	1
CASSLVVHGELFF	1
CASSLASGAWGNEQFF	1
CASSLAGASYEQYF	1
CASSLAGSSYEQYF	1
CASSLAGGLFNEQFF	1
CASSLAGGPSGANVLTF	1
CASSLAGGGETQYF	1
CASSLAGEVKTQYF	1
CASSLGGQPQHF	1
CASSLGTPNQPQHF	1
CASSLGTDSWNSPLHF	1
CASSLDRLAGTYEQYF	1
CASSLDRGLIYEQYF	1
CASSLEFLATSGRNNEQFF	1
CASSLIRGAGGYEQFF	1
CASSLILAGGIDTQYF	1
CASSLTSDRVNTEAFF	1
CASSLTGIDEQYF	1
CASSLSGSSYNEQFF	1
CASSLRVRTTRDEQFF	1
CASSLKALYEQYF	1
CASSPSGGQETQYF	1
CASSPSGGEAKNIQYF	1
CASSPLLAGGPHEQFF	1
CASSPLLSGSPNEQYF	1
CASSPLTSGKYEQYF	1
CASSPLLLAGSTGELFF	1
CASSPLANSQGEQYF	1
CASSPPPRRLYEQYF	1
CASSPPPGTPNTDTQYF	1
CASSPPGGRTDTQYF	1
CASSPPAEIYNEQFF	1
CASSPRLLAGGPDEQFF	1
CASSPRLAGGPKSGTDTQYF	1
CASSPRLALPSTDTQYF	1
CASSPRDRGSGTQYF	1
CASSPQREGLNEQYF	1
CASSPQGAGANVLTF	1
CASSPQGGDTQYF	1
CASSPQGLAVSGDNEQFF	1
CASSPQGNEQFF	1
CASSPQIAGGRDYEQYF	1
CASSPADYSIYEQYF	1
CASSPAGRSGELFF	1
CASSPGTARNQPQHF	1
CASSPGQNTEAFF	1
CASSPGGRAYGAGEQYF	1
CASSPGYEANTGELFF	1
CASSPGQTSGSHEQFF	1
CASSPGTRVPEQFF	1
CASSPGTGAFTGELFF	1
CASSPGLAGVYNEQFF	1
CASSPGPSYEQYF	1
CASSPGQGVDEQYF	1
CASSPDRAQETQYF	1
CASSPEGLPGSIQYF	1
CASSPETGDKLNEQFF	1
CASSPEGQGPETQYF	1
CASSPIIAPSNTGELFF	1
CASSPTPWDGELFF	1
CASSPTWRRETQYF	1
CASSPTPWLAGVGNEQFF	1
CASSPTRTSGSQDIGELFF	1
CASSPTVVRGANVLTF	1
CASSPTGTGVYEQYF	1
CASSPTGQGTYEQYF	1
CASSPSWIDTDTQYF	1
CASSPSGSWDTGELFF	1
CASSPSGYTQYF	1
CASSPSGSAGELFF	1
CASSPSGSRIYEQYF	1
CASSPSGGSGTDTQYF	1
CASSPSTDTQYF	1
CASSPRGTGRDTQYF	1
CASSPRQGSTGELFF	1
CASSPNIYEQYF	1
CASSPKRSYEQYF	1
CASSPFIGEGTKNEQFF	1
CASSPFTGRSLGYEQYF	1
CASSPFLGLGGETQYF	1
CASSPFRDRGLEQYF	1
CASSPFGTGGTGELFF	1
CASSPLNGELFF	1
CASSPLGSYNEQFF	1
CASSPSSGTQYF	1
CASSPSLAGAYEQYF	1
CASSPSHEQYF	1
CASSPSGPYNEQFF	1
CASSPSSGIRYNEQFF	1
CASSPSRDWERETQYF	1
CASSPSGGQTLYEQYF	1
CASSPSTGVITDTQYF	1
CASSPWESSYEQYF	1
CASSPWTADLGEQYF	1
CASSPWTGRRNTEAFF	1
CASSPWSGRLEETQYF	1
CASSPYATPSYEQYF	1
CASSPLLAGDHEQYF	1
CASSPLGPGANVLTF	1
CASSPLEASYEQYF	1
CASSPLGTSTDTQYF	1
CASSPLGGTEAFF	1
CASSPLDRPLTPLHF	1
CASSPLPGLAGGSYEQYF	1
CASSPLVGYEQYF	1
CASSPLAGMYEQFF	1
CASSPPKGGGRYEQYF	1
CASSPPPMASSYEQFF	1
CASSPPRFSDTQYF	1
CASSPPRTGSQPQHF	1
CASSPPGTSYNEQFF	1
CASSPPGTGSGGNQPQHF	1
CASSPPGTETQYF	1
CASSPPLYLGGSAGELFF	1
CASSPPLAAYNEQFF	1
CASSPRGAYNEQFF	1
CASSPRPRGDNEQFF	1
CASSPRGPMPPNIQYF	1
CASSPRGRGLTEQYF	1
CASSPRGENEQYF	1
CASSPRGTTAYNEQFF	1
CASSPRDHHTQYF	1
CASSPRDSEEETQYF	1
CASSPRDRGTDTQYF	1
CASSPRDRSYNEQFF	1
CASSPRETTRDIQYF	1
CASSPRTASYEQYF	1
CASSPRTSGSVDTQYF	1
CASSPRTSGRGYEQYF	1
CASSPRTDSNQPQHF	1
CASSPRPTGFPDTQYF	1
CASSPRTGEETQYF	1
CASSPHGAGTSTDTQYF	1
CASSPHNEQFF	1
CASSPQLTGSYEQYF	1
CASSPQGYEQYF	1
CASSPQGGEAGTEAFF	1
CASSPQGGLAGGAGELFF	1
CASSPQGQAPDTQYF	1
CASSPVGQGFSGNTIYF	1
CASSPATTGGGYEQYF	1
CASSPASGRGSDTQYF	1
CASSPGLAGGFDEQYF	1
CASSPGGYEQYF	1
CASSPGGQGAYEQYF	1
CASSPGAGVEQFF	1
CASSPGGSYEQYF	1
CASSPGGGSYNEQFF	1
CASSPGGSGRSEETQYF	1
CASSPGITASYEQYF	1
CASSPGTSVPGELFF	1
CASSPGTSASSYEQYF	1
CASSPGTSGVEQYF	1
CASSPGTSGGTKITDTQYF	1
CASSPGTSGSTDTQYF	1
CASSPGTSGRPRYNEQFF	1
CASSPGTETQYF	1
CASSPGTTYEQYF	1
CASSPGTSDEKLFF	1
CASSPGTASYEQYF	1
CASSPGTGGRVSYEQYF	1
CASSPGTGGGYEQYF	1
CASSPGTDYEQYF	1
CASSPGSGRSYNEQFF	1
CASSPGLAGPNEQFF	1
CASSPGLAGGPSYEQYF	1
CASSPGPLREQYF	1
CASSPGQGNQPQHF	1
CASSPGGYEQYF	1
CASSPDYPQYNEQFF	1
CASSPDPYNEQFF	1
CASSPDRYEQYF	1
CASSPEVWRVTPYEQYF	1
CASSPEDHPGNEQFF	1
CASSPTWGVETQYF	1
CASSPTSGRFHEQFF	1
CASSPTGTYEQYF	1
CASSPTTNTGELFF	1
CASSPTGGYEQYF	1
CASSPTRAGELFF	1
CASSPSTGHYNSPLHF	1
CASSPSVPSTANEQFF	1
CASSPSGILYEQYF	1
CASSPRTSGRSEQFF	1
CASSPRLARNEQFF	1
CASSPRPRRGTDTQYF	1
CASSPRASGMTNEQFF	1
CASSPNSYNEQFF	1
CASSPNPDLEQYF	1
CASSPNNRRDRQVYEQYF	1
CASSPKPSSEQYF	1
CASSPKGARYEQYF	1
CASSPKGTSGTYEQYF	1
CASSPSQGIYNEQFF	1
CASSPWAGEFFTDTQYF	1
CASSPWTGTNTEAFF	1
CASSPWRAGGSGYEQYF	1
CASSPLAAYNEQFF	1
CASSPPWGAYNEQFF	1
CASSPPGLAGGGYNEQFF	1
CASSPPPTSSPDTQYF	1
CASSPRPARSYNEQFF	1
CASSPRVSYNEQFF	1
CASSPRDLHTGELFF	1
CASSPRTSGTGELFF	1
CASSPRRSSYEQYF	1
CASSPHPGLAGVEQYF	1
CASSPQGATNEKLFF	1
CASSPVWDRAFF	1
CASSPAGAHGTYNEQFF	1
CASSPGVQRESYNEQFF	1
CASSPGLGPTETQYF	1
CASSPGPYEQYF	1
CASSPGADNEKLFF	1
CASSPGGTGGQETQYF	1
CASSPGTGDNSPLHF	1
CASSPGLAQLGYNEQFF	1
CASSPGLALYEQYF	1
CASSPGLAGVLVTYEQYF	1
CASSPGLNGAGELFF	1
CASSPGRTEETQYF	1
CASSPGHSSPGYF	1
CASSPGQWETQYF	1
CASSPGQGRETQYF	1
CASSPGQGAVQYF	1
CASSPGQGADIQYF	1
CASSPGQGITDTQYF	1
CASSPGQLGYEQYF	1
CASSPEQGPRFEEQYF	1
CASSPIGTSGVNSYEQYF	1
CASSPTRTATNEKLFF	1
CASSPTSFDNNEQFF	1
CASSPTSGITEQYF	1
CASSPTSGRYEQYF	1
CASSPTIQETQYF	1
CASSPTTGGPRNQPQHF	1
CASSPTGGSLLYNEQFF	1
CASSPTTSGYEQYF	1
CASSPTAGDPPADTQYF	1
CASSPSGRALSEQFF	1
CASSPRGHHQETQYF	1
CASSPRTSGYNEQFF	1
CASSPRQHSSYEQYF	1
CASSPNLQGGTDTQYF	1
CASSPNLNHGTGAYNEQFF	1
CASSPFRGLGMENTGELFF	1
CASSPSRDRDYEQYF	1
CASSPSDRVQETQYF	1
CASSPSRGIRVYEQYF	1
CASSPSTGGYETQYF	1
CASSPYGTTYNEQFF	1
CASSPLRRQILGETQYF	1
CASSPLASTGTGEQYF	1
CASSPPSPGHEQYF	1
CASSPPPRLINEQFF	1
CASSPQGKGSYEQYF	1
CASSPVGGETDEQFF	1
CASSPVQGSGANVLTF	1
CASSPGWGNEQFF	1
CASSPGYEQYF	1
CASSPGDSYEQYF	1
CASSPGQARLPQYF	1
CASSPGASGAYEQYF	1
CASSPGAPHYGYTF	1
CASSPGGAEANYGYTF	1
CASSPGGYTEAFF	1
CASSPGGALEQYF	1
CASSPGDVRGSPLHF	1
CASSPGDTGELFF	1
CASSPGIGNYEQYF	1
CASSPGTGVFHEQYF	1
CASSPGTGGTIAQYF	1
CASSPGTGGGSLFF	1
CASSPGFGYEQYF	1
CASSPGLDTDTQYF	1
CASSPDRGQDEQYF	1
CASSPETGVNEQFF	1
CASSPILEQFF	1
CASSPIGLRNTEAFF	1
CASSPTSGSGNEQFF	1
CASSPTSGRANEQFF	1
CASSPTRVRQEQYF	1
CASSPTATGQGTQYF	1
CASSPTTYYNEQFF	1
CASSPTGREQYF	1
CASSPSGRVWGNEQFF	1
CASSPSRSTQYF	1
CASSPRPPGADTEAFF	1
CASSPRVSNTQYF	1
CASSPRTGGSSFF	1
CASSPNRASGSRTYEQYF	1
CASSRSLVGGETQYF	1
CASSRSGWLDTYEQYF	1
CASSRPAGDTEAFF	1
CASSRGLAGPYEQYF	1
CASSRGARYHEQYF	1
CASSRGLAYTDTQYF	1
CASSRGRLSPEKLFF	1
CASSRTNPLARGTDTQYF	1
CASSRSGSKETQYF	1
CASSRKGGMGDNEQFF	1
CASSRSVAGLPGELFF	1
CASSRLVGAGDEQYF	1
CASSRRGLAGLRYEQYF	1
CASSRRPPRDPGNTQYF	1
CASSRRTSGSGETQYF	1
CASSRHRGGYTF	1
CASSRQLAQETQYF	1
CASSRVQGSEQFF	1
CASSRGPYTGELFF	1
CASSRGIFVWDTQYF	1
CASSRGGNYNEQFF	1
CASSRGQGSPGELFF	1
CASSRGQNSYEQYF	1
CASSRDRVVTEAFF	1
CASSRIAGGPAYNEQFF	1
CASSRSGEAFF	1
CASSRSFNQPQHF	1
CASSRSGAYEQYF	1
CASSRSGRPYEQYF	1
CASSRRGGKNIQYF	1
CASSRRTSGSGGTQYF	1
CASSRSSGSDEQFF	1
CASSRSDKEATISYEQYF	1
CASSRLGTGQEKLFF	1
CASSRLAGDNEQFF	1
CASSRPPGVGETQYF	1
CASSRREGRYNEQFF	1
CASSRQSSESYEQYF	1
CASSRQVGSSPLHF	1
CASSRVYEQYF	1
CASSRVDTQYF	1
CASSRGMNTEAFF	1
CASSRGSGSYEQYF	1
CASSRGPSYEQYF	1
CASSRGQILYNEQFF	1
CASSRGAETQYF	1
CASSRGLLYEQYF	1
CASSRGMETQYF	1
CASSRDAGVNYGYTF	1
CASSRDSYNEQFF	1
CASSRDRTRLYEQYF	1
CASSREGTEAFF	1
CASSRERRETQYF	1
CASSREERDEQYF	1
CASSRIADTDTQYF	1
CASSRTFTEAFF	1
CASSRTISRVYNEQFF	1
CASSRTSGTYEQYF	1
CASSRTSGSFTQYF	1
CASSRTSGREQFF	1
CASSRTSENSYEQYF	1
CASSRTRDRVTYEQYF	1
CASSRTTPIWATNEKLFF	1
CASSRTFTDTQYF	1
CASSRTVLSGANVLTF	1
CASSRTAREFRETQYF	1
CASSRTGVGELFF	1
CASSRTGGLDEQYF	1
CASSRTGESYEQYF	1
CASSRRTSGPETQYF	1
CASSRNLEETQYF	1
CASSRNSNQPQHF	1
CASSRWGGGSTDTQYF	1
CASSRWTGANEKLFF	1
CASSRLAGPYNEQFF	1
CASSRLAGAYNEQFF	1
CASSRLAEYEQYF	1
CASSRPGGEQYF	1
CASSRRTGANEKLFF	1
CASSRQGEVTDTQYF	1
CASSRQGYSNQPQHF	1
CASSRQGTGEQYF	1
CASSRQGSSYNEQFF	1
CASSRQGTDTQYF	1
CASSRGLAEGQFF	1
CASSRGGNEQFF	1
CASSRGSPETSYEQYF	1
CASSRGTGATNEQFF	1
CASSRDINNEQFF	1
CASSRDKNQPQHF	1
CASSRTGTGARNEQFF	1
CASSRRGAAGGTGELFF	1
CASSRRQDQETQYF	1
CASSHFRVSSYEQYF	1
CASSHSLEAFF	1
CASSHWAGESYEQYF	1
CASSHRGQSTDTQYF	1
CASSHARNPYEQYF	1
CASSHDSSYEQYF	1
CASSHEGGINEKLFF	1
CASSHRTGTGLNEQFF	1
CASSHRSYNEQFF	1
CASSHSSPGTRYNEQFF	1
CASSHSGTGFYEQYF	1
CASSHWGVTRGEETQYF	1
CASSHLTGGGITYEQYF	1
CASSHRLASPTGELFF	1
CASSHHTSGRTDTQYF	1
CASSHVNTEAFF	1
CASSHASGSSYEQYF	1
CASSHGTSGTEQYF	1
CASSHGLAGERETQYF	1
CASSHGLAGGDEQFF	1
CASSHGGGSGNTIYF	1
CASSHSVAGTYNEQFF	1
CASSHKTSGRAKVYEQYF	1
CASSQRGMDGYTF	1
CASSQRVGTYEQYF	1
CASSQAGSGPQHF	1
CASSQGYEQYF	1
CASSQGWRETQYF	1
CASSQGPTDEQFF	1
CASSQGASGRFYNEQFF	1
CASSQGSHTNYGYTF	1
CASSQGLVYEQYF	1
CASSQGLAGSNTQYF	1
CASSQGLADSYEQYF	1
CASSQGPHGPDTQYF	1
CASSQGDYEQYF	1
CASSQDSSTDTQYF	1
CASSQDRWGVSNQPQHF	1
CASSQIAKNIQYF	1
CASSQIGIVPYEQYF	1
CASSQTSGSETQYF	1
CASSQTNTGELFF	1
CASSQTGCSGNSYEQYF	1
CASSQTGGSYEQYF	1
CASSQSGRAPDTQYF	1
CASSQSSLDRIQETQYF	1
CASSQSGTLLYEQYF	1
CASSQYYEQYF	1
CASSQPYGQYEQYF	1
CASSQQWNEQFF	1
CASSQQRVIATYEQYF	1
CASSQVIGTSSTDTQYF	1
CASSQGGETQYF	1
CASSQGRAGYNEQFF	1
CASSQGADEGFF	1
CASSQGTGGTETQYF	1
CASSQGLAAYNEQFF	1
CASSQDIAYNEQFF	1
CASSQMQTTYEQYF	1
CASSQTLPETQFF	1
CASSQTGLAEAFF	1
CASSQTGRLAREQFF	1
CASSQRTGVGETQYF	1
CASSQNYEQYF	1
CASSVFRESSYNEQFF	1
CASSVLVVDEQFF	1
CASSVYNGEGEQYF	1
CASSVGTGRAKNIQYF	1
CASSVEQNYNSPLHF	1
CASSVMGLAVDTQYF	1
CASSVIAVSSYNEQFF	1
CASSVTSTIAYEQYF	1
CASSVSGNYNEQFF	1
CASSVNEGVNEQYF	1
CASSVSRVLPDKQYF	1
CASSVSRGAKIYEQYF	1
CASSVWTALETQYF	1
CASSVLYEGNTGELFF	1
CASSVLAHAYEQYF	1
CASSVRLGTANEQYF	1
CASSVRQGQETQYF	1
CASSVQGGRTGELFF	1
CASSVQGDGGRELFF	1
CASSVGFSYEQYF	1
CASSVGQTGSYEQYF	1
CASSVGGAGETQYF	1
CASSVGTGDSPLHF	1
CASSVGRAIIGELFF	1
CASSVGNNEQFF	1
CASSVGQGAWEQFF	1
CASSVILAGADTQYF	1
CASSVRGRGSYEQYF	1
CASSVKGQGIYEQYF	1
CASSVLGLTDTQYF	1
CASSVLGYMETYEQYF	1
CASSVASGTLYNEQFF	1
CASSVASGSYEQYF	1
CASSVARDATDQETQYF	1
CASSVALGETQYF	1
CASSVGTANQPQHF	1
CASSVGSVYEQFF	1
CASSVGSSYEQYF	1
CASSVGLAGGRLFQETQYF	1
CASSVGHFYEQYF	1
CASSVDLAGHGELFF	1
CASSVDSVYEQYF	1
CASSVTSDYEQYF	1
CASSVKGRRGEQYF	1
CASSVYEQYF	1
CASSVLDRGQETQYF	1
CASSVPTGELFF	1
CASSVRVGREFQETQYF	1
CASSVRDGSTQYF	1
CASSVQREKQFF	1
CASSVQGHNEQFF	1
CASSVQGALTGELFF	1
CASSVQGATGEQYF	1
CASSVVLAGSTGELFF	1
CASSVAGGTRGADTQYF	1
CASSVIAGGPYNEQFF	1
CASSVIGGSYEQYF	1
CASSVTPGGFRADTQYF	1
CASSVTGTGISYEQYF	1
CASSVTGSTQYF	1
CASSVRILEASYNEQFF	1
CASSVRQGLGETQYF	1
CASSVKFWGLHEQYF	1
CASSAYIIRQNTEAFF	1
CASSARGYEQYF	1
CASSAQGDYGYTF	1
CASSAQGDQPQHF	1
CASSAAGGPPGELFF	1
CASSAGHGKIDNEQFF	1
CASSADSQETQYF	1
CASSASGPVETQYF	1
CASSANTHHTDTQYF	1
CASSAKSYSNQPQHF	1
CASSALEYGTDTQYF	1
CASSASGTGCNEQFF	1
CASSASTDSNQPQHF	1
CASSALISGAYNEQFF	1
CASSALTGGRGTQYF	1
CASSAPWLAGNEQYF	1
CASSAPGTVNTGELFF	1
CASSAPYRKKTYEQYF	1
CASSARFGGETQYF	1
CASSARSGLQETQYF	1
CASSAQGDYEQYF	1
CASSAQTGMSTDTQYF	1
CASSAVIGVNEQFF	1
CASSAGLNTGELFF	1
CASSAGGQPKQYF	1
CASSAGTDYQPQHF	1
CASSAGLATDTQYF	1
CASSAGQYNEQFF	1
CASSAEPSWGETQYF	1
CASSAEPGLASDTQYF	1
CASSATGEQYF	1
CASSATGTWQSYEQYF	1
CASSATGTYEQYF	1
CASSASGSADTQYF	1
CASSAYGQAYEQYF	1
CASSALLAGSNYNEQFF	1
CASSAPVAGPTDTQYF	1
CASSAPGQGKYEQYF	1
CASSAQQTNEKLFF	1
CASSAQGSSNQPQHF	1
CASSAVAGVEDTQYF	1
CASSAASGDEQFF	1
CASSAAGSPNIQQFF	1
CASSAGLNNEQFF	1
CASSAGLAAEQFF	1
CASSAGHGGDSPLHF	1
CASSAGQGKGYEQYF	1
CASSADRDRVEQFF	1
CASSADGSYEQYF	1
CASSADSVRLPMETEQFF	1
CASSAEGRNEKLFF	1
CASSAEQANQETQYF	1
CASSATAYNQPQHF	1
CASSATGGSYEQYF	1
CASSAPSLDTEAFF	1
CASSAPPGLAGVDTQYF	1
CASSARISYEQYF	1
CASSAHDYRGYRADTQYF	1
CASSAARGGVSEQFF	1
CASSAGSTDTQYF	1
CASSATPGSEQYF	1
CASSARTGYEQYF	1
CASSANSGGSYNEQFF	1
CASSAKTLVNTDTQYF	1
CASSGYGTGELFF	1
CASSGLAVNTGELFF	1
CASSGPGTGEETQYF	1
CASSGRGNQPQHF	1
CASSGATSGRGNEQFF	1
CASSGGGSSYNEQFF	1
CASSGGTGSYEQYF	1
CASSGGRGYEQFF	1
CASSGGQGNNEQFF	1
CASSGDGRQTNEKLFF	1
CASSGEGETQYF	1
CASSGIGTSNNEQFF	1
CASSGTLAGVLEEQFF	1
CASSGYVRDSQETQYF	1
CASSGYPWGGQETQYF	1
CASSGYRGGTDTQYF	1
CASSGLQETQYF	1
CASSGPGLVLNEQFF	1
CASSGAKGLERHQPQHF	1
CASSGTNFGGARNTEAFF	1
CASSGRLAGFHEQYF	1
CASSGKRDGTDTQYF	1
CASSGSSGRSANEQFF	1
CASSGSGAVNYNEQFF	1
CASSGPGLAGPDTQYF	1
CASSGRDRSSHSNQPQHF	1
CASSGRGTPLNQPQHF	1
CASSGHFYEQYF	1
CASSGQGAGQPQHF	1
CASSGQGEVTGELFF	1
CASSGQESNQPQHF	1
CASSGQGGTDTQYF	1
CASSGVLYRLGYNEQFF	1
CASSGVQGRADTQYF	1
CASSGVTGGSPLHF	1
CASSGAGQGASSSYNEQFF	1
CASSGAGHNEQFF	1
CASSGAAGEIYEQYF	1
CASSGGIKRETQYF	1
CASSGGLSYEQYF	1
CASSGGHEQYF	1
CASSGGREYTEAFF	1
CASSGGLGVGFVTEAFF	1
CASSGGTGSADTQYF	1
CASSGGLADPGDEQFF	1
CASSGGLAYTYNEQFF	1
CASSGGPIYGYTF	1
CASSGDPNTGELFF	1
CASSGDWKDNEQFF	1
CASSGDGGNQPQHF	1
CASSGDGIYEQYF	1
CASSGDRGYQIGSEQYF	1
CASSGTSVYEQYF	1
CASSGTSLLRGNEQFF	1
CASSGTSGIFNEQFF	1
CASSGTGTAKETQYF	1
CASSGTGYGYTF	1
CASSGTGVDGYSNQPQHF	1
CASSGTGIEQFF	1
CASSGSLIGSPLHF	1
CASSGRAGSNEQFF	1
CASSGNGISYEQYF	1
CASSGKRYNEQFF	1
CASSGFKRSLNEQFF	1
CASSGLSVDEQFF	1
CASSGLVGELFF	1
CASSGLAGDQETQYF	1
CASSGLAGSSYEQYF	1
CASSGLAGGTDTQYF	1
CASSGLAGGTVLF	1
CASSGLADTQYF	1
CASSGLAEYNEQFF	1
CASSGLAEFYEQYF	1
CASSGPGVTGYTF	1
CASSGHRYEQYF	1
CASSGQGAKTLYEQYF	1
CASSGQGGNEQFF	1
CASSGQGVVTNEKLFF	1
CASSGQGATDTQYF	1
CASSGQGTPLAKNIQYF	1
CASSGAGTVAPTELFF	1
CASSGAGTAQVGFQETQYF	1
CASSGGTGHRYEQYF	1
CASSGGLAAKIGSYNEQFF	1
CASSGTQASANTDTQYF	1
CASSGTGTVQGELFF	1
CASSGTGVRETQYF	1
CASSGRSSGSQETQYF	1
CASSGRPLYYEQYF	1
CASSDSSTGGWQETQYF	1
CASSDSASGSDEQFF	1
CASSDSTSSGELFF	1
CASSDSTGGNTIYF	1
CASSDYSTDGNTIYF	1
CASSDYNNQPQHF	1
CASSDLRAGTDTQYF	1
CASSDLLAGDPNEQFF	1
CASSDLGADTGELFF	1
CASSDLAGSYEQYF	1
CASSDPYLAIDEQFF	1
CASSDPGAGTGELFF	1
CASSDPDRNYEQYF	1
CASSDRPPVGEQYF	1
CASSDRLAGGPGGELFF	1
CASSDRGFGQPQHF	1
CASSDRITDTQYF	1
CASSDHQGLADNEQFF	1
CASSDQVFNEQFF	1
CASSDVRSTDTQYF	1
CASSDATGTDNSNQPQHF	1
CASSDGGTATYEQYF	1
CASSDGGYEQYF	1
CASSDDRDSHSYEQYF	1
CASSDEGLTDTQYF	1
CASSDTLREGTDTQYF	1
CASSDTSYEQYF	1
CASSDRSTLSNQPQHF	1
CASSDNGAGETQYF	1
CASSDSPGGPDTQYF	1
CASSDSPDVTGELFF	1
CASSDSTGEAREQFF	1
CASSDSRAGADTQYF	1
CASSDSVGTGELFF	1
CASSDSGLNGDTQYF	1
CASSDSQGASTDTQYF	1
CASSDSVASPLHF	1
CASSDSAGGKNIQYF	1
CASSDSTSGRGPDTQYF	1
CASSDSTSGASEQFF	1
CASSDSSGDGNEQFF	1
CASSDSRPAGGLDEQFF	1
CASSDSRKREGRDTQYF	1
CASSDSNAGVGKNNEQFF	1
CASSDSNTGELFF	1
CASSDSAGGPDTQYF	1
CASSDYLGFEQFF	1
CASSDYYEQYF	1
CASSDYRVEQFF	1
CASSDYRGSYEQYF	1
CASSDLGLNTGELFF	1
CASSDLLAGSYEQYF	1
CASSDPVPYTEAFF	1
CASSDPPASGSDPSTDTQYF	1
CASSDPPGHTNYGYTF	1
CASSDPGTGGPNSPLHF	1
CASSDPRNGGLTEAFF	1
CASSDPRSGSPYNEQFF	1
CASSDPGNNEQFF	1
CASSDRGAAPYEQYF	1
CASSDRAQNSYEQYF	1
CASSDRDRGETQYF	1
CASSDRLGESYNEQFF	1
CASSDQGRGSYNEQFF	1
CASSDVGGLRGYTF	1
CASSDVGSGLVNEQFF	1
CASSDVAGTSGNEQFF	1
CASSDALNNEQFF	1
CASSDGAGTGELFF	1
CASSDGTIETQYF	1
CASSDGRVGTDTQYF	1
CASSDGREGRYEQFF	1
CASSDGDRYYNEQFF	1
CASSDGTRYEQYF	1
CASSDGTGDTGELFF	1
CASSDGTRSTDTQYF	1
CASSDGTGAGELFF	1
CASSDGTNTGELFF	1
CASSDGSKQGRSVGYEQYF	1
CASSDDGVISHEQYF	1
CASSDEWGARVANNEQFF	1
CASSDIAGGQGADTQYF	1
CASSDTREGLDEQFF	1
CASSDTASGSYDEQFF	1
CASSDTGRAGELFF	1
CASSDSLGQGINEQFF	1
CASSDSPQGYNEQFF	1
CASSDSLSNGYTF	1
CASSDSTSDTQYF	1
CASSDRYTVQPQHF	1
CASSDRQGKAFF	1
CASSDRGLEQFF	1
CASSDRGREQYF	1
CASSDRGQTDTQYF	1
CASSDRGGDTQYF	1
CASSDKRGSTYEQYF	1
CASSDKNTGELFF	1
CASSELVSEQFF	1
CASSECPGQPFQETQYF	1
CASSEWAGGETQYF	1
CASSELAGRTGETQYF	1
CASSELAAAYNEQFF	1
CASSERHGKEKLFF	1
CASSERGGTDTQYF	1
CASSERVGGVYEQYF	1
CASSEVRGRVQPQHF	1
CASSEVDLGAREQYF	1
CASSEVGGDYEQYF	1
CASSEAGYFGEQYF	1
CASSEAGTSYEQYF	1
CASSEAGPSSGANVLTF	1
CASSEGGTEAFF	1
CASSEGRAYEQYF	1
CASSEGPRDEQFF	1
CASSEGWQGSYEQYF	1
CASSEGLLIYNEQFF	1
CASSEGLAGYNEQFF	1
CASSEGEGPNEQFF	1
CASSEGTSGRGNEQFF	1
CASSEGTYEQYF	1
CASSEGTYTEQYF	1
CASSEGTAKNIQYF	1
CASSEGTAAAGELFF	1
CASSEGLAYEQYF	1
CASSEGDTQYF	1
CASSEDPGDTDTQYF	1
CASSEDGAVYNEQFF	1
CASSEDSRGEQYF	1
CASSEDRVYGYTF	1
CASSEDRTRTDTQYF	1
CASSEDRNQETQYF	1
CASSEEYSGANVLTF	1
CASSEELRLAGVKYQQYF	1
CASSEEPTDTGELFF	1
CASSEMPGSTDTQYF	1
CASSEIRLGNEQFF	1
CASSETGHLTSTDTQYF	1
CASSEKIAGPYEQYF	1
CASSEFSETEAFF	1
CASSEFYEQYF	1
CASSEFPQNTIYF	1
CASSEFRGVNTDTQYF	1
CASSEFSGRWNEQYF	1
CASSEFWPTRDSPKAQYF	1
CASSELANSYNEQFF	1
CASSELAEPNEKLFF	1
CASSELGREYSYNEQFF	1
CASSELGDQSSYNEQFF	1
CASSELDSFNEKLFF	1
CASSELIRTYNEQFF	1
CASSELMAGESGETQYF	1
CASSELSGSLPEQYF	1
CASSELPGLGYIQYF	1
CASSELAGDWEF	1
CASSELAGWYDGEETQYF	1
CASSELAGIADTQYF	1
CASSELGGGKLFF	1
CASSELRGRNEQFF	1
CASSESWGMNTGELFF	1
CASSESYLQETQYF	1
CASSESVGTGGSREQFF	1
CASSESSYNEQFF	1
CASSESYEAFF	1
CASSESRNTEAFF	1
CASSESAKVGPSEQYF	1
CASSESYEQYF	1
CASSESQNNEQFF	1
CASSESVTVGPYEQYF	1
CASSESGTQYF	1
CASSESGLAGENEQFF	1
CASSESIIGRVSDTQYF	1
CASSESYWDRTGELFF	1
CASSESAGDTQYF	1
CASSESGGIDGYTF	1
CASSEWLGGQPQHF	1
CASSEWASLEFF	1
CASSEWASQGHGYTF	1
CASSEWARADEQYF	1
CASSEWGSNQPQHF	1
CASSEWGWTGELFF	1
CASSEWTIQETQYF	1
CASSEYLGPTDTQYF	1
CASSEYLAGGRDNEQFF	1
CASSEYSEPYNEQFF	1
CASSEYWTTNTGELFF	1
CASSEYREDTQYF	1
CASSEYVQGRNEQFF	1
CASSEYSSRGVNTEAFF	1
CASSEYSGSSETQYF	1
CASSEYNRVGYTF	1
CASSEYKLAEVERDERYF	1
CASSEYQGVAKNIQYF	1
CASSEYVVMGAPEKLFF	1
CASSELSGGDTQYF	1
CASSELPAGYNEQFF	1
CASSELGGSEAFF	1
CASSELGQGNEAFF	1
CASSELNVSYEQYF	1
CASSELAYTNTGELFF	1
CASSELAGPLDEQFF	1
CASSELAGASTGELFF	1
CASSEPGQGAGELFF	1
CASSEPPNNEQFF	1
CASSEPGSNTEAFF	1
CASSEPGLASDEQFF	1
CASSEPGQGTYNEQFF	1
CASSEPGAYYNEQFF	1
CASSEPSKNSYEQYF	1
CASSEPQGSLEAFF	1
CASSERGREYNEQFF	1
CASSERVRVGTDTQYF	1
CASSERGFGTNEQFF	1
CASSERGVTDTQYF	1
CASSERGPEQYF	1
CASSERDLALYNEQFF	1
CASSERKYNEQFF	1
CASSEHLAGGSEQYF	1
CASSEHGRGRTDTQYF	1
CASSEHRANQPQHF	1
CASSEQGYEQYF	1
CASSEQGFNQPQHF	1
CASSEQGRYGYTF	1
CASSEQGTQPQHF	1
CASSEQGTSTDTQYF	1
CASSEQGSSYNEQFF	1
CASSEQGAQPQHF	1
CASSEQEVYMDEQFF	1
CASSEQIRTYEQYF	1
CASSEQTGGRRDIQYF	1
CASSEVSGIDEQFF	1
CASSEVQEGKNIQYF	1
CASSEVGPGEHEQYF	1
CASSEVSWIGPQHF	1
CASSEVFRGVLLPGYGYTF	1
CASSEVPYEQYF	1
CASSEVVNEQFF	1
CASSEVAGLDEQYF	1
CASSEVGGAYNEQFF	1
CASSEVGNYYEQYF	1
CASSEVVVGDTQYF	1
CASSEVGGRNSPLHF	1
CASSEVMGNQPQHF	1
CASSEAWGGNQPQHF	1
CASSEALNPEYEQYF	1
CASSEARRDSTDTQYF	1
CASSEAAASQETQYF	1
CASSEAAGIIYNEQFF	1
CASSEAGGTKNIQYF	1
CASSEAGNPSGRAGTQYF	1
CASSEASGSRYTQYF	1
CASSEALGRNEQFF	1
CASSEALPERLYNEQFF	1
CASSEAPDSSYEQYF	1
CASSEAAGTPADTQYF	1
CASSEAGGREADTQYF	1
CASSEAGQGSLSIQYF	1
CASSEAGPSNYGYTF	1
CASSEAFIAGGPTGELFF	1
CASSEASRGTSGYTF	1
CASSEASFRGGTGELFF	1
CASSEALLGGGRVYGYTF	1
CASSEALRGTDTQYF	1
CASSEALHGGRASGKYNEQFF	1
CASSEALSITQYF	1
CASSEALSGRVDEQFF	1
CASSEALLAGLETQYF	1
CASSEALGNYGYTF	1
CASSEALGAGELFF	1
CASSEALGGHNSPLHF	1
CASSEARYNEQFF	1
CASSEARSSPYEQYF	1
CASSEARGAISGNTIYF	1
CASSEAGVDQYF	1
CASSEAGFSLHF	1
CASSEAGTSYNEQFF	1
CASSEAGTSGMDEQFF	1
CASSEAIPPPRAYEQYF	1
CASSEAFGAGEFF	1
CASSEAGNYGYTF	1
CASSEADEGNEQFF	1
CASSEGRRAGNTEAFF	1
CASSEGHDTQYF	1
CASSEGYSYEQYF	1
CASSEGQGGFHEQFF	1
CASSEGGYYEQYF	1
CASSEGRGYEQYF	1
CASSEGLAILNEQFF	1
CASSEGWTSADYNEQFF	1
CASSEGLATSTDTQYF	1
CASSEGVWGLAGEETQYF	1
CASSEGATKPHEQYF	1
CASSEGAGDSYEQYF	1
CASSEGDRGSYEQYF	1
CASSEGDRRTDTQYF	1
CASSEGTSGTDTQYF	1
CASSEGTGNQPQHF	1
CASSEGRGLYEQYF	1
CASSEGPQTEAFF	1
CASSEGAEDTQYF	1
CASSEGGLVSYEQYF	1
CASSEGKARGTGELFF	1
CASSEDSPSSYNEQFF	1
CASSEDYRLAGVETQYF	1
CASSEDVGRTEAFF	1
CASSEDYGGSGRTDTQYF	1
CASSEDPRGYEQYF	1
CASSEDRGRDTQYF	1
CASSEDRGSGNEQFF	1
CASSEEPQAGYASYEQYF	1
CASSEETGVVGTQYF	1
CASSEEYSGANVLTF	1
CASSEEYAGNEQFF	1
CASSEEAGSYNEQFF	1
CASSEEGSGSREQFF	1
CASSEIPLSKEISDSPLHF	1
CASSEIGEKLFF	1
CASSEMEGLAGVTQYF	1
CASSEILADNDEQFF	1
CASSEITTGETQYF	1
CASSETLVRSEQFF	1
CASSETQGRVGSPLHF	1
CASSETTGPLYGYTF	1
CASSETGGFSYNEQFF	1
CASSESRLYSEQFF	1
CASSESLAGGLYEQYF	1
CASSESRWGGPYTDTQYF	1
CASSERYNQETQYF	1
CASSERVGNQPQHF	1
CASSERGATEAFF	1
CASSERGTGNTGELFF	1
CASSERISGSNTQYF	1
CASSERNPRGQEVTYEQYF	1
CASSENPMGTQYF	1
CASSEKVEYEQYF	1
CASSEKGQGQETQYF	1
CASSEKTPLTPTNEKLFF	1
CASSILAGAGPDTQYF	1
CASSIRLAGVVYEQYF	1
CASSIRQGGPQPQHF	1
CASSIAGRAGYTF	1
CASSIGTGVSTYEQYF	1
CASSIGQYNEQFF	1
CASSIEVQETQYF	1
CASSISGSTYNEQFF	1
CASSIPGTDTQYF	1
CASSIRGSLFNEQFF	1
CASSIRDNYNEQFF	1
CASSIRTAKGVYEQYF	1
CASSIQAGGPWYEQYF	1
CASSIGEYGTDTQYF	1
CASSIERTTDTQYF	1
CASSITRPPSYEQYF	1
CASSMVGSSTDTQYF	1
CASSMGLAANEQFF	1
CASSMGGQPQHF	1
CASSMGLAGGPGTGELFF	1
CASSMIGTGLVRGGYTF	1
CASSMTPRGSAGELFF	1
CASSMTDTQYF	1
CASSMNSGANVLTF	1
CASSIRDEQFF	1
CASSIQGADNSPLHF	1
CASSIAGGPYEQYF	1
CASSIGQGAYEQYF	1
CASSITSVLYNEQFF	1
CASSINEFNEQFF	1
CASSIKGISYEQYF	1
CASSTLRSGANVLTF	1
CASSTPQEGLGNIQYF	1
CASSTRDRGVSTEKLFF	1
CASSTRTRGGTQYF	1
CASSTVAGRGDTDTQYF	1
CASSTTGSHNEQFF	1
CASSTSGSGTDTQYF	1
CASSTSGRADEQYF	1
CASSTSTDTQYF	1
CASSTLAGPGYNEQFF	1
CASSTLGQGTFYFTEAFF	1
CASSTSDRATNTGELFF	1
CASSTYGNSNNEQFF	1
CASSTYEQYF	1
CASSTLTGQETQYF	1
CASSTLQPGRETQYF	1
CASSTLTGLETQYF	1
CASSTLGAQTYNEQFF	1
CASSTLLAGVADTQYF	1
CASSTLLATHEQYF	1
CASSTLAENGYNEQFF	1
CASSTPTGDTGELFF	1
CASSTPGLHREQYF	1
CASSTPEREGYNEQFF	1
CASSTPQSYNEQFF	1
CASSTPAGYTGELFF	1
CASSTPGDKGYYNEQFF	1
CASSTRLGVAEKLFF	1
CASSTRLDQNIQYF	1
CASSTRDRGYEQYF	1
CASSTRDRGLAGASYAHEQYF	1
CASSTRTSGSPGNEQFF	1
CASSTRTGQTFNVSQPQHF	1
CASSTRLAGGYNEQFF	1
CASSTRGGAFSYNEQFF	1
CASSTRNYGYTF	1
CASSTHGTATDLANEKLFF	1
CASSTVSGRAIQYF	1
CASSTVGQGTDTQYF	1
CASSTGSYEQYF	1
CASSTGTSTDTQYF	1
CASSTGTSGFNEQFF	1
CASSTGTASSYNSPLHF	1
CASSTGTGKGLSGANVLTF	1
CASSTDRVLTDTQYF	1
CASSTTRNTGELFF	1
CASSTRTGGTGELFF	1
CASSTNSNQPQHF	1
CASSTRTEIIYNEQFF	1
CASSTAGWTHNEQFF	1
CASSTGGGSGYTF	1
CASSTDPQGKWETQYF	1
CASSTDTSYEQYF	1
CASSTDRGPNTEAFF	1
CASSTTGGTGELFF	1
CASSTRTDYEQYF	1
CASSTRLVEQFF	1
CASSTYTSGRNEQFF	1
CASSTYEQYF	1
CASSTLDRGWDEQFF	1
CASSTLAGGLDEQFF	1
CASSTHFPPRDYNEQFF	1
CASSTQGTSNNEQFF	1
CASSTQGTDTQYF	1
CASSTQGWNQPQHF	1
CASSTAFSKETQYF	1
CASSTGGLAGGYEQYF	1
CASSTGKGATNEKLFF	1
CASSTGQPGQYF	1
CASSTDRISSYNEQFF	1
CASSTEGYQETQYF	1
CASSSWGLYNEQFF	1
CASSSLGGIGVNEQFF	1
CASSSRSGSSYNEQFF	1
CASSSRKHSGTYEQYF	1
CASSSQGDSFSYEQYF	1
CASSSTGMNTQYF	1
CASSSTTRSQPQHF	1
CASSSTGGYNEQFF	1
CASSSNQRELIGELFF	1
CASSSSDRGPGELFF	1
CASSSLAGGGYNEQFF	1
CASSSGSHTGELFF	1
CASSSGSSYNEQFF	1
CASSSGRSYEQYF	1
CASSSDSSNQPQHF	1
CASSRWTSGSGNEQFF	1
CASSRLAKETQYF	1
CASSRVGGRLYNEQFF	1
CASSRALASGRNRVNEQFF	1
CASSRAGENYGYTF	1
CASSRDWDYEQYF	1
CASSRDVMGEQYF	1
CASSRDRAAGNTIYF	1
CASSREYASYEQYF	1
CASSRTSGSYNEQFF	1
CASSRTSGRAVEQFF	1
CASSRTSGRRINQNIQYF	1
CASSRTSGNTGELFF	1
CASSRTRYNEQFF	1
CASSRTGGDTQYF	1
CASSRTGGGYNEQFF	1
CASSRTGTSYEQYF	1
CASSRPGTYEQYF	1
CASSRHLAGDNEQFF	1
CASSRQGTGQPQHF	1
CASSRQGRSYEQYF	1
CASSRAGWSSEQYF	1
CASSRGQGGYNEQFF	1
CASSRGETQYF	1
CASSRGQGNEQFF	1
CASSRGQTFYYYEQYF	1
CASSREGRQETQYF	1
CASSRTGPGKYNSPLHF	1
CASSRRLAGEETQYF	1
CASSNSVIRDNEQFF	1
CASSNEGDTQYF	1
CASSNTYEQYF	1
CASSNTPSGRADNEQFF	1
CASSNRMGQGGDEQFF	1
CASSNKEAGSTDTQYF	1
CASSNSLAEEKLFF	1
CASSNLRSSGNTIYF	1
CASSNPVREGLYEQYF	1
CASSNPGSGIIFEQFF	1
CASSNRDGGADEQYF	1
CASSNRDRGYEQYF	1
CASSNRDRGQETQYF	1
CASSNRTARGQYF	1
CASSNVAETDTQYF	1
CASSNAGLAGNGAEQFF	1
CASSNEYTSTDTQYF	1
CASSNRGQSFEQYF	1
CASSNRGGRTEAFF	1
CASSKRTSGFTDTQYF	1
CASSKQSGGKETQYF	1
CASSKASGSYEQYF	1
CASSKAPAGEQFF	1
CASSKGGEHNEQFF	1
CASSKGGISSYNEQFF	1
CASSKGLAGFGELFF	1
CASSKGQGAVDEQFF	1
CASSKGQIKGETQYF	1
CASSKTSGRSYEQYF	1
CASSKTVPGTSGAYNEQFF	1
CASSKTATYEQYF	1
CASSKTGATSPLHF	1
CASSKRGNTGELFF	1
CASSKSRTGLTYEQYF	1
CASSKYRDSTYEQYF	1
CASSKQGGDRVWNSYEQYF	1
CASSKAGGPIYNEQFF	1
CASSKAYSDTQYF	1
CASSKGGEQYF	1
CASSKGQGTSPLHF	1
CASSKGQGLHYEQYF	1
CASSKEGRREFGTDTQYF	1
CASSKEGTRSYEQYF	1
CASSKSGLGTDTQYF	1
CASSKSGSSYEQYF	1
CASSFFGQSYNEQFF	1
CASSFFSGNYEQYF	1
CASSFLAGDSYEQYF	1
CASSFSSSGEDEQYF	1
CASSFSPPGRGSSYNEQFF	1
CASSFSVGTSGRGEQFF	1
CASSFSVVSGSYGELFF	1
CASSFSGGNQPQHF	1
CASSFSIGEEGETQYF	1
CASSFSWGAGDRGIDEQFF	1
CASSFSRGSNSPLHF	1
CASSFSRDRNTGELFF	1
CASSFSGTPDYEQYF	1
CASSFSGTGVYEQYF	1
CASSFSGTGINIQYF	1
CASSFSVGSYNEQFF	1
CASSFSIQETQYF	1
CASSFSGSYEQYF	1
CASSFSGAGELFF	1
CASSFSGTGHEQYF	1
CASSFWGAGYEQYF	1
CASSFWNYSNQPQHF	1
CASSFYGGGNTGELFF	1
CASSFYSAETQYF	1
CASSFYGTANTGELFF	1
CASSFYGRGVYNEQFF	1
CASSFYGNYGYTF	1
CASSFLQSPLHF	1
CASSFLAGGGSDTQYF	1
CASSFLTGGEETQYF	1
CASSFLQGGYEQYF	1
CASSFLAANTGELFF	1
CASSFLAGADTQYF	1
CASSFPSSYEQYF	1
CASSFPSTGSSYEQYF	1
CASSFPPGPEQYF	1
CASSFPRTIDTGELFF	1
CASSFPQETQYF	1
CASSFPGAETQYF	1
CASSFPGETQYF	1
CASSFPGEKLFF	1
CASSFPGLNSKNEQFF	1
CASSFPTGTSGPTGELFF	1
CASSFPGGTGELFF	1
CASSFRLGGYNEQFF	1
CASSFRNEQFF	1
CASSFRLAGEAQYF	1
CASSFRGAGANVLTF	1
CASSFRVKLMGPDEQYF	1
CASSFRGSDTQYF	1
CASSFRGLGQETQYF	1
CASSFRGRQTDTQYF	1
CASSFRGGTEAFF	1
CASSFREGRDEQFF	1
CASSFRIRGHEKLFF	1
CASSFHDNEQFF	1
CASSFHEDPETQYF	1
CASSFHRPYEQYF	1
CASSFQRGPSTDTQYF	1
CASSFQGNTEAFF	1
CASSFQTGGQETQYF	1
CASSFQLAGVYEQYF	1
CASSFQVRETQYF	1
CASSFQAGHYEQYF	1
CASSFQGGSSYEQYF	1
CASSFVRQTQYF	1
CASSFVDEQFF	1
CASSFVVQSSYEQYF	1
CASSFVGAKNIQYF	1
CASSFVTGGPYEQFF	1
CASSFVTGAYEQYF	1
CASSFVTSGRGDTQYF	1
CASSFAHSGRAYEQYF	1
CASSFAGGGADTQYF	1
CASSFAGGATDTQYF	1
CASSFADINYGYTF	1
CASSFAGSEQFF	1
CASSFGWGSTDTQYF	1
CASSFGRVPYNEQFF	1
CASSFGGVPYNEQFF	1
CASSFGILSSEQYF	1
CASSFGSVLSDTQYF	1
CASSFGRQETQYF	1
CASSFGRDTTSYEQYF	1
CASSFGLTLYEQYF	1
CASSFGPGETQYF	1
CASSFGRTRTF	1
CASSFGGRASEQYF	1
CASSFGGRAETDTQYF	1
CASSFGRPYEQYF	1
CASSFGNGETQYF	1
CASSFGSPGELFF	1
CASSFGLAGRGEETQYF	1
CASSFGPGQLSYEQYF	1
CASSFGPGLLYTDTQYF	1
CASSFGRWGNEQFF	1
CASSFGAGQPYEQYF	1
CASSFGADEKLFF	1
CASSFGGDEQYF	1
CASSFGGGTDTQYF	1
CASSFGGTGGNEQFF	1
CASSFGGTGYEQYF	1
CASSFGGAASQPQHF	1
CASSFGGGADTQYF	1
CASSFGDRGNTQYF	1
CASSFGTALSTDTQYF	1
CASSFGTGSYEQYF	1
CASSFGTDYEQYF	1
CASSFGSRTGELFF	1
CASSFGLPSYNEQFF	1
CASSFGLGTEQFF	1
CASSFGQGAGEQYF	1
CASSFGGEGRLETQYF	1
CASSFGGLGSYNEQFF	1
CASSFGSGYSYNEQFF	1
CASSFGRGQETQYF	1
CASSFDPGRRNEKLFF	1
CASSFDAFDTQYF	1
CASSFDRRGLDTQYF	1
CASSFDRNTEAFF	1
CASSFEGLTDTQYF	1
CASSFEGTGELFF	1
CASSFEGETQYF	1
CASSFEGKDEKLFF	1
CASSFISSYEQYF	1
CASSFMLSLGF	1
CASSFMQGLSYEQYF	1
CASSFMVDQETQYF	1
CASSFMGNYNEQFF	1
CASSFMGHGVNTEAFF	1
CASSFISQGNEQFF	1
CASSFIRGSRADTQYF	1
CASSFIVGEQYF	1
CASSFTPSSYNEQFF	1
CASSFTQYNTEAFF	1
CASSFTTLNTGELFF	1
CASSFTSGTGELFF	1
CASSFTPAGELFF	1
CASSFTPPDGRSTDTQYF	1
CASSFTGTGTYEQYF	1
CASSFTGTSPYEQYF	1
CASSFTGTGGDTQYF	1
CASSFTGVLRGYGYTF	1
CASSFTTSSEQYF	1
CASSFTLDGEETQYF	1
CASSFTGGAGSRDTQYF	1
CASSFTGGGNIQYF	1
CASSFTGGEETQYF	1
CASSFSFTEETQYF	1
CASSFSDTGELFF	1
CASSFSPQGKETQYF	1
CASSFSHEQFF	1
CASSFSAKQETQYF	1
CASSFSGSSYNEQFF	1
CASSFSGSYNEQFF	1
CASSFSGASYEQYF	1
CASSFSGDYNEQFF	1
CASSFSGSWTGELFF	1
CASSFSGSLNEQYF	1
CASSFSGSPGDTQYF	1
CASSFSGSTDTQYF	1
CASSFSGRAADTQYF	1
CASSFRLAGETQYF	1
CASSFRPTGTGIYEQYF	1
CASSFRQETQYF	1
CASSFRTSGKVSYEQYF	1
CASSFRPLTSGSTDTQYF	1
CASSFRVAGDLSNEQFF	1
CASSFRSTDTQYF	1
CASSFNSPTQYF	1
CASSFNRETQYF	1
CASSFNGRELFF	1
CASSFNTGSSYEQYF	1
CASSFNRNEQFF	1
CASSFNARYEQYF	1
CASSFNGAVYNEQFF	1
CASSFNRGVGTEAFF	1
CASSFKASANTGELFF	1
CASSFFLAGEGNEQFF	1
CASSFFSGVSKNIQYF	1
CASSFFNEQYF	1
CASSFLGRGDGNTIYF	1
CASSFLGGRRYF	1
CASSFLGTKPYEQYF	1
CASSFLDLRTQYF	1
CASSFSGGDTQYF	1
CASSFSSGHIYNEQFF	1
CASSFSNEKLFF	1
CASSFSPGNQPQHF	1
CASSFSHRDVTQYF	1
CASSFSAGDLPGELFF	1
CASSFSGTSNYEQYF	1
CASSFSGTAYNEQFF	1
CASSFSGNEQYF	1
CASSFSLLAGSYNEQFF	1
CASSFSGNEQFF	1
CASSFSTEPTDTQYF	1
CASSFSAGQDTQYF	1
CASSFSGLTYEQYF	1
CASSFSGSSDEKLFF	1
CASSFWLTSGRHNEQFF	1
CASSFWTASYNEQFF	1
CASSFYLSGRGNEQFF	1
CASSFYGTATPETQYF	1
CASSFYGTAPVGEQYF	1
CASSFYGTGGASEQYF	1
CASSFLWTSGSDTQYF	1
CASSFLTPRASGSNNEQFF	1
CASSFLSNTEAFF	1
CASSFLLAGVNYEQYF	1
CASSFLRGGRDEQFF	1
CASSFLGAARRAETQYF	1
CASSFLGTVQETQYF	1
CASSFLGAADTQYF	1
CASSFLTPNRKNIQYF	1
CASSFLLEQYF	1
CASSFLPRYLSTDTQYF	1
CASSFLAGSYNEQFF	1
CASSFPLRSYNEQFF	1
CASSFPSGAAPGELFF	1
CASSFPPGDSYNEQFF	1
CASSFPAGDNEQFF	1
CASSFPIAGSGDNEQFF	1
CASSFPSAGELFF	1
CASSFPSGRLDTGELFF	1
CASSFPSDDTQYF	1
CASSFPLGYEQYF	1
CASSFPPRLAGVSYNEQFF	1
CASSFPPYEQYF	1
CASSFPVEDTIYF	1
CASSFPGGAQYF	1
CASSFPGTGSYEQYF	1
CASSFPGQRLDTQYF	1
CASSFPETSGRDTDTQYF	1
CASSFPESGSYDEQFF	1
CASSFPIAGLGEQYF	1
CASSFPAYQTNGEKLFF	1
CASSFPGQGAPDGYTF	1
CASSFPGTSSFYGYTF	1
CASSFPMNTEAFF	1
CASSFPTSGRPKLYEQYF	1
CASSFPDLDYEQYF	1
CASSFREWELFF	1
CASSFRRNLGDTQYF	1
CASSFRAGASSYNEQFF	1
CASSFRGTDYEQYF	1
CASSFRGSSYNEQFF	1
CASSFRDEQFF	1
CASSFRLTLTGELFF	1
CASSFRGVQAGELFF	1
CASSFRGAEGYTF	1
CASSFRGQGNEQYF	1
CASSFRDRAYEQYF	1
CASSFRTGGYSSYNEQFF	1
CASSFRRITDTQYF	1
CASSFRLSQEQYF	1
CASSFRLAGDVTDTQYF	1
CASSFRRTSGVQETQYF	1
CASSFRQHTDTQYF	1
CASSFRQGSYNEQFF	1
CASSFRGEAGELFF	1
CASSFRELTDTQYF	1
CASSFRSGSSYEQYF	1
CASSFHPGLAANEQFF	1
CASSFHQGAGYNEQFF	1
CASSFQSPLHF	1
CASSFQVGQKGTDTQYF	1
CASSFQGYEQYF	1
CASSFQGRAGMETQYF	1
CASSFQGRKNIQYF	1
CASSFQGREQYF	1
CASSFQGGIGTGELFF	1
CASSFVPSREASTDTQYF	1
CASSFVDSSYNEQFF	1
CASSFVRDGELFF	1
CASSFVFRLGLASYEQYF	1
CASSFVDSGANVLTF	1
CASSFVNARSYNEQFF	1
CASSFARLAGPDEQYF	1
CASSFARGGQTLVHEQYF	1
CASSFAGGSYNSPLHF	1
CASSFAGTGELFF	1
CASSFAPGELFF	1
CASSFGLAGGSLQETQYF	1
CASSFGGGLQETQYF	1
CASSFGGRAYEQYF	1
CASSFGTGVYEQYF	1
CASSFGRGSAWTGELFF	1
CASSFGRGETQYF	1
CASSFGGLAVSTDTQYF	1
CASSFGGTSDNSYEQYF	1
CASSFGGSWTDTQYF	1
CASSFGGKAHEQYF	1
CASSFGTSTGELFF	1
CASSFGRDYEEQYF	1
CASSFGFQGHSYEQYF	1
CASSFGFTNQPQHF	1
CASSFGLIGDYEQYF	1
CASSFGHSNEQFF	1
CASSFGQGATDTQYF	1
CASSFGQTETQYF	1
CASSFGAGVAKNIQYF	1
CASSFGGQYTGELFF	1
CASSFGGGSYEQYF	1
CASSFGGGPGELFF	1
CASSFGDRTNTEAFF	1
CASSFGIGYNEQFF	1
CASSFGTYNNNEQFF	1
CASSFGTSRSYEQYF	1
CASSFGTLLSSGANVLTF	1
CASSFGTRDDTGELFF	1
CASSFGTGVRETQYF	1
CASSFGTGGNSPLHF	1
CASSFGSPNEQFF	1
CASSFGLAGVREQYF	1
CASSFGLAGAKADTQYF	1
CASSFGLAGDEQYF	1
CASSFGPLEYEQFF	1
CASSFGREGNEQFF	1
CASSFGHGPGELFF	1
CASSFGQVVQETQYF	1
CASSFGQGLGETQYF	1
CASSFGQGSYNEQFF	1
CASSFGQEDTEAFF	1
CASSFGQRNTGELFF	1
CASSFGADGYNEQFF	1
CASSFGGSYNEQFF	1
CASSFGGVTYEQYF	1
CASSFGGSGWTDTQYF	1
CASSFGENYEQYF	1
CASSFGIGEQYF	1
CASSFDLGNTEAFF	1
CASSFDGTRDSNYGYTF	1
CASSFDGLASYYNEQFF	1
CASSFDSSTDTQYF	1
CASSFDLEETQYF	1
CASSFDRDGITEAFF	1
CASSFDRDRGIYEQYF	1
CASSFDRLAKNIQYF	1
CASSFDRDYGYTF	1
CASSFDRDQETQYF	1
CASSFDKGLAGGYEQYF	1
CASSFEAGALNEQFF	1
CASSFEGYNEQFF	1
CASSFEIPYNEQFF	1
CASSFELYNEQFF	1
CASSFERVGELFF	1
CASSFEQGATEQYF	1
CASSFIGAGPNTEAFF	1
CASSFMTSGSSYEQYF	1
CASSFIEGGTQYF	1
CASSFTQSHYNEQFF	1
CASSFTSGYQETQYF	1
CASSFTSGPSYEQYF	1
CASSFTSGRANEQFF	1
CASSFTGTSSTYEQYF	1
CASSFTGISYNEQFF	1
CASSFTNEQFF	1
CASSFTGADTQYF	1
CASSFTGQNTYNEQFF	1
CASSFTGGTDTQYF	1
CASSFTGSSTDTQYF	1
CASSFSLAGVFNEQFF	1
CASSFSPNDEQFF	1
CASSFSRQAGELFF	1
CASSFSVTPGEQYF	1
CASSFSGATDTQYF	1
CASSFRQETQYF	1
CASSFRGSGNTEAFF	1
CASSFRGVLTEAFF	1
CASSFRDSSSSPYEQYF	1
CASSFREVQYF	1
CASSFRLAGETQYF	1
CASSFRGGTRTSGNYNEQFF	1
CASSFNSLSLLEQYF	1
CASSFNWDNTEAFF	1
CASSFNYRGTGELFF	1
CASSFNTGELFF	1
CASSFKSRDSPLHF	1
CASSFKGLSYEQYF	1
CASSFKETQYF	1
CASSLFSVGTEAFF	1
CASSLFWGVRADTQYF	1
CASSLFGLYTGELFF	1
CASSLFTDTQYF	1
CASSLLRDRGLKIQETQYF	1
CASSLLVRDYEQYF	1
CASSLLGTSSYNEQFF	1
CASSLLRGSKASIETQYF	1
CASSLLLRTSGQETQYF	1
CASSLLPGDNTGELFF	1
CASSLLVSAIYEQYF	1
CASSLLTDTQYF	1
CASSLSLKPGWFF	1
CASSLSREDTQYF	1
CASSLSLAGGTGELFF	1
CASSLSRGKGTGELFF	1
CASSLSGAPRETQYF	1
CASSLSGIGELFF	1
CASSLSRGDYGYTF	1
CASSLWLAGTGELFF	1
CASSLWPDREAEKLFF	1
CASSLWRESSYNEQFF	1
CASSLWGAGNQPQHF	1
CASSLWDLQWDRNYEQYF	1
CASSLWTSGQETQYF	1
CASSLWTGGHNEKLFF	1
CASSLYPAGIQETQYF	1
CASSLYVQDPYEQYF	1
CASSLYADREMGNTEAFF	1
CASSLYVRRNGQTYEQYF	1
CASSLYGTSGLYEQYF	1
CASSLLPGGTQYF	1
CASSLLQRSTDTQYF	1
CASSLLWSGNTGELFF	1
CASSLLARNTGELFF	1
CASSLLAGAGYEQYF	1
CASSLLGQPNTEAFF	1
CASSLLPRTGGEQYF	1
CASSLLAGADNEQFF	1
CASSLLAGAKGETQYF	1
CASSLLAGGVYNEQFF	1
CASSLPRMFYEQYF	1
CASSLPNTGELFF	1
CASSLPLDRVFETQYF	1
CASSLPPNYGYTF	1
CASSLPAPGPTDTQYF	1
CASSLPAPSYEQYF	1
CASSLPGADRTYEQYF	1
CASSLPGVNEQYF	1
CASSLPSGRAGETQYF	1
CASSLPRTYEQYF	1
CASSLPGVSGANVLTF	1
CASSLRSGRGETQYF	1
CASSLRWGGETQYF	1
CASSLRTGELFF	1
CASSLRRTSGNTIYF	1
CASSLRREPVQETQYF	1
CASSLRRTGVSDTQYF	1
CASSLRGMSTDTQYF	1
CASSLRGTVNTEAFF	1
CASSLRGKFDTQYF	1
CASSLRDLQDNEQFF	1
CASSLREGDTDTQYF	1
CASSLREAYEQYF	1
CASSLRLIAGVNEQFF	1
CASSLRLAGDAEQFF	1
CASSLRRKETQYF	1
CASSLRGSYSSYNEQFF	1
CASSLHQGLTDTQYF	1
CASSLHSSVPGELFF	1
CASSLQPGRVYEQYF	1
CASSLQGLASLAKNIQYF	1
CASSLQGAFLFQETQYF	1
CASSLQVTGLIF	1
CASSLQGVLVQFF	1
CASSLQSGRQETQYF	1
CASSLVLGLTGELFF	1
CASSLVSSVETQYF	1
CASSLVPGDTYEQYF	1
CASSLVGSGSTDTQYF	1
CASSLVSVNTEAFF	1
CASSLVYEQYF	1
CASSLVPSYNEQFF	1
CASSLVPEETQYF	1
CASSLVGLPLYEQYF	1
CASSLVGTMGWYEQYF	1
CASSLVGRAFYEQYF	1
CASSLVGVYGYTF	1
CASSLVGGYNSPLHF	1
CASSLVIGTNDYEQYF	1
CASSLVTTGELFF	1
CASSLVRASDTQYF	1
CASSLVFTQGGTEAFF	1
CASSLVVSGRYEQFF	1
CASSLVALQGQFF	1
CASSLVAQAGGYTF	1
CASSLVAGALGTDTQYF	1
CASSLVADSYYEQYF	1
CASSLVGGAYEQYF	1
CASSLVGSSYNEQFF	1
CASSLVGDRTDTQYF	1
CASSLVDEQFF	1
CASSLVTGVGEQYF	1
CASSLVWDYDTDTQYF	1
CASSLVLAGSETQYF	1
CASSLVAGTYNEQFF	1
CASSLVAGGTDTQYF	1
CASSLVAGGYLYEQYF	1
CASSLVAGVNNEQFF	1
CASSLVGTSAKETQYF	1
CASSLVGLSGYEQYF	1
CASSLVGQNYEQYF	1
CASSLVITPDTQYF	1
CASSLALGRGGGSYEQYF	1
CASSLAASYEQYF	1
CASSLAANTEAFF	1
CASSLAGEGDTQYF	1
CASSLAGALPLKNIQYF	1
CASSLADVWGGGYEQYF	1
CASSLAFGIGDQYF	1
CASSLAFRVPDTQYF	1
CASSLASDRESSYNEQFF	1
CASSLAPSGYNEQFF	1
CASSLAPSDYTF	1
CASSLAGYNEQFF	1
CASSLAGGGQPQHF	1
CASSLATALTYNEQFF	1
CASSLAKQYTGELFF	1
CASSLALAGSGGELFF	1
CASSLALAGDSYEQYF	1
CASSLAVTGELFF	1
CASSLAGGPYEQYF	1
CASSLAGTRVIYEQYF	1
CASSLAGLAGETQYF	1
CASSLAGLAEYEQYF	1
CASSLAGAGDTQYF	1
CASSLAGAETQYF	1
CASSLAGIDEKLFF	1
CASSLAGNEQYF	1
CASSLADEQFF	1
CASSLAEGTGELFF	1
CASSLALAGVNEQFF	1
CASSLAQINEQFF	1
CASSLAGLSSYNEQFF	1
CASSLAGRYQPQHF	1
CASSLAGQETQYF	1
CASSLAGTGGETQYF	1
CASSLAGLARSYNEQFF	1
CASSLGLRETGEQYF	1
CASSLGYEQYF	1
CASSLGLRGLAGESRDTQYF	1
CASSLGLAGPSTDTQYF	1
CASSLGPYEQYF	1
CASSLGPGQSYEQYF	1
CASSLGRGNEQFF	1
CASSLGRGPANTIYF	1
CASSLGQGGDTQYF	1
CASSLGVGDSTDTQYF	1
CASSLGGLAAGNEQFF	1
CASSLGGLAGTDTQYF	1
CASSLGGASYNEQFF	1
CASSLGTFGGHYEQYF	1
CASSLGRADTQYF	1
CASSLGSSYEQYF	1
CASSLGWGSYEQYF	1
CASSLGPSSYNEQFF	1
CASSLGRRREQYF	1
CASSLGRDRGLGEQYF	1
CASSLGATSGPTDTQYF	1
CASSLGGRTDTQYF	1
CASSLGGYSNQPQHF	1
CASSLGGTSAYNEQFF	1
CASSLGGREEFF	1
CASSLGGDEQYF	1
CASSLGTDTQYF	1
CASSLGSGETQYF	1
CASSLGRASSGNIQYF	1
CASSLGREETQYF	1
CASSLGLTSGQQFF	1
CASSLGSRGVNTEAFF	1
CASSLGLAGVQETQYF	1
CASSLGPPKLAGFLREQYF	1
CASSLGRGLVTQYF	1
CASSLGQFNEKLFF	1
CASSLGQSNEKLFF	1
CASSLGQGTYEQYF	1
CASSLGQGRETQYF	1
CASSLGQDYEQYF	1
CASSLGQGGETQYF	1
CASSLGVTGRNEQFF	1
CASSLGAMTVWQFF	1
CASSLGAGQLNTGELFF	1
CASSLGGWELFF	1
CASSLGGETQYF	1
CASSLGGPSYNSPLHF	1
CASSLGGRYSYEQYF	1
CASSLGGPPSSYNEQFF	1
CASSLGGGFSTEAFF	1
CASSLGGGDYEQYF	1
CASSLGDLIQETQYF	1
CASSLGDSTYEQYF	1
CASSLGDRPRYNEQFF	1
CASSLGDRGNFYEQYF	1
CASSLGIENGYTF	1
CASSLGTQVAGELFF	1
CASSLGTSLLDEQFF	1
CASSLGTSGDNEQFF	1
CASSLGTSGRSDTQYF	1
CASSLGTNYEQYF	1
CASSLGTEMNTEAFF	1
CASSLGSGSSTTGELFF	1
CASSLGFSSGVTTDTQYF	1
CASSLGFIDSPLHF	1
CASSLGLQGARMSL	1
CASSLGLFNEQFF	1
CASSLGLQETQYF	1
CASSLGLSYYNEQFF	1
CASSLGLVPDEQFF	1
CASSLGLVNEQFF	1
CASSLGLAGVGGSTDTQYF	1
CASSLGLAGGAPYEQYF	1
CASSLGLAGGPGETQYF	1
CASSLGLADSYEQYF	1
CASSLGLADHTGELFF	1
CASSLGLAEGNEQFF	1
CASSLGLGTSTDTQYF	1
CASSLGRGNEKLFF	1
CASSLGQFYEQYF	1
CASSLGQSNYGYTF	1
CASSLGQGSKNIQYF	1
CASSLGQGIGDEQFF	1
CASSLGQGLSTDTQYF	1
CASSLGVNEQFF	1
CASSLGVSGEQYF	1
CASSLGVTNYGYTF	1
CASSLGAPASSYEQYF	1
CASSLGGSYNEQFF	1
CASSLGGWADTQYF	1
CASSLGGADTQYF	1
CASSLGGGSYEQYF	1
CASSLGGTSGSVEQFF	1
CASSLGELAGAGETQYF	1
CASSLGIVGGTYNEQFF	1
CASSLGNDGGYQETQYF	1
CASSLDLDRGHTGELFF	1
CASSLDWETQYF	1
CASSLDYTGELFF	1
CASSLDLNNEKLFF	1
CASSLDGTSYNEQFF	1
CASSLDSGRARPYNEQFF	1
CASSLDSGRGYEQFF	1
CASSLDRRGFNEQFF	1
CASSLDRTGVPYNEQFF	1
CASSLDWGEQFF	1
CASSLDPYNEQFF	1
CASSLDHSYNEQFF	1
CASSLDQGVIWTEAFF	1
CASSLDQEQGRETQYF	1
CASSLDVADTQYF	1
CASSLDGKTITYEQYF	1
CASSLDGYEQYF	1
CASSLDDPYEQYF	1
CASSLDESAVSDTQYF	1
CASSLDTGPGEQYF	1
CASSLDSPSSYEQYF	1
CASSLDSVELFF	1
CASSLDRGRNDGNEQFF	1
CASSLDRGIYNEQFF	1
CASSLDRESDTQYF	1
CASSLDRRGTYEQYF	1
CASSLEYGEETQYF	1
CASSLERDSYNEQFF	1
CASSLEREPSYEQYF	1
CASSLEQGAYEQYF	1
CASSLEVYTGELFF	1
CASSLEAGITEAFF	1
CASSLEGRLGEKLFF	1
CASSLEGLTPYEQYF	1
CASSLEGHGDQYF	1
CASSLEGRATYEQYF	1
CASSLEGREKNNEQFF	1
CASSLEGNTEAFF	1
CASSLEGLGFVDEQFF	1
CASSLEDREWYTQYF	1
CASSLEIGLSSYEQYF	1
CASSLETGELFF	1
CASSLETGQETQYF	1
CASSLESQETQYF	1
CASSLERIVYEQYF	1
CASSLEFASYNEQFF	1
CASSLEWGGELFF	1
CASSLELAGLQYF	1
CASSLEQAPSGYTF	1
CASSLEQGSYNEQFF	1
CASSLEQGGTTDTQYF	1
CASSLEQEETQYF	1
CASSLEQTQYF	1
CASSLEGNEQYF	1
CASSLEGRSNQPQHF	1
CASSLEGAQETQYF	1
CASSLEGNQPQHF	1
CASSLEIRVKETQYF	1
CASSLERTSPFF	1
CASSLIPGTGLTGELFF	1
CASSLIVETQYF	1
CASSLIQTSVSYNEQFF	1
CASSLIGLADNEQFF	1
CASSLIGNGNEQFF	1
CASSLITGELFF	1
CASSLMWKVSTDTQYF	1
CASSLISNYGYTF	1
CASSLIDGNEQFF	1
CASSLTGQYTDTQYF	1
CASSLTSAYTGELFF	1
CASSLTSGSSGANVLTF	1
CASSLTSGRLRDIQYF	1
CASSLTSGGSYEQYF	1
CASSLTGTSTYEQYF	1
CASSLTSGGLYEQYF	1
CASSLTGDSHTRMEQYF	1
CASSLTESKSYEQYS	1
CASSLTQYGYTF	1
CASSLTVRDEQFF	1
CASSLTAGGPGDTQYF	1
CASSLTANTGELFF	1
CASSLTGGTYEQYF	1
CASSLTGGGTEAFF	1
CASSLTGGEETQYF	1
CASSLTGGNTGELFF	1
CASSLTRTPRRKAFF	1
CASSLSGGLTETQYF	1
CASSLSPSGSGREQYF	1
CASSLSGSYNEQFF	1
CASSLSGRGYEQYF	1
CASSLSGSSYNEQFF	1
CASSLRSGRTDTQYF	1
CASSLRWSGMNTGELFF	1
CASSLRPLSYNEQFF	1
CASSLRVYKETQYF	1
CASSLRATGELFF	1
CASSLRGPHGYTF	1
CASSLRGQIAGELFF	1
CASSLRGSYNEQFF	1
CASSLRDAEAFF	1
CASSLREGTEAFF	1
CASSLRTGLGSPLHF	1
CASSLRPGQGYTDSQYF	1
CASSLRAEPGQNFDEQYF	1
CASSLRGEGYEQYF	1
CASSLRISGTGALYNEQFF	1
CASSLNIGLLETQYF	1
CASSLNRYYEQYF	1
CASSLNRGRTDTQYF	1
CASSLKREAYEQYF	1
CASSLKGPAGVPYNEQFF	1
CASSLKETQYF	1
CASSLFSRTSGANVLTF	1
CASSLFSAGGRVWDNEQFF	1
CASSLFYGEQFF	1
CASSLFYGGISSYEQYF	1
CASSLFLGRNTDTQYF	1
CASSLFLNQETQYF	1
CASSLFPGTRSGNTIYF	1
CASSLFPSRRSYEQYF	1
CASSLFAPYEQYF	1
CASSLFGGTSYTQYF	1
CASSLFGRGGEQYF	1
CASSLFGLSNTGELFF	1
CASSLFGQIDEAFF	1
CASSLFTSGVNNEQFF	1
CASSLFSGSNEQFF	1
CASSLFSGSYNEQFF	1
CASSLFPGNTEAFF	1
CASSLFQGANEKLFF	1
CASSLFVAGLYNEQFF	1
CASSLFAYEQYF	1
CASSLFGGHVDEQFF	1
CASSLFGNEQFF	1
CASSLFSGEYQETQYF	1
CASSLLSSRDSSSYEQYF	1
CASSLLSGIQPNNEQFF	1
CASSLLREGGTQYF	1
CASSLLQGQNQETQYF	1
CASSLLAGDYEQYF	1
CASSLLGGNIQYF	1
CASSLLGAGNEKLFF	1
CASSLLGTSGSNTDTQYF	1
CASSLLGLAGVGEQYF	1
CASSLLREEQFF	1
CASSLLRGTVPYEQYF	1
CASSLLSGGPYNEQFF	1
CASSLLSTSGRVNEQFF	1
CASSLLSTGVFTDTQYF	1
CASSLLLAKNIQYF	1
CASSLLPTQETQYF	1
CASSLLAGGYNEQFF	1
CASSLLSQETQYF	1
CASSLSFGPPAKNIQYF	1
CASSLSLGRAGVNTGELFF	1
CASSLSSTGELFF	1
CASSLSYGQANTGELFF	1
CASSLSLARSYNEQFF	1
CASSLSRRLPVTYNEQFF	1
CASSLSGQGTLNEQFF	1
CASSLSSGRYNEQFF	1
CASSLSRLQGATGELFF	1
CASSLSRTSNEQFF	1
CASSLSSGTKDQPQHF	1
CASSLSLDVATNEKLFF	1
CASSLSPRIATNEKLFF	1
CASSLSPEVDEQFF	1
CASSLSPDTQYF	1
CASSLSRDRRAYEQYF	1
CASSLSGGETQYF	1
CASSLSGLGETQYF	1
CASSLSGLNQPQHF	1
CASSLSRTGGNEQFF	1
CASSLSPLASYEQYF	1
CASSLSRDNEQFF	1
CASSLSHEQFF	1
CASSLSAYTDTQYF	1
CASSLSGPSYEQYF	1
CASSLSGGNTEAFF	1
CASSLSREVHEQYF	1
CASSLSRQGELFF	1
CASSLSQDRHPEAFF	1
CASSLSGGTGFYEQYF	1
CASSLSGRNYGYTF	1
CASSLSGSTDTQYF	1
CASSLSEAYEQYF	1
CASSLSTVRENEQFF	1
CASSLSTRIAEQFF	1
CASSLWWNTEAFF	1
CASSLWYEREQYF	1
CASSLWPAGDTQYF	1
CASSLWPGPRSNQPQHF	1
CASSLWRAEGLFF	1
CASSLWVGNEQFF	1
CASSLWVRDYEQYF	1
CASSLWAGETYEQYF	1
CASSLWAEETQYF	1
CASSLWGDANTEAFF	1
CASSLWGSGDEQYF	1
CASSLWGLNEQFF	1
CASSLWGLAGFNEQFF	1
CASSLWGTGSNEQFF	1
CASSLWGGGLYEQYF	1
CASSLWDSTDTQYF	1
CASSLWDDGTQYF	1
CASSLWDEQYF	1
CASSLWIGRNNEQFF	1
CASSLWTYSAYEQYF	1
CASSLWTGPQETQYF	1
CASSLWRFSNEQFF	1
CASSLWKDRRYQETQYF	1
CASSLYSAESKNIQYF	1
CASSLYRADTQYF	1
CASSLYGPTTLNEQFF	1
CASSLYGITRTSSYEQYF	1
CASSLYGGTGELFF	1
CASSLYGTAYNEQFF	1
CASSLYIATDTQYF	1
CASSLYTSGNTGELFF	1
CASSLYRGSSYNEQFF	1
CASSLYLAESYEQYF	1
CASSLYPPQGIGNSPLHF	1
CASSLYPGGTRNNEQFF	1
CASSLYQNTEAFF	1
CASSLYGGWEETQYF	1
CASSLYGRNTEAFF	1
CASSLYGIRDEQFF	1
CASSLYRVFSYEQYF	1
CASSLYRGFSYNEQFF	1
CASSLYRGLNTEAFF	1
CASSLLYRTGNPYEQYF	1
CASSLLLGGDEQFF	1
CASSLLAGNNEQFF	1
CASSLLAARGRVNTGELFF	1
CASSLLGSSYEQYF	1
CASSLLGLSNEQFF	1
CASSLLGTVSSYNEQFF	1
CASSLLESGGAFF	1
CASSLLLRGANEQFF	1
CASSLLSLADTQYF	1
CASSLLLSGELFF	1
CASSLLPLAEQYF	1
CASSLLPDREAFF	1
CASSLLRLRGPYNEQFF	1
CASSLLAGSYNEQFF	1
CASSLLAGDTGELFF	1
CASSLLDSGIVQYF	1
CASSLLSTDTQYF	1
CASSLLQVAPQYF	1
CASSLLVLGDRETQYF	1
CASSLLGQRPLAKNIQYF	1
CASSLLGGGADTQYF	1
CASSLLGRETDTQYF	1
CASSLLGQNTGELFF	1
CASSLLGQGVSGELFF	1
CASSLLEGPSYEQYF	1
CASSLLTSGKYEQYF	1
CASSLLREMNEQFF	1
CASSLLNGNEQFF	1
CASSLLAETGELFF	1
CASSLLAVNEQFF	1
CASSLLAGAGELFF	1
CASSLLAGTNTGELFF	1
CASSLLAGGTDTQYF	1
CASSLLAGGGISTDTQYF	1
CASSLLAEGVVTQYF	1
CASSLLGTQFF	1
CASSLLGGSYNEQFF	1
CASSLLMKVDNEQFF	1
CASSLLREGETQYF	1
CASSLPPSSEQYF	1
CASSLPRGGLAKNIQYF	1
CASSLPQGRAKNIQYF	1
CASSLPGITDTQYF	1
CASSLPGGETQYF	1
CASSLPSGGSSSYNEQFF	1
CASSLPLGGFNTGELFF	1
CASSLPLGGTGELFF	1
CASSLPLAEFTGELFF	1
CASSLPPLSHEQYF	1
CASSLPPGQGDYEQYF	1
CASSLPRGGSGHNEQFF	1
CASSLPRQLGEQFF	1
CASSLPAADSYNEQFF	1
CASSLPGGKNTGELFF	1
CASSLPGRDNEQFF	1
CASSLPGYEQYF	1
CASSLPESWSEQYF	1
CASSLPFEAFF	1
CASSLPAGGGTGELFF	1
CASSLPGQRDTQYF	1
CASSLPGGPYEQYF	1
CASSLPGLAVTNYEQYF	1
CASSLPGLAGFYNEQFF	1
CASSLPTGHAFSGSYNEQFF	1
CASSLPPGAVKPRRNEQYF	1
CASSLPRLAGINYEQYF	1
CASSLPNHRGQTYEQYF	1
CASSLRSLPEQFF	1
CASSLRGLGTGELFF	1
CASSLRTYNEQFF	1
CASSLRWQSTQYF	1
CASSLRLMNTEAFF	1
CASSLRQTFSGSANEQFF	1
CASSLRVSGREKDEQYF	1
CASSLRGLAGVYAGELFF	1
CASSLRGLDSYEQYF	1
CASSLRGTSAPGGYNEQFF	1
CASSLRNPEDTQYF	1
CASSLRFLPNTIYF	1
CASSLRLNRLITYNEQFF	1
CASSLRSTKGGYTF	1
CASSLRPLYSNQPQHF	1
CASSLRRQPNTEAFF	1
CASSLRRGTYNEQFF	1
CASSLRREPQETQYF	1
CASSLRVGATTDTQYF	1
CASSLRAGELFF	1
CASSLRAGTNTGELFF	1
CASSLRGPGNTIYF	1
CASSLRGPYEQYF	1
CASSLRGADTQYF	1
CASSLRGEPRDYMNTEAFF	1
CASSLRGRANNEQFF	1
CASSLRDSRNEQFF	1
CASSLRDRAEQYF	1
CASSLRMNTEAFF	1
CASSLRTGPYEQYF	1
CASSLRRRNEQYF	1
CASSLRSSVEQFF	1
CASSLRLAGTNEQFF	1
CASSLRLATDQETQYF	1
CASSLRQGSYNEQFF	1
CASSLRQGTEAFF	1
CASSLRQGYEQFF	1
CASSLRQGARDEQYF	1
CASSLRGQGKETQYF	1
CASSLRDTQYF	1
CASSLHSGFYNEQFF	1
CASSLHSGNTEAFF	1
CASSLHRGTATEAFF	1
CASSLQPSGRAREQFF	1
CASSLQRERETQYF	1
CASSLQVRTEAFF	1
CASSLQATSGRVSVETQYF	1
CASSLQGSDHEQYF	1
CASSLQGSGRAVLGNEQFF	1
CASSLQGKDTEAFF	1
CASSLQGWGTGELFF	1
CASSLQGVRNTEAFF	1
CASSLQGVDEQFF	1
CASSLQGAHQPQHF	1
CASSLQGGTSTDTQYF	1
CASSLQGNGELFF	1
CASSLQGKRDYEQYF	1
CASSLQGWYQETQYF	1
CASSLQGPYNEQFF	1
CASSLQGDYSGELFF	1
CASSLQEGYQETQYF	1
CASSLQEYYGYTF	1
CASSLQSYEQYF	1
CASSLQLDQPQHF	1
CASSLQQVPNTEAFF	1
CASSLQGYNEQFF	1
CASSLQGTSGTLTSGDTQYF	1
CASSLQGQATYEQYF	1
CASSLQTGVAKNIQYF	1
CASSLQTGVYETQYF	1
CASSLQNNYGYTF	1
CASSLVFGSGNTIYF	1
CASSLVFPERTKGAYNEQFF	1
CASSLVLLKQETQYF	1
CASSLVLAGRVNYEQYF	1
CASSLVLTSLSKDTQYF	1
CASSLVSSGSNQPQHF	1
CASSLVSREQFF	1
CASSLVSRQESSYEQYF	1
CASSLVWWQSNVYEQYF	1
CASSLVWDREYNEQFF	1
CASSLVLADTQYF	1
CASSLVLGPTITDTQYF	1
CASSLVLAGGTETQYF	1
CASSLVPRGNEQFF	1
CASSLVPIYEQYF	1
CASSLVPVFPYNEQFF	1
CASSLVPGTYNEQFF	1
CASSLVRGSQFF	1
CASSLVREGGLGGELFF	1
CASSLVHEETQYF	1
CASSLVQYVEYNEQFF	1
CASSLVVGEITYEQYF	1
CASSLVAGWRTSGRSTDTQYF	1
CASSLVAGYSSGWQYEQYF	1
CASSLVAGGSEDTQYF	1
CASSLVAGLTSYEQYF	1
CASSLVGSYEQYF	1
CASSLVGNYEQYF	1
CASSLVGSRQETQYF	1
CASSLVGVSYEQYF	1
CASSLVGVDEQYF	1
CASSLVGGAYTGELFF	1
CASSLVGETQYF	1
CASSLVGTSGILVEQYF	1
CASSLVGTEPKLNTDTQYF	1
CASSLVGLAGHEQYF	1
CASSLVGQLTGNTIYF	1
CASSLVGGTLGGEQFF	1
CASSLVGGTPTDTQYF	1
CASSLVDREQFF	1
CASSLVDNEQFF	1
CASSLVERSGFSYEQYF	1
CASSLVIGQGRQYF	1
CASSLVTYEQFF	1
CASSLVTSPKYIQYF	1
CASSLVTGYTF	1
CASSLVTGDYEQYF	1
CASSLVTMIDRESNQPQHF	1
CASSLVTTTDYEQYF	1
CASSLVTGGETQYF	1
CASSLVSGRYEQYF	1
CASSLVSGRSEQYF	1
CASSLVRQGAAEAFF	1
CASSLVRGKGNEQFF	1
CASSLVLPKDTQYF	1
CASSLVLREGLQFF	1
CASSLVLYGTGYEQYF	1
CASSLVSGVWDEQFF	1
CASSLVSPEGNEQFF	1
CASSLVSSVVETQYF	1
CASSLVWGGRSSYEQYF	1
CASSLVWGQLETQYF	1
CASSLVWGLAGGKQFF	1
CASSLVLRGTQYF	1
CASSLVLSRGETQYF	1
CASSLVLADTQYF	1
CASSLVPYEQYF	1
CASSLVPYMNTEAFF	1
CASSLVPLEPYEQYF	1
CASSLVPQAEGGELFF	1
CASSLVPDRGQPQHF	1
CASSLVPGLDYNEQFF	1
CASSLVPTMNNEQFF	1
CASSLVPFRDRGYNEQFF	1
CASSLVPLALRRAATYEQYF	1
CASSLVRRDGGKTDTQYF	1
CASSLVRTSGRTDTQYF	1
CASSLVRGADTQYF	1
CASSLVHLSGRPSYNEQFF	1
CASSLVQGNEKLFF	1
CASSLVQGGQYF	1
CASSLVQGETQYF	1
CASSLVVALGGYTF	1
CASSLVVTGGPPSTDTQYF	1
CASSLVVGGETQYF	1
CASSLVALDQYF	1
CASSLVAWSNEQFF	1
CASSLVADNEQFF	1
CASSLVAGNTIYF	1
CASSLVAAGRSSYEQYF	1
CASSLVGSYNEQFF	1
CASSLVGPAGVLNTQYF	1
CASSLVGQRYGYTF	1
CASSLVGVAGGLYNEQFF	1
CASSLVGAGLGSYNEQFF	1
CASSLVGGIQETQYF	1
CASSLVGNSPNQPQHF	1
CASSLVGVEQFF	1
CASSLVGAGVRSTQYF	1
CASSLVGGPYEQYF	1
CASSLVGGDYGYTF	1
CASSLVGDQEQYF	1
CASSLVGDSYEQYF	1
CASSLVGETYEQYF	1
CASSLVGTHNEQFF	1
CASSLVGTGDGETQYF	1
CASSLVGFGTGELFF	1
CASSLVGSQETQYF	1
CASSLVDTRSYNEQFF	1
CASSLVEENTEAFF	1
CASSLVTRRVGLAASLYNEQFF	1
CASSLVTSGHTDTQYF	1
CASSLVNSPSYEQYF	1
CASSLVFSGGYNEQFF	1
CASSLVFGREQYF	1
CASSLVLQGAGNQPQHF	1
CASSLVLAGLTGELFF	1
CASSLVSSGSVGETQYF	1
CASSLVSGGRNQPQHF	1
CASSLVWTGSNEQFF	1
CASSLVPVRTVQETQYF	1
CASSLVPGNQPQHF	1
CASSLVQLSTDTQYF	1
CASSLVQGPGGNQETQYF	1
CASSLVVRGRRYNEQFF	1
CASSLVVVGSYNEQFF	1
CASSLVVGSNEQYF	1
CASSLVVAGEQYF	1
CASSLVVGGYNEQFF	1
CASSLVASYEQYF	1
CASSLVASGFPYEQYF	1
CASSLVASGRPGEQYF	1
CASSLVANVGGLDGYTF	1
CASSLVAGTGVGNTIYF	1
CASSLVASSYEQYF	1
CASSLVAATDTQYF	1
CASSLVAGAEQFF	1
CASSLVGVPSNEQFF	1
CASSLVGSAYNEQFF	1
CASSLVGYEQYF	1
CASSLVGPSNTGELFF	1
CASSLVGWRSSYNEQFF	1
CASSLVGHEQYF	1
CASSLVGADTQYF	1
CASSLVGGTEAFF	1
CASSLVGGGGEQYF	1
CASSLVGGLGLEQFF	1
CASSLVGGREKLFF	1
CASSLVGDNSYNEQFF	1
CASSLVGETQYF	1
CASSLVGTSGKYYEQYF	1
CASSLVGRAYEQYF	1
CASSLVGVEETQYF	1
CASSLVDRLDYNEQFF	1
CASSLVERTEQYF	1
CASSLVEGGTGELFF	1
CASSLVIPGELFF	1
CASSLVMFLGQSNSYNEQFF	1
CASSLVTYEQYF	1
CASSLVTARSETQYF	1
CASSLVSSSYEQYF	1
CASSLVKGPYNEQFF	1
CASSLVLAQSYEQYF	1
CASSLVSSYNEQFF	1
CASSLVSPGLVLQETQYF	1
CASSLVSPGAPDTQYF	1
CASSLVSVAQQFF	1
CASSLVSATVNTEAFF	1
CASSLVSAGDYNEQFF	1
CASSLVWRATDTQYF	1
CASSLVWEGLLETQYF	1
CASSLVYTRSGTQYF	1
CASSLVLNTYNYEQFF	1
CASSLVLANTGELFF	1
CASSLVLAKNEQFF	1
CASSLVPPLAGLAKNIQYF	1
CASSLVPGMGEKLFF	1
CASSLVRTGDTGELFF	1
CASSLVRGTPTGRNQPQHF	1
CASSLVQADEQYF	1
CASSLVQGFEQYF	1
CASSLVANNEQFF	1
CASSLVALNTGELFF	1
CASSLVASDEQFF	1
CASSLVAGGVDIQYF	1
CASSLVAGSTDTQYF	1
CASSLVAGVVNEQFF	1
CASSLVAGVDTQYF	1
CASSLVAGDPYEQYF	1
CASSLVATSGRSTDTQYF	1
CASSLVATRGNEQFF	1
CASSLVATGEQFF	1
CASSLVASSYEQYF	1
CASSLVAGFSNQPQHF	1
CASSLVGLFQETQYF	1
CASSLVGSLNQPQHF	1
CASSLVGLDEQYF	1
CASSLVGRPQYF	1
CASSLVGAAYNEQFF	1
CASSLVGGAYNSPLHF	1
CASSLVGGDYLIYEQYF	1
CASSLVGGSGGSDEQFF	1
CASSLVGTASEQYF	1
CASSLVGTRGPYEQYF	1
CASSLVGKLYTDTQYF	1
CASSLVGLAGVGQETQYF	1
CASSLVGQGTYGYTF	1
CASSLVGGAYNEQFF	1
CASSLVGGGASEQYF	1
CASSLVGGTGGTDTQYF	1
CASSLVDSPYNEQFF	1
CASSLVIAGGNNEQFF	1
CASSLVMGARQETQYF	1
CASSLVIVDQETQYF	1
CASSLVTGGHGELFF	1
CASSLVTGSNTGELFF	1
CASSLVSANYNEQFF	1
CASSLVRTVTEAFF	1
CASSLVNTAGQSNEKLFF	1
CASSLVNNMYEQYF	1
CASSLAFGTSIPTEQFF	1
CASSLASRVGGGPYEQYF	1
CASSLASRGDTEAFF	1
CASSLAWRESGEQYF	1
CASSLALSYEQYF	1
CASSLALGTPSYEQYF	1
CASSLALNTEAFF	1
CASSLAPRGGSEAFF	1
CASSLAPGTSGNEQFF	1
CASSLAPGNYGYTF	1
CASSLAPGPKYF	1
CASSLAPYESSYNEQFF	1
CASSLARVENIQYF	1
CASSLAQSRFQETQYF	1
CASSLAQVLGQPQHF	1
CASSLAVGSGQPQHF	1
CASSLAAKETQYF	1
CASSLAGPLAGSYEQYF	1
CASSLAGKNTEAFF	1
CASSLAGGAKNYGYTF	1
CASSLAGGQGGNTGELFF	1
CASSLADGLSGRAGTDTQYF	1
CASSLAEGQGGETQYF	1
CASSLAMTGNEKLFF	1
CASSLAIAESYEQYF	1
CASSLATGLAYEQYF	1
CASSLASGVYEQYF	1
CASSLASGITYEQYF	1
CASSLASGSNEQFF	1
CASSLASGRWTDTQYF	1
CASSLASGRLFSYEQYF	1
CASSLASGRGYNEQFF	1
CASSLASGNYEQYF	1
CASSLASTGGYEQYF	1
CASSLARDGELFF	1
CASSLARRGTDTQYF	1
CASSLALGSQETQYF	1
CASSLALELFF	1
CASSLALYNEQFF	1
CASSLALEGIDEQYF	1
CASSLASGMNTEAFF	1
CASSLAWEEREKEKLFF	1
CASSLAYRDEQFF	1
CASSLALTGVETQYF	1
CASSLALGNYEQYF	1
CASSLALSSGNTIYF	1
CASSLALNGDGSYEQYF	1
CASSLALLRTGTSGSNEQFF	1
CASSLALGTGEYEQFF	1
CASSLALIPAGGQETQYF	1
CASSLALNAGQAPNYGYTF	1
CASSLAPFTGRSTDTQYF	1
CASSLAPVGRSVAFF	1
CASSLAPSGGTSTDTQYF	1
CASSLAPRTGTLREQYF	1
CASSLAPGRATLEAFF	1
CASSLAPTRAYEQYF	1
CASSLAPRGEQYF	1
CASSLAPAQGDGYTF	1
CASSLAPGSEQYF	1
CASSLAPGVEQFF	1
CASSLAPGQNTGELFF	1
CASSLARGGDTQYF	1
CASSLARGIYNEQFF	1
CASSLAHGRNQPQHF	1
CASSLAQGARRYEQYF	1
CASSLAQGLGTGELFF	1
CASSLAQSQFYEQYF	1
CASSLAVEGVETQYF	1
CASSLAASDSYNEQFF	1
CASSLAAAGSYEQYF	1
CASSLAGDRGYEQYF	1
CASSLAGQETQYF	1
CASSLAGEQYF	1
CASSLAGTSGSNEQFF	1
CASSLAGTYNEKLFF	1
CASSLAGSRISYNEQFF	1
CASSLAGLNYEQYF	1
CASSLAGQGATFYNEQFF	1
CASSLADEQFF	1
CASSLAEEETQYF	1
CASSLAIGKGYEQYF	1
CASSLAIGTYEQFF	1
CASSLAIGRSTDTQYF	1
CASSLATSGSFPEAVRVYEQYF	1
CASSLATRGETQYF	1
CASSLASRLAYNEQFF	1
CASSLASRSSYEQYF	1
CASSLARQVTGELFF	1
CASSLAFGVAYNEQFF	1
CASSLALRSSYEQYF	1
CASSLASDYEQYF	1
CASSLASTGTATSYNEQFF	1
CASSLASSSDITYEQFF	1
CASSLASGLLQETQYF	1
CASSLASPAGNEQYF	1
CASSLAWMDTQYF	1
CASSLAWTSGMETQYF	1
CASSLAYEQYF	1
CASSLALASQETQYF	1
CASSLALGGVGFSYNEQFF	1
CASSLALSDNQETQYF	1
CASSLALSYEQYF	1
CASSLALRVAEQFF	1
CASSLALDINYEQYF	1
CASSLALSGLAGDEQFF	1
CASSLALLAGELFF	1
CASSLALQERTDTQYF	1
CASSLALVGGPLYNEQFF	1
CASSLALTDTQYF	1
CASSLAPLDYEQYF	1
CASSLAPRVQETQYF	1
CASSLAPGRTSGRREQYF	1
CASSLAPSDGTGELFF	1
CASSLAPAVSYEQYF	1
CASSLAPGREGRVFAADTQYF	1
CASSLAPTDTEAFF	1
CASSLAPSSYNEQFF	1
CASSLAPRATNEKLFF	1
CASSLAPGVNYGYTF	1
CASSLARVGKETQYF	1
CASSLARATSGGREETQYF	1
CASSLARGPTHYNEQFF	1
CASSLARGGQGWYEQYF	1
CASSLARGSTDTQYF	1
CASSLARMFSYNEQFF	1
CASSLARTSGETQYF	1
CASSLAHPTGGNEQFF	1
CASSLAHRTGRDEQFF	1
CASSLAHVLADFYNEQFF	1
CASSLAQGSFPNIQYF	1
CASSLAQGAYEQYF	1
CASSLAQVGESYNEQFF	1
CASSLAVRAPNEQFF	1
CASSLAVGQGGNIQYF	1
CASSLAVSGRIEQFF	1
CASSLAVQTEAFF	1
CASSLAVTSDTQYF	1
CASSLAVRGETQYF	1
CASSLAVNIQYF	1
CASSLAAGREMTQYF	1
CASSLAASGRETQYF	1
CASSLAASASLYNEQFF	1
CASSLAAPGGSKNIQYF	1
CASSLAARQGTQYF	1
CASSLAATGDTQYF	1
CASSLAATDPYEQYF	1
CASSLAAEYEQYF	1
CASSLAATNLRNEQFF	1
CASSLAAGPYEQYF	1
CASSLAAGNREQYF	1
CASSLAAGKGNQPQHF	1
CASSLAGFNYGYTF	1
CASSLAGRGSDSNQPQHF	1
CASSLAGRTGTKGEQYF	1
CASSLAGWGHGYTF	1
CASSLAGGTSGRERDTQYF	1
CASSLAGDPSTDTQYF	1
CASSLAGRVNYGYTF	1
CASSLAGNRKTYEQYF	1
CASSLAGLSSSYNSPLHF	1
CASSLAGLAPIYNEQFF	1
CASSLAGPGGYTF	1
CASSLAGAYGYTF	1
CASSLAGAPYGYTF	1
CASSLAGGYEQYF	1
CASSLAGDSNAEQFF	1
CASSLAGSEDTQYF	1
CASSLAGNSGNTIYF	1
CASSLAGLNTGELFF	1
CASSLAGLNTGELFF	1
CASSLAGLAGGGYEQYF	1
CASSLAGPYNEQFF	1
CASSLAGPTDTQYF	1
CASSLAGRIPYEQYF	1
CASSLAGHPQGQKNIQYF	1
CASSLAGQVTDTQYF	1
CASSLAGQGELYEQYF	1
CASSLAGQGGTEAFF	1
CASSLAGVVEQFF	1
CASSLAGARYNEQFF	1
CASSLAGAGANVLTF	1
CASSLAGATDTQYF	1
CASSLAGAGGYNEQFF	1
CASSLAGAGNEKLFF	1
CASSLAGGFGELFF	1
CASSLAGGHQFF	1
CASSLAGGHEQYF	1
CASSLAGGPLNEQFF	1
CASSLAGGGNEQFF	1
CASSLAGGIDEQYF	1
CASSLAGGGETQYF	1
CASSLAGTTTDTQYF	1
CASSLADPPSPSGELFF	1
CASSLADPLYEQYF	1
CASSLADRGSYEQYF	1
CASSLAEGQTGIYEQYF	1
CASSLATSRETDTQYF	1
CASSLATGAEAFF	1
CASSLATDTQYF	1
CASSLASGRDNEQFF	1
CASSLASGRALFYEQYF	1
CASSLARGRMDTQYF	1
CASSLARTSGRGHEQYF	1
CASSLARNTDTQYF	1
CASSLARQRLYEQYF	1
CASSLARQGDEQYF	1
CASSLANVQETQYF	1
CASSLANVGFNEQFF	1
CASSLAKIAGGLGDEQFF	1
CASSLALGTKSYNEQFF	1
CASSLAWEHTF	1
CASSLALAGGQETQYF	1
CASSLAPSGSNGELFF	1
CASSLAPTDTQYF	1
CASSLARGRRETQYF	1
CASSLARDRGSSYEQYF	1
CASSLAQGLLYEQYF	1
CASSLAQGASDSPLHF	1
CASSLAQIPGGEQFF	1
CASSLAQRITYNEQFF	1
CASSLAVSNEQFF	1
CASSLAVGEQFF	1
CASSLAVLGSGELFF	1
CASSLAVTTYEQYF	1
CASSLAAGGSYEQYF	1
CASSLAAKETQYF	1
CASSLAGYTGELFF	1
CASSLAGLAGLYNEQFF	1
CASSLAGGDEQYF	1
CASSLAGTGANVLTF	1
CASSLAGGGNQPQHF	1
CASSLAGSEETQYF	1
CASSLAGPFYNEQFF	1
CASSLAGVGYGYTF	1
CASSLAGVGANVLTF	1
CASSLAGAYEQYF	1
CASSLAGGYDNEQFF	1
CASSLAGGVNEQFF	1
CASSLAGGPQETQYF	1
CASSLAGGETQYF	1
CASSLAGEMETQYF	1
CASSLAGNYEQYF	1
CASSLAGQGRAGSPYEQYF	1
CASSLAGQIFTDTQYF	1
CASSLAGAGYNEQFF	1
CASSLAIVSPSNGELFF	1
CASSLATSAYNEQFF	1
CASSLATETQYF	1
CASSLARARTSRSKDTQYF	1
CASSLARGINEQFF	1
CASSLANTIYF	1
CASSLAKGTDTQYF	1
CASSLGFSFGELYQETQYF	1
CASSLGFDEQFF	1
CASSLGFSNYEQFF	1
CASSLGFWDRFTDTQYF	1
CASSLGFLDEGGQPQHF	1
CASSLGSWEGLNTEAFF	1
CASSLGSGLLGETQYF	1
CASSLGWVGELFF	1
CASSLGWDSYF	1
CASSLGWEQYF	1
CASSLGYTGELFF	1
CASSLGLAGGPGETQYF	1
CASSLGLAYNEQFF	1
CASSLGLEVGELFF	1
CASSLGPRESYNEQFF	1
CASSLGPQLARDPDTQYF	1
CASSLGPGPYNEQFF	1
CASSLGPGDLNTEAFF	1
CASSLGRLGPYEQYF	1
CASSLGRGGYEQYF	1
CASSLGRESDTQYF	1
CASSLGRGTGELFF	1
CASSLGHREQYF	1
CASSLGQGLYEQYF	1
CASSLGQGSGNEQFF	1
CASSLGQNEQFF	1
CASSLGQGIAFEQFF	1
CASSLGVSPYEQYF	1
CASSLGVRGYTF	1
CASSLGASASTDTQYF	1
CASSLGAGFGREQFF	1
CASSLGANYGYTF	1
CASSLGAGKGYEQYF	1
CASSLGAGNEQFF	1
CASSLGADTQYF	1
CASSLGGRRFSGANVLTF	1
CASSLGGSSEETQYF	1
CASSLGGGPPYNEQFF	1
CASSLGGGPDTQYF	1
CASSLGGTSGQETQYF	1
CASSLGGTTDTQYF	1
CASSLGGTGVRGHEQYF	1
CASSLGGGSDEQYF	1
CASSLGTTPLYEQYF	1
CASSLGTRDEEFF	1
CASSLGTGWWYEQYF	1
CASSLGSVSGHTQYF	1
CASSLGSGSSHNEQFF	1
CASSLGSGTKAYEQYF	1
CASSLGSGENNEQFF	1
CASSLGRRTGNYGYTF	1
CASSLGFGLQYNEQFF	1
CASSLGFWFEMPAGVPYNEQFF	1
CASSLGFPRGRPHNEQFF	1
CASSLGSSGRAGTQYF	1
CASSLGSSLSAQHF	1
CASSLGSGTQLYNEQFF	1
CASSLGSGPIYNEQFF	1
CASSLGWDSNYGYTF	1
CASSLGYAGGSSYNEQFF	1
CASSLGLSSQETQYF	1
CASSLGLLSPGELFF	1
CASSLGLLADSYNEQFF	1
CASSLGLAGEETQYF	1
CASSLGLIVDTQYF	1
CASSLGPFGGERDYNEQFF	1
CASSLGPYNEQFF	1
CASSLGPVGVQETQYF	1
CASSLGPRVGDYEQYF	1
CASSLGPNEQFF	1
CASSLGPGNSPLHF	1
CASSLGRGEYTDTQYF	1
CASSLGRVNSPLHF	1
CASSLGQASYEQYF	1
CASSLGQKFLHSYNEQFF	1
CASSLGVGQETQYF	1
CASSLGATGEQYF	1
CASSLGAGELFF	1
CASSLGGLGGDTQYF	1
CASSLGGWTEAFF	1
CASSLGGRTDTQYF	1
CASSLGGSYEQYF	1
CASSLGGLAEKQFF	1
CASSLGGASGAEVTGELFF	1
CASSLGGIETQYF	1
CASSLGGTLTWEQYF	1
CASSLGGSQPYEQYF	1
CASSLGGSSYEQYF	1
CASSLGGRAYNEQFF	1
CASSLGGRAYKNIQYF	1
CASSLGGLAWGEQYF	1
CASSLGDTQYF	1
CASSLGDYSREQYF	1
CASSLGDGYTDTQYF	1
CASSLGSEKLFF	1
CASSLGSYEQYF	1
CASSLGREDWTGELFF	1
CASSLGRSSYNSPLHF	1
CASSLGRGTSAGELFF	1
CASSLGFGGRATEQFF	1
CASSLGFQRDGETQYF	1
CASSLGLSYEQYF	1
CASSLGLADQETQYF	1
CASSLGLDTYEQYF	1
CASSLGLTSGYEQYF	1
CASSLGSYNEQFF	1
CASSLGSQDEQFF	1
CASSLGSSANTGELFF	1
CASSLGSGPGQALQPQHF	1
CASSLGSRASTDTQYF	1
CASSLGSVTGELFF	1
CASSLGWGSLDEQFF	1
CASSLGWGKESSGNTIYF	1
CASSLGYSTDTQYF	1
CASSLGLNEQFF	1
CASSLGLGEQETQYF	1
CASSLGLVGYEQYF	1
CASSLGLASYEQYF	1
CASSLGLAGIEQFF	1
CASSLGLAGGDNEQFF	1
CASSLGLAGGDEQYF	1
CASSLGLAGRWGYEQYF	1
CASSLGLTYQETQYF	1
CASSLGPQGSQETQYF	1
CASSLGPRTSGRGNIQYF	1
CASSLGPPQFF	1
CASSLGPGSGYEQYF	1
CASSLGPGLAGDDTDTQYF	1
CASSLGPELARDIQYF	1
CASSLGPNIQYF	1
CASSLGPGTGEKLFF	1
CASSLGRGTGYNEQFF	1
CASSLGRDPTLYEQYF	1
CASSLGRETDTQYF	1
CASSLGREATTDTQYF	1
CASSLGQFYEQYF	1
CASSLGQPNYGYTF	1
CASSLGQGNSYEQYF	1
CASSLGQGNTGELFF	1
CASSLGQGDEQFF	1
CASSLGQTGTDTQYF	1
CASSLGVVPPGYEQYF	1
CASSLGVAGVGQETQYF	1
CASSLGVGSRGQETQYF	1
CASSLGVTGSEQYF	1
CASSLGVSGDPYEQYF	1
CASSLGVSGANVLTF	1
CASSLGVYTGELFF	1
CASSLGVHEQYF	1
CASSLGVTYEQYF	1
CASSLGVSDTQYF	1
CASSLGVQETQYF	1
CASSLGVGVPTDTQYF	1
CASSLGVGLNTEAFF	1
CASSLGAGLPEQFF	1
CASSLGAGDIKADTQYF	1
CASSLGASGHTDTQYF	1
CASSLGAYNEQFF	1
CASSLGAPTYYEQYF	1
CASSLGATTGELFF	1
CASSLGANTEAFF	1
CASSLGAWTVRNYGYTF	1
CASSLGAVGTGYNEQFF	1
CASSLGAEIYEQYF	1
CASSLGGFKNIQYF	1
CASSLGGAKGYEQYF	1
CASSLGGGQFF	1
CASSLGGGTSGRTDTQYF	1
CASSLGGEQFF	1
CASSLGGNSPLHF	1
CASSLGGPWNEQFF	1
CASSLGGGGNEQFF	1
CASSLGGISYNEQFF	1
CASSLGGSETQYF	1
CASSLGGRYTQAANTGELFF	1
CASSLGGVGYGYTF	1
CASSLGGIIREEQFF	1
CASSLGGTSGHNEQFF	1
CASSLGGTGLYEQYF	1
CASSLGGTGTGELFF	1
CASSLGGSYQPQHF	1
CASSLGGLRFYNEQFF	1
CASSLGGLLNTGELFF	1
CASSLGGLAGVETQYF	1
CASSLGGLAGAGEQYF	1
CASSLGGLDYNEQFF	1
CASSLGGQWVQETQYF	1
CASSLGGQGAYEQYF	1
CASSLGGQGITETQYF	1
CASSLGGQPGQYF	1
CASSLGGAPYEQYF	1
CASSLGGGSSYEQYF	1
CASSLGGEGDTQYF	1
CASSLGGETQYF	1
CASSLGDGGVYEQYF	1
CASSLGDPIEQYF	1
CASSLGDRAKNIQYF	1
CASSLGDRGLNEQYF	1
CASSLGDRDAGELFF	1
CASSLGDNEQFF	1
CASSLGEGYEQYF	1
CASSLGEPTDTQYF	1
CASSLGILHEQYF	1
CASSLGIAGGPSIF	1
CASSLGTIGLAAPYEQYF	1
CASSLGTSLYEQYF	1
CASSLGTSVDEQFF	1
CASSLGTSAYEQYF	1
CASSLGTSGSLTQYF	1
CASSLGTSGREETQYF	1
CASSLGTSGRPHYEQYF	1
CASSLGTSGGTDTQYF	1
CASSLGTRRDTQYF	1
CASSLGTYNEQFF	1
CASSLGTQETQYF	1
CASSLGTGGWNEQFF	1
CASSLGTLSYEQYF	1
CASSLGTGFGGYTF	1
CASSLGTGVIYGTEAFF	1
CASSLGTGGVYEQYF	1
CASSLGTDGYTF	1
CASSLGTRLAGDEQYF	1
CASSLGSASPYNEQFF	1
CASSLGSIPDTQYF	1
CASSLGRAEGNEQFF	1
CASSLGRAERTDTQYF	1
CASSLGNRGLPSDTQYF	1
CASSLGKQGASANTGELFF	1
CASSLGKAGPVYNEQFF	1
CASSLGFRDTQYF	1
CASSLGFRVYEQYF	1
CASSLGSRSYEQYF	1
CASSLGSPGGNEQFF	1
CASSLGSRLGYGYTF	1
CASSLGSGPTYEQYF	1
CASSLGSGVDEQYF	1
CASSLGSNIQYF	1
CASSLGWDRGLETQYF	1
CASSLGWTNNEQFF	1
CASSLGWTGSYEQYF	1
CASSLGLGTDTQYF	1
CASSLGLGGSPLHF	1
CASSLGLAVGNEQFF	1
CASSLGLAVSTDTQYF	1
CASSLGLAVQSGYEQYF	1
CASSLGLAATDTQYF	1
CASSLGLAGGDTQYF	1
CASSLGLAGYNEQFF	1
CASSLGLAGPYEQYF	1
CASSLGLAGVVNEQFF	1
CASSLGLAGVVGTDTQYF	1
CASSLGLAGADEQFF	1
CASSLGLATRDTQYF	1
CASSLGLESGYEQYF	1
CASSLGPYQETQYF	1
CASSLGPEAFF	1
CASSLGPTDTQYF	1
CASSLGRHTDTQYF	1
CASSLGRGNEQYF	1
CASSLGRSYEQYF	1
CASSLGRQGVRGNEQFF	1
CASSLGQSNDEQYF	1
CASSLGQGREQYF	1
CASSLGQGPQETQYF	1
CASSLGQGVSYEQYF	1
CASSLGQGVDYEQYF	1
CASSLGQGGYNEQFF	1
CASSLGQGLGEQYF	1
CASSLGQGRRNQPQHF	1
CASSLGQTYEQYF	1
CASSLGVRIFQFF	1
CASSLGVPSLYEQYF	1
CASSLGVLAGDNEQFF	1
CASSLGATSGSLYEQYF	1
CASSLGAFNSPLHF	1
CASSLGASDTQYF	1
CASSLGAGTSGRADTQYF	1
CASSLGAASGRARETQYF	1
CASSLGAGEYYEQYF	1
CASSLGAMETQYF	1
CASSLGATYEQYF	1
CASSLGATNEQFF	1
CASSLGGSNTQYF	1
CASSLGGGRSYEQYF	1
CASSLGGSYREQYF	1
CASSLGGSGTDTQYF	1
CASSLGGFPNQPQHF	1
CASSLGGPGNQPQHF	1
CASSLGGAEGRTGELFF	1
CASSLGGGLNTEAFF	1
CASSLGGGLAGVSNEQFF	1
CASSLGGMPSYEQYF	1
CASSLGGTLRNEQFF	1
CASSLGGNTGELFF	1
CASSLGDTQYF	1
CASSLGDRVNTEAFF	1
CASSLGDRDYEQFF	1
CASSLGEQGVGYTF	1
CASSLGTSGLQNYEQYF	1
CASSLGTGQGGQYF	1
CASSLGTLRETQYF	1
CASSLGTGQEQYF	1
CASSLGTGAYNEQFF	1
CASSLGTGEETQYF	1
CASSLGSHEQYF	1
CASSLGSGRAREQYF	1
CASSLGRPRPSGNNEQFF	1
CASSLGRTEAFF	1
CASSLGNEQYF	1
CASSLGKGAGTYEQYF	1
CASSLDFQGAATQYF	1
CASSLDFAPGELFF	1
CASSLDFRTQETQYF	1
CASSLDLSVYNEQFF	1
CASSLDLGQRGYF	1
CASSLDSEETQYF	1
CASSLDSSGGTQYF	1
CASSLDSASGLDEQFF	1
CASSLDSAGRMNTEAFF	1
CASSLDSGTSGYNEQFF	1
CASSLDWVRGIYEQYF	1
CASSLDWGETQYF	1
CASSLDWGNTIYF	1
CASSLDLITPYQETQYF	1
CASSLDLSGGYEQYF	1
CASSLDLWTVNTGELFF	1
CASSLDLGSYNEQFF	1
CASSLDLAGSSYNEQFF	1
CASSLDLRVGEQYF	1
CASSLDPRELANEQFF	1
CASSLDPQQEDEQFF	1
CASSLDPGPYEQYF	1
CASSLDPGGGNEKLFF	1
CASSLDRVEQYF	1
CASSLDRGRQETQYF	1
CASSLDRLAGSYEQYF	1
CASSLDRDRPPYEQYF	1
CASSLDRTLAQYF	1
CASSLDRSETQYF	1
CASSLDHGGTYNEQFF	1
CASSLDQSTTYNEQFF	1
CASSLDQVYEQYF	1
CASSLDVYEQYF	1
CASSLDASGSRTQYF	1
CASSLDADEQFF	1
CASSLDAEGDTQYF	1
CASSLDAGRETQYF	1
CASSLDGPGTAPGELFF	1
CASSLDGATNEKLFF	1
CASSLDGGLTDTQYF	1
CASSLDGTSAQEQFF	1
CASSLDGTVNTEAFF	1
CASSLDDTPDTQYF	1
CASSLDEGIPYEQYF	1
CASSLDIGRSYEQYF	1
CASSLDITYEQYF	1
CASSLDMTGGPKQFF	1
CASSLDSGYEQYF	1
CASSLDRLGSSYEQYF	1
CASSLDRDTAYPETQYF	1
CASSLDNNGGRAYEQYF	1
CASSLDSRAYEQYF	1
CASSLDSSGRISWDF	1
CASSLDYEQYF	1
CASSLDLAGSSYNEQFF	1
CASSLDPPPGYEQYF	1
CASSLDPRMNTEAFF	1
CASSLDPNQPQHF	1
CASSLDPTGRQETQYF	1
CASSLDPWTIGTGELFF	1
CASSLDPTGFQPQHF	1
CASSLDRGTSGYNEQFF	1
CASSLDRGGPAYEQYF	1
CASSLDRTGQGEQYF	1
CASSLDRQGTDTQYF	1
CASSLDRTGHQHF	1
CASSLDAGTHSGNTIYF	1
CASSLDGRTGTSYPSEQYF	1
CASSLDGNTEAFF	1
CASSLDGYEQYF	1
CASSLDGAGANNEQFF	1
CASSLDGTKNIQYF	1
CASSLDGRTSYEQYF	1
CASSLDGLASDTQYF	1
CASSLDGRGRRMNTEAFF	1
CASSLDDYQAYNEQFF	1
CASSLDEYEQYF	1
CASSLDIADTQYF	1
CASSLDINEQFF	1
CASSLDSYNEQFF	1
CASSLDRATDTQYF	1
CASSLDRGHEQFF	1
CASSLDRGGYGYTF	1
CASSLDRGIYEQYF	1
CASSLDRGLDQPQHF	1
CASSLDRDTYEQYF	1
CASSLDRENYNEQFF	1
CASSLDRRGEQYF	1
CASSLDNEQFF	1
CASSLDKQGRAFF	1
CASSLEFGPYEQYF	1
CASSLELSNQPQHF	1
CASSLELGLAGSYEQYF	1
CASSLESVSGAKNIQYF	1
CASSLESTVRLEQYF	1
CASSLELGAYNEQFF	1
CASSLELGLHNEQFF	1
CASSLELAGVQNIQYF	1
CASSLEPGRTYEQYF	1
CASSLEPGNSYEQYF	1
CASSLEPPLLARSSYEQYF	1
CASSLERRETQYF	1
CASSLERSTDTQYF	1
CASSLERGSFNEQFF	1
CASSLEQVDSYEQYF	1
CASSLEVAGAYEQYF	1
CASSLEVDYEQYF	1
CASSLEVNTEAFF	1
CASSLEVVGDRTYEQYF	1
CASSLEARGAGNNEQFF	1
CASSLEAAETYEQYF	1
CASSLEAGYEQFF	1
CASSLEAGNTEAFF	1
CASSLEAGRSYEQYF	1
CASSLEASRGLTYEQYF	1
CASSLEAGLTDTQYF	1
CASSLEAGAYEQYF	1
CASSLEANYNEQFF	1
CASSLEGSQPQHF	1
CASSLEGRSGNTIYF	1
CASSLEGAQKMFF	1
CASSLEGRVNTEAFF	1
CASSLEGFYYNEQFF	1
CASSLEGVYEQFF	1
CASSLEGGPSNQPQHF	1
CASSLEGGQGFYEQYF	1
CASSLEGTSGGYEQYF	1
CASSLEGTRAYEQYF	1
CASSLEGNSYNSPLHF	1
CASSLEGLAGEQYF	1
CASSLEGRYQPQHF	1
CASSLEGQGEKLFF	1
CASSLEGVAGEVDTQYF	1
CASSLEGAMDEQYF	1
CASSLEGEEETQYF	1
CASSLEDQLNTGELFF	1
CASSLEDPADTDTQYF	1
CASSLEDDTQYF	1
CASSLEEGQGASVTDTQYF	1
CASSLEMDFQETQYF	1
CASSLEMNEQFF	1
CASSLETSGSVSSYEQYF	1
CASSLETLSGRATDTQYF	1
CASSLETGGFGTEAFF	1
CASSLETGPYEQYF	1
CASSLESVSYEQYF	1
CASSLESGELFF	1
CASSLERVSEQYF	1
CASSLERGPSYEQYF	1
CASSLEKRTGEQYF	1
CASSLESRGAEQFF	1
CASSLESPASSYNEQFF	1
CASSLEWTGISEQYF	1
CASSLELSKSYEQYF	1
CASSLELAEASYEQYF	1
CASSLELAGNNEQFF	1
CASSLELAGTGELFF	1
CASSLELGGQDTQYF	1
CASSLELEQETQYF	1
CASSLEPSSYEQYF	1
CASSLEPGANYGYTF	1
CASSLERERELFF	1
CASSLERNQPQHF	1
CASSLEQQGNTIYF	1
CASSLEQGSYEQYF	1
CASSLEQGANEQFF	1
CASSLEQGSVWEKLFF	1
CASSLEQGGNYEQYF	1
CASSLEQGKGRSQFF	1
CASSLEQNYNEQFF	1
CASSLEVTGTSGRNEQFF	1
CASSLEVLTGDNEQFF	1
CASSLEVAASEQFF	1
CASSLEASYNEQFF	1
CASSLEARTETQYF	1
CASSLEAGGMNTEAFF	1
CASSLEATTDTQYF	1
CASSLEGGRGYEQYF	1
CASSLEGETQYF	1
CASSLEGLYNEQFF	1
CASSLEGATGGQFF	1
CASSLEGGGNQPQHF	1
CASSLEDPAYNEQFF	1
CASSLEDRLAGGLYNEQFF	1
CASSLETGLADLTYTQYF	1
CASSLESWYEQYF	1
CASSLESGTSGTPETQYF	1
CASSLESGSIYEQFF	1
CASSLESRAAGELFF	1
CASSLISEQYF	1
CASSLIRGSSSNEQFF	1
CASSLIQGGEQYF	1
CASSLIGNEQFF	1
CASSLIGNRARDTQYF	1
CASSLISGRYYEQYF	1
CASSLIKERGYEQYF	1
CASSLISNSPLHF	1
CASSLISNYGYTF	1
CASSLISETQYF	1
CASSLILAGAQYF	1
CASSLIPSGTSGSYNEQFF	1
CASSLIPAGQGGFSGYTF	1
CASSLIRQSHNEQFF	1
CASSLIRTDTQYF	1
CASSLIRNGGTEAFF	1
CASSLIQGGEQYF	1
CASSLIASGIGEQFF	1
CASSLIGGYGYTF	1
CASSLIGWQARTGELFF	1
CASSLIGLAGGRTGELFF	1
CASSLIGQGGTDTQYF	1
CASSLIGTSGPLPSYNEQFF	1
CASSLIGTVNEKLFF	1
CASSLIGTGDTEAFF	1
CASSLIGNRGDEQFF	1
CASSLMLAGGRQDNEQFF	1
CASSLMWSTEAFF	1
CASSLMLAGVSYNEQFF	1
CASSLMLAEGGDTQYF	1
CASSLMRSSYNEQFF	1
CASSLMVAGAGTQYF	1
CASSLMAPSRDPYNEQFF	1
CASSLMARLSLNEQFF	1
CASSLMAGGRTGELFF	1
CASSLMAGNYEQYF	1
CASSLMGSYNSPLHF	1
CASSLMGGSSYNEQFF	1
CASSLMGNEQFF	1
CASSLMGPGYEQYF	1
CASSLMGGNTDTQYF	1
CASSLMGQGSTDTQYF	1
CASSLMTAYTDTQYF	1
CASSLMSLAGGPKNIQYF	1
CASSLMSGSDEQFF	1
CASSLMRSDQETQYF	1
CASSLMRTRSVNEQFF	1
CASSLMRDRRPNSPLHF	1
CASSLIFYGRGNNEQFF	1
CASSLILADELYEQYF	1
CASSLISSGRNEQFF	1
CASSLIRGSYNSPLHF	1
CASSLIGLAGGIDTQYF	1
CASSLIGFNEQFF	1
CASSLIGSGRPNTEAFF	1
CASSLITGDQAFF	1
CASSLINQPQHF	1
CASSLTWGSSYNEQFF	1
CASSLTGLAGGPVYNEQFF	1
CASSLTSGWNYEQYF	1
CASSLTSGYTYEQYF	1
CASSLTSGLNEQFF	1
CASSLTSGSGTQYF	1
CASSLTRYYEQYF	1
CASSLTFGGSSYEQYF	1
CASSLTPPGLAEYNEQFF	1
CASSLTPYNEQFF	1
CASSLTPVAAQETQYF	1
CASSLTPGLTNTEAFF	1
CASSLTPGAYNEQFF	1
CASSLTRDSQTQYF	1
CASSLTHWPREGQETQYF	1
CASSLTGELFF	1
CASSLTGTSYEQFF	1
CASSLTGTQGAEQYF	1
CASSLTGTGLTDTQYF	1
CASSLTGLPNTDTQYF	1
CASSLTGLAGYNEQFF	1
CASSLTGLAGASFSYEQYF	1
CASSLTETNEQFF	1
CASSLTSGGGWGTDTQYF	1
CASSLTREETQYF	1
CASSLTRTGGREQFF	1
CASSLTSPRRLRETQYF	1
CASSLTSGANSPLHF	1
CASSLTLAGGPGDTQYF	1
CASSLTLAGDVEQYF	1
CASSLTPLAGDNEQFF	1
CASSLTPSGNEQFF	1
CASSLTREGYNEQFF	1
CASSLTHGRTGELFF	1
CASSLTVGSTDTQYF	1
CASSLTVSGTTDTQYF	1
CASSLTAAFGETQYF	1
CASSLTGYEQYF	1
CASSLTGAVHGYTF	1
CASSLTGGGPQETQYF	1
CASSLTGTLLTGELFF	1
CASSLTGTGLAGGTSQYF	1
CASSLTGLMYF	1
CASSLTGPNVLTF	1
CASSLTGVGTDTQYF	1
CASSLTGGPTDTQYF	1
CASSLTGGNPGELFF	1
CASSLTGDTQYF	1
CASSLTDSSLYEQYF	1
CASSLTEGLYNEQFF	1
CASSLTILAGSTDTQYF	1
CASSLTTSGSIGELFF	1
CASSLTTGTGELFF	1
CASSLTRGPGELFF	1
CASSLTFGGSAGDDERYF	1
CASSLTSAGEQFF	1
CASSLTLAGEQYF	1
CASSLTALEQYF	1
CASSLTATSYEQYF	1
CASSLTAGNEQFF	1
CASSLTGGPSETQYF	1
CASSLTGSYNSPLHF	1
CASSLTGYEQYF	1
CASSLTGVNEQFF	1
CASSLTGGQETQYF	1
CASSLTGQETQYF	1
CASSLTETQYF	1
CASSLTSGASTDTQYF	1
CASSLTNRGETQYF	1
CASSLSLSSGSWTDTQYF	1
CASSLSSSGMVYEQYF	1
CASSLSWGARSYEQYF	1
CASSLSWETDTGELFF	1
CASSLSYRATSTDTQYF	1
CASSLSYGVLGTDTQYF	1
CASSLSRTGVPTEAFF	1
CASSLSRQRTYEQYF	1
CASSLSHKDTQYF	1
CASSLSQGSYNEQFF	1
CASSLSQIQETQYF	1
CASSLSQETQYF	1
CASSLSGHLTIQYF	1
CASSLSGDEQFF	1
CASSLSGTAPGETQYF	1
CASSLSGNPYNEQFF	1
CASSLSIGESSYEQYF	1
CASSLSTSPSYEQYF	1
CASSLSTGVYSYNEQFF	1
CASSLSKGTTDTQYF	1
CASSLSSGANVLTF	1
CASSLSSYNEQFF	1
CASSLSSAGGPWNEQFF	1
CASSLSLAGQGSF	1
CASSLSLAGVNEQFF	1
CASSLSLAGSHSYNEQFF	1
CASSLSLAETYEQYF	1
CASSLSPLGRAAFF	1
CASSLSPLNNEQFF	1
CASSLSPGTEETQYF	1
CASSLSPGGYEQYF	1
CASSLSRAQYF	1
CASSLSRYPYQETQYF	1
CASSLSGSYEQYF	1
CASSLSGPGQETQYF	1
CASSLSGLAAEQFF	1
CASSLSGVGQPQHF	1
CASSLSGSYNEQFF	1
CASSLSGRADTQYF	1
CASSLSDPGQPNTEAFF	1
CASSLSSSSDFYEQYF	1
CASSLRLGEQFF	1
CASSLRSHYEQYF	1
CASSLRWDGNEQFF	1
CASSLRLADNEQFF	1
CASSLRPTRADTQYF	1
CASSLRREYKETQYF	1
CASSLRREETQYF	1
CASSLRRSSYEQYF	1
CASSLRVWTSGRARDIQYF	1
CASSLRAQANTGELFF	1
CASSLRGSNTGELFF	1
CASSLRGPLAGVDEQYF	1
CASSLRGGMEDTQYF	1
CASSLRGTDTQYF	1
CASSLRGGGPRGEQFF	1
CASSLRGDYLTDTQYF	1
CASSLRGTAGDTQYF	1
CASSLRDSLRDEQFF	1
CASSLRDPSADEQFF	1
CASSLRDRVTDTQYF	1
CASSLRESAEQYF	1
CASSLREVSGRAHYNEQFF	1
CASSLRISGTVYEQYF	1
CASSLRTSPGDEQYF	1
CASSLRTSGHTGELFF	1
CASSLRTLTTGELFF	1
CASSLRTAPDTQYF	1
CASSLRRTGSTDTQYF	1
CASSLRKDTLRTEAFF	1
CASSLRLFVGTGSTGELFF	1
CASSLRLATGLYEQYF	1
CASSLRLAANNEQFF	1
CASSLRLAGSNEQFF	1
CASSLRPPGTYEQYF	1
CASSLRPVLQPQHF	1
CASSLRHEETQYF	1
CASSLRHSRSRYNEQFF	1
CASSLRQYNEQFF	1
CASSLRQGFEQYF	1
CASSLRVGTEYYNSPLHF	1
CASSLRVTPGEGVYTGELFF	1
CASSLRGSTNTGELFF	1
CASSLRGTIFGDTQYF	1
CASSLRGSLAGHEQYF	1
CASSLRDSYEQYF	1
CASSLRTEQYF	1
CASSLRTGSFQETQYF	1
CASSLRRDSRQFF	1
CASSLNLVQRRYF	1
CASSLNLDTQYF	1
CASSLNYGPYNEQFF	1
CASSLNPDINEQFF	1
CASSLNPNEQFF	1
CASSLNRQSEQYF	1
CASSLNRAGELFF	1
CASSLNHAGELFF	1
CASSLNAGYNEQFF	1
CASSLNAGEGETQYF	1
CASSLNGGSSYNEQFF	1
CASSLNGTSGPPRQFF	1
CASSLNIAPAGTDTQYF	1
CASSLNTWEWYEQYF	1
CASSLNYFNEQFF	1
CASSLNLRVDRGEQFF	1
CASSLNLNEQFF	1
CASSLNPWLAGTNEQFF	1
CASSLNPLAGEQFF	1
CASSLNRGNEQFF	1
CASSLNQPSSYNEQFF	1
CASSLNVREGWGGNTEAFF	1
CASSLNAYNSPLHF	1
CASSLNAWSGPGEKLFF	1
CASSLNGENTDTQYF	1
CASSLNGRGNEQFF	1
CASSLNSDNEQFF	1
CASSLNRGNEQYF	1
CASSLNRNEKLFF	1
CASSLKPSGRIGRFEQYF	1
CASSLKRDPRETQYF	1
CASSLKRDHEQYF	1
CASSLKVLAGGEQYF	1
CASSLKAWGLAGGPPIRGYIQYF	1
CASSLKASGSGETQYF	1
CASSLKGGWEALQYF	1
CASSLKGGAYEQYF	1
CASSLKGAQETQYF	1
CASSLKGGLAGDEQYF	1
CASSLKGTGGVSEAFF	1
CASSLKGQDWDQPQHF	1
CASSLKTSGLNEQFF	1
CASSLKTRGLIGNEQFF	1
CASSLKFLGNTGELFF	1
CASSLKPQETQYF	1
CASSLKRRGGNSYNEQFF	1
CASSLKAGTYEQYF	1
CASSLKAGEAQETQYF	1
CASSLKGGTSYNEQFF	1
CASSLKGGSYEGTDTQYF	1
CASSLKRTGTSERGFTDTQYF	1
CASSSLGASLYEQYF	1
CASSSSGTSPANEQFF	1
CASSSSSGSFSYEQYF	1
CASSSWTWEQYF	1
CASSSWTVNTGELFF	1
CASSSYNQPQHF	1
CASSSYGTASYEQYF	1
CASSSYTGGNTIYF	1
CASSSYSDSGNTIYF	1
CASSSYRGGDEAFF	1
CASSSLDRTGQYF	1
CASSSLRRGEAFF	1
CASSSLRDGPYEQYF	1
CASSSLSWGPGNTIYF	1
CASSSLLAGVPEQFF	1
CASSSLAGGPSGETQYF	1
CASSSLAGMGTQYF	1
CASSSLGTSTDTQYF	1
CASSSPRGRGNEQYF	1
CASSSPTRAHNEQFF	1
CASSSPRADLVYEQYF	1
CASSSPAGTRYNEQFF	1
CASSSPARGRGEQFF	1
CASSSPGTGSEQYF	1
CASSSPSPYEQYF	1
CASSSRVAGVETQYF	1
CASSSRATGYNEQFF	1
CASSSRDSSAGELFF	1
CASSSRLENEQFF	1
CASSSRPKNIQYF	1
CASSSRQGMNTEAFF	1
CASSSHQGGQYF	1
CASSSQLAGVYQETQYF	1
CASSSQVYEQYF	1
CASSSQGGVNNEQFF	1
CASSSQGGRTDTQYF	1
CASSSQTSGSADTQYF	1
CASSSQPGQPTDTQYF	1
CASSSVPTGPHGEQFF	1
CASSSVASAWGTDTQYF	1
CASSSVAGGGVQYF	1
CASSSAGTGSYEQYF	1
CASSSAGEGTGELFF	1
CASSSASGNEQYF	1
CASSSGFSGRMSTDTQYF	1
CASSSGPGDTIYF	1
CASSSGVPDTQYF	1
CASSSGAGVGEKLFF	1
CASSSGTGQETQYF	1
CASSSGTGVYGYTF	1
CASSSGLLYNEQFF	1
CASSSGLAGTYEQYF	1
CASSSGLAGWGTITDTQYF	1
CASSSGQGAYNEQFF	1
CASSSGQGSTDTQYF	1
CASSSGQEFNEKLFF	1
CASSSGAVLYNEQFF	1
CASSSDSYNEQFF	1
CASSSDSNQPQHF	1
CASSSDRGNPRNTGELFF	1
CASSSEWGSDRGEQYF	1
CASSSEVNEQFF	1
CASSSIPRSTDTQYF	1
CASSSISGRHNEQFF	1
CASSSMRVTETQYF	1
CASSSTTSGRIPYEQYF	1
CASSSTRYNEQFF	1
CASSSTRGDNEQFF	1
CASSSTRISADTQYF	1
CASSSTKDEQYF	1
CASSSTGSPYEQYF	1
CASSSTYQETQYF	1
CASSSTGGYEQYF	1
CASSSTGRRAYEQYF	1
CASSSTGVLAGTQMRGELFF	1
CASSSSGLAFIKQYF	1
CASSSSVLETQYF	1
CASSSSGRGNEQFF	1
CASSSSGNYNEQFF	1
CASSSRGVYEQYF	1
CASSSRGERTDTQYF	1
CASSSRTQGGGYEQYF	1
CASSSRTVTPYEQYF	1
CASSSNSVASGRGAKNIQYF	1
CASSSNPIAVGELFF	1
CASSSNTGELFF	1
CASSSFPGLVGDTQYF	1
CASSSFGTGTGELFF	1
CASSSFDREQETQYF	1
CASSSFRDPTGEQYF	1
CASSSFSGLGVPSYNEQFF	1
CASSSFGENYGYTF	1
CASSSFGTSGIGEQFF	1
CASSSFISGETQYF	1
CASSSFTGEQFF	1
CASSSLAREQFF	1
CASSSLGTEAFF	1
CASSSLGVGSEYF	1
CASSSLTGINEQFF	1
CASSSLLSETQYF	1
CASSSLAGAYNEQFF	1
CASSSLAGGPTDTQYF	1
CASSSLAGGTDTQYF	1
CASSSLTSGKETQYF	1
CASSSSFGVAPPYEQYF	1
CASSSSSASDNEQFF	1
CASSSSSGSTSYNEQFF	1
CASSSSSGRAHEQFF	1
CASSSSYNEQFF	1
CASSSSPLAGLNEQFF	1
CASSSSRFEQYF	1
CASSSSQTGELFF	1
CASSSSGTGNNEQFF	1
CASSSSGQGYEQYF	1
CASSSSGLLYNEQFF	1
CASSSSGLAGETQYF	1
CASSSSGQGSSYEQYF	1
CASSSSGASYNEQFF	1
CASSSSPRMFF	1
CASSSSVSSGRRNEQYF	1
CASSSSENTEAFF	1
CASSSSNTGELFF	1
CASSSWRGTDYEQYF	1
CASSSWVGLAGGPNTGELFF	1
CASSSWADPPSSEQYF	1
CASSSWTSGRTDTQYF	1
CASSSWTGNYGYTF	1
CASSSWNTGELFF	1
CASSSYGASGTDTQYF	1
CASSSYSGSSDTQYF	1
CASSSYNPTGRTDTQYF	1
CASSSYTDTQYF	1
CASSSYRGQDTGELFF	1
CASSSLRTISYNEQFF	1
CASSSLGPQHF	1
CASSSLEGTYEQYF	1
CASSSLEAISYNEQFF	1
CASSSLLGTFYNEQFF	1
CASSSLLRQGSNQPQHF	1
CASSSLLESEQYF	1
CASSSLRQGAGELFF	1
CASSSLQSGPGNEQFF	1
CASSSLGRGSDTQYF	1
CASSSLGTSGTDTQYF	1
CASSSLRLAAYNEQFF	1
CASSSLWDRDGTGELFF	1
CASSSLLSGSTLHTQYF	1
CASSSLAGVTDTQYF	1
CASSSLIRNEQFF	1
CASSSLTSGRAGETQYF	1
CASSSLLAGVADTQYF	1
CASSSLREGSTDTQYF	1
CASSSLAKNIQYF	1
CASSSLARSSYEQYF	1
CASSSLTLADTQYF	1
CASSSLRVEQFF	1
CASSSPSGTVNTEAFF	1
CASSSPQTGSQETQYF	1
CASSSPGEAGGRTGVYNEQFF	1
CASSSPRLGWNEQFF	1
CASSSPRQGRRGYTF	1
CASSSPSDYKQFF	1
CASSSPLGPNEQFF	1
CASSSPPSGRYEQYF	1
CASSSPPGGVNYEQYF	1
CASSSPRGLVYKTQYF	1
CASSSPRLVTNEQFF	1
CASSSPRRQETQYF	1
CASSSPGGGETQYF	1
CASSSPGGNKNTEAFF	1
CASSSPGTWGTDTQYF	1
CASSSPGQYSGNTIYF	1
CASSSPEQGKAYEQYF	1
CASSSPRGSRVSPLHF	1
CASSSPAASGYGDTQYF	1
CASSSPGLAAYEQYF	1
CASSSPGLAGGKYEQYF	1
CASSSPGQGAFRPQETQYF	1
CASSSPLRTSNYGYTF	1
CASSSPLGNEQFF	1
CASSSPQGSGTGELFF	1
CASSSPALSAGKSYEQYF	1
CASSSPGGGLGDTQYF	1
CASSSPSGRAAYNEQFF	1
CASSSPSTDTQYF	1
CASSSPKTGLGELFF	1
CASSSRKLAGGHEQYF	1
CASSSRPQETQYF	1
CASSSRRESNQPQHF	1
CASSSRRGHRQETQYF	1
CASSSRRDRVPL	1
CASSSRPGDEQYF	1
CASSSRRGRVGETQYF	1
CASSSRVSSYEQYF	1
CASSSRVTSGTDTQYF	1
CASSSRATQRDEQFF	1
CASSSRASGILADTQYF	1
CASSSRGAGVGYNEQFF	1
CASSSRGGTEAFF	1
CASSSRGGNIQYF	1
CASSSRGREVYEQYF	1
CASSSRDYYEQFF	1
CASSSRDGYEQYF	1
CASSSRDIQTQYF	1
CASSSRDTPYEQYF	1
CASSSRDTPGREQYF	1
CASSSRDSWYEQYF	1
CASSSRDSIYEQYF	1
CASSSRDRLPYEQYF	1
CASSSRDRDNEQFF	1
CASSSRDRPYQETQYF	1
CASSSREKTDTQYF	1
CASSSRTSGRGVGETQYF	1
CASSSRTLRGETQYF	1
CASSSRRSDNEQFF	1
CASSSRLRPWTGELFF	1
CASSSRLAGGHEQYF	1
CASSSRLAEGPYNEQFF	1
CASSSRPEGLWETQYF	1
CASSSRQGAHEQYF	1
CASSSRGNQPQHF	1
CASSSRNNEQFF	1
CASSSHLSAGAGEKGQYF	1
CASSSHRGPNTEAFF	1
CASSSHRGLAGGYNEQFF	1
CASSSHAGSTDTQYF	1
CASSSQGGTQYF	1
CASSSQGARYNEQFF	1
CASSSQGDEQFF	1
CASSSQDTSERTQYF	1
CASSSQNQPQHF	1
CASSSQLRLAGLRETQYF	1
CASSSQPASGRTEFF	1
CASSSQPGKLFF	1
CASSSQAGTTYNEQFF	1
CASSSVLGIEQFF	1
CASSSVVHGLAGVGSTDTQYF	1
CASSSVGEQYF	1
CASSSVSTDTQYF	1
CASSSVAGGPYEQYF	1
CASSSVAGGGEETQYF	1
CASSSAGGSESDEQFF	1
CASSSAGSSYEQYF	1
CASSSASYEQYF	1
CASSSAPGQGREQYF	1
CASSSAGRGRRYGYTF	1
CASSSAETYAYNEQFF	1
CASSSAEFYNEQFF	1
CASSSATGRSYNEQFF	1
CASSSAPGQGYNEQFF	1
CASSSAGDSYNEQFF	1
CASSSGLPGSPLHF	1
CASSSGGAALNEQFF	1
CASSSGRGSTDTQYF	1
CASSSGGVQETQYF	1
CASSSGSVLAIEQYF	1
CASSSGWGYSKFF	1
CASSSGAGGDTQYF	1
CASSSGGVAKNIQYF	1
CASSSGGGKAYNEQFF	1
CASSSGERPYEQYF	1
CASSSGTSPREQFF	1
CASSSGTSVTDTQYF	1
CASSSGTSGRVYEQYF	1
CASSSGTGTYEQYF	1
CASSSGTVSTDTQYF	1
CASSSGTGFNQPQHF	1
CASSSGSTYNEQFF	1
CASSSGSTTQYF	1
CASSSGLAGTYEQYF	1
CASSSGLAGGPGEQFF	1
CASSSGLGSYEQYF	1
CASSSGPTRTDTQYF	1
CASSSGPYGEQFF	1
CASSSGRGRDTQYF	1
CASSSGQGYEQYF	1
CASSSGQGLGGF	1
CASSSGQGVWETQYF	1
CASSSGQGAQYF	1
CASSSGQENYNEQFF	1
CASSSGQISSNQPQHF	1
CASSSGGPTEAFF	1
CASSSGGQGNTDTQYF	1
CASSSDPAGSNEQFF	1
CASSSDFRNTQYF	1
CASSSDSYEQYF	1
CASSSDPKQGYEQYF	1
CASSSDRYNEQFF	1
CASSSDIHDRVYGYTF	1
CASSSDRQYGYTF	1
CASSSDRGETQYF	1
CASSSDRGGTQYF	1
CASSSDKQQFF	1
CASSSESMGYEQYF	1
CASSSEGGTDTQYF	1
CASSSELAAKETQYF	1
CASSSEDRGGNQPQHF	1
CASSSEDNLYMEQYF	1
CASSSIEGPGELFF	1
CASSSITGGYSNQPQHF	1
CASSSIRGQGPGELFF	1
CASSSILAGRMTDTQYF	1
CASSSIAGGPHNEQFF	1
CASSSISGRANTQYF	1
CASSSTSYEQYF	1
CASSSTPSSYNEQFF	1
CASSSTSDSPYEQYF	1
CASSSTSTDTQYF	1
CASSSTWGPYNEQFF	1
CASSSTGRGAVGELFF	1
CASSSTGTSRNEQFF	1
CASSSTGTSDQETQYF	1
CASSSTEFGQETQYF	1
CASSSTDREPLLEQYF	1
CASSSTRSRETQYF	1
CASSSTAGQGYEQYF	1
CASSSTARSSYNEQFF	1
CASSSTGYEQYF	1
CASSSTTIGTQYF	1
CASSSTRTSGRIYNEQFF	1
CASSSSPGTGFYEQYF	1
CASSSSPAPGETQYF	1
CASSSSRAEQYF	1
CASSSSGSSSYNEQFF	1
CASSSSGAYNEQFF	1
CASSSRLLAGTYEQYF	1
CASSSRAMNTEAFF	1
CASSSRGGETQYF	1
CASSSRTSGTWGGELFF	1
CASSSRRGDGELFF	1
CASSSRQKAYEQYF	1
CASSSNPAVGGEQYF	1
CASSSNSGNEQFF	1
CASSSNPRQSTPNTIYF	1
CASSSNRGRTEAFF	1
CASSSKRERGRGEQFF	1
CASSSKDTGELFF	1
CASSSKDRVGFNEQFF	1
CASSSKRTSRYEQYF	1
CASSSKDPRAGELFF	1
CASSSKSSGNEQFF	1
CASSSFGRGTQYF	1
CASSSFTGQGQTAKNIQYF	1
CASSSLVASTGELFF	1
CASSSLAGVGETQYF	1
CASSSSRVVEQFF	1
CASSSSRDIYEQYF	1
CASSSSGTSGRYEQFF	1
CASSSSAGTPWDEQYF	1
CASSSSRARSGGRGEQFF	1
CASSSSNSGANVLTF	1
CASSSSLYQETQYF	1
CASSSSGGVGTQYF	1
CASSSYRATDTQYF	1
CASSSYNEQFF	1
CASSSLSGSGNEQFF	1
CASSSLAGAYNEQFF	1
CASSSLAGEHTQYF	1
CASSSPGAGVRFNEQFF	1
CASSSPGTAIRAYQETQYF	1
CASSSPGLKIVNEQFF	1
CASSSRLGADTQYF	1
CASSSRASTDTQYF	1
CASSSRTGWDTQYF	1
CASSSRTGRGTQYF	1
CASSSRQSYEQYF	1
CASSSHPGLAGVHEQFF	1
CASSSHGREVGNEQFF	1
CASSSQGAPGGYTF	1
CASSSQGGSNQPQHF	1
CASSSVFGELFF	1
CASSSVFSEQFF	1
CASSSVRQGALEQYF	1
CASSSVTYEQYF	1
CASSSVAGKYNEQFF	1
CASSSARGAQETQYF	1
CASSSAWEETQYF	1
CASSSGPAQYF	1
CASSSGADRGADTQYF	1
CASSSGTDTQYF	1
CASSSGGASTDTQYF	1
CASSSGTVETQYF	1
CASSSGTSGKGETQYF	1
CASSSGTGSSYNEQFF	1
CASSSGLVHYEQYF	1
CASSSGLAAVEQYF	1
CASSSGLAGPKQYF	1
CASSSGLAGGDEQFF	1
CASSSGLAGIYEQYF	1
CASSSGLASYNEQFF	1
CASSSGRPYEQYF	1
CASSSGRTVQPQHF	1
CASSSGRPYEQYF	1
CASSSGQSTYEQYF	1
CASSSGQPTSGILGYEQYF	1
CASSSGQGYEQYF	1
CASSSGQGQETQYF	1
CASSSGQGAETQYF	1
CASSSGQIYEQYF	1
CASSSGAPNTGELFF	1
CASSSDYLYNEQFF	1
CASSSDLEHIFTDTQYF	1
CASSSDPDRGGQPQHF	1
CASSSDRGEQFF	1
CASSSDGTGPQNEQFF	1
CASSSDGGETQYF	1
CASSSDRGVNQPQHF	1
CASSSDREGNQPQHF	1
CASSSERERLRGQYF	1
CASSSENRSPYEQYF	1
CASSSEGEQYF	1
CASSSIRALQYF	1
CASSSMTGTGYNEQFF	1
CASSSTPGLAGWETQYF	1
CASSSTSADTQYF	1
CASSSTSGGTKNIQYF	1
CASSSTSTGELFF	1
CASSSTYSGSLADQETQYF	1
CASSSTGTSGHNEQFF	1
CASSSTRGSGTEAFF	1
CASSSTDGYYEQYF	1
CASSSTTISGLQETQYF	1
CASSSTYRGLYEQYF	1
CASSSTGANTGELFF	1
CASSSTGYEQYF	1
CASSSTGLANEKLFF	1
CASSSTGVGYEQYF	1
CASSSTGGAGYGYTF	1
CASSSTGDEAFF	1
CASSSTGDSYNEQFF	1
CASSSTGYNEQFF	1
CASSSTGLEVETQYF	1
CASSSTRSYEQYF	1
CASSSSGIFTDTQYF	1
CASSSSGGSSYNEQFF	1
CASSSSSTDTQYF	1
CASSSSSGSYNEQFF	1
CASSSSGRGEQYF	1
CASSSRGPTGGYTF	1
CASSSRGRFNEKLFF	1
CASSSNRLAGDNEQFF	1
CASSSNENTEAFF	1
CASSSKSFTLHF	1
CASSSFVWPTSYEQYF	1
CASSSSGRVYEQYF	1
CASSSSSGSSYEQYF	1
CASSSSAADATGTTDTQYF	1
CASSSSGTDYNEQFF	1
CASSSSDTQYF	1
CASSSSDYEQYF	1
CASSSYVLQGVDGELFF	1
CASSSYSGVGYEQYF	1
CASSSYPLEQYF	1
CASSSYPADTQYF	1
CASSSYNSYEQYF	1
CASSSLRGASGRAGEQFF	1
CASSSLGGGNQPQHF	1
CASSSLARAYEQYF	1
CASSSLAGLTDTQYF	1
CASSSLAGVSNEQFF	1
CASSSLARSYNEQFF	1
CASSSLGASYEQYF	1
CASSSLDTGELFF	1
CASSSPLHSGRTDTQYF	1
CASSSPAGDRSLGELFF	1
CASSSPMTGAHEQYF	1
CASSSPGSGIQYF	1
CASSSPGTGPYEQYF	1
CASSSPGLERDF	1
CASSSPGQGDYEQYF	1
CASSSPSGTGGARSYNEQFF	1
CASSSPDRAEFF	1
CASSSRYEQYF	1
CASSSRLGGNLYNEQFF	1
CASSSRQETQYF	1
CASSSRDNENEQYF	1
CASSSRTVSYEQYF	1
CASSSRTSVDTQYF	1
CASSSRTSGSHWEQYF	1
CASSSRTGPDTQYF	1
CASSSRTGSYEQYF	1
CASSSRSTDTQYF	1
CASSSRRDRGRMTEAFF	1
CASSSQRGGDTQYF	1
CASSSQREGYNEQFF	1
CASSSQVAPYYGYTF	1
CASSSQANYGYTF	1
CASSSQGYGYTF	1
CASSSQGRTEAFF	1
CASSSQGHGTGELFF	1
CASSSQGASGANVLTF	1
CASSSQGASSGDTQYF	1
CASSSQGGVRGDTQYF	1
CASSSQEQGIGYEQYF	1
CASSSQTVYEQYF	1
CASSSQTGTNEKLFF	1
CASSSQKLAGTDTQYF	1
CASSSVGENEQFF	1
CASSSVGVGSNEQFF	1
CASSSAGVVGYGYTF	1
CASSSAGGLYEQYF	1
CASSSADSPYNEQFF	1
CASSSAESSYNEQFF	1
CASSSGSGNPTGELFF	1
CASSSGRGVRGYTF	1
CASSSGLAKNIQYF	1
CASSSGPGKNIQYF	1
CASSSGASADTQYF	1
CASSSGAGLYNEQFF	1
CASSSGGSYNYGYTF	1
CASSSGGAYNEQFF	1
CASSSGGRVGFF	1
CASSSGGSTDTQYF	1
CASSSGGLAGSTDTQYF	1
CASSSGTISYNEQFF	1
CASSSGTSGSVFPQFF	1
CASSSGLAGYEQYF	1
CASSSGLAGSYNEQFF	1
CASSSGLGPYEQYF	1
CASSSGGTPINIQYF	1
CASSSGNTEAFF	1
CASSSDRFYGYTF	1
CASSSDRGRNNEQFF	1
CASSSDRGLSSYNSPLHF	1
CASSSDRIKPQHF	1
CASSSELTSYEQYF	1
CASSSIRGATHEQYF	1
CASSSIRRNNEQFF	1
CASSSTQRLYNEQFF	1
CASSSTSGSADEQFF	1
CASSSTSGRMGDEQYF	1
CASSSTFTDTEAFF	1
CASSSTSSGEQYF	1
CASSSTGGGSYEQYF	1
CASSSTKAFF	1
CASSSSYRGTYGYTF	1
CASSSSPSYEQYF	1
CASSSSSGRGEFEQYF	1
CASSSSQGATEAFF	1
CASSSSGSRSDTQYF	1
CASSSSGNSNNEQFF	1
CASSSSMRGSGLFQPQHF	1
CASSSRAGGLYEQYF	1
CASSSRGQFTEAFF	1
CASSSRSKRVNEQFF	1
CASSSRIATGELFF	1
CASSSNSGRASSYNEQFF	1
CASSSNLAGPYFF	1
CASSSNGLAETQYF	1
CASSSKRLAGTKETQYF	1
CASSSKDTSSGSYNEQFF	1
CASSSKTSSGTDTQYF	1
CASSSKTGVYEQYF	1
CASSWYSTAKNIQYF	1
CASSWPSGRADTQYF	1
CASSWPGLAGSRTDTQYF	1
CASSWPGLADYNEQFF	1
CASSWPGLATFSSYEQYF	1
CASSWRELNTGELFF	1
CASSWRQTSGAPYEQYF	1
CASSWVPYNEQFF	1
CASSWVTQETQYF	1
CASSWVAGGPYEQYF	1
CASSWASYEQYF	1
CASSWAVGGADTQYF	1
CASSWAGTGLQTQYF	1
CASSWAEEYEQYF	1
CASSWGISYEQYF	1
CASSWGRTGELFF	1
CASSWGQGETQYF	1
CASSWGASYEQYF	1
CASSWGETQYF	1
CASSWGPSDTDTQYF	1
CASSWGAASGHEQYF	1
CASSWGGEQYF	1
CASSWGGWVTDTQYF	1
CASSWGGRDTQYF	1
CASSWGDTQYF	1
CASSWGDRSYEQYF	1
CASSWGEASHEQYF	1
CASSWGTSGMNEQFF	1
CASSWGTPRSYEQYF	1
CASSWGTGVNSYEQYF	1
CASSWGTGIYTF	1
CASSWGNEQYF	1
CASSWGLAGSLTFNEQFF	1
CASSWGLAGGYEQYF	1
CASSWGLAGSEQYF	1
CASSWGPYEQYF	1
CASSWGPTNTGELFF	1
CASSWGQYQETQYF	1
CASSWGQGETDIQYF	1
CASSWGQGLNTGELFF	1
CASSWGQGELPQYF	1
CASSWGAGAGTDTQYF	1
CASSWGGGYADTQYF	1
CASSWGDRDEETQYF	1
CASSWDPDTQYF	1
CASSWDATGELFF	1
CASSWDGYYGYTF	1
CASSWDTGSGANVLTF	1
CASSWDRVGETQYF	1
CASSWDRASEAFF	1
CASSWDRGLYEQYF	1
CASSWDRGDEQFF	1
CASSWDRSEAFF	1
CASSWEARGAGGNTIYF	1
CASSWTSGSYEQYF	1
CASSWTSGTSYNEQFF	1
CASSWTSGPYEQYF	1
CASSWTSGSTDTQYF	1
CASSWTSGPCLYNEQFF	1
CASSWTGVDEQFF	1
CASSWTGGSINEQFF	1
CASSWTGDSGELFF	1
CASSWTGDQETQYF	1
CASSWTGNSYEQYF	1
CASSWSLAAFTDTQYF	1
CASSWSGRASNEQFF	1
CASSWSNTEAFF	1
CASSWRGQQIYEQYF	1
CASSWRDEQYF	1
CASSWRGGYEQYF	1
CASSWNSGTSGTYSSYNEQFF	1
CASSWNRRNTDTQYF	1
CASSWKTGTSGSRETQYF	1
CASSYSWGYTF	1
CASSYPNEQFF	1
CASSYPTGDRETQYF	1
CASSYPGGQETQYF	1
CASSYRSRVKDTQYF	1
CASSYRGGRKNTEAFF	1
CASSYVGSEQYF	1
CASSYVPVDTQYF	1
CASSYASRAYEQYF	1
CASSYARGTYEQYF	1
CASSYAGGHLAKNIQYF	1
CASSYGGEGLADTQYF	1
CASSYGTGIPYEQYF	1
CASSYGLIRYLRTDTQYF	1
CASSYGLSYEQYF	1
CASSYGLAAYEQYF	1
CASSYGQYYEQYF	1
CASSYDTTGGELFF	1
CASSYDSSYEQYF	1
CASSYDRGYYNEQFF	1
CASSYTQNIQYF	1
CASSYTSGDNEQFF	1
CASSYTGGTQKDTQYF	1
CASSYSNSNQPQHF	1
CASSYSGSSYNEQFF	1
CASSYSGTYEQYF	1
CASSYRLAGSHEQYF	1
CASSYRETQYF	1
CASSYLKSTDTQYF	1
CASSYSEDRKEQYF	1
CASSYSDLTYNEQFF	1
CASSYYPPRGEQFF	1
CASSYYGTGGPYEQYF	1
CASSYYTDTQYF	1
CASSYLTSATYEQYF	1
CASSYLAVQETQYF	1
CASSYLGAEQYF	1
CASSYPSGLFNNEQFF	1
CASSYPRGNEQFF	1
CASSYPPGQGAGDTQYF	1
CASSYPGISLAEQYF	1
CASSYPPPETSGNTGELFF	1
CASSYRYEQYF	1
CASSYRRYGAPYEQYF	1
CASSYRATDTQYF	1
CASSYRDRVNEQFF	1
CASSYRDRTDTQYF	1
CASSYRTSGRVGYEQFF	1
CASSYRLAGGGSYEQYF	1
CASSYRGHSYEQYF	1
CASSYQGGNEQFF	1
CASSYQVNWEQYF	1
CASSYVQGDQETQYF	1
CASSYVDRGEETQYF	1
CASSYVGTNEKLFF	1
CASSYVNTGELFF	1
CASSYAGSGDSPLHF	1
CASSYGGGVTEAFF	1
CASSYGPGATDTQYF	1
CASSYGTGVPYEQYF	1
CASSYGTGTEQYF	1
CASSYGLAGAFLYNEQFF	1
CASSYGPNTGELFF	1
CASSYGQGGVQETQYF	1
CASSYGGGSYNEQFF	1
CASSYGITSGPQETQYF	1
CASSYEPMVRATDTQYF	1
CASSYEGTSDEQFF	1
CASSYEQGYAYEQYF	1
CASSYEGRNTEAFF	1
CASSYTGELFF	1
CASSYTGTGPYEQYF	1
CASSYTSGTGTGEQYF	1
CASSYTGANEKLFF	1
CASSYSGVSYEQYF	1
CASSYSTDTQYF	1
CASSYRGRGTDTQYF	1
CASSYRTRTGGHEQYF	1
CASSYRTGGDYEQYF	1
CASSYNPGTGWNEQFF	1
CASSYNWDRGNTDTQYF	1
CASSYKSGEEAKNIQYF	1
CASSLFRGLPGGYTF	1
CASSLLKGGTEAFF	1
CASSLSRQSPEAFF	1
CASSLSLGTEAFF	1
CASSLSSGGNTPEQFF	1
CASSLSGRPYEQYF	1
CASSLLPGLVTDTQYF	1
CASSLPRREGTTREQYF	1
CASSLPGTSGHNEQFF	1
CASSLPEGGEQFF	1
CASSLPTGTSGSSYNEQFF	1
CASSLPPQDREGEKLFF	1
CASSLRSGRTYEQYF	1
CASSLRVQETQYF	1
CASSLRGVGTGELFF	1
CASSLRGISDTQYF	1
CASSLRRSEAFF	1
CASSLRRADTQYF	1
CASSLHTSSGVGTGELFF	1
CASSLQGYTGELFF	1
CASSLVDLDRNYEQYF	1
CASSLAPDNRIVSNQPQHF	1
CASSLGGRGYEQYF	1
CASSLGTTGDTQYF	1
CASSLGTSGLDTQYF	1
CASSLGTGGWSEQFF	1
CASSLGRGNTEAFF	1
CASSLGLAGVGRTGELFF	1
CASSLGLGIYEQYF	1
CASSLGQGWWAFF	1
CASSLGQHYNEQFF	1
CASSLDTTDTQYF	1
CASSLIYNEQFF	1
CASSLIGGSYNEQFF	1
CASSLTGKETQYF	1
CASSLTSVPRNEQFF	1
CASSLTSGRFGFF	1
CASSLTPGSAEQYF	1
CASSLTPGQSPGGYTF	1
CASSLTGEQYF	1
CASSLTFAPTGRDEQFF	1
CASSLTPLAGVTDTQYF	1
CASSLTRDQPQHF	1
CASSLSPGNEQFF	1
CASSLSDEQFF	1
CASSLSGSTTDEQFF	1
CASSLSGPSTDTQYF	1
CASSLSGALSEQYF	1
CASSLSGTSTDTQYF	1
CASSLSGTPTYEQYF	1
CASSLSGSSYNEQFF	1
CASSLSGSGETQYF	1
CASSLSGRAVGELFF	1
CASSLRLEGLYNEQFF	1
CASSLRTGIEQYF	1
CASSLRTDTQYF	1
CASSLFGETQYF	1
CASSLLADYTDTQYF	1
CASSLLRGYEQYF	1
CASSLSSASSYEQYF	1
CASSLSSGANVLTF	1
CASSLSRLVEEQYF	1
CASSLSDFSSYEQYF	1
CASSLSGLAKNIQYF	1
CASSLWTGPYEQYF	1
CASSLYGTGGETQYF	1
CASSLLLGEQFF	1
CASSLLRGAGATGELFF	1
CASSLLRGRANYNEQFF	1
CASSLLTGRYGYTF	1
CASSLLVDTQYF	1
CASSLLTSGIYEQFF	1
CASSLLAGVEQYF	1
CASSLLGRTSGPYEQYF	1
CASSLLTAGHYNEQFF	1
CASSLLKTSGPGTPNNEQFF	1
CASSLLQGGEQYF	1
CASSLLASTDTQYF	1
CASSLLGDNEQFF	1
CASSLPFGEETQYF	1
CASSLPGLYNEQFF	1
CASSLPTGEGQYF	1
CASSLRQGRGYEQYF	1
CASSLRVSNQPQHF	1
CASSLRVRVGEQYF	1
CASSLRDRILGYF	1
CASSLRTSGKYNEQFF	1
CASSLRTGNEKLFF	1
CASSLRLAGHKETQYF	1
CASSLRLAGDVSDTQYF	1
CASSLRRELFF	1
CASSLRQGQETQYF	1
CASSLRRSAKNIQYF	1
CASSLHSGSSYNEQFF	1
CASSLHNEQFF	1
CASSLQLDSSTDTQYF	1
CASSLQPNADTQYF	1
CASSLQGRGTGELFF	1
CASSLQGDNQPQHF	1
CASSLQGGPSRTQYF	1
CASSLVGPQYF	1
CASSLVTRNEQFF	1
CASSLVTGNLAKNIQYF	1
CASSLAVGRAYEQYF	1
CASSLAGGRGSNQPQHF	1
CASSLAYGDEKLFF	1
CASSLGSRGASYNEQFF	1
CASSLGETQYF	1
CASSLGFVETQYF	1
CASSLGRETQYF	1
CASSLGTSGDTQYF	1
CASSLGTGFDNEQFF	1
CASSLGTDTQYF	1
CASSLGLASSYNEQFF	1
CASSLGLAGTSYEQYF	1
CASSLGLADNEQFF	1
CASSLGPGGETQYF	1
CASSLGQRRDYNTDTQYF	1
CASSLGQAYEQYF	1
CASSLGQGRENTEAFF	1
CASSLDSGRGHNEQFF	1
CASSLDGAYGASGANVLTF	1
CASSLESAHEQFF	1
CASSLERDRQFF	1
CASSLERSGSGSYEQYF	1
CASSLEQGTGELFF	1
CASSLITDTQYF	1
CASSLTSGLYNEQFF	1
CASSLTSGLYNEQFF	1
CASSLTFTAGEQYF	1
CASSLTGVSNQPQHF	1
CASSLTGGSTDTQYF	1
CASSLTDTIYF	1
CASSLSYEQYF	1
CASSLSGSSYNEQFF	1
CASSLRVQINEKLFF	1
CASSLNSGGQETQYF	1
CASSLNTEQYF	1
CASSLKTLLSSYNEQFF	1
CASSLFRSYEQYF	1
CASSLLGFGDRSYEQYF	1
CASSLLTVIGNNEQFF	1
CASSLLGGQQYF	1
CASSLSPGVDYEQYF	1
CASSLSGTGTNEQFF	1
CASSLSRRSYEQYF	1
CASSLSALGDTQYF	1
CASSLSRWEQYF	1
CASSLWTSGSDNEQFF	1
CASSLLAESYNEQFF	1
CASSLLAGAAWSEQYF	1
CASSLLAGGYNEQFF	1
CASSLPFTSGRMGEQFF	1
CASSLPRGRTNTGELFF	1
CASSLPRRDVYEQYF	1
CASSLPGTSATQYF	1
CASSLPQETQYF	1
CASSLRGAETEAFF	1
CASSLRRLAGVHEQYF	1
CASSLHETQYF	1
CASSLQDRGTGELFF	1
CASSLVQGAYEQYF	1
CASSLASGRVETQYF	1
CASSLATDTQYF	1
CASSLAASGGLEQYF	1
CASSLAEEAQSTDTQYF	1
CASSLAYRPLEQYF	1
CASSLGYEQYF	1
CASSLGPGPGDDEQFF	1
CASSLGAVGGQPQHF	1
CASSLGAEGARYNEQFF	1
CASSLGGNSPLHF	1
CASSLGGNTEAFF	1
CASSLGGNEQFF	1
CASSLGMGKSYEQYF	1
CASSLGTSGTDTQYF	1
CASSLGRAYEQYF	1
CASSLGRGVLETQYF	1
CASSLGLAASYEQYF	1
CASSLGLAGVDEQFF	1
CASSLGLAGGRETQYF	1
CASSLGLAGGYTGELFF	1
CASSLGLGETQYF	1
CASSLGRHSNQPQHF	1
CASSLGQGMSDTQYF	1
CASSLGQSYEQYF	1
CASSLGVGGEETQYF	1
CASSLDRDTQYF	1
CASSLDWKGGEQYF	1
CASSLDPTYEQYF	1
CASSLDQKDYNEQFF	1
CASSLDRLYYF	1
CASSLDRTRDEQYF	1
CASSLERAPDTGELFF	1
CASSLEGRISQYF	1
CASSLMARETTDTQYF	1
CASSLTSGIYNEQFF	1
CASSLTSAYQETQYF	1
CASSLTLLNEQFF	1
CASSLTGTGGYEQYF	1
CASSLTASYEQYF	1
CASSLTGNQPQHF	1
CASSLRTISYNEQFF	1
CASSLLTASTNEKLFF	1
CASSLLSREERETQYF	1
CASSLSSGSEPSTDTQYF	1
CASSLSRSSTIYNEQFF	1
CASSLSGGPGANVLTF	1
CASSLWPQVKDEQFF	1
CASSLWEGDNTEAFF	1
CASSLWTSGSTDTQYF	1
CASSLYRGSTYEQYF	1
CASSLLGETQYF	1
CASSLLFGADTQYF	1
CASSLLGTRYQETQYF	1
CASSLLGQALDTQYF	1
CASSLLSSGANVLTF	1
CASSLLAGVGNEQFF	1
CASSLLAGGPKEQYF	1
CASSLPLTSGRFLYNEQFF	1
CASSLPRGGRTDTQYF	1
CASSLPAAYNEQFF	1
CASSLPGSYEQYF	1
CASSLRRSGQETQYF	1
CASSLRRAQSYNEQFF	1
CASSLQGLKQFF	1
CASSLQGDVGEQYF	1
CASSLQGRETQYF	1
CASSLQGRKSPLHF	1
CASSLQLRTGEKLFF	1
CASSLQPGNEQFF	1
CASSLQGTSGYEQYF	1
CASSLAGTNNSPLHF	1
CASSLAGSSGANVLTF	1
CASSLAGSYNEQFF	1
CASSLAGSYEQYF	1
CASSLAGTGGYEQYF	1
CASSLAGFSYNEQFF	1
CASSLAGVLDEQFF	1
CASSLAGGSYNEQFF	1
CASSLAGDRWEQYF	1
CASSLAEETQYF	1
CASSLAMTGSSYNEQFF	1
CASSLAGGGYEQYF	1
CASSLGYNEQFF	1
CASSLGLALDTGELFF	1
CASSLGQGLYEQYF	1
CASSLGHPALYTDTQYF	1
CASSLGVGADTQYF	1
CASSLGGSGEQYF	1
CASSLGGVNTEAFF	1
CASSLGGQPNTGELFF	1
CASSLGTSGSSYNEQFF	1
CASSLGTSGRSEQYF	1
CASSLGTQAKNIQYF	1
CASSLGLSPGDTQYF	1
CASSLGLPDSYEQYF	1
CASSLGGHPEAFF	1
CASSLDWNTGELFF	1
CASSLDRGDTQYF	1
CASSLELAGTTDTQYF	1
CASSLMGGAYEQYF	1
CASSLIAGAGNEQFF	1
CASSLIARPYEQYF	1
CASSLTSYNEQFF	1
CASSLTRDYEQYF	1
CASSLTPGTGPYEQYF	1
CASSLTGPGDVGGRSSTDTQYF	1
CASSLTGTGIFSTDTQYF	1
CASSLTTSGREETQYF	1
CASSLTGGRGAREQFF	1
CASSLTGGTDTQYF	1
CASSLTNPTGGAGQPQHF	1
CASSLSGQRGDTQYF	1
CASSLSPGPTTDTQYF	1
CASSLSGLNTEAFF	1
CASSLSTDTQYF	1
CASSLRGQGGTGELFF	1
CASSLRTGTYEQYF	1
CASSLRLASRDEQFF	1
CASSLRQGRNPYEQYF	1
CASSLRQGGQETQYF	1
CASSLNFGQGIEQYF	1
CASSLKPSSYEQYF	1
CASSLKAGRTDTQYF	1
CASSLKGGNTGELFF	1
CASSLKGTYNEQFF	1
CASSPFGAGSYNEQFF	1
CASSPLQGPEQYF	1
CASSPLAGGPETQYF	1
CASSPSPLYYSGPHEQFF	1
CASSPSSSNEQYF	1
CASSPSFGTQYF	1
CASSPSWGGAYNEQFF	1
CASSPSRGLGNTIYF	1
CASSPSRQGGYEQYF	1
CASSPSLRLAGESRYEQYF	1
CASSPSAASTDTQYF	1
CASSPSGSGDEQFF	1
CASSPWGGRSSYNEQFF	1
CASSPWGLAETDTQYF	1
CASSPWEETYNEQFF	1
CASSPWTSDEQYF	1
CASSPYSGRAFRNEQFF	1
CASSPYRELAEAFF	1
CASSPLSGQGSEQYF	1
CASSPLGSGSKETQYF	1
CASSPLSAPYEQYF	1
CASSPLQWGGETQYF	1
CASSPLAGSEETQYF	1
CASSPLAGSSSDTQYF	1
CASSPLNPRSGNTIYF	1
CASSPPWLAGPVWADTQYF	1
CASSPPYGAFYEQYF	1
CASSPPPAGLYNEQFF	1
CASSPPPEGLDHYEQYF	1
CASSPPSGTNTGELFF	1
CASSPPERGLQYF	1
CASSPPGQGYHEQYF	1
CASSPRAERAYEQYF	1
CASSPRSAVPYEQYF	1
CASSPRRNEQFF	1
CASSPRDSSDHEQFF	1
CASSPRATEGGYTF	1
CASSPRAVNTGELFF	1
CASSPRDHTQETQYF	1
CASSPREGRIYGYTF	1
CASSPREGYTEAFF	1
CASSPRTSPGGTQYF	1
CASSPRTSGRARDTQYF	1
CASSPRLARNEQFF	1
CASSPRPDGNTEAFF	1
CASSPRAGRDTQYF	1
CASSPHGTSGRIRNEQFF	1
CASSPHSYEQYF	1
CASSPHWRERVDTQYF	1
CASSPQGVATGELFF	1
CASSPQGIADTQYF	1
CASSPQGFGTDTQYF	1
CASSPQSGAPYNEQFF	1
CASSPQAGANEQYF	1
CASSPQGRGPYEQYF	1
CASSPVLRGANEQFF	1
CASSPVSGNTIYF	1
CASSPVGGSYNEQFF	1
CASSPVITGFDYEQYF	1
CASSPAGVSTYEQYF	1
CASSPAPEPYEQYF	1
CASSPAALGYNEQFF	1
CASSPGGLTGELFF	1
CASSPGGSEQFF	1
CASSPGGALRAQETQYF	1
CASSPGDRATEAFF	1
CASSPGEASGKDYNEQFF	1
CASSPGTSGRPETQYF	1
CASSPGTGVNTEAFF	1
CASSPGLFINRSYEQYF	1
CASSPGLANEQFF	1
CASSPGPFSGELFF	1
CASSPGQASYNEQFF	1
CASSPGQGGNEQFF	1
CASSPGEGGSYNEQFF	1
CASSPDSYNEQFF	1
CASSPDGYEQYF	1
CASSPDGGETQYF	1
CASSPDRELGDEQYF	1
CASSPEGAHEQYF	1
CASSPEAGLPDTQYF	1
CASSPIPSGETQYF	1
CASSPITGSSSYNEQFF	1
CASSPMPGVNTEAFF	1
CASSPMGGTSYNEQFF	1
CASSPMGDTQYF	1
CASSPIQGALGEKLFF	1
CASSPIGARGTEAFF	1
CASSPIDKGSNQPQHF	1
CASSPTIRYNEQFF	1
CASSPTSGGDTQYF	1
CASSPTRGPTIYEQYF	1
CASSPTRIGFEEQFF	1
CASSPTGPHSGELFF	1
CASSPTITGELFF	1
CASSPTARTGPHEQFF	1
CASSPTGAPGPQHF	1
CASSPSPGTSGGPSYNEQFF	1
CASSPSIPLNEQFF	1
CASSPSSLHNEQFF	1
CASSPSSQLSGRSYRTEQFF	1
CASSPSWASGSSYNEQFF	1
CASSPSPRDRAYNEQFF	1
CASSPSGGQFF	1
CASSPSGDYNEQFF	1
CASSPSGESSYEQYF	1
CASSPSGRDEQFF	1
CASSPSGRGSEQYF	1
CASSPRSGANVLTF	1
CASSPRRDNEQFF	1
CASSPRDREREQYF	1
CASSPRTGGAWELFF	1
CASSPRKGGSTDTQYF	1
CASSPRPGLAGNNEQFF	1
CASSPRASTEQFF	1
CASSPNGLSDGELFF	1
CASSPNWGSYNEQFF	1
CASSPNAGASYEQYF	1
CASSPNTGTTGELFF	1
CASSPNRVRSTDTQYF	1
CASSPKTSGSSYEQYF	1
CASSPKSGANVLTF	1
CASSPKNVREASYNEQFF	1
CASSPFSGSSYNEQFF	1
CASSPFLTGELFF	1
CASSPFRAHSYNEQFF	1
CASSPFRDGTYEQYF	1
CASSPLYGSGRVNEQYF	1
CASSPLGASGRLHEQYF	1
CASSPLGTTSTDTQYF	1
CASSPLTSGRLGEQFF	1
CASSPLTGDYNEQFF	1
CASSPLNKGAEYNEQFF	1
CASSPLSETQYF	1
CASSPLLGAYNEQFF	1
CASSPLVAGVVHEQYF	1
CASSPLGRAVGESYEQYF	1
CASSPSHGGDGQETQYF	1
CASSPSARETQYF	1
CASSPSLGQGRNEQYF	1
CASSPSLAGIMNEQFF	1
CASSPSLPANARNEQFF	1
CASSPSGANVLTF	1
CASSPSGLAHNEQFF	1
CASSPSEQPYQETQYF	1
CASSPSIKGGRAQSSYEQYF	1
CASSPSLAGDDYEQFF	1
CASSPSAGRSYNEQFF	1
CASSPSGGEPTQYF	1
CASSPSGETQYF	1
CASSPSTGTNEAFF	1
CASSPSGLSSYNEQFF	1
CASSPSGLTQPQHF	1
CASSPWRWGKNTGELFF	1
CASSPWAISSTDTQYF	1
CASSPWGGIYEQYF	1
CASSPWGTRASYEQFF	1
CASSPWGAGAYNEQFF	1
CASSPWEREYSDEQFF	1
CASSPWTSYTDTQYF	1
CASSPWTGVNTEAFF	1
CASSPWTGTNEQFF	1
CASSPWREKLFF	1
CASSPWRDTQYF	1
CASSPYRAPRQGGETQYF	1
CASSPYNVPGELFF	1
CASSPYSGTSGRAYEQYF	1
CASSPYPKGVTGNTIYF	1
CASSPYRLAGNNEQFF	1
CASSPYNLRTDTQYF	1
CASSPLSHNEQFF	1
CASSPLLAGDYEQYF	1
CASSPLPTVGNEQFF	1
CASSPLGEQYF	1
CASSPLTGRGQPQHF	1
CASSPLSGGSYEQYF	1
CASSPLVEQYF	1
CASSPLGPEAFF	1
CASSPLGRSYEQYF	1
CASSPLGLAGKRDTQYF	1
CASSPLETDTQYF	1
CASSPLRQGTYEQYF	1
CASSPLGFENIQYF	1
CASSPLGEANEQFF	1
CASSPLDPGTGELFF	1
CASSPLDSARETQYF	1
CASSPLTSGSRNIQYF	1
CASSPLDLDRNYEQYF	1
CASSPLMIGDTQYF	1
CASSPPARPDTQYF	1
CASSPPSGRAVDEQFF	1
CASSPPFPGRDNSPLHF	1
CASSPPSYNEQFF	1
CASSPPLLGGRTYEQYF	1
CASSPPPYNEQFF	1
CASSPPPGQSTDTQYF	1
CASSPPANGETQYF	1
CASSPPARGGADTQYF	1
CASSPPGGPTYNEQFF	1
CASSPPGWREVSQNEQFF	1
CASSPPDTNEQFF	1
CASSPPLGDTQYF	1
CASSPPWGVGQYF	1
CASSPPVSDSTDTQYF	1
CASSPPAAGELFF	1
CASSPPGANEQFF	1
CASSPPGLRFVTQYF	1
CASSPPDRDEKLFF	1
CASSPPRRYEQYF	1
CASSPPGLRQGAGTQYF	1
CASSPPEEREIYEQYF	1
CASSPPTKGDPWETQYF	1
CASSPRWGSLNEQFF	1
CASSPRLAGLEQYF	1
CASSPRPGTSGTLAKNIQYF	1
CASSPRGLSSYNEQFF	1
CASSPRGGLGQTDTQYF	1
CASSPRGGSSYNEQFF	1
CASSPRRGRTYEQYF	1
CASSPRNRGDVLFF	1
CASSPRLSEFLYEQYF	1
CASSPRSGVPYEQYF	1
CASSPRPETQYF	1
CASSPRVDEQYF	1
CASSPRAYQQFF	1
CASSPRGGRFDEQFF	1
CASSPRGEKLFF	1
CASSPRGGRGRDEQFF	1
CASSPRGTGAPYEQYF	1
CASSPRGAYGYTF	1
CASSPRDSGFSYNEQFF	1
CASSPRDWALPDTQYF	1
CASSPRDRDNEQFF	1
CASSPRDRYNEQFF	1
CASSPRDNEQFF	1
CASSPREDSYEQYF	1
CASSPRENTGELFF	1
CASSPRIVSYEQYF	1
CASSPRTSGANVLTF	1
CASSPRTSPIYEQYF	1
CASSPRTSGTSTDTQYF	1
CASSPRTSGIFNEQFF	1
CASSPRTSGRAGETQYF	1
CASSPRTGSLTGELFF	1
CASSPRTGPLTDTQYF	1
CASSPRSYTDTQYF	1
CASSPRRVGETQYF	1
CASSPRLNTEAFF	1
CASSPRLASSGEQYF	1
CASSPRLAGVWNEQFF	1
CASSPRLADTYEQYF	1
CASSPRQVHEQFF	1
CASSPRQGLWETQYF	1
CASSPRQGAYNEQFF	1
CASSPRQGILSGANVLTF	1
CASSPRQELGGYTF	1
CASSPRASGRAFETQYF	1
CASSPRGDSYTGELFF	1
CASSPHWGLTYEQYF	1
CASSPHRTYEQYF	1
CASSPHVTFL	1
CASSPHGLAEQETQYF	1
CASSPQWTGGPGEQYF	1
CASSPQREIDEQYF	1
CASSPQQGADTGELFF	1
CASSPQVGSLPSYEQYF	1
CASSPQGGPQETQYF	1
CASSPQGSQETQYF	1
CASSPQGYQETQYF	1
CASSPQGGYTEAFF	1
CASSPQGGAYNEQFF	1
CASSPQGVGELFF	1
CASSPQGSSERTGELFF	1
CASSPQDRVINEQFF	1
CASSPQRRNEQFF	1
CASSPQNTGELFF	1
CASSPQWLAGKTQYF	1
CASSPQPGRNTGELFF	1
CASSPQGQETQYF	1
CASSPQGLAVDEQFF	1
CASSPQETEAFF	1
CASSPVLADSYEQYF	1
CASSPVNTGELFF	1
CASSPVLGVYEQYF	1
CASSPVPDTQYF	1
CASSPVGTGAHEQYF	1
CASSPVGPGGTDTQYF	1
CASSPVGPPWDYLPQHF	1
CASSPVGGETQYF	1
CASSPVGNEQFF	1
CASSPVSGKAYNEQFF	1
CASSPVPGLANEQFF	1
CASSPVPGQGHLNTEAFF	1
CASSPVPVGSEQFF	1
CASSPVAGMVGNEQFF	1
CASSPAFSAADTQYF	1
CASSPALDTQYF	1
CASSPASGRSFYEQYF	1
CASSPAWGGKNIQYF	1
CASSPALAGSRNEQFF	1
CASSPAPGFLAGGKADTQYF	1
CASSPAGTSEETQYF	1
CASSPAGTGISYEQYF	1
CASSPAGLAQETQYF	1
CASSPAKVAGRTDTQYF	1
CASSPAAPLAKNIQYF	1
CASSPAGVMDIQYF	1
CASSPAGSSPLHF	1
CASSPAGLVTNEQFF	1
CASSPAEGRDTQYF	1
CASSPAGLSSYEQYF	1
CASSPAGGYNEQFF	1
CASSPGSSGVYNEQFF	1
CASSPGGSGANVLTF	1
CASSPGGSPQHF	1
CASSPGSQGYNEQFF	1
CASSPGGEREQYF	1
CASSPGTGNTGELFF	1
CASSPGVGQETQYF	1
CASSPGAGEQFF	1
CASSPGAGAETQYF	1
CASSPGAYNEQFF	1
CASSPGGLDEKLFF	1
CASSPGGHEQYF	1
CASSPGGGIWGTDTQYF	1
CASSPGGLAGLTDTQYF	1
CASSPGDSYNEQFF	1
CASSPGDRENSPLHF	1
CASSPGEAGAYNEQFF	1
CASSPGETQYF	1
CASSPGTSETQYF	1
CASSPGTSDTGELFF	1
CASSPGTSVTDTQYF	1
CASSPGTSAYYEQYF	1
CASSPGTSAPGQFF	1
CASSPGTSGIPEQYF	1
CASSPGTSGSSYEQYF	1
CASSPGTSGLNDYEQYF	1
CASSPGTSGSGAGELFF	1
CASSPGTSGRPNSYNEQFF	1
CASSPGTSRNSYEQYF	1
CASSPGTLGVYEQYF	1
CASSPGTVVGYTF	1
CASSPGTAVTYEQYF	1
CASSPGTGGTDEQYF	1
CASSPGTGLRYEQYF	1
CASSPGTGSSYEQYF	1
CASSPGTGVYYGYTF	1
CASSPGTGVNTGELFF	1
CASSPGTGAYEQYF	1
CASSPGTGGVETQYF	1
CASSPGTGGTDTQYF	1
CASSPGTGRSYEQYF	1
CASSPGTGNYGYTF	1
CASSPGRLGYF	1
CASSPGNQPQHF	1
CASSPGLAGSSSYNEQFF	1
CASSPGSDYEQYF	1
CASSPGLRTYEQYF	1
CASSPGLPETQYF	1
CASSPGLHYNEQFF	1
CASSPGLAYEQYF	1
CASSPGLAFEQFF	1
CASSPGLAAYNEQFF	1
CASSPGLAGLDTQYF	1
CASSPGLAGGRAYNEQFF	1
CASSPGLGVDEQYF	1
CASSPGPLNEQFF	1
CASSPGRIQETQYF	1
CASSPGHPTDTQYF	1
CASSPGQGTDTQYF	1
CASSPGQGIITDTQYF	1
CASSPGGRLSTDTQYF	1
CASSPGTGRMWEQYF	1
CASSPDMGGQFF	1
CASSPDFSYEQYF	1
CASSPDSYEQYF	1
CASSPDGGYGYTF	1
CASSPDRAYNEQFF	1
CASSPDRATYNEQFF	1
CASSPDRRQETQYF	1
CASSPDNELAGVYNEQFF	1
CASSPDKTGWGQETQYF	1
CASSPEWGRGYEQYF	1
CASSPEDRASSNTGELFF	1
CASSPEESYEQYF	1
CASSPETRLYNEQFF	1
CASSPELTYNEQFF	1
CASSPEGDTGELFF	1
CASSPEGGAGDHQDTQYF	1
CASSPEETQYF	1
CASSPIPPDSYEQYF	1
CASSPIGGSAYNEQFF	1
CASSPIGDGRANDEQFF	1
CASSPMYRGAYTEAFF	1
CASSPMGRGRDTEAFF	1
CASSPMGSSYEQYF	1
CASSPITRDYYNEQFF	1
CASSPIRGGSADTQYF	1
CASSPTRARREHGYNEQFF	1
CASSPTEGYEQYF	1
CASSPTSANTGELFF	1
CASSPTSGAYEQYF	1
CASSPTSGSFTSTDTQYF	1
CASSPTSGRYYEQYF	1
CASSPTSGNEQFF	1
CASSPTYQWTAYEQYF	1
CASSPTPGGNEQFF	1
CASSPTANTEAFF	1
CASSPTGGAHQPQHF	1
CASSPTEEGRHEQFF	1
CASSPTINSYNEQFF	1
CASSPTRGTSGVTYEQYF	1
CASSPTLGQGSNEKLFF	1
CASSPTGDTQYF	1
CASSPTQGAQNTEAFF	1
CASSPTGYKNIQYF	1
CASSPTGDRETQYF	1
CASSPSSGLYNEQFF	1
CASSPSFGSHEQFF	1
CASSPSSYNEQFF	1
CASSPSSGGETQYF	1
CASSPSYEQYF	1
CASSPSGTSYNEQFF	1
CASSPSRHQRGNEKLFF	1
CASSPRVSEQYF	1
CASSPRASTDTQYF	1
CASSPRGYQPQHF	1
CASSPRGIYEQYF	1
CASSPRDSITTQYF	1
CASSPREPPTPLHF	1
CASSPRESYEQYF	1
CASSPRTSGSAEQFF	1
CASSPRFDYEQYF	1
CASSPRLLTYNEQFF	1
CASSPRLAGVYNEQFF	1
CASSPRPPTFYNEQFF	1
CASSPRQGPSSGANVLTF	1
CASSPRGQGWNEQFF	1
CASSPRGVDEQYF	1
CASSPRGGGGSKNIQYF	1
CASSPNPRIDYGYTF	1
CASSPNPGLAEETQYF	1
CASSPKFQTEAFF	1
CASSPKALRTSGNTGELFF	1
CASSPKRGTADTQYF	1
CASSPKQTGSDTQYF	1
CASSPKGTGYNEQFF	1
CASSPKETTLTGELFF	1
CASSPKRQVFMNTEAFF	1
CASSPLWLAGADEQYF	1
CASSPLGGSGANVLTF	1
CASSPSSGSGDTQYF	1
CASSPSAGLYNEQFF	1
CASSPSGNQPQHF	1
CASSPSGVLGYEQYF	1
CASSPWTGNYEQYF	1
CASSPWSTDTQYF	1
CASSPYLPRGGNEQFF	1
CASSPLPGLAKNIQYF	1
CASSPLPGQEAFF	1
CASSPLDRGDIQYF	1
CASSPLEADTQYF	1
CASSPLIAGGSYNEQFF	1
CASSPLFGAGGREQYF	1
CASSPLFALAPGRDTQYF	1
CASSPLAGDTGELFF	1
CASSPLAEADTQYF	1
CASSPPRGITYEQYF	1
CASSPPRTSGRYEQYF	1
CASSPPGDSSYNEQFF	1
CASSPPGLAGDEQYF	1
CASSPPDRDTYEQYF	1
CASSPPEDRATDTQYF	1
CASSPPLAGYNEQFF	1
CASSPPGQLNTEAFF	1
CASSPPGGNTGELFF	1
CASSPPTGLAGEGEQYF	1
CASSPRWAFWEQYF	1
CASSPRLNYGYTF	1
CASSPRVSGSAKNIQYF	1
CASSPRLGTQYF	1
CASSPRRDRKSRAFF	1
CASSPRDLRSEQYF	1
CASSPRTSGSSTGELFF	1
CASSPRTMGTNEKLFF	1
CASSPRLVLNEQFF	1
CASSPRLAAKNIQYF	1
CASSPRLAGVNEQFF	1
CASSPHSETQYF	1
CASSPHQETQYF	1
CASSPQPGQTYEQYF	1
CASSPQRQGTEAFF	1
CASSPQRSSYNEQFF	1
CASSPVRPYEQYF	1
CASSPVGSVYEQYF	1
CASSPVRGRQPQHF	1
CASSPVRDEGYTF	1
CASSPVGVDEQYF	1
CASSPVSSSGSLEQFF	1
CASSPVLGAEQFF	1
CASSPVAGGPDTQYF	1
CASSPVAGGRNEQFF	1
CASSPAGLADAKETQYF	1
CASSPAPGLAGRGEQFF	1
CASSPARGADTQYF	1
CASSPAGHGELFF	1
CASSPAGLRLDYEQYF	1
CASSPADRSSSYEQYF	1
CASSPADRGSNTEAFF	1
CASSPALAGGPDTQYF	1
CASSPAGANIQYF	1
CASSPGLALNEQFF	1
CASSPGSGSSYNEQFF	1
CASSPGLGTSEKYEQYF	1
CASSPGSSYEQYF	1
CASSPGSNRDRSYEQYF	1
CASSPGPGGEQFF	1
CASSPGGRSLNEQFF	1
CASSPGGRRIYNEQFF	1
CASSPGSSYEQYF	1
CASSPGSGGKNIQYF	1
CASSPGLAKNIQYF	1
CASSPGPHSYNEQFF	1
CASSPGHSLYEQYF	1
CASSPGQGQETQYF	1
CASSPGGRETQYF	1
CASSPGGPSTDTQYF	1
CASSPGGAAEQFF	1
CASSPGGSSYNEQFF	1
CASSPGGSYSNQPQHF	1
CASSPGTSGSDEQYF	1
CASSPGTSGNNEQFF	1
CASSPGTNYEQYF	1
CASSPGTGLETQYF	1
CASSPGTGQETQYF	1
CASSPGTGGEETQYF	1
CASSPGTGETEAFF	1
CASSPGLSRGYEQYF	1
CASSPGLPAYEQYF	1
CASSPGLEQYF	1
CASSPGLAGGRSSYNEQFF	1
CASSPGLAGVYPYEQYF	1
CASSPGLAGAETQYF	1
CASSPGLAGGLPFF	1
CASSPGLAGRRISTDTQYF	1
CASSPGLAEYEQYF	1
CASSPGLGGEQFF	1
CASSPGLEGETQYF	1
CASSPGPMEPTGELFF	1
CASSPGPKETQYF	1
CASSPGPDTQYF	1
CASSPGRGTLRTGELFF	1
CASSPGQAGYEQYF	1
CASSPGQGGETQYF	1
CASSPGQGYNSPLHF	1
CASSPGQGPLYEQYF	1
CASSPGQGVTYEQYF	1
CASSPGVGRAYEQYF	1
CASSPGAIVRGTQYF	1
CASSPGDTQYF	1
CASSPDFRDETQYF	1
CASSPDLDTQYF	1
CASSPDLSSYNEQFF	1
CASSPDPLGETQYF	1
CASSPDQGDVNEKLFF	1
CASSPDGALDLAGANVLTF	1
CASSPDGTGELFF	1
CASSPDIHTGELFF	1
CASSPDRVYNEQFF	1
CASSPDRAEQYF	1
CASSPDRGLEQFF	1
CASSPDRGRTDTHYF	1
CASSPDRGDYEQYF	1
CASSPDRGKEAEAFF	1
CASSPDRELSYEQYF	1
CASSPDREAYEQYF	1
CASSPDRDQNIQYF	1
CASSPDNTEKLFF	1
CASSPEWGTGANVLTF	1
CASSPERAPNTGELFF	1
CASSPEGQGGNEQFF	1
CASSPELAGDNEQFF	1
CASSPEVPERRIRETQYF	1
CASSPEGTASSYEQYF	1
CASSPIWGNPYNEQFF	1
CASSPIGRTGELFF	1
CASSPMLAGDEQYF	1
CASSPMGELYNEQFF	1
CASSPMDRHNEQFF	1
CASSPMTSGDTDTQYF	1
CASSPMKIRGENEQFF	1
CASSPIAGAADTQYF	1
CASSPIAGRNEQFF	1
CASSPISGLRSYEQYF	1
CASSPTARNTGELFF	1
CASSPTSWDETQYF	1
CASSPTSGQETQYF	1
CASSPTSGSYEQYF	1
CASSPTSGELFF	1
CASSPTSGRTETQYF	1
CASSPTSRKNIQYF	1
CASSPTWRMWSYNEQFF	1
CASSPTPSTDTQYF	1
CASSPTRGLHLGEQYF	1
CASSPTRDRAYEQYF	1
CASSPTRLAATYNEQFF	1
CASSPTRPGDTQYF	1
CASSPTVRPGNTIYF	1
CASSPTGGENGEQFF	1
CASSPTGEGYYEQYF	1
CASSPTGNSNQPQHF	1
CASSPTEAYEQYF	1
CASSPTYGRDSYEQYF	1
CASSPTLAASYNEQFF	1
CASSPTLAAKSDEQFF	1
CASSPTAYNEQFF	1
CASSPTGAGETQYF	1
CASSPTGGYEQYF	1
CASSPTGDEQFF	1
CASSPTGMNTDTQYF	1
CASSPTGTSGPRDEQFF	1
CASSPTGSSYEQYF	1
CASSPSSGRESYNEQFF	1
CASSPSGRANNEQFF	1
CASSPRWRDSSYEQYF	1
CASSPRWAGANVLTF	1
CASSPRWGEQYF	1
CASSPRANEQFF	1
CASSPRGGTTDTQYF	1
CASSPRGAGTGELFF	1
CASSPRDREGDEKLFF	1
CASSPRTVNIQYF	1
CASSPRTSGRNNEQFF	1
CASSPRTGHYEQYF	1
CASSPRRNLAKNIQYF	1
CASSPRQGSADTQYF	1
CASSPRGGTRYDQPQHF	1
CASSPNPDQTGPRDTQYF	1
CASSPNEGLNTEAFF	1
CASSPNPGTSGEQFF	1
CASSPNNEQFF	1
CASSPKWGTANTGELFF	1
CASSPKPTQGLGEQYF	1
CASSPKVGGPWETQYF	1
CASSPKRGLNYNEQFF	1
CASSPKWRETVDEQFF	1
CASSPKLAGVDTQYF	1
CASSPKPSYNEQFF	1
CASSPFRGKSSYEQYF	1
CASSPFSAGELFF	1
CASSPLAAGGYNIQYF	1
CASSPLWTSGTMSSYNEQFF	1
CASSPSDRPYGNTIYF	1
CASSPSIKGELFF	1
CASSPSSEREQFF	1
CASSPSGRRTYEQYF	1
CASSPSSIGGMNTEAFF	1
CASSPSTAVQETQYF	1
CASSPSTAGAYEQYF	1
CASSPSLHSYNEQFF	1
CASSPWGSGQETQYF	1
CASSPWDNTDTQYF	1
CASSPYDNEQFF	1
CASSPLPGQGSYEQYF	1
CASSPLTSGYNEQFF	1
CASSPLGRTQETQYF	1
CASSPLGQVAGELFF	1
CASSPLMGTGELFF	1
CASSPLARNTEAFF	1
CASSPLAGSYNEQFF	1
CASSPLAGQYNEQFF	1
CASSPLAGASEQYF	1
CASSPLAGAEDTQYF	1
CASSPLAGGYEQYF	1
CASSPLAGGTQETQYF	1
CASSPPPGEAFF	1
CASSPPWGGGSYNEQFF	1
CASSPPAGPRFF	1
CASSPPGRWDTQYF	1
CASSPPERTAWEQYF	1
CASSPPQGLGQETQYF	1
CASSPPGQLYEQYF	1
CASSPPGQGSLLDEKLFF	1
CASSPPTGTSGSADTQYF	1
CASSPPAGGELFF	1
CASSPRGGTTSGSLSYEQYF	1
CASSPRSIRARVYNEQFF	1
CASSPRRASADNEQFF	1
CASSPRRLAEQETQYF	1
CASSPRVGADTQYF	1
CASSPRAGSSYEQYF	1
CASSPRGGSNEKLFF	1
CASSPRGSGQETQYF	1
CASSPRGAGPQETQYF	1
CASSPRTSGRRGDTQYF	1
CASSPRWGLAGVYEQFF	1
CASSPRLAGNYNEQFF	1
CASSPRLGRGQETQYF	1
CASSPRPGLGYEQYF	1
CASSPRGGYEQYF	1
CASSPHYSGTYEQYF	1
CASSPHPTGELFF	1
CASSPHTGAESTDTQYF	1
CASSPHSYTYEQYF	1
CASSPQGSGYTEAFF	1
CASSPQGNYGYTF	1
CASSPQGGQVEDEQYF	1
CASSPQGTGYSEAFF	1
CASSPQMTRSYNEQFF	1
CASSPVSSNQPQHF	1
CASSPVGVEQYF	1
CASSPVGGGDTQYF	1
CASSPVGYNEQFF	1
CASSPVGSGETQYF	1
CASSPVRGQETQYF	1
CASSPALGELVTYEQYF	1
CASSPAYGNEQFF	1
CASSPAPGEQYF	1
CASSPAQFRGMEQFF	1
CASSPAGTSGRSVRYTDTQYF	1
CASSPAKGRQETQYF	1
CASSPAGAHEQYF	1
CASSPAGGSYNEQFF	1
CASSPAGQGKYNEQFF	1
CASSPARGRGAHTQYF	1
CASSPAPGEQFF	1
CASSPGYEQYF	1
CASSPGLSPFPTTDTQYF	1
CASSPGRGGPEQYF	1
CASSPGESGLERADTQYF	1
CASSPGTGELFF	1
CASSPGVRLSAEQYF	1
CASSPGAGLASSYEQYF	1
CASSPGAGARDTQYF	1
CASSPGGASYEQYF	1
CASSPGGVYEQYF	1
CASSPGGQTYEQYF	1
CASSPGDRRYSNQPQHF	1
CASSPGTSFNEQFF	1
CASSPGTSGTNTGELFF	1
CASSPGTSGSLYNEQFF	1
CASSPGTSGRFQESSYNEQFF	1
CASSPGTARFYNEQFF	1
CASSPGSQPQHF	1
CASSPGLAGTDTQYF	1
CASSPGLAGPPNEQFF	1
CASSPGLAGVYNEQFF	1
CASSPGLAGAPQYF	1
CASSPGPREHKNIQYF	1
CASSPGQVPDTQYF	1
CASSPGQGAITGELFF	1
CASSPGQGTTDTQYF	1
CASSPGASGANVLTF	1
CASSPDYEQYF	1
CASSPDPSIGGYTF	1
CASSPDRWSTGELFF	1
CASSPDRGDQPQHF	1
CASSPENSWPQHF	1
CASSPILPGHNEQFF	1
CASSPITPGNEQFF	1
CASSPMVGLWTWTDTQYF	1
CASSPMGLAGSTDTQYF	1
CASSPMGLASNEQYF	1
CASSPTGGGRAETQYF	1
CASSPTSGYEQYF	1
CASSPTSSSTDTQYF	1
CASSPTRGEQYF	1
CASSPTRMYNEQFF	1
CASSPTPTGTAPAGETQYF	1
CASSPTRLAGGHEQFF	1
CASSPTGTGGAGGYTF	1
CASSPTGLAGVDEQFF	1
CASSPTTSAEQFF	1
CASSPTTGATTSNQPQHF	1
CASSPTSPSGSNSYEQYF	1
CASSPTLPYEQYF	1
CASSPTGQIPYEQYF	1
CASSPTTVRGYEQYF	1
CASSPTGERSEKLFF	1
CASSPSWTEPQETQYF	1
CASSPSGRATDTQYF	1
CASSPSGRADTQYF	1
CASSPRGGAPGTGELFF	1
CASSPREPSEQFF	1
CASSPRTSGSPYEQYF	1
CASSPRTSGRGSNTQYF	1
CASSPRTGPYYGYTF	1
CASSPRSSYEQYF	1
CASSPRRDRVGNEQFF	1
CASSPRLAGTDTQYF	1
CASSPRLAGQSDEQFF	1
CASSPRLAGGPLTGELFF	1
CASSPRLESSYEQYF	1
CASSPRTRNEQFF	1
CASSPNQGPDTQYF	1
CASSPKGPGASYNEQFF	1
CASSPKGILSGANVLTF	1
CASSPKMSGVTYEQYF	1
CASSRFDEQFF	1
CASSRLGENTEAFF	1
CASSRLGQGYDEQYF	1
CASSRLLAGSSTDTQYF	1
CASSRSYNEQFF	1
CASSRPSGDEQYF	1
CASSRRKYRHYEQYF	1
CASSRQGGSTDTQYF	1
CASSRAGGQETQYF	1
CASSRGKGVPYEQYF	1
CASSRGLYEQYF	1
CASSRGGTSHLGSSYNEQFF	1
CASSRGTGKYF	1
CASSRGLAGNEQFF	1
CASSRGLAGGTDTQYF	1
CASSRGTRDNSEQFF	1
CASSRDLDRFYEQYF	1
CASSRIGHREKNTEAFF	1
CASSRTASGIAETQYF	1
CASSRTGAYEQYF	1
CASSRTPDWHEQFF	1
CASSRTGSGANVLTF	1
CASSRTGGTEAFF	1
CASSRSGTSLYNEQFF	1
CASSRSGSSYNEQFF	1
CASSRSGRNTGELFF	1
CASSRNLREINNEQFF	1
CASSRNDRRNQPQHF	1
CASSRKQGLSSGAGELFF	1
CASSRKGNEAFF	1
CASSRSGAGYNEQFF	1
CASSRSGREYTGELFF	1
CASSRYGNIQYF	1
CASSRLIDTQYF	1
CASSRLDRNNQPQHF	1
CASSRLRLTGELFF	1
CASSRLEGGNEQFF	1
CASSRLAGIYNEQFF	1
CASSRLAGIYEQYF	1
CASSRLGEGVHNEQFF	1
CASSRPGQQYEKLFF	1
CASSRPRRSGTRVDTQYF	1
CASSRPQGVGTDTQYF	1
CASSRRDSSYEQYF	1
CASSRRDRQNTEAFF	1
CASSRREGVQTQYF	1
CASSRREGSVGELFF	1
CASSRRTGGDEQYF	1
CASSRRRSTDTQYF	1
CASSRRLAGGPRTDTQYF	1
CASSRQLAGGRETQYF	1
CASSRASARGANVLTF	1
CASSRAGGVGANVLTF	1
CASSRARGVNTGELFF	1
CASSRAGGPYEQYF	1
CASSRGSSGNTGELFF	1
CASSRGLSATSYNEQFF	1
CASSRGTLDEQYF	1
CASSRGTSVDNEQFF	1
CASSRGTSGLLAKNIQYF	1
CASSRGTGRNSPLHF	1
CASSRGLGETQYF	1
CASSRGLAGQNEQFF	1
CASSRGLAVYNEQFF	1
CASSRGQGMTDGYTF	1
CASSRDYYEQYF	1
CASSRDGDTQYF	1
CASSRDSTPPYEQYF	1
CASSRTQPLSGGTQYF	1
CASSRTSRGPGELFF	1
CASSRTGTEAFF	1
CASSRTRPSYNEQFF	1
CASSRTGGGQPQHF	1
CASSRTENTEAFF	1
CASSRSGSLGNEQFF	1
CASSRSGRARTDTQYF	1
CASSRSGRASDTQYF	1
CASSRRDPPSYNEQFF	1
CASSRRQGDGDTQYF	1
CASSRRGGGRASRTYNEQFF	1
CASSRNRTAPQETQYF	1
CASSRNGPYEQYF	1
CASSRKLGYEQYF	1
CASSRKEGGPNTDTQYF	1
CASSRFTSHSRENEKLFF	1
CASSRLAEPSYEQYF	1
CASSRSSYEQYF	1
CASSRWLAGGHEGDTQYF	1
CASSRWTDGMDTEAFF	1
CASSRYRGAYEQYF	1
CASSRLGTGGFETQYF	1
CASSRLHLTTYEQYF	1
CASSRRDRALYEQYF	1
CASSRQGIDTQYF	1
CASSRVDEQHTEAFF	1
CASSRATGGGETQYF	1
CASSRASTDTQYF	1
CASSRAPSQETQYF	1
CASSRAERAYNEQFF	1
CASSRGYGSPTDTQYF	1
CASSRGRDRINNEQFF	1
CASSRGQGIYEQYF	1
CASSRGGDEQFF	1
CASSRGTAKNIQYF	1
CASSRGLVNEQYF	1
CASSRGPNNEQFF	1
CASSRGQPNEKLFF	1
CASSRGQGSSETQYF	1
CASSRGQGGYNEQFF	1
CASSRGQGMDEQFF	1
CASSRGQSSYNEQFF	1
CASSRDHYNEQFF	1
CASSRDGPYEQYF	1
CASSRDTNYEQYF	1
CASSRDTDTQYF	1
CASSRDSNSPLHF	1
CASSRDRGGEQYF	1
CASSRDRGVRETQYF	1
CASSRDRGTGELFF	1
CASSRDRGEKLFF	1
CASSRDRGSNQPQHF	1
CASSRDRDNGYTF	1
CASSRDREGEQYF	1
CASSRDRSSYNEQFF	1
CASSRDRAYEQYF	1
CASSREGAYEQYF	1
CASSRELVANYEQYF	1
CASSRESGPDTQYF	1
CASSRIRGAGSTDTQYF	1
CASSRMGGELRVYEQYF	1
CASSRIMGQGGHEQFF	1
CASSRTSYNEQFF	1
CASSRTSHPTTDTQYF	1
CASSRTSGDYNEQFF	1
CASSRTSGTKETQYF	1
CASSRTSGSGEQFF	1
CASSRTSGSVYEQYF	1
CASSRTSGRQETQYF	1
CASSRTSGRNEQYF	1
CASSRTSGLTDTQYF	1
CASSRTSENEQFF	1
CASSRTRGPYEQYF	1
CASSRTNSPLHF	1
CASSRTYPGEQYF	1
CASSRTGGQNIQYF	1
CASSRTGTSYNEQFF	1
CASSRTLLAGVSTGELFF	1
CASSRTRYTGELFF	1
CASSRTGLGETQYF	1
CASSRTGRNQPQHF	1
CASSRTGVSNEKLFF	1
CASSRTGDQETQYF	1
CASSRRVRGRETGELFF	1
CASSRRVNEQFF	1
CASSRRAQPTDTQYF	1
CASSRRAGVITEAFF	1
CASSRRGARADTGELFF	1
CASSRRDYLFSEQYF	1
CASSRRDGSSYEQYF	1
CASSRRTSGINTGELFF	1
CASSRRTGTRGDTQYF	1
CASSRRLAGGGNEQFF	1
CASSRNREKLFF	1
CASSRLAGGPREQYF	1
CASSRSGTGKQTQYF	1
CASSRSRVSNTQYF	1
CASSRSTPAYEQYF	1
CASSRSRLAGVDGELFF	1
CASSRLTSGSTDTQYF	1
CASSRLAPSSYEQYF	1
CASSRLAGREQFF	1
CASSRLAGAPKETQYF	1
CASSRLAGGSNEQFF	1
CASSRPSGLAKNIQYF	1
CASSRPGTGVNEQFF	1
CASSRPDTGTPSYNEQFF	1
CASSRPGLDYNEQFF	1
CASSRRDGGEQYF	1
CASSRRGASGSLRGDEQFF	1
CASSRQSYNEQFF	1
CASSRQLYNEQFF	1
CASSRQGAFSNEQFF	1
CASSRQGLQYF	1
CASSRQGIDTQYF	1
CASSRQGTTYEQYF	1
CASSRQNEKLFF	1
CASSRVKDTEAFF	1
CASSRVGSSYEQYF	1
CASSRVSGRIGIGELFF	1
CASSRASGSNYNEQFF	1
CASSRAGTSGPNEQFF	1
CASSRARGDTQYF	1
CASSRADRSYEQYF	1
CASSRAALSSGNTIYF	1
CASSRGGTGSLHF	1
CASSRGALKTDTQYF	1
CASSRGGYEQYF	1
CASSRGGRESPYNEQFF	1
CASSRGGGTDTQYF	1
CASSRGGEGTDTQYF	1
CASSRGTGAYEQYF	1
CASSRGTTSYEQYF	1
CASSRGLAQNYEQYF	1
CASSRGLATYNEQFF	1
CASSRGQGSLNEQYF	1
CASSRGQDYEQYF	1
CASSRGEAVSDGTQYF	1
CASSRGTIATNEKLFF	1
CASSRDWAPYNEQFF	1
CASSRDRVLTYGYTF	1
CASSRDRATETQYF	1
CASSRDRGDTEAFF	1
CASSRDRSEGNEQFF	1
CASSREQYNEQFF	1
CASSRIPDTQYF	1
CASSRIAYNEQFF	1
CASSRIDSGEQFF	1
CASSRMGFQRRTDTQYF	1
CASSRIGYEQYF	1
CASSRTGTAYEQYF	1
CASSRTVGGMDEQFF	1
CASSRTGGYEQYF	1
CASSRSGSSYNEQFF	1
CASSRSGRAGETQYF	1
CASSRRRLYGYTF	1
CASSRRGAGAKNIQYF	1
CASSRKTGTYEQYF	1
CASSHFRYEQYF	1
CASSHFLSNTEAFF	1
CASSHFPYEQYF	1
CASSHSAAIADTQYF	1
CASSHSEGVQTQYF	1
CASSHWGVPFTDTQYF	1
CASSHLRTPNTGELFF	1
CASSHPGTGELFF	1
CASSHPQRSTDTQYF	1
CASSHRDSLYEQYF	1
CASSHRTSGRRETQYF	1
CASSHRLAGGPETQYF	1
CASSHRQGTGELFF	1
CASSHHYSSYEQYF	1
CASSHHSTLAKNIQYF	1
CASSHQAGGETQYF	1
CASSHQNSPLHF	1
CASSHVPGGSRRNF	1
CASSHVGLAAQETQYF	1
CASSHVWQVAKNIQYF	1
CASSHASGSNTGELFF	1
CASSHAVGTGYNEQFF	1
CASSHGREITDTQYF	1
CASSHGGGMNTEAFF	1
CASSHGTSGIDEQYF	1
CASSHGTSGPERSTDTQYF	1
CASSHGLAGGYEQYF	1
CASSHGQGLQETQYF	1
CASSHGGTARAYEQYF	1
CASSHDRDQPQHF	1
CASSHEMSNTEAFF	1
CASSHMGRAETQYF	1
CASSHTLRSYEQYF	1
CASSHTSGLLRGPYEQYF	1
CASSHSGQETQYF	1
CASSHSGSVYEQYF	1
CASSHSGRAPYEQYF	1
CASSHRDFSYEQYF	1
CASSHRQGSYEQYF	1
CASSHRGSQETQYF	1
CASSHKTYNEQFF	1
CASSHLMGQGASGELFF	1
CASSHSFDTRTTEAFF	1
CASSHSDRATYEQYF	1
CASSHSQGSGELFF	1
CASSHWAAPGETQYF	1
CASSHYPGTSGRDNEQFF	1
CASSHLRVASYTQYF	1
CASSHLGLARYNEQFF	1
CASSHLEGKSTDTQYF	1
CASSHLPPRSETQYF	1
CASSHLGGRITGELFF	1
CASSHLGETRHFPGELFF	1
CASSHLGTGGSSYEQYF	1
CASSHLHSNQPQHF	1
CASSHLAYEQFF	1
CASSHLLGSPDTQYF	1
CASSHLGPGNEQFF	1
CASSHPQRRTDTQYF	1
CASSHPADLAGRHNEQFF	1
CASSHPSVGDTQYF	1
CASSHPSSGSSTDTQYF	1
CASSHPGTSLHF	1
CASSHPGTDEAFF	1
CASSHPGSGANTGELFF	1
CASSHPGLAGVNEQFF	1
CASSHRLLDEQFF	1
CASSHRSSARLAKNIQYF	1
CASSHRASGKETQYF	1
CASSHRGEKLFF	1
CASSHRGISNQPQHF	1
CASSHRDSTDTQYF	1
CASSHRDRAETQYF	1
CASSHREAGIPEAFF	1
CASSHHGGRRPEDTQYF	1
CASSHHGTESYNEQFF	1
CASSHQTTSYNEQFF	1
CASSHQGRTYEQYF	1
CASSHVPGRGPYEQYF	1
CASSHVRSEQFF	1
CASSHAGGTRETQYF	1
CASSHAEGLATNIQYF	1
CASSHAGVTYNEQFF	1
CASSHAGVNQPQHF	1
CASSHGTAIYEQYF	1
CASSHGTSGGTDTQYF	1
CASSHGTSGRGILGKNIQYF	1
CASSHGTGVDTQYF	1
CASSHGTGSSEQFF	1
CASSHGTGGLETQYF	1
CASSHGLQSSYEQYF	1
CASSHGLVREQYF	1
CASSHGLAGFYNEQFF	1
CASSHGLAGGPKNIQYF	1
CASSHGLATETQYF	1
CASSHGLARNTGELFF	1
CASSHGPFTDTQYF	1
CASSHDGREQFF	1
CASSHDRLTAKDNEQFF	1
CASSHEGTGGYEQYF	1
CASSHEIGGSSYEQYF	1
CASSHIYNEQFF	1
CASSHTTSPVADTQYF	1
CASSHTSGSPDTQYF	1
CASSHTSSYEQYF	1
CASSHTTGQGMEQYF	1
CASSHSGGSGDTQYF	1
CASSHSGTSTDTQYF	1
CASSHSGSITDTQYF	1
CASSHRGSTGRGDYEQYF	1
CASSHRQGQIYGYTF	1
CASSHNEGLGAYEQYF	1
CASSHNVRGTGVGTQYF	1
CASSHKTGSYEQYF	1
CASSQLATYDLKTQYF	1
CASSQLGAYNEQFF	1
CASSQSPTSGRSRAKNIQYF	1
CASSQSGTEFNEQFF	1
CASSQSGRETDTQYF	1
CASSQSEGILAKNIQYF	1
CASSQSTHRSYEQYF	1
CASSQWDGPYEQYF	1
CASSQWIMDSPLHF	1
CASSQYQFTDTQYF	1
CASSQYGGGETQYF	1
CASSQLLAGVRSTGELFF	1
CASSQLAGGETQYF	1
CASSQPSPTGDEQYF	1
CASSQRQGQETQYF	1
CASSQREAGELFF	1
CASSQREGPTDTQYF	1
CASSQQALPVQETQYF	1
CASSQQGPQETQYF	1
CASSQQGERISYEQYF	1
CASSQVAGTSGSSYNEQFF	1
CASSQVPSADTQYF	1
CASSQASTTYNEQFF	1
CASSQATGTAGEQYF	1
CASSQALNQPQHF	1
CASSQAPTGELFF	1
CASSQAGTSGPREDTQYF	1
CASSQAREVQETQYF	1
CASSQAGTLQETQYF	1
CASSQAGSRSYNEQFF	1
CASSQAGLGTGELFF	1
CASSQATNSYEQYF	1
CASSQGFNEQFF	1
CASSQGMAYEQYF	1
CASSQGSGTGELFF	1
CASSQGLTSGWYEQYF	1
CASSQGLEQFF	1
CASSQGSGYTDTQYF	1
CASSQGPTYNEQFF	1
CASSQGVRGLAGVEQYF	1
CASSQGALLQETQYF	1
CASSQGARGYTF	1
CASSQGGIEQYF	1
CASSQGGLAPSYEQYF	1
CASSQGTRTDTQYF	1
CASSQGTSGSKNEQFF	1
CASSQGTVSYEQYF	1
CASSQGTGGRNTEAFF	1
CASSQGTGGSGNEQFF	1
CASSQGSGNTIYF	1
CASSQGLEDYTDTQYF	1
CASSQGLAGVSDEQFF	1
CASSQGLAKQFF	1
CASSQGQASSYNEQFF	1
CASSQGQGSYEQYF	1
CASSQGQGAYEQYF	1
CASSQGQGPNTEAFF	1
CASSQGQGGYGYTF	1
CASSQGQRNQPQHF	1
CASSQGVAGFGETQYF	1
CASSQGGKNQPQHF	1
CASSQGTGGSYEQYF	1
CASSQDEGQGYYEQYF	1
CASSQDTAYNEQFF	1
CASSQDSEQFF	1
CASSQDLSYEQYF	1
CASSQDRGVSYEQYF	1
CASSQDGFYEQYF	1
CASSQDGIYEQYF	1
CASSQDSFLEQYF	1
CASSQDSSYEQYF	1
CASSQDRGLYNEQFF	1
CASSQDRNNQPQHF	1
CASSQEVGTPYEQYF	1
CASSQEGYSYEQYF	1
CASSQELAGDPYEQYF	1
CASSQEPRETQYF	1
CASSQEQGAKNIQYF	1
CASSQIGGFAYNEQFF	1
CASSQMTSGSGNEQFF	1
CASSQMTSGSEQFF	1
CASSQIGQGDEQYF	1
CASSQTSAGSDTQYF	1
CASSQTSGSGQETQYF	1
CASSQTSGRASFQETQYF	1
CASSQTSGRGNEQFF	1
CASSQTSGSTDTQYF	1
CASSQTWGGGKDTQYF	1
CASSQTGRLNTEAFF	1
CASSQTRGGANTGELFF	1
CASSQTGGRRNSPLHF	1
CASSQTGGPMYTQYF	1
CASSQTTGHEQFF	1
CASSQTQGAVYNEQFF	1
CASSQTGSDSYEQYF	1
CASSQTGDEQYF	1
CASSQTDDNEQFF	1
CASSQSQGNSGNTIYF	1
CASSQSMTSANRANEQFF	1
CASSQSSGAGINTQYF	1
CASSQSVRPPQFF	1
CASSQRLGSYEQYF	1
CASSQRAYEQYF	1
CASSQRTSGSHEQYF	1
CASSQRTSGYEQYF	1
CASSQKRFILGVAGEETQYF	1
CASSQFLPEETQYF	1
CASSQFLAGGEQYF	1
CASSQFGNEQFF	1
CASSQFGGVTGELFF	1
CASSQLGTNTYEQYF	1
CASSQLGREETQYF	1
CASSQLTGSNQPQHF	1
CASSQLPSAIGTKETQYF	1
CASSQLHSGDEQYF	1
CASSQLETGKQETQYF	1
CASSQSLESYNEQFF	1
CASSQSLGEAGDDWGTDTQYF	1
CASSQSANTGELFF	1
CASSQSGLEASGSNEQFF	1
CASSQSGTSGYNEQFF	1
CASSQSTSARSYEQYF	1
CASSQSTPGGTEETQYF	1
CASSQSNEQYF	1
CASSQSFLLADLPQYF	1
CASSQSWVDWGRDGYTF	1
CASSQSWTSGDTQYF	1
CASSQSYRTVRDYEQYF	1
CASSQSRGLVQETQYF	1
CASSQSMRDTQYF	1
CASSQSGAGELFF	1
CASSQWSTDTQYF	1
CASSQWAGTDTYEQYF	1
CASSQWGTSGSTGELFF	1
CASSQWDSVRTDTQYF	1
CASSQWDRPQETQYF	1
CASSQWNTGELFF	1
CASSQYGLSSSYNEQFF	1
CASSQYSPLSGRALNEQFF	1
CASSQYSGRSHEQFF	1
CASSQLGTSGFGEQYF	1
CASSQLISSYEQYF	1
CASSQLGAGGGMSEQYF	1
CASSQLGAGLTYNEQFF	1
CASSQLNRGGEQFF	1
CASSQLPSSYEQYF	1
CASSQLGGDEQFF	1
CASSQLTGVADTQYF	1
CASSQLFAPNQPQHF	1
CASSQLSGANTGELFF	1
CASSQLLSYEQYF	1
CASSQLAVPETQYF	1
CASSQLAGGYEQYF	1
CASSQLADQETQYF	1
CASSQLAESTDTQYF	1
CASSQLADTGELFF	1
CASSQLGTSGSISTDTQYF	1
CASSQLGQGSYNEQFF	1
CASSQPGGGEQYF	1
CASSQPSGIYNEQFF	1
CASSQPRGRFGTDTQYF	1
CASSQPRGATDIKYF	1
CASSQPQGLNSYEQYF	1
CASSQPGQGSENEQFF	1
CASSQPGGTGYNEQFF	1
CASSQPGLARGTDTQYF	1
CASSQPNRDDSTDTQYF	1
CASSQPPVETQYF	1
CASSQPASGRRYEQYF	1
CASSQRAGTAYEQYF	1
CASSQRGGTDTQYF	1
CASSQRLAGENEQFF	1
CASSQRGLGTGELFF	1
CASSQRGTNYEQYF	1
CASSQRDRHSPLHF	1
CASSQRDGKTYEQYF	1
CASSQRTAGELFF	1
CASSQRTGANSGANVLTF	1
CASSQRLAGGRNSYEQYF	1
CASSQRLAKSTDTQYF	1
CASSQRSVATQYF	1
CASSQHRNEQFF	1
CASSQHWTGNTEAFF	1
CASSQQLVRSEQYF	1
CASSQQGQWETQYF	1
CASSQQGGVSYGYTF	1
CASSQQGSGEQYF	1
CASSQVFGDEQFF	1
CASSQVFGTSGEQYF	1
CASSQVSLAGGMETQYF	1
CASSQVLSRDRGPNEQFF	1
CASSQVLDRAYEQYF	1
CASSQVRRGEQFF	1
CASSQVRAEQFF	1
CASSQVHEQYF	1
CASSQVQGATYEQYF	1
CASSQVVAGAVNTGELFF	1
CASSQVAGGVLQETQYF	1
CASSQVGLVDEQFF	1
CASSQVGAGGYTGELFF	1
CASSQVGGGNPYEQYF	1
CASSQVGEGEQETQYF	1
CASSQVGIAGGVEQFF	1
CASSQVIRGIGYNEQFF	1
CASSQVTREGNEQFF	1
CASSQVSGSNTGELFF	1
CASSQVNRRGQNEQYF	1
CASSQVFTGIETGELFF	1
CASSQVLLAGADTQYF	1
CASSQVLGATKNIQYF	1
CASSQVSGTGAGTNEKLFF	1
CASSQVSTSVKYEQYF	1
CASSQVWTIQETQYF	1
CASSQVYSSSPPSYEQYF	1
CASSQVPQETQYF	1
CASSQVPGPRGLAIYNEQFF	1
CASSQVAPGLGDSYEQYF	1
CASSQVAGSSYEQYF	1
CASSQVATRGLEQYF	1
CASSQVGQGRTDTQYF	1
CASSQVGGGSENTIYF	1
CASSQVDSHYYNEQFF	1
CASSQVDRGKGTEAFF	1
CASSQVEGNEQFF	1
CASSQVTSRYNEQFF	1
CASSQVRGHEQYF	1
CASSQVLGGQETQYF	1
CASSQVPGAGGNEQFF	1
CASSQVVTSNPREQFF	1
CASSQVASGSPNEQFF	1
CASSQVAVYHETQYF	1
CASSQVAGGSYEQYF	1
CASSQVGGNEQFF	1
CASSQVGEGTEAFF	1
CASSQVGLIGETQYF	1
CASSQVGAPSSYNEQFF	1
CASSQVDREQFF	1
CASSQVEAGGPDTQYF	1
CASSQVMAGDEETQYF	1
CASSQVTGSETQYF	1
CASSQVTGLAVPTDTQYF	1
CASSQVRNTIYF	1
CASSQVFAGGADTQYF	1
CASSQVSLAGGPLETQYF	1
CASSQVLRGDYEQYF	1
CASSQVPASGSRSDTQYF	1
CASSQVRTNQLHF	1
CASSQVGLAAQFF	1
CASSQVGLEQFF	1
CASSQVGRLAGIYEQYF	1
CASSQVEGAGETQYF	1
CASSQVTGWGEQFF	1
CASSQVRGHQETQYF	1
CASSQVKAGIYNEQFF	1
CASSQVKGTYEQYF	1
CASSQALQYSGNTIYF	1
CASSQAPRTSLYNEQFF	1
CASSQAPWDEQFF	1
CASSQARLAGEGYEQYF	1
CASSQAAAKGTDTQYF	1
CASSQAGYEQYF	1
CASSQATGYEQYF	1
CASSQASYHEQYF	1
CASSQASGGITGELFF	1
CASSQASGRDPDEQFF	1
CASSQARSDGIPGLAHF	1
CASSQAKSDTQYF	1
CASSQASGLVGYNEQFF	1
CASSQAPGLAGAGWVNEQFF	1
CASSQAPTKTYEQYF	1
CASSQARGGNTGELFF	1
CASSQARDRVGYTF	1
CASSQAHPLSWGTYNEQFF	1
CASSQAQETQYF	1
CASSQAGGRAVDEQFF	1
CASSQAGPYEQYF	1
CASSQATSYEQYF	1
CASSQATTSNEQFF	1
CASSQAKDYLNNEQFF	1
CASSQAFRSRPYEQYF	1
CASSQALASGRVSEQFF	1
CASSQASYEQYF	1
CASSQAPGNTGELFF	1
CASSQARGTTTYNEQFF	1
CASSQAAGNSPLHF	1
CASSQAGPWTGELFF	1
CASSQAGETQYF	1
CASSQAGRGAYEQYF	1
CASSQAGVETQYF	1
CASSQAGAGTDTQYF	1
CASSQAGGNTDTQYF	1
CASSQAGGPHEQYF	1
CASSQAEWDTQYF	1
CASSQAEETQYF	1
CASSQATTYEQYF	1
CASSQATSGAYNEQFF	1
CASSQASGGRNIQYF	1
CASSQANYEQYF	1
CASSQAFGENYGYTF	1
CASSQAHTGELFF	1
CASSQAARGLTDTQYF	1
CASSQAAGSPYEQYF	1
CASSQAARQGGTYEQYF	1
CASSQAGRGHEQYF	1
CASSQAGQFSYEQYF	1
CASSQAMADGTQYF	1
CASSQATGSSYEQYF	1
CASSQARTRTYEQYF	1
CASSQGFSGGGELFF	1
CASSQGLVTNEKLFF	1
CASSQGLNEQYF	1
CASSQGSRGSEETQYF	1
CASSQGYDHTGSTYEQYF	1
CASSQGYEQYF	1
CASSQGPGGSLYNEQFF	1
CASSQGPSSYNEQFF	1
CASSQGQNNEQFF	1
CASSQGVLAVPIHWGTYEQYF	1
CASSQGAAGGYNEQFF	1
CASSQGGFLGAGANVLTF	1
CASSQGSGNEQFF	1
CASSQGRGNSNEQFF	1
CASSQGYGRTGELFF	1
CASSQGPGLGLTYEQYF	1
CASSQGPLLAEGGLQETQYF	1
CASSQGPLSSGRGEQYF	1
CASSQGPGQGSDEQYF	1
CASSQGVDQNQYF	1
CASSQGAQGSQPQHF	1
CASSQGGSYNEQFF	1
CASSQGGGRYNEQFF	1
CASSQGGRDQETQYF	1
CASSQGEQGAIDTQYF	1
CASSQGISGRSTGELFF	1
CASSQGTDTQYF	1
CASSQGFSPPTYF	1
CASSQGFTTSSEQYF	1
CASSQGSGGSSYEQYF	1
CASSQGWMGEQFF	1
CASSQGYEQYF	1
CASSQGLPGQGAYEQYF	1
CASSQGLAGGTGELFF	1
CASSQGPITGELFF	1
CASSQGPPGTSIEQFF	1
CASSQGPNYNEQFF	1
CASSQGREGSTDTQYF	1
CASSQGRELYEQYF	1
CASSQGHRTGEQYF	1
CASSQGQREVTDTQYF	1
CASSQGVDGNTEAFF	1
CASSQGVRVPRDTQYF	1
CASSQGVVREQFF	1
CASSQGASGSYNEQFF	1
CASSQGARSTQYF	1
CASSQGAVGDTQYF	1
CASSQGAGGDYEQYF	1
CASSQGAGENIQYF	1
CASSQGAEGGPGSSFF	1
CASSQGAGSGELFF	1
CASSQGAGRGSGEGNEQFF	1
CASSQGAGLVQNEQYF	1
CASSQGGWSYEQYF	1
CASSQGGGRDVSEQYF	1
CASSQGGEQYF	1
CASSQGGDSYNEQFF	1
CASSQGGETQYF	1
CASSQGGLTTYEQYF	1
CASSQGDRLTGELFF	1
CASSQGEREGRNEQFF	1
CASSQGITSGSYNEQFF	1
CASSQGIRAAPLHF	1
CASSQGMGGYGYTF	1
CASSQGMMRLAKGLYEQYF	1
CASSQGTLYNEQFF	1
CASSQGTRRSGRQFF	1
CASSQGTSGSWNEQFF	1
CASSQGTSGSGTGELFF	1
CASSQGTSGKYAREQYF	1
CASSQGTPQGTQYF	1
CASSQGTHNEQFF	1
CASSQGTQEQYF	1
CASSQGTGSYEQYF	1
CASSQGTGSPYEQYF	1
CASSQGNKGTDTQYF	1
CASSQGFFQDMEEKLFF	1
CASSQGFSGMGTDTQYF	1
CASSQGLGSQETQYF	1
CASSQGWTGSWVGEQYF	1
CASSQGLQAYEQYF	1
CASSQGLAVSYEQYF	1
CASSQGLALSTDTQYF	1
CASSQGLAGYNEQFF	1
CASSQGLAGGYEQYF	1
CASSQGLAGGQETQYF	1
CASSQGLARNIQYF	1
CASSQGPPGTGELFF	1
CASSQGPQAPETQYF	1
CASSQGRLAGNTDTQYF	1
CASSQGRTSYNEQFF	1
CASSQGQGFSNQPQHF	1
CASSQGQGASNEKLFF	1
CASSQGQTYEQYF	1
CASSQGVVSSDYEQYF	1
CASSQGAGGITGELFF	1
CASSQGGRSLQNTQYF	1
CASSQGGKNTGELFF	1
CASSQGGANTEAFF	1
CASSQGDGSSKETQYF	1
CASSQGMSGRGQETQYF	1
CASSQGTAGRTGELFF	1
CASSQGSLADTGELFF	1
CASSQGRGGNGYTF	1
CASSQDFSNTQYF	1
CASSQDFGTSGRTDTQYF	1
CASSQDFLTSGYNEQFF	1
CASSQDFRMGETQYF	1
CASSQDLPPGGRSYEQYF	1
CASSQDLRPSYNEQFF	1
CASSQDLQRLQFF	1
CASSQDLGPYNKIRNIQYF	1
CASSQDLGVGYNEQFF	1
CASSQDLGQPYEQYF	1
CASSQDLDNEQFF	1
CASSQDLKAAGSRETQYF	1
CASSQDLASGRWGNEQFF	1
CASSQDLGPLSATDTQYF	1
CASSQDLRVGSEQYF	1
CASSQDLRGLDEQFF	1
CASSQDSSAGGEKLFF	1
CASSQDSAIYNEQFF	1
CASSQDSTRDEAFF	1
CASSQDSVRNEQFF	1
CASSQDWARRETQYF	1
CASSQDWGGAYYGYTF	1
CASSQDWGGPYEQYF	1
CASSQDWGLAGGEQFF	1
CASSQDWTNSQPQHF	1
CASSQDWTNEQYF	1
CASSQDWSGRGSTDTQYF	1
CASSQDWNGRDDEQYF	1
CASSQDYPAEGVNEQFF	1
CASSQDYGTEDEKLFF	1
CASSQDYTNTGELFF	1
CASSQDYRGRHTF	1
CASSQDYGVGNEKLFF	1
CASSQDYGETSEQFF	1
CASSQDLSREGSNEKLFF	1
CASSQDLLVHEQYF	1
CASSQDLQGYEQYF	1
CASSQDLGSGSDTQYF	1
CASSQDLGGREETQYF	1
CASSQDLSQRGNIQYF	1
CASSQDLAQETQYF	1
CASSQDLGGPTDTQYF	1
CASSQDLEPSYEQYF	1
CASSQDLWNEQFF	1
CASSQDLATGPSYEQYF	1
CASSQDLLAGFGDTQYF	1
CASSQDLGQGYGYTF	1
CASSQDLTSGAYEQYF	1
CASSQDPLAGAASYEQYF	1
CASSQDPPGLRLTGDTQYF	1
CASSQDPSGAPSSYNEQFF	1
CASSQDPSGRAFEQFF	1
CASSQDPWDRESEGYTF	1
CASSQDPLADLDYEQYF	1
CASSQDPGVSNQPQHF	1
CASSQDPQGETYEQYF	1
CASSQDRWRDEQYF	1
CASSQDRSGTLLGEQYF	1
CASSQDRSYEQYF	1
CASSQDRVRLWETQYF	1
CASSQDRRGKETQYF	1
CASSQDRRYGQFF	1
CASSQDRGSVRGRTQETQYF	1
CASSQDRGQPQHF	1
CASSQDRGEETQYF	1
CASSQDRDYPRVVQETQYF	1
CASSQDRTSPSNEQFF	1
CASSQDRTSGSSDTQYF	1
CASSQDRVRRLAGDNEQFF	1
CASSQDHTGELFF	1
CASSQDHRGDTQYF	1
CASSQDQGASTDTQYF	1
CASSQDQERRETQYF	1
CASSQDQAEYEQYF	1
CASSQDQGGAVRGDTQYF	1
CASSQDVLGVADTQYF	1
CASSQDVTRGPTGELFF	1
CASSQDVGGPQFF	1
CASSQDVRASGANVLTF	1
CASSQDVGGRNQPQHF	1
CASSQDAGAWTGELFF	1
CASSQDAGARETQYF	1
CASSQDAGGGQPQHF	1
CASSQDGRRDRIAKNIQYF	1
CASSQDGLAGGNRKFF	1
CASSQDGVGWGARETQYF	1
CASSQDGARYNEQFF	1
CASSQDGGPNTEAFF	1
CASSQDGDSGRRNEQYF	1
CASSQDGTSGRDTQYF	1
CASSQDGTAGGYNEQYF	1
CASSQDGQPQHF	1
CASSQDGETQYF	1
CASSQDDSNQPQHF	1
CASSQDDPTGLGVNEQFF	1
CASSQDEQGYEQYF	1
CASSQDITRDYEQYF	1
CASSQDISSGAADTQYF	1
CASSQDIRVERPLRAFF	1
CASSQDIGPQPQHF	1
CASSQDMGAKNIQYF	1
CASSQDIERLAGGTDTQYF	1
CASSQDTSVINEQFF	1
CASSQDTDHEQFF	1
CASSQDTQYF	1
CASSQDTRGTGELFF	1
CASSQDTAQETQYF	1
CASSQDTTRNEKLFF	1
CASSQDSGNYEQYF	1
CASSQDRVISTDTQYF	1
CASSQDRASGNGGELFF	1
CASSQDRGLAQYF	1
CASSQDRTWRGRSGELFF	1
CASSQDRTGSLYNEQFF	1
CASSQDRSGGKQFF	1
CASSQDRSGRRYEQYF	1
CASSQDRRQGWNEQFF	1
CASSQDNSPLHF	1
CASSQDNHEQYF	1
CASSQDKDLQAKNIQYF	1
CASSQDFLGLAGGEQFF	1
CASSQDFRGSGNTIYF	1
CASSQDFGSTYEQYF	1
CASSQDSGGSSYEQYF	1
CASSQDSGGNEQFF	1
CASSQDSGGPLSTDTQYF	1
CASSQDWASGIATQYF	1
CASSQDLRETQYF	1
CASSQDLASYNEQFF	1
CASSQDLLAYEQYF	1
CASSQDLLAVNGRETQYF	1
CASSQDPGTSAYNEQFF	1
CASSQDPGTGIYYGYTF	1
CASSQDPDGSASPLHF	1
CASSQDPTSAAEQFF	1
CASSQDPGFSGELFF	1
CASSQDRTFSEQFF	1
CASSQDHLLGPTDTQYF	1
CASSQDQTSGYEQYF	1
CASSQDVHEQYF	1
CASSQDVRGSNQPQHF	1
CASSQDAGGGETQYF	1
CASSQDGSVYEQYF	1
CASSQDGTRVGEQFF	1
CASSQDENMNTEAFF	1
CASSQDELAGPYNEQFF	1
CASSQDILRGNEQFF	1
CASSQDTGLAVTYEQYF	1
CASSQDRGSGANVLTF	1
CASSQDRDQPQHF	1
CASSQDREYYGYTF	1
CASSQDRESEQFF	1
CASSQDNQPARIDTQYF	1
CASSQEFLLASGIYNEQFF	1
CASSQEFTGTGSNTEAFF	1
CASSQEFRYSYNEQFF	1
CASSQELAGVGETQYF	1
CASSQESLAGGINEQFF	1
CASSQESPLNTEAFF	1
CASSQEWASGRSSTDTQYF	1
CASSQEWTDTQYF	1
CASSQEYLAGLYEQYF	1
CASSQEYGRSSYNEQFF	1
CASSQEYEQYF	1
CASSQEPALSTDTQYF	1
CASSQERQGIGETQYF	1
CASSQEREVQETQYF	1
CASSQEVKITLNEQFF	1
CASSQEVAVSSYEQYF	1
CASSQEVADIRHNEQFF	1
CASSQEASGSPDTQYF	1
CASSQEASGRTYNEQFF	1
CASSQEARTSLGETQYF	1
CASSQEASSYEQYF	1
CASSQEATSLYNEQFF	1
CASSQEGRDQPQHF	1
CASSQEGDIGNYGYTF	1
CASSQEGLAVDYYEQYF	1
CASSQEGLAGGNEQFF	1
CASSQEGAVYEQYF	1
CASSQEGGFTDTQYF	1
CASSQEGTFGQIGYTF	1
CASSQEGRSTDTQYF	1
CASSQEGQGLWEQYF	1
CASSQEGAGTKNIQYF	1
CASSQEGTEAFF	1
CASSQEEVKTSWNTGELFF	1
CASSQEELAGNSYNEQFF	1
CASSQEEGRQYEQYF	1
CASSQEEMSSAYEQYF	1
CASSQEISGRDNEQFF	1
CASSQETSGSYEQYF	1
CASSQETSGRSNEQFF	1
CASSQETGGAYNEQFF	1
CASSQETERSYEQYF	1
CASSQESRSGTGRSVDQPQHF	1
CASSQESGSSYEQYF	1
CASSQERDGMDTQYF	1
CASSQERQTDTQYF	1
CASSQEKAGEGLDNEQFF	1
CASSQEFQGAFKEQYF	1
CASSQEFQRGTGELFF	1
CASSQELVPGPTQYF	1
CASSQELGRTDTQYF	1
CASSQESNSYSYEQYF	1
CASSQESSGMDTQYF	1
CASSQEWRISYNEQFF	1
CASSQEYLYEQYF	1
CASSQEYTGELFF	1
CASSQELQETQYF	1
CASSQELSYFYEQYF	1
CASSQELAGGNAGELFF	1
CASSQEPGTAKDTQYF	1
CASSQERGHSGNTIYF	1
CASSQERLAGLETQYF	1
CASSQERTGTGLSRELFF	1
CASSQEQPGLPGDIQYF	1
CASSQEQKQRVYEQYF	1
CASSQEQETQYF	1
CASSQEVVGTSDILWNTGELFF	1
CASSQEVAGGDYEQYF	1
CASSQEVGNSPLHF	1
CASSQEASGDPYEQYF	1
CASSQEARYNEQFF	1
CASSQEGTATDTQYF	1
CASSQEGSGSYNEQFF	1
CASSQEGSGRGNEQFF	1
CASSQEGSDDTQYF	1
CASSQEGPLAGEQYF	1
CASSQEGGLNF	1
CASSQEGGGNTEAFF	1
CASSQEDSFGYNEQFF	1
CASSQEDLGASSGKEQFF	1
CASSQEERVRSYEQYF	1
CASSQEEGTGGFYGYTF	1
CASSQEEGGSTDTQYF	1
CASSQEEGSSYEQYF	1
CASSQEIEAGEGTDTQYF	1
CASSQETSGSRTDTQYF	1
CASSQETPRMGGGQSLHF	1
CASSQESLSGKQFF	1
CASSQESRTGSSTDTQYF	1
CASSQESIEQYF	1
CASSQERGGNQPQHF	1
CASSQERGTSNSPLHF	1
CASSQENNRASYNEQFF	1
CASSQIYRNYGYTF	1
CASSQIGERSQPQHF	1
CASSQIDGTSGIYEQFF	1
CASSQMAIYEQFF	1
CASSQMGQGKNEQYF	1
CASSQIAGSSYNEQFF	1
CASSQIGRMDYGYTF	1
CASSQTSSTDTQYF	1
CASSQTSGRLNTQYF	1
CASSQTSDSYNEQFF	1
CASSQTRSPDTGELFF	1
CASSQTQRGTDTQYF	1
CASSQTGYQETQYF	1
CASSQTRGTRKDEQYF	1
CASSQTVSTDTQYF	1
CASSQTGVRGTLSYEQYF	1
CASSQTRLAGGDTQYF	1
CASSQTVHGNEQFF	1
CASSQTAEQETQYF	1
CASSQTGPSPYEQYF	1
CASSQTSGKETQYF	1
CASSQSRSNPSTGELFF	1
CASSQSGPVTDYEQYF	1
CASSQSGPGGRYEQFF	1
CASSQSGDTQYF	1
CASSQSSGTQYF	1
CASSQSLTGLGTEAFF	1
CASSQSQQGNTEAFF	1
CASSQSVGTSQETQYF	1
CASSQSATGPTDTQYF	1
CASSQSNLRGSTDTQYF	1
CASSQRYREAEQYF	1
CASSQRAGGPYNEQFF	1
CASSQRGFGDTEAFF	1
CASSQRGTSGANSSYEQYF	1
CASSQRLASETQYF	1
CASSQRQSDRQETQYF	1
CASSQRGIQYF	1
CASSQNQGLGTEAFF	1
CASSQNGGEETQYF	1
CASSQNSGSYYEQYF	1
CASSQNLQGRTDTQYF	1
CASSQNPGTQETQYF	1
CASSQNPGDQPQHF	1
CASSQNRDRVIATLYEQYF	1
CASSQNVGETQYF	1
CASSQNRGDLAGANVLTF	1
CASSQNRGEGTDTQYF	1
CASSQNRPVDNEQFF	1
CASSQKLAGHQETQYF	1
CASSQKGHNEQFF	1
CASSQKGGAEQYF	1
CASSQKGVEQFF	1
CASSQKEAVAYEQYF	1
CASSQKTSGSYEQYF	1
CASSVSGEQFF	1
CASSVYGTGVQETQYF	1
CASSVRSTIVGHEQFF	1
CASSVHRAPYSYEQYF	1
CASSVGVGLLYGYTF	1
CASSVGDLTDTQYF	1
CASSVGTDSSYEQYF	1
CASSVGTDNEQFF	1
CASSVIGQLSGNTIYF	1
CASSVTTGGFYNEQFF	1
CASSVTGGPPYEQYF	1
CASSVTRDTQYF	1
CASSVTAALLDTQYF	1
CASSVTGAGAQYF	1
CASSVSSYSGGRTDTQYF	1
CASSVSGSGGELFF	1
CASSVRAGVEEQYF	1
CASSVKGATDTQYF	1
CASSVKHRLAGGWETQYF	1
CASSVFAHRGIETQYF	1
CASSVSGGLADIGEQFF	1
CASSVSIEGGNEQFF	1
CASSVWDSSYEQYF	1
CASSVPGRGENIQYF	1
CASSVPLAGGDNEQFF	1
CASSVPGLSYEQYF	1
CASSVPGVHNEQFF	1
CASSVPSGVQFF	1
CASSVPIAGVETQYF	1
CASSVRDSIYEQYF	1
CASSVRDRGLNTGELFF	1
CASSVREGDTDTQYF	1
CASSVRLAGGETQYF	1
CASSVVSGVTVNEQFF	1
CASSVAGASYEQYF	1
CASSVGGSFYNEQFF	1
CASSVGGRAYNEQFF	1
CASSVGGLSTDTQYF	1
CASSVGSHPADTQYF	1
CASSVGTTRMGEQFF	1
CASSVGTGGDTQYF	1
CASSVGQGPPDTQYF	1
CASSVGQDNEQFF	1
CASSVGQNYEQYF	1
CASSVDENTEAFF	1
CASSVDTSTDTQYF	1
CASSVELSYNEQFF	1
CASSVILTPTGELFF	1
CASSVTSGLTNTGELFF	1
CASSVTGASSYEQYF	1
CASSVSGSTNEQYF	1
CASSVRGYTGELFF	1
CASSVLGMTGGEQYF	1
CASSVPALDGYNEQFF	1
CASSVRPGPAGNEQFF	1
CASSVGQGGSNGYTF	1
CASSVGADNEQFF	1
CASSVGTESYEQYF	1
CASSVGLDRPNQPQHF	1
CASSVGLAGDNEQFF	1
CASSVGLADYNEQFF	1
CASSVGQNTGELFF	1
CASSVDFTTDTQYF	1
CASSVDRGEQYF	1
CASSVTTSTDTQYF	1
CASSVTSGFLSTDTQYF	1
CASSVTGTGTTDTQYF	1
CASSVTDSYEQYF	1
CASSVTGLTYEQYF	1
CASSVTGFGNIQYF	1
CASSVTGRYEQYF	1
CASSVSQGEGQETQYF	1
CASSVRQGDTQYF	1
CASSVKGTASSGANVLTF	1
CASSVKRGDEQYF	1
CASSVFPGQGQETQYF	1
CASSVFDIQYF	1
CASSVLAGDGGDTQYF	1
CASSVLGAVNEQFF	1
CASSVLTGRGETQYF	1
CASSVLSAANEKLFF	1
CASSVSSQPLEQYF	1
CASSVSPMVEDTQYF	1
CASSVSRDRGYEQYF	1
CASSVSEGIYEQYF	1
CASSVSQGPYEQYF	1
CASSVWGDQETQYF	1
CASSVWELGSTDTQYF	1
CASSVLPGTGGRSPLHF	1
CASSVRPGSEAFF	1
CASSVRAGGPETQYF	1
CASSVHFGGTNTGELFF	1
CASSVQGNWVTDTQYF	1
CASSVQGSQETQYF	1
CASSVVPSGQETQYF	1
CASSVVPAAEQYF	1
CASSVVPDGSYEQYF	1
CASSVVPGETQYF	1
CASSVVQDTQYF	1
CASSVVGSGTDTQYF	1
CASSVVGTLGQTQYF	1
CASSVVRRSGEQYF	1
CASSVVLAGKDEQFF	1
CASSVVVPDTQYF	1
CASSVVASGRPPPGELFF	1
CASSVVASGRDEQYF	1
CASSVVAGAGIDTQYF	1
CASSVVGGSSYNEQFF	1
CASSVVGISSYNEQFF	1
CASSVVGLAGEEQYF	1
CASSVVGNYDEQFF	1
CASSVVDSNTGELFF	1
CASSVVDYTGELFF	1
CASSVVTSGGVGDTQYF	1
CASSVVLAGLREQFF	1
CASSVVAGAVEQFF	1
CASSVVAGGTGELFF	1
CASSVVATSYEQYF	1
CASSVVGGRGTDTQYF	1
CASSVVGDPLQETQYF	1
CASSVVENTGELFF	1
CASSVVTGGINEQFF	1
CASSVASRDSLYF	1
CASSVAWIAGLSGANVLTF	1
CASSVAPGAYQETQYF	1
CASSVAVGAELRAQYF	1
CASSVAGGETQYF	1
CASSVAGWGRPQETQYF	1
CASSVAGNTEAFF	1
CASSVAEYNEQFF	1
CASSVATGSYEQYF	1
CASSVATGGSETQYF	1
CASSVASGSYNEQFF	1
CASSVASGQETQYF	1
CASSVALVAGAGEQFF	1
CASSVAPGTGASGANVLTF	1
CASSVAGFADTQYF	1
CASSVAGQGVDEQFF	1
CASSVAGSADDEQFF	1
CASSVAGVINEQFF	1
CASSVAEREGLLNTGELFF	1
CASSVASSYTF	1
CASSVALQAPIPEQYF	1
CASSVALDSYNEQFF	1
CASSVAPSGQLGQYF	1
CASSVAPSDTDTQYF	1
CASSVAAGEALETQYF	1
CASSVAGVGDTQYF	1
CASSVAGTPNTGELFF	1
CASSVAGLAGTGELFF	1
CASSVAGQGPDTQYF	1
CASSVAGETYNEQFF	1
CASSVAEREFTDTQYF	1
CASSVAEGGYEQYF	1
CASSVAEGLKEFF	1
CASSVAESSYEQYF	1
CASSVATTYTDTQYF	1
CASSVASTAISYEQYF	1
CASSVAATSYEQYF	1
CASSVAGSGALSDEQFF	1
CASSVAGASYEQYF	1
CASSVAGGNSPLHF	1
CASSVAGSDNEQFF	1
CASSVAEGGRATEQFF	1
CASSVGLGAIEQYF	1
CASSVGPSGSGEQYF	1
CASSVGPSLRAGGLYEQYF	1
CASSVGPTDTQYF	1
CASSVGQGNYEQYF	1
CASSVGGNNEQFF	1
CASSVGTVPSYEQYF	1
CASSVGPSGQETQYF	1
CASSVGRTAPTNTGELFF	1
CASSVGQGGNEQYF	1
CASSVGVNYNEQFF	1
CASSVGVSVLENIQYF	1
CASSVGGGGERREQYF	1
CASSVGGGSYNEQFF	1
CASSVGGTGGLYEQYF	1
CASSVGGSSYNEQFF	1
CASSVGGSEQYF	1
CASSVGGSINNEQFF	1
CASSVGGWGSSDTQYF	1
CASSVGGLTYNEQFF	1
CASSVGGVGPIF	1
CASSVGSEQFF	1
CASSVGLAGGTEQFF	1
CASSVGLGGYEQYF	1
CASSVGSANQPQHF	1
CASSVGWPTYEQYF	1
CASSVGLASYNEQFF	1
CASSVGPSQETQYF	1
CASSVGREKNTGELFF	1
CASSVGQRWGEQYF	1
CASSVGQGVSYEQYF	1
CASSVGATIGTQYF	1
CASSVGAASYEQYF	1
CASSVGGDPTYNEQFF	1
CASSVGGSNSPLHF	1
CASSVGGTGVAGELFF	1
CASSVGGRAVDTQYF	1
CASSVGGYAEQFF	1
CASSVGGQGGYEQYF	1
CASSVGETQYF	1
CASSVGTGVTDTQYF	1
CASSVGSGGHNEQFF	1
CASSVGRGQETQYF	1
CASSVGWTPELGTSAKNNEQFF	1
CASSVGLAGSSYNEQFF	1
CASSVGPSRGAYEQYF	1
CASSVGRGRLYQETQYF	1
CASSVGQESNTEAFF	1
CASSVGAGGTYEQYF	1
CASSVGGLSSIQYF	1
CASSVGGETEQFF	1
CASSVGGTGELFF	1
CASSVGGWKETQYF	1
CASSVGGLVGGINEQYF	1
CASSVGGLTKETQYF	1
CASSVGREQFF	1
CASSVDFMGEQYF	1
CASSVDWLAGGRLFF	1
CASSVDWTGGSGANVLTF	1
CASSVDPSGKQFF	1
CASSVDPGRGGELFF	1
CASSVDPGAETQYF	1
CASSVDGGQYTEAFF	1
CASSVDEVSRSSYNSPLHF	1
CASSVDRRAPEFF	1
CASSVDNWEHEQFF	1
CASSVDSSGSTDTQYF	1
CASSVDLEIYNEQFF	1
CASSVDPYSTGEQYF	1
CASSVDPGELFF	1
CASSVDPGPSYEQYF	1
CASSVDPGAETQYF	1
CASSVDSWGETQYF	1
CASSVESGVGGYTF	1
CASSVESGVEETQYF	1
CASSVECGRALRETQYF	1
CASSVEPGVNEQYF	1
CASSVEPGGLIADTQYF	1
CASSVERTGAYNEQFF	1
CASSVEASGSPHNEQFF	1
CASSVEGGLSYNEQFF	1
CASSVEGRGEQYF	1
CASSVEGGHANTGELFF	1
CASSVEGLAGGPSNEQFF	1
CASSVEGHTYEQYF	1
CASSVEDRGYPYEQYF	1
CASSVEIAGDGTGELFF	1
CASSVESSYNEQFF	1
CASSVEWGWDTQYF	1
CASSVELTEGTGELFF	1
CASSVEPTRRRFF	1
CASSVEPGMNTEAFF	1
CASSVEQGYEQYF	1
CASSVEALGTDTQYF	1
CASSVEGRRFYGYTF	1
CASSVEEFTGELFF	1
CASSVILSAGTDTQYF	1
CASSVMTSGRANTGELFF	1
CASSVTSGSADTQYF	1
CASSVTGSNRNEQYF	1
CASSVTDGVETQYF	1
CASSVTTDTQYF	1
CASSVTVYNEQFF	1
CASSVSVGGGYEQYF	1
CASSVRSNTGELFF	1
CASSVRQEPQTQYF	1
CASSVRAENTEAFF	1
CASSVRRGRGDTEAFF	1
CASSVRAGFYEQYF	1
CASSVNDPNEQYF	1
CASSVNRVLRQHNEQFF	1
CASSVKGEGRETQYF	1
CASSASRSGTLQETQYF	1
CASSALAGVIGEQFF	1
CASSAPDKAQETQYF	1
CASSAPGLAGSEQYF	1
CASSARTDTQYF	1
CASSAQPTKRETQYF	1
CASSAQRQGNTGELFF	1
CASSAVAGSTDTQYF	1
CASSAATSATDTQYF	1
CASSAGALRETQYF	1
CASSAGLLSRTDTQYF	1
CASSAGQVRNTQYF	1
CASSAIYMIGNTQYF	1
CASSATSGRQDTQYF	1
CASSATGTSIPYF	1
CASSATRGNTEAFF	1
CASSASRLAGGPVNEQFF	1
CASSASSEQFF	1
CASSASGRPSTDTQYF	1
CASSASGRDQETQYF	1
CASSARTGFYEQYF	1
CASSAFPTGRAADTQYF	1
CASSASSGRYRTDTQYF	1
CASSASPGPGGYTF	1
CASSASRRAGGGEQFF	1
CASSASGTTNEQFF	1
CASSASGSHYNEQFF	1
CASSASAVYYGYTF	1
CASSASGGQETQYF	1
CASSAWRMQSDTQYF	1
CASSALGTISTDTQYF	1
CASSALRGSNEQFF	1
CASSALRDRGYEQYF	1
CASSAPYRGQETQYF	1
CASSAPGTSSREQYF	1
CASSAPGTGAPEQFF	1
CASSAPRAPEGTEAFF	1
CASSAPPGRSYNSPLHF	1
CASSAPGAGEYEQYF	1
CASSAPGQTLSGNTIYF	1
CASSAPTGTNTGELFF	1
CASSAPGSGYNEQFF	1
CASSARSYNEQFF	1
CASSARRGPYEQYF	1
CASSARSGDTQYF	1
CASSARVAEYTGELFF	1
CASSARGTGNTIYF	1
CASSARDTTGEQFF	1
CASSARDRGSYEQYF	1
CASSARTSGYNEQFF	1
CASSARTPGGQYF	1
CASSARLAGAREQFF	1
CASSARLAEAYNEQFF	1
CASSARQGMNTEAFF	1
CASSARQSSYEQYF	1
CASSAQTSGPYEQYF	1
CASSAQPGSAKNQPQHF	1
CASSAVSGRRNEQFF	1
CASSAVFRDTQYF	1
CASSAVLYNEQFF	1
CASSAARDRALYYGYTF	1
CASSAAGGYYNEQFF	1
CASSAAGEKLFF	1
CASSAGLTGPGELFF	1
CASSAGAETQYF	1
CASSAGGALYEQYF	1
CASSAGIGQPQHF	1
CASSAGTSGSLRINEQFF	1
CASSAGTSGKETQYF	1
CASSAGTSSSYEQYF	1
CASSAGTDEQFF	1
CASSAGTNTDTQYF	1
CASSAGTGVRGYEQYF	1
CASSAGTGARDTQYF	1
CASSAGTGGEETQYF	1
CASSAGNSYEQYF	1
CASSAGLAGVDEQFF	1
CASSAGLAGAIQYF	1
CASSAGLAGDEQYF	1
CASSAGGGGYTEAFF	1
CASSADYTGELFF	1
CASSADGGQQPQHF	1
CASSADSSGRFYEQYF	1
CASSADRVPENTEAFF	1
CASSAELPEAYEQYF	1
CASSAMTGGYGYTF	1
CASSATTEYTQYF	1
CASSATPGTDTGELFF	1
CASSATGGRETQYF	1
CASSARDSRWGTDTQYF	1
CASSANSDEQFF	1
CASSANGQGGKNTEAFF	1
CASSAKLAGHTGELFF	1
CASSAKQGSDTQYF	1
CASSASRGGRALYEQYF	1
CASSASMLRYQETQYF	1
CASSASQLGTSGRETQYF	1
CASSAWGRTTYNEQFF	1
CASSAPRGTSGRPYEQYF	1
CASSARGISTDTQYF	1
CASSAHLAGGSYNEQFF	1
CASSAHRTVNSPLHF	1
CASSAGPLQYNEQFF	1
CASSAGPATYEQYF	1
CASSAGGDDGYTF	1
CASSAGTSGRTDTQYF	1
CASSAGLAGASYNEQFF	1
CASSAGQGAAYEQYF	1
CASSAGQSYEQYF	1
CASSADPGLASYEQYF	1
CASSAEGGSVDEQFF	1
CASSAIAGVMGEQFF	1
CASSATGRGQYF	1
CASSATSGAYNEQFF	1
CASSATSASYEQYF	1
CASSATSGSGGTDTQYF	1
CASSATSGRAIPSTDTQYF	1
CASSATGGANTGELFF	1
CASSATGGSYEQYF	1
CASSATGDGYEQYF	1
CASSATGEITYEQYF	1
CASSATDWGVETQYF	1
CASSASWKQYF	1
CASSASLAGGGTDTQYF	1
CASSARQGDYNEQFF	1
CASSARGSIQYF	1
CASSAFGRASDEQYF	1
CASSALAGLHSYEQYF	1
CASSASLRGRSYNEQFF	1
CASSAYFREVDEQYF	1
CASSALAGATDTQYF	1
CASSALIAGSTDTQYF	1
CASSAPPGQGAFEQFF	1
CASSAPGQPTSFSFGGELFF	1
CASSAPRQARHTDTQYF	1
CASSARTSGTDTQYF	1
CASSARFLTSGRNEQFF	1
CASSARISTDTQYF	1
CASSAQGAVTQYF	1
CASSAAGTSGYEQYF	1
CASSAAGTGVGELFF	1
CASSAGYRNTGELFF	1
CASSAGLPRGPKNIQYF	1
CASSAGGSPLHF	1
CASSAGIYEQYF	1
CASSAGTSGTTVETQYF	1
CASSADRGPQPQHF	1
CASSATSGTIYEQFF	1
CASSASGRAADTQYF	1
CASSARPGGIVADTQYF	1
CASSARGGELFF	1
CASSGWTGDEQFF	1
CASSGLSLGHLEQYF	1
CASSGLLSYEQYF	1
CASSGPGTPWEQYF	1
CASSGPGIRGEQFF	1
CASSGRLAGSGEQFF	1
CASSGQGGANTGELFF	1
CASSGQGYEQYF	1
CASSGGVSAGVENEQFF	1
CASSGGGRTPTGTQYF	1
CASSGGISSSDEQFF	1
CASSGGQGAGEQYF	1
CASSGTTGAGETQYF	1
CASSGSTGSGFQYF	1
CASSGSGDEQFF	1
CASSGSRFTDTQYF	1
CASSGRTVSYEQYF	1
CASSGWTGSSYNSPLHF	1
CASSGYGTSGTNEQFF	1
CASSGLGGTGSHEQYF	1
CASSGLGGETQYF	1
CASSGPGATNEKLFF	1
CASSGPSSGLVNEQFF	1
CASSGPGQSLAFF	1
CASSGPNSPLHF	1
CASSGRAGYTEAFF	1
CASSGRQGESYNEQFF	1
CASSGQLGQPLYEQYF	1
CASSGQGTQHF	1
CASSGGTRGRGLGGNEQFF	1
CASSGGLAGLTDTQYF	1
CASSGGQGEDTQYF	1
CASSGDSYEQFF	1
CASSGITDTQYF	1
CASSGTGQLTDTQYF	1
CASSGFNYEQYF	1
CASSGLARTYEQYF	1
CASSGLAGGPIYNEQFF	1
CASSGLAGEPYNEQFF	1
CASSGWGALNTEAFF	1
CASSGLAGEYEQYF	1
CASSGPGQGVDEQYF	1
CASSGRTGVNETQYF	1
CASSGQSNTEAFF	1
CASSGVETYEQYF	1
CASSGVAGGRGTGELFF	1
CASSGVADQFF	1
CASSGAVRRINEKLFF	1
CASSGGLEGTQETQYF	1
CASSGGSHFLSDSDTQYF	1
CASSGGLAGYEQFF	1
CASSGGVRVDEQFF	1
CASSGGTHNYNEQFF	1
CASSGGNTGELFF	1
CASSGDGGPSSYEQYF	1
CASSGDRGLDTQYF	1
CASSGESRSSYEQYF	1
CASSGISDTQYF	1
CASSGTHETQYF	1
CASSGTSAIYEQYF	1
CASSGTSGNEQFF	1
CASSGTSGSYEQYF	1
CASSGTSGRYNEQFF	1
CASSGTSGYEQYF	1
CASSGTSSTIGELFF	1
CASSGTAGNTGELFF	1
CASSGTGTGRSTQYF	1
CASSGTRGGETQYF	1
CASSGTGQANTGELFF	1
CASSGTGTDTQYF	1
CASSGTGGGLNEQFF	1
CASSGTGGNTEAFF	1
CASSGTGDGYEQYF	1
CASSGSFLNEQFF	1
CASSGSTYEQFF	1
CASSGSPSYGAEQFF	1
CASSGRRGTDTQYF	1
CASSGKAGLNTGELFF	1
CASSGKSFRTDTQYF	1
CASSGLTVYYYGYTF	1
CASSGLVPRPQTGELFF	1
CASSGSGTSVGEQYF	1
CASSGLAPHEQYF	1
CASSGLAGREQYF	1
CASSGLAGVGEQFF	1
CASSGLAGGKRDEQFF	1
CASSGLAGGGDTQYF	1
CASSGLAVDEQFF	1
CASSGRGYGYTF	1
CASSGREFHEQYF	1
CASSGRTSTDTQYF	1
CASSGRASGTYNEQFF	1
CASSGQVLGNEQFF	1
CASSGQGTGELFF	1
CASSGQGRQPQHF	1
CASSGQTMNTEAFF	1
CASSGARGTGELFF	1
CASSGAVGVEAFF	1
CASSGAGTKGTGELFF	1
CASSGGTSNEQFF	1
CASSGGTVNQPQHF	1
CASSGGLSSTDTQYF	1
CASSGDSGRTYNEQFF	1
CASSGMRRDEQFF	1
CASSGTSGSPGGEQYF	1
CASSGRHRSSYNEQFF	1
CASSGNTGQYF	1
CASSDFGGSSYNEQFF	1
CASSDSLGDEQYF	1
CASSDYGTPGSGELFF	1
CASSDPSGPGDYEQFF	1
CASSDPSESNTGELFF	1
CASSDRGEGDTQYF	1
CASSDRTSGASEQFF	1
CASSDGLAGGDGGTQYF	1
CASSDEEWGYQETQYF	1
CASSDILAGGGDEQFF	1
CASSDTSETGELFF	1
CASSDTGTNTGELFF	1
CASSDTDTQYF	1
CASSDSGRSYNEQFF	1
CASSDRAGTNTEAFF	1
CASSDSRAGGNIQYF	1
CASSDLAVTGVHEQFF	1
CASSDPDKMRFGDTQYF	1
CASSDPFNEQFF	1
CASSDPGTGGKIESGNTIYF	1
CASSDRRAKRPYEQYF	1
CASSDRDFLPGDTQYF	1
CASSDRDRGHNEQFF	1
CASSDQGLARNEQFF	1
CASSDQGVYNEQFF	1
CASSDQETQYF	1
CASSDATGLASGQYF	1
CASSDGTGAFKTQYF	1
CASSDGLAKTQYF	1
CASSDGTYEQYF	1
CASSDDYAAGGQDEQFF	1
CASSDDRREQYF	1
CASSDEGVPSYEQYF	1
CASSDTMGAYNNEQFF	1
CASSDTGGFQETQYF	1
CASSDSLGEKLFF	1
CASSDRFLEREGSHNEQFF	1
CASSDRGDTGELFF	1
CASSDRGSYEQYF	1
CASSDRGRGTEAFF	1
CASSDRPGGRKTQYF	1
CASSDNPGNQPQHF	1
CASSDNLRGRRQFF	1
CASSDNTEAFF	1
CASSELQTDTQYF	1
CASSELRTGRIIEAKNIQYF	1
CASSEPPNTGELFF	1
CASSEPGLAGNTGELFF	1
CASSEPGQGKNIQYF	1
CASSEAGGDSPYEQYF	1
CASSEGISSYEQYF	1
CASSEGPGVAGYEQYF	1
CASSEGAGRQYF	1
CASSEGDTQYF	1
CASSEGEVPTIYF	1
CASSEGTGVGTDTQYF	1
CASSEGLAGYTGELFF	1
CASSEGLAGGGYEQYF	1
CASSEGPTAVETQYF	1
CASSEGQIGEEYYYEQYF	1
CASSEGRFTDTQYF	1
CASSEDLDSGRNEQFF	1
CASSEEGVTDTQYF	1
CASSEEGGADTQYF	1
CASSETSWAYNEQFF	1
CASSETSGRYNEQFF	1
CASSETRSGRTGELFF	1
CASSETTGLRAKNIQYF	1
CASSETASVETQYF	1
CASSETGDTEAFF	1
CASSERYSHYEQYF	1
CASSERQNLAFQETQYF	1
CASSERRSGDLVSAYNEQFF	1
CASSESQGPTYEQYF	1
CASSELAVTSYNEQFF	1
CASSELAGRYNEQFF	1
CASSELAGGSYEQYF	1
CASSEPGLAGGPYEQYF	1
CASSERRTSGNNEQFF	1
CASSERTSIQETQYF	1
CASSEHSGRASYEQYF	1
CASSEQGSDTQYF	1
CASSEVLGYEQFF	1
CASSEAGVADTQYF	1
CASSEAGANNEQFF	1
CASSEATSGPYDTQYF	1
CASSEGRQPRSYNEQFF	1
CASSEIGGENIQYF	1
CASSETGGKNIQYF	1
CASSESHGIVAKNIQYF	1
CASSESGDTGELFF	1
CASSENLQGGNTEAFF	1
CASSILAGHSYEQYF	1
CASSILRTRSYNEQFF	1
CASSIPGPGFDEQFF	1
CASSIRSGGYQETQYF	1
CASSIRTSGMNEQFF	1
CASSIQQVPGANVLTF	1
CASSIQTGSTEAFF	1
CASSIADTDTQYF	1
CASSIGHYNEQFF	1
CASSIGEGNQPQHF	1
CASSIDPGVEQFF	1
CASSITGTSEQYF	1
CASSITGTGSRYEQYF	1
CASSISSGSQYEQYF	1
CASSISASSYNEQFF	1
CASSISGDTQYF	1
CASSIKIQGGNQPQHF	1
CASSIWDRYYEQYF	1
CASSIYDGELFF	1
CASSIPGTNNHEQYF	1
CASSIGGLVNIQYF	1
CASSIGTSPSTDTQYF	1
CASSIGTSGTLEQYF	1
CASSIGTGGGQPQHF	1
CASSIGLAGTTGELFF	1
CASSIGQGTYHEQYF	1
CASSIDFYTYEQYF	1
CASSIDSYNEQFF	1
CASSIDRQETQYF	1
CASSIEPADTQYF	1
CASSIIPLAGANEQFF	1
CASSITGTGKPYEQYF	1
CASSISVTSGNTDTQYF	1
CASSMFFRGQGVDEQFF	1
CASSMFSGRAAYNEQFF	1
CASSMSGVPDTQYF	1
CASSMGTSATYEQYF	1
CASSMGLGADTQYF	1
CASSMGQGAPEAFF	1
CASSMEGQAETQYF	1
CASSMTPRTSGKATYNEQFF	1
CASSMTGTNEQFF	1
CASSMRHGSTDTQYF	1
CASSISSGMRYNEQFF	1
CASSISTGELFF	1
CASSILSGQGVYTQYF	1
CASSILAGVKNEQFF	1
CASSILAGGSYEQYF	1
CASSIPQGSVNSPLHF	1
CASSIPRAGRFYEQYF	1
CASSIPMETQYF	1
CASSIRELNSPLHF	1
CASSIRTGMKTQYF	1
CASSIRLAGYDEQFF	1
CASSIQGASNTEAFF	1
CASSIQGEPDTQYF	1
CASSIQTGGGYGYTF	1
CASSIAGSNQPQHF	1
CASSIAGYEQYF	1
CASSIAGGEQFF	1
CASSIGSGAFF	1
CASSITSGRYADTQYF	1
CASSITLTGTSGLGADTQYF	1
CASSINGAEKTGELFF	1
CASSINPTSRSTDTQYF	1
CASSTSIPTTLAGGPGNEQFF	1
CASSTLAGRSNEQFF	1
CASSTRDSYNEQFF	1
CASSTRTVQETQYF	1
CASSTRHSMNTEAFF	1
CASSTRQGQNTEAFF	1
CASSTRQGRSLPHEQYF	1
CASSTHRFGEQFF	1
CASSTGARNEQFF	1
CASSTGTTGELFF	1
CASSTGTSSDTQYF	1
CASSTGAGTPYNEQFF	1
CASSTGETQYF	1
CASSTEVDNEQFF	1
CASSTTLSSYNEQFF	1
CASSTTGTGRTDTQYF	1
CASSTSGGGASYEQYF	1
CASSTSGSYEQYF	1
CASSTSGNEETQYF	1
CASSTRAVSGSGAKNIQYF	1
CASSTLQGKGFF	1
CASSTSGLAGVGYNEQFF	1
CASSTSRGKYQETQYF	1
CASSTWTLVQTQYF	1
CASSTWTSGNTQETQYF	1
CASSTYNEQFF	1
CASSTLTALYEQYF	1
CASSTLSSGRANEQFF	1
CASSTLAGGPNTQYF	1
CASSTPAGAHEQFF	1
CASSTPSGRAPDTQYF	1
CASSTPPYEQYF	1
CASSTPRDRGGYEQYF	1
CASSTPATSGSHEQYF	1
CASSTPGIRNEQFF	1
CASSTRGNAGELFF	1
CASSTRDASYEQYF	1
CASSTRDGAPILNEQFF	1
CASSTRDSSYEQYF	1
CASSTREPQETQYF	1
CASSTRTVSETQYF	1
CASSTRMSGRDYNEQFF	1
CASSTQGALGNTEAFF	1
CASSTQRGGEQYF	1
CASSTVTGFTEAFF	1
CASSTGTSGTYEQYF	1
CASSTGTGQYF	1
CASSTGTPTGELFF	1
CASSTGTGLPYGYTF	1
CASSTGSHNEQFF	1
CASSTGLFDNEQFF	1
CASSTGLVETQYF	1
CASSTGLGYEQYF	1
CASSTGQVHEQYF	1
CASSTDPNHNTGELFF	1
CASSTDRGRYNEQFF	1
CASSTEATQYF	1
CASSTTGTSYNEQFF	1
CASSTSAFETQYF	1
CASSTRGQSTDTQYF	1
CASSTNGGTAETQYF	1
CASSTSRGNGEQFF	1
CASSTYRGKSTDTQYF	1
CASSTPRGFLPPYQETQYF	1
CASSTRDFPQYGEQYF	1
CASSTRTSGRASWTGELFF	1
CASSTRAGVPNEQFF	1
CASSTHPGETQYF	1
CASSTGRVSAPGELFF	1
CASSTGSTDTQYF	1
CASSTGLSSYNEQFF	1
CASSTGHPDSPLHF	1
CASSTGQGSYEQYF	1
CASSTGQGAPTDTQYF	1
CASSTGDTQYF	1
CASSTDRTNTGELFF	1
CASSTISRTSLRGETQYF	1
CASSTTSTGRPYEQYF	1
CASSTRADTQYF	1
CASSTNTDTQYF	1
CASSTWDSSYEQYF	1
CASSTYAGGPGNEQFF	1
CASSTLAVYNEQFF	1
CASSTLAGLSNEQFF	1
CASSTQGQEQYF	1
CASSTAPGLAGVANTGELFF	1
CASSTAGEAAYNEQFF	1
CASSTAGAPRETQYF	1
CASSTGVLAGSTDTQYF	1
CASSTGGSTSGANVLTF	1
CASSTGTGGYEQYF	1
CASSTGTNTGELFF	1
CASSTGLAGGSYEQYF	1
CASSTGGGTYEQYF	1
CASSTGEGWRETQYF	1
CASSTGTTSGANVLTF	1
CASSTTGTLYNEQFF	1
CASSTTGTNIQYF	1
CASSTRGQLQETQYF	1
CASSSRTSGRRDEQYF	1
CASSSGRNEQFF	1
CASSSDRSHEQYF	1
CASSSSGNQPQHF	1
CASSSRSGTSTDTQYF	1
CASSSQGNQETQYF	1
CASSSANTGELFF	1
CASSSGRTTYEQYF	1
CASSSGVTSGFDEQYF	1
CASSSDRATEAFF	1
CASSRLGQGAGELFF	1
CASSRPPGTSNEQFF	1
CASSRQGYAEEQYF	1
CASSRVPGELFF	1
CASSRAPEETQYF	1
CASSRAGLGVQFF	1
CASSRAQDTQYF	1
CASSRGRGEQYF	1
CASSRGTSDATDTQYF	1
CASSRGLAGVTDTQYF	1
CASSRDSYEQYF	1
CASSRDPSYNEQFF	1
CASSRDSEAFF	1
CASSRDRGPKYF	1
CASSRDRNNQPQHF	1
CASSRTGLAGAISTDTQYF	1
CASSRTDSTDTQYF	1
CASSRTENIQYF	1
CASSRFPDTKYEQYF	1
CASSRLAGVEQYF	1
CASSRLAGAFNEQFF	1
CASSRPGLAPQDEQFF	1
CASSRRAGSYNEQFF	1
CASSRRAYGYTF	1
CASSRQGAGLANTEAFF	1
CASSRQGRETQYF	1
CASSRQGNQPQHF	1
CASSRGFQASNEQFF	1
CASSRGAKNIQYF	1
CASSREAGSTGELFF	1
CASSRSRGYRETQYF	1
CASSRRTGSHEQYF	1
CASSNSWASLWGQDQPQHF	1
CASSNLEQGVYNEQFF	1
CASSNRVVDEQFF	1
CASSNRASATDTQYF	1
CASSNVGTKQDTQYF	1
CASSNAGTDEKLFF	1
CASSNGGGRGYEQYF	1
CASSNGLAGGAEQFF	1
CASSNTRQETQYF	1
CASSNRLAGVQNEQFF	1
CASSNNPAFF	1
CASSNLAARGADTQYF	1
CASSNPVGLWGNEQFF	1
CASSNPERERDEQYF	1
CASSNRYSAYNEQFF	1
CASSNQRGTGELFF	1
CASSNGGEQFF	1
CASSNTGLYEQYF	1
CASSNSYPGGGNYEQYF	1
CASSNRGPTYEQYF	1
CASSNKAGTETQYF	1
CASSKREGHTDTQYF	1
CASSKQGPFTDTQYF	1
CASSKGGRSVYEQYF	1
CASSKGVLERDEQFF	1
CASSKGPRPYEQYF	1
CASSKGQVYSSYEQYF	1
CASSKGQEPYNEQFF	1
CASSKDVRETQYF	1
CASSKDREVVYEQYF	1
CASSKTSGRSNEQFF	1
CASSKTREETQYF	1
CASSKTFGGRLYEQYF	1
CASSKNPTSSYEQYF	1
CASSKKPGIQYF	1
CASSKFTGRPAYEQYF	1
CASSKSSESSYNEQFF	1
CASSKSKTRGTSGPRGYEQYF	1
CASSKCLAGGGDTDTQYF	1
CASSKYRENTEAFF	1
CASSKPGLADNEQFF	1
CASSKPGLAIKETQYF	1
CASSKREGQNEQFF	1
CASSKRTGNTDTQYF	1
CASSKRTMRDEQFF	1
CASSKHSLAGERVCEQYF	1
CASSKQGSHEKLFF	1
CASSKQDLPYEQYF	1
CASSKQRFSSGANVLTF	1
CASSKQISGSPETQYF	1
CASSKVLSSYEQYF	1
CASSKVQDGRPNEQFF	1
CASSKVGRASGNSYNEQFF	1
CASSKVAFYEQYF	1
CASSKAPPPHPGYNEQFF	1
CASSKAPLRAGVTDTQYF	1
CASSKARSRDGRLAGNLNEQFF	1
CASSKATREQYF	1
CASSKAYEQYF	1
CASSKAGQGSYEQYF	1
CASSKADRIPYEQYF	1
CASSKGFKDRGAGETQYF	1
CASSKGPPGQGAYEQYF	1
CASSKGSYEQYF	1
CASSKGFNEQFF	1
CASSKGSVYNEQFF	1
CASSKGGDYTDTQYF	1
CASSKGGQVGREQYF	1
CASSKGRDLSSYEQYF	1
CASSKDTGAQETQYF	1
CASSKERNQPQHF	1
CASSKESGNQPQHF	1
CASSKEPGWPVLQETQYF	1
CASSKIRLNEQFF	1
CASSKMKAGGLFF	1
CASSKIGGPNTGELFF	1
CASSKTGFRCSSYNEQFF	1
CASSKTSGSMAGELFF	1
CASSKTGQGLYNEQFF	1
CASSKTGGFDPDTQYF	1
CASSKSRDGAHGAYEQYF	1
CASSKRGGTSGHEQFF	1
CASSKRSPGQLLSTGEQYF	1
CASSKKALSDNPTYEQYF	1
CASSKKRPGLAGERGTQYF	1
CASRFLYGDQPQHF	1
CASRFTAGAGQETQYF	1
CASRFRPGLAGPTDTQYF	1
CASRFSGPQETQYF	1
CASRFHSYEQYF	1
CASRLPTDTQYF	1
CASRLGGSRNEQFF	1
CASRLGTGGWQETQYF	1
CASRLGQGNTDTQYF	1
CASRLDLAASYEQYF	1
CASRLAGENIQYF	1
CASRLAGAPREQFF	1
CASRLGSTEAFF	1
CASRSYRGGNTGELFF	1
CASRSLNEQYF	1
CASRSRLPSGNTIYF	1
CASRSRPDAYNEQFF	1
CASRSNFNEQYF	1
CASRSLGTNQPQHF	1
CASRSSRENPLQETQYF	1
CASRSLSVAGNTIYF	1
CASRSGTEKNIQYF	1
CASRSIGSYEQYF	1
CASRSQVSSGNTIYF	1
CASRSGRYTDTQYF	1
CASRSGLFNEQFF	1
CASRSSSYNEQFF	1
CASRSGGELNTEAFF	1
CASRSGLAATYEQYF	1
CASRSTSSGELFF	1
CASRSTQMLDQPQHF	1
CASRWSGLGTEAFF	1
CASRWGLADQYNEQFF	1
CASRWGETYEQYF	1
CASRWDREADEAFF	1
CASRWTVNTGELFF	1
CASRYPGVANTGELFF	1
CASRYRGGSYEQYF	1
CASRLGTSGSSAYEQYF	1
CASRLTDSFYNEQFF	1
CASRLTSGIAVAKNIQYF	1
CASRLTSTGELFF	1
CASRLTGARGSNF	1
CASRLTSAQETQYF	1
CASRLTSGREQFF	1
CASRLTAGVYEQYF	1
CASRLLAGDYNEQFF	1
CASRLAGANTGELFF	1
CASRLAGGPVTGELFF	1
CASRLAGDYNEQFF	1
CASRLAGSTDTQYF	1
CASRLGGYYGYTF	1
CASRLGGQGEGQYF	1
CASRLEHAGGTTDTQYF	1
CASRPLKGISTDTQYF	1
CASRPVLAPSTDTQYF	1
CASRPTGSSYNSPLHF	1
CASRPNRGRRDNEQFF	1
CASRPWGSYEQYF	1
CASRPRKVGMKTEAFF	1
CASRPQINQPQHF	1
CASRPGTSGLNEQFF	1
CASRPDRGYNEQFF	1
CASRPIGGTAYNEQFF	1
CASRPTLVSYEQYF	1
CASRPRGADTQYF	1
CASRPWSAITDTQYF	1
CASRPPGGQAYEQFF	1
CASRPQPGGAGELFF	1
CASRPVTSGDTQYF	1
CASRPALAVAWGTQYF	1
CASRPAGGPPKPYNEQFF	1
CASRPGLAGVEQFF	1
CASRPGQNYEAFF	1
CASRPDSSWNEQFF	1
CASRPDRRNTGELFF	1
CASRPTVADTQYF	1
CASRPQGTTNTEAFF	1
CASRPGRDGQETQYF	1
CASRPGGAETQYF	1
CASRRAGYEQYF	1
CASRRGIQQTQYF	1
CASRRGSDRPAYEQYF	1
CASRRDEHSYEQYF	1
CASRRDRVSYNEQFF	1
CASRRDRGDEQYF	1
CASRRNGELFF	1
CASRRSSNQPQHF	1
CASRRQGISYEQYF	1
CASRRDRGEQYF	1
CASRRTGLGTGELFF	1
CASRRTTPYQETQYF	1
CASRRSGNYNEQFF	1
CASRHYAGTPPAGTDTQYF	1
CASRHLSGTLTDTQYF	1
CASRHPTGAKNIQYF	1
CASRQPGQDYEQYF	1
CASRQGLEQYF	1
CASRQGSYNEQFF	1
CASRQGVNTGELFF	1
CASRQDSLYGYTF	1
CASRQTPGSYNEQFF	1
CASRQRNIQYF	1
CASRQNEKLFF	1
CASRQDRGNTEAFF	1
CASRQIIGEAFF	1
CASRVPGLAGRSTDTQYF	1
CASRVQPGLRGVTSGSGELFF	1
CASRVAGTSTDTQYF	1
CASRVGLAAGELFF	1
CASRVDRGGNTEAFF	1
CASRVTSNEQFF	1
CASRVQGQSMNTEAFF	1
CASRVAHSTDTQYF	1
CASRVAGEITGELFF	1
CASRVGGGVTDTQYF	1
CASRVDTARDTQYF	1
CASRVDRDNTEAFF	1
CASRVDNEQFF	1
CASRAWVALNTEAFF	1
CASRATGGEGNEQFF	1
CASRASGRVAQQFF	1
CASRASGETQYF	1
CASRASGHTGELFF	1
CASRAPFNTGELFF	1
CASRAQAAYEQYF	1
CASRAGSRGTEAFF	1
CASRAGTPYNEQFF	1
CASRAGTGGRAQYF	1
CASRAPGYEQYF	1
CASRAGYSNQPQHF	1
CASRAPAGAGDTQYF	1
CASRAQGGTYEQYF	1
CASRAGGTDTQYF	1
CASRGSSSYEQYF	1
CASRGWAETQYF	1
CASRGTDYEQYF	1
CASRGREGLLGNEQFF	1
CASRGQTGLNEKLFF	1
CASRGGRSQETQYF	1
CASRGGGVLPYF	1
CASRGEVSYNEQFF	1
CASRGTGTGYSGANVLTF	1
CASRGLSTDTQYF	1
CASRGSTGREQYF	1
CASRGPASGTYEQYF	1
CASRGPGQPQHF	1
CASRGQGSGYEQYF	1
CASRGQGAPHEQYF	1
CASRGVQVGTDTQYF	1
CASRGGLAVNEQFF	1
CASRGGQGSWETQYF	1
CASRGDGTGELFF	1
CASRGMESYEQYF	1
CASRGTTFDEQYF	1
CASRGTSGTGELFF	1
CASRGTSGSPGELFF	1
CASRGTSGRDEQFF	1
CASRGTNSGNTIYF	1
CASRGTDPYEQYF	1
CASRGTDRYYEQYF	1
CASRGTFGANVLTF	1
CASRGTAGANVLTF	1
CASRGTGLDEQFF	1
CASRGTGEPTNYGYTF	1
CASRGTGISYNEQFF	1
CASRGTDLQETQYF	1
CASRGTEETQYF	1
CASRGLAYEQYF	1
CASRGLAGNSYNEQFF	1
CASRGLAGYYEQYF	1
CASRGLAGVTTGELFF	1
CASRGLAGVEQYF	1
CASRGLAGGQSNEQFF	1
CASRGLAGGNENTGELFF	1
CASRGQFTSFF	1
CASRGQGSYEQYF	1
CASRGQGFTDTQYF	1
CASRGQGAGANVLTF	1
CASRGQGAGESYEQYF	1
CASRGQGRTDTQYF	1
CASRGQGSLGKQFF	1
CASRGQGRANVLTF	1
CASRGGQFAAEAFF	1
CASRGTGTGSYNEQFF	1
CASRGTAGGGEQFF	1
CASRGRGRSYEQYF	1
CASRDSGVSTDTQYF	1
CASRDWAASTDTQYF	1
CASRDWGFTDTQYF	1
CASRDPLQETQYF	1
CASRDPADTQYF	1
CASRDRREWDDTQYF	1
CASRDGVTTTMTQFF	1
CASRDGLAGGLEQFF	1
CASRDSYEQYF	1
CASRDWSADTQYF	1
CASRDLSLTGELFF	1
CASRDLDRGADTQYF	1
CASRDRDRPTDTQYF	1
CASRDREGNQPQHF	1
CASRDQGSYEQYF	1
CASRDMLRTQYF	1
CASRDTVIGANVLTF	1
CASRDRAYNTEAFF	1
CASRDRGTDTQYF	1
CASRDRSYEQYF	1
CASRDRLTGELFF	1
CASRDRLGATGGLGKEGDAYEQYF	1
CASREQGITPLHF	1
CASREVAGGKNEQFF	1
CASREAGTSGINTQYF	1
CASREGQGTDTQYF	1
CASREERRETQYF	1
CASRETGTSGYEQYF	1
CASRETATGELFF	1
CASRETGGGGELFF	1
CASRELDREKLFF	1
CASREPSGRPTDTQYF	1
CASREAFF	1
CASREGGGGTEAFF	1
CASREGSYEQYF	1
CASREGVNSNQPQHF	1
CASREGTGTETQYF	1
CASREGLRGSGELFF	1
CASREIEQYF	1
CASRETRVYGNQPQHF	1
CASRESSGSGNEQFF	1
CASRIRSAQYF	1
CASRIPSGEQYF	1
CASRIGSEQFF	1
CASRIGTLNTEAFF	1
CASRIGTYEQYF	1
CASRMLSSGRDNEQFF	1
CASRMGQGQETQYF	1
CASRMERESGTDTQYF	1
CASRMESSYNEQFF	1
CASRMTSGTEQFF	1
CASRMTGGTDTQYF	1
CASRISQSYEQYF	1
CASRIAGVFNNEQFF	1
CASRIGLLSYEQYF	1
CASRITGIFYEQYF	1
CASRIRGLSNQPQHF	1
CASRTGQYSNQPQHF	1
CASRTRGWAGELFF	1
CASRTSGTLNFGYTF	1
CASRTLPYEQYF	1
CASRTLSGGQETQYF	1
CASRTRQVKGTDTQYF	1
CASRTVGQNNEQFF	1
CASRTGFGERNEQFF	1
CASRTGTNGETQYF	1
CASRTGGGRNYNEQFF	1
CASRTSLGAYQETQYF	1
CASRTPQVLAGIGQFF	1
CASRTGWVSYEQYF	1
CASRTGLAGYNEQFF	1
CASRTGQKFTGELFF	1
CASRTTSGRDEETQYF	1
CASRTVNSPLHF	1
CASRTGAPGKLFF	1
CASRTGDDEQFF	1
CASRTGYEKLFF	1
CASRTTSGGIGELFF	1
CASRTTANTGELFF	1
CASRSLGQGYGYTF	1
CASRSQGSNQPQHF	1
CASRSRSYNEQFF	1
CASRRSQGAYGELFF	1
CASRRVAGLIGETQYF	1
CASRRGEEGQYF	1
CASRRGEETQYF	1
CASRREAGVEYEQYF	1
CASRRTSALQETQYF	1
CASRRTSGRIETQYF	1
CASRRTAASSYEQYF	1
CASRRTGANTEAFF	1
CASRRNTYEQYF	1
CASRRLAGGTDTQYF	1
CASRRQLPSTDTQYF	1
CASRRQGRTEAFF	1
CASRRQGGTEAFF	1
CASRRVTSGSPDTQYF	1
CASRRGAIAKNIQYF	1
CASRRDGIGVGELFF	1
CASRNLPGHQAKNIQYF	1
CASRNVGQNNSPLHF	1
CASRNDRVPTGELFF	1
CASRNIAGGSNTGELFF	1
CASRNSGSTDTQYF	1
CASRNSTPYEQYF	1
CASRNPGQGRNEQFF	1
CASRNRDHSYEQYF	1
CASRNENTGELFF	1
CASRKTWVGTYEQYF	1
CASRKTGLYEQYF	1
CASRKTGKYEQYF	1
CASRKLRGRPYQETQYF	1
CASRKGQGASEAFF	1
CASRKDLALRVLSYEQYF	1
CASRKTSSSTDTQYF	1
CASRFVDSNGLNEQFF	1
CASRFRLNRHEQYF	1
CASRFSGTGELFF	1
CASRFRSTENYEQYF	1
CASRLGGNSPLHF	1
CASRLLAASTDTQYF	1
CASRLAGAFNEQYF	1
CASRSRQGNSYEQYF	1
CASRSQGARQYF	1
CASRSDRGRETQYF	1
CASRSSGSHYNEQFF	1
CASRSKREGRNEQFF	1
CASRSFGTAQETQYF	1
CASRSSAQGTYEQYF	1
CASRSSTTGPRETQYF	1
CASRSPTAGYEQYF	1
CASRSRHRQVISNQPQHF	1
CASRSRTASYEQYF	1
CASRSRQGDTEAFF	1
CASRSGLATGELFF	1
CASRSSGTIYEQFF	1
CASRSRPGTSGTGELFF	1
CASRSRQSTYEQYF	1
CASRSGLVYNEQFF	1
CASRSLGLAGEKETQYF	1
CASRSGGGGADTQYF	1
CASRSGGVNTGELFF	1
CASRSGRLTGELFF	1
CASRSIGPDTQYF	1
CASRWTGSTDTQYF	1
CASRWRADEQFF	1
CASRYSDTQYF	1
CASRYYRDFSPSTDTQYF	1
CASRLDRVNNSPLHF	1
CASRLTGTSAQYNEQFF	1
CASRLSGGADTQYF	1
CASRLYRDRVSTGANVLTF	1
CASRLRPGLAVNEQFF	1
CASRLEGALSYNEQFF	1
CASRLIGRRSTDTQYF	1
CASRLSGSQYNEQFF	1
CASRLDRGNEKLFF	1
CASRLTGDSSYEQYF	1
CASRLNNEQFF	1
CASRLSGSSGNTIYF	1
CASRLLAGQNTGELFF	1
CASRLQGTSNQPQHF	1
CASRLAASSYNEQFF	1
CASRLAGSPRDIQYF	1
CASRLMTTAGTSEGEQFF	1
CASRLTVGDSSYEQYF	1
CASRLTGVVHEQYF	1
CASRPWTSANNEQFF	1
CASRPPGPPPSTDTQYF	1
CASRPPGQNNSPLHF	1
CASRPGLASSYEQYF	1
CASRPTNPGTGIRTDTQYF	1
CASRPTPGSDEKLFF	1
CASRPTLAGGSAYNEQFF	1
CASRPTGVTEAFF	1
CASRPLGPTSGSEQYF	1
CASRPSAVGGNTGELFF	1
CASRPLGRNSYEQYF	1
CASRPLGGQETQYF	1
CASRPPGATEAFF	1
CASRPPGQVYEQYF	1
CASRPPGKGGNTIYF	1
CASRPRTGGPRMDEQYF	1
CASRPQMGGLVGELFF	1
CASRPAGSGYEQYF	1
CASRPGGTGELFF	1
CASRPGTSYEQYF	1
CASRPGTSVTDTQYF	1
CASRPGTGEIGELFF	1
CASRPDSYGYTF	1
CASRPDRGKIQPQHF	1
CASRPDRGPDEQYF	1
CASRPEGTWWVAKAFF	1
CASRPEHTSYTDTQYF	1
CASRPILAGGPGELFF	1
CASRPTGTSASNEQFF	1
CASRPSLLRAETQYF	1
CASRPRQGADEQYF	1
CASRPPGQGNEQFF	1
CASRPRGQGPYEQYF	1
CASRPGQAKNIQYF	1
CASRPGLAGDFYEQYF	1
CASRPGLAGAYEQYF	1
CASRPGLAGGDRQFF	1
CASRPGQMYNEQFF	1
CASRPDRGQETQYF	1
CASRPETVSDTQYF	1
CASRPIAGKGEQYF	1
CASRPTSGSYNEQFF	1
CASRPTGPYEQYF	1
CASRPSWSTDTQYF	1
CASRPSLAGGPPEQFF	1
CASRPYSGRGETQYF	1
CASRPLATSYNEQFF	1
CASRPGGTSGIETQYF	1
CASRPGSSYNEQFF	1
CASRPGTSGPYNEQFF	1
CASRPEAGWDFLKTQYF	1
CASRPIDSSSTDTQYF	1
CASRPTGQNEKLFF	1
CASRRPTENTGELFF	1
CASRRSGRAVSSSYNEQFF	1
CASRRLEREAYNEQFF	1
CASRRRGGLDNEQFF	1
CASRRALGQNNSPLHF	1
CASRRDSQGIVSYEQYF	1
CASRRPAEIPETQYF	1
CASRRAGGSTDTQYF	1
CASRRGGEGTDTQYF	1
CASRRDSDSPLHF	1
CASRRTGTASTDTQYF	1
CASRRQGAVGEQFF	1
CASRRQGNNEQFF	1
CASRRGGQGATGETQYF	1
CASRRTGAGTGELFF	1
CASRHRTAGELFF	1
CASRHRGTGSYEQYF	1
CASRHGQTTYEQYF	1
CASRQSYEQYF	1
CASRQGGTEAFF	1
CASRQGAGQPQHF	1
CASRQGAGAKNIQYF	1
CASRQDINTEAFF	1
CASRQDTHYGYTF	1
CASRQTSGIDNEQFF	1
CASRQTGGTDTQYF	1
CASRQPPGLAGGGTDTQYF	1
CASRQPGGPSWEQFF	1
CASRQRDGHTDTQYF	1
CASRQERGPYNEQFF	1
CASRQTSTNEQFF	1
CASRQTDTQYF	1
CASRQSGKSIREGRDEQFF	1
CASRVSGANVLTF	1
CASRVAVNRNTGELFF	1
CASRVATEAFF	1
CASRVAAYSNQPQHF	1
CASRVGQNGVELFF	1
CASRVPGLAGNEQFF	1
CASRVAGVRNEQFF	1
CASRAWQGARQPQHF	1
CASRAGTGLYEQYF	1
CASRAGTGVLWLFF	1
CASRATSNNEQFF	1
CASRASLAQETQYF	1
CASRAVDTQYF	1
CASRAASRITGELFF	1
CASRAGLLHTDTQYF	1
CASRAGGEQYF	1
CASRAGGPRNEQFF	1
CASRAGGAGELFF	1
CASRADRTNEKLFF	1
CASRATSGKVETQYF	1
CASRARQGKEKLFF	1
CASRAGGTPTDTQYF	1
CASRGLASSGEQFF	1
CASRGGTGVADTQYF	1
CASRGSGRAGEQFF	1
CASRGSGSYNEQFF	1
CASRGPGWGVHTGELFF	1
CASRGRSPYNEQFF	1
CASRGVGHEQYF	1
CASRGAVLNYEQYF	1
CASRGAVKETQYF	1
CASRGGNQETQYF	1
CASRGGASRTGNNEQFF	1
CASRGGGRGTDTQYF	1
CASRGEIEDGYTF	1
CASRGTSGYEQYF	1
CASRGTSGSYEQYF	1
CASRGTGGKNEQYF	1
CASRGTGEKYQHF	1
CASRGLAAGTGELFF	1
CASRGLAGENEQFF	1
CASRGQGPPYEQYF	1
CASRGQGASEAFF	1
CASRGEETQYF	1
CASRGIGSTGELFF	1
CASRGIEGGDYGYTF	1
CASRGTWAQETQYF	1
CASRGTRDSNQPQHF	1
CASRGTGTSGSNEQFF	1
CASRGKGLGGRVKNIQYF	1
CASRDPGREQFF	1
CASRDIYRYNEQFF	1
CASRDSGSSNYEQYF	1
CASRDSGSASYEQYF	1
CASRDLSYNEQFF	1
CASRDSRAINQFF	1
CASRDQGTGRYNEQFF	1
CASRDGSGNYEQYF	1
CASRDRVRGELFF	1
CASREWTGRVDEQFF	1
CASREQGAPTEAFF	1
CASREGQGAAGELFF	1
CASRIYSGNREDTQYF	1
CASRIRLAGNQETQYF	1
CASRMGNEQFF	1
CASRMTGTGGYKNEAFF	1
CASRIPWSGVNIQYF	1
CASRINPDQYNEQFF	1
CASRTPGLESYEQYF	1
CASRTAGLFTDTQYF	1
CASRTTGGSYNEQFF	1
CASRTSGRSYNEQFF	1
CASRTRTSEEQYF	1
CASRTLGLAGGGEQYF	1
CASRTGTSGSYNEQFF	1
CASRTFSGSGEQYF	1
CASRTGQGPYEQYF	1
CASRTPRQGVQYF	1
CASRTGFATEAFF	1
CASRTGGWEFF	1
CASRSLGENIQYF	1
CASRSSRRGGNYEQYF	1
CASRSGTGGTDTQYF	1
CASRSSTDTQYF	1
CASRSKLGRTDTQYF	1
CASRRQGATRYEQYF	1
CASRRGTSGRSYEQYF	1
CASRRDSTDTQYF	1
CASRRDSPDTQYF	1
CASRRTSHYEQYF	1
CASRRTGVETQYF	1
CASRRRLREINTGELFF	1
CASRRLHDYEQYF	1
CASRRPGQRNEQYF	1
CASRRQTGVNTEAFF	1
CASRRGTSGSYEQYF	1
CASRRITGTGDYGYTF	1
CASRNEQFF	1
CASRNTGPDTQYF	1
CASRNDTQETQYF	1
CASRNTGQGNNEQFF	1
CASRNREFEQFF	1
CASRNKTSGTYNEQFF	1
CASRKWELLTGELFF	1
CASRKGAEQYF	1
CASRKGEQFF	1
CASRKDSIYNEQFF	1
CASRKDSSNTGELFF	1
CASRKTDQETQYF	1
CASRKLDRSVGGELFF	1
CASRKSGTGVADTQYF	1
CASRKPSGAAYEQYF	1
CASRKPGQGTYEQYF	1
CASRKQRYNSPLHF	1
CASRKGTGEGQPQHF	1
CASRKGLAGNPTDTQYF	1
CASRKTYEQYF	1
CASRKKGRDYEQYF	1
CASNPPSGRDITDTQYF	1
CASNHVSSYNEQFF	1
CASNQGLSYNEQFF	1
CASNGGGNYNEQFF	1
CASNGGQETQYF	1
CASNMNRGDEQFF	1
CASNTGLARWNEQFF	1
CASNTLGPHEQFF	1
CASNTGSGLLETQYF	1
CASNTGGDAYEQYF	1
CASNRGSADTQYF	1
CASNRRAYEQYF	1
CASNFRGTDTQYF	1
CASNSPGLAGEYEQYF	1
CASNSRRASYEQYF	1
CASNSGVDTDTQYF	1
CASNLTSEQYF	1
CASNLLAGTSTDTQYF	1
CASNLPGTGDPGLKLYEQYF	1
CASNLGLNTEAFF	1
CASNLGTKETQYF	1
CASNPGGTQYF	1
CASNPSGEDSYEQYF	1
CASNPLSSVNEQFF	1
CASNPTNTGARETQYF	1
CASNPASGRNTDTQYF	1
CASNPGLAGAGELFF	1
CASNPDVGGDTQYF	1
CASNPSAGTSGEQFF	1
CASNRDRGHNEQFF	1
CASNRQGRTGYNEQFF	1
CASNRQGAETQYF	1
CASNRQTDTQYF	1
CASNHPRDRDNQPQHF	1
CASNHVVRLAYGYTF	1
CASNQGGDQETQYF	1
CASNQETQYF	1
CASNVVAESSYNEQFF	1
CASNARGNHEQYF	1
CASNAGTGLQETQYF	1
CASNAGIQETQYF	1
CASNAPGTSGTNTGELFF	1
CASNGGRASIQYF	1
CASNGQQKETQYF	1
CASNELGTPSSYEQYF	1
CASNEGRGETQYF	1
CASNMQSSWNTEAFF	1
CASNIQGWNEQFF	1
CASNTLRGGNSPLHF	1
CASNTPVGQAGAIEQFF	1
CASNTAQGARGELFF	1
CASNTPERDYNEQFF	1
CASNRVTGELFF	1
CASNRGRTEAFF	1
CASNRGQETQYF	1
CASNRQQENNEQFF	1
CASNNHPGHQSTDTQYF	1
CASNNGGRSTGELFF	1
CASNKAGGPFNSYNEQFF	1
CASKSSGPTFEEKLFF	1
CASKLVGTGSLQETQYF	1
CASKLAGGEETQYF	1
CASKPRQSNTEAFF	1
CASKPEGFATQYF	1
CASKRSGELFF	1
CASKVGGGGRAPYEQYF	1
CASKVPGTGIYEQYF	1
CASKVRLAGETQYF	1
CASKVTGASPSLAGITDTQYF	1
CASKASGRGETQYF	1
CASKAGGHEQFF	1
CASKAGGGYEQYF	1
CASKADWNTEAFF	1
CASKGQLDTGELFF	1
CASKGLGAYEQYF	1
CASKGQRNTEAFF	1
CASKGGLARHEQFF	1
CASKGGAYEQYF	1
CASKGQQETQYF	1
CASKGQGYYEQYF	1
CASKGQGMNTGELFF	1
CASKDREMVYEQYF	1
CASKDAGTDTQYF	1
CASKDSTNTEAFF	1
CASKEGRLGQFF	1
CASKEGSVTDTQYF	1
CASKEGQGPYEQYF	1
CASKIGLAGVVGELFF	1
CASKTSGAYEQYF	1
CASKTGLGQGRQETQYF	1
CASKTMGPKYQETQYF	1
CASKTPGLGDQAEQFF	1
CASKSPGLAGGTNTGELFF	1
CASKRTSYQQTQYF	1
CASKNDRAGNQPQHF	1
CASKKGVGEKLFF	1
CASKKDNTDTQYF	1
CASKKDRAPQETQYF	1
CASKFYRDYYNEQFF	1
CASKLGRATDTQYF	1
CASKSLSTDTQYF	1
CASKWGDRVTDTQYF	1
CASKWTGDYNEQFF	1
CASKYEPSGSYEQYF	1
CASKLAGVYEQYF	1
CASKLGTSGSNEQFF	1
CASKPRELAGAKNIQYF	1
CASKPGQGISSYEQYF	1
CASKRGGSGRGRYNEQFF	1
CASKQRETYNEQFF	1
CASKQGSLSEQFF	1
CASKQAASSYEQYF	1
CASKVETGRDTQYF	1
CASKAGLAKNIQYF	1
CASKASGRTRSTDTQYF	1
CASKGPAPGETQYF	1
CASKGGHQNEQFF	1
CASKGDVSYEQYF	1
CASKGLAGRSYNEQFF	1
CASKDSNQPQHF	1
CASKETAQGNIQYF	1
CASKETGGADGSYNSPLHF	1
CASKIDRKNTEAFF	1
CASKMTSGSRGEQFF	1
CASKTPGLNEQFF	1
CASKTQADTQYF	1
CASKTAGEGDKNIQYF	1
CASKSRGGDTDTQYF	1
CASKSIGWNQPQHF	1
CASKRSSASTDTQYF	1
CASKRGAFSSGANVLTF	1
CASKRNRPSTDTQYF	1
CASKNPGDKTYEQYF	1
CASKNQPTGSDTQYF	1
CASKKANNSPLHF	1
CASKKGRDRVGRNSPLHF	1
CARGDRGENTQYF	1
CARMKQGKDTGELFF	1
CARIDRAGQETQYF	1
CARTGTSVLFGEETQYF	1
CARSRGMAQYF	1
CARSWTGTNTGELFF	1
CARLRHTEAFF	1
CARPWDRGISGELFF	1
CARENNEQFF	1
CARSSTGPPPGEQFF	1
CARSLGTSWAPSYNEQFF	1
CARSLSPPQHF	1
CARNPTGANTEAFF	1
CARKTTEQFF	1
CARKTGTRTDTQYF	1
CANRDSYNEQFF	1
CANQANTGELFF	1
CANSFGLANEQYF	1
CANSSRPDRVSPLHF	1
CAKRGGIYYEQYF	1
CAKHSGQSLSYEQYF	1
CAKSHPGNEQFF	1
CAKKNPQHSLANTGELFF	1
CARSGSASYNEQFF	1
CAVGVTGNTEAFF	1
CAGAEGHTDTQYF	1
CATGVGGPKTQYF	1
CASSRGGAPGNEQFF	1
CARGGNHQYF	1
CAVVAGRSYNEQFF	1
CASRLFPMGQDEAFF	1
CASRSEQGLPRSYEQYF	1
CASHAQRVGADTQYF	1
CGSRELAGSTDTQYF	1
CGRGRGSGEGSYEQYF	1
CSLAGARLETQYF	1
CSPRADTDTQYF	1
CSRQGWSTDTQYF	1
CPKRGSEQFF	1
CVGREGSYNEQFF	1
CATPSGGRDPIHEQFF	1
CASGSEARGTDTQYF	1
CASSLAGVGPDTQYF	1
CASQREGSTGELFF	1
CASAWGPTTDTQYF	1
CAGGRGRGEQFF	1
CAGEETQYF	1
CAIGGDNADQPQHF	1
CAISPQTGEETQYF	1
CATPAAQGPKSYEQYF	1
CATRLTAGGQNEQFF	1
CATRMEGDTQYF	1
CATQRDSQSTDTQYF	1
CATAGSPNTGELFF	1
CATGTGEGSYEQYF	1
CATETGNTGELFF	1
CATIAGGVSYNEQFF	1
CATNPAPRNQPQHF	1
CASSSSGRRDTQYF	1
CASRTGTSTDTQYF	1
CASRQSLARHEQYF	1
CASASGGNEQYF	1
CASDQGASSYNEQFF	1
CASSYVLARLNNEQFF	1
CASRRTSGLDEQFF	1
CASRAGASYEQYF	1
CASKQGVDNEQFF	1
CASFLAGDNYEQYF	1
CASFRNNEQFF	1
CASFSQVDNEKLFF	1
CASFPTSGSQETQYF	1
CASFRGGFDTGELFF	1
CASFTLAEGDNEQFF	1
CASFTREDSYEQYF	1
CASLRGGSYNEQFF	1
CASSRTGTTLYEQYF	1
CASSQNRGRTDTQYF	1
CASSPSGFHNEQFF	1
CASSRPQGPDTGELFF	1
CASSGAAMNTGELFF	1
CASSGEGNQETQYF	1
CASSGQYNQPQHF	1
CASSGQGGTDTQYF	1
CASSDKVPTGDITGELFF	1
CASSPRTGATNYGYTF	1
CASSRGSGSSGANVLTF	1
CASSNTGTRMGEQYF	1
CASCPGFGNTGELFF	1
CASYFSGDTDTQYF	1
CASLSGANVLTF	1
CASLPLAGVRNGELFF	1
CASLGTSGSHNTGELFF	1
CASPDTDTQYF	1
CASRFSLAGDTQYF	1
CASRPRWDGAYNEQFF	1
CASRTGVTSYEQYF	1
CASRNLGRRMETQYF	1
CASRGGLGTDTQYF	1
CASRTGPSSYEQYF	1
CASRFRGGEQYF	1
CASRLAGSYEQYF	1
CASRRLVTHNEQFF	1
CASRQGTATIPDTQYF	1
CASRARLAGAGEQYF	1
CASHRDRYTGELFF	1
CASHTMGDTQYF	1
CASQLAGGYYEQYF	1
CASVQIAGGSNTGELFF	1
CASVAGAADTQYF	1
CASAPEWGIPSTDTQYF	1
CASAPTGASKAFF	1
CASAPRVGYEQYF	1
CASARAGVTEQFF	1
CASAVRETGAGFGQYF	1
CASAYPGRSNEQFF	1
CASALAGGPHEQFF	1
CASAPGQERGYTF	1
CASAPGISTDTQYF	1
CASGTSFVYEQYF	1
CASGFQPENTGELFF	1
CASGDLGSRFSYEQYF	1
CASGYIGTSGDQGKNIQYF	1
CASGGNEQFF	1
CASGDNEQFF	1
CASGTSGTNTDTQYF	1
CASGTGTGIAGELFF	1
CASGTREGQNEQFF	1
CASGTVKTEAFF	1
CASGRREEGNEQFF	1
CASGSNYEQYF	1
CASGSSPQGQNEQFF	1
CASGPRVHYEQYF	1
CASGPGGTGELFF	1
CASGRLAGAQETQYF	1
CASGEGGTDTQYF	1
CASGKSGSNEQFF	1
CASETDRGLTGELFF	1
CASISLAGGNEQFF	1
CASIRGAPNTGELFF	1
CASIPGTSGSGYEQYF	1
CASIRTPGGENTGELFF	1
CASMSSGAEETQYF	1
CASMVTGGTNTGELFF	1
CASMGTDTQYF	1
CASMEGTSGSSEQYF	1
CASMETPNTGELFF	1
CASMKSPRTEKDSNQPQHF	1
CASIRQAFTDTQYF	1
CASIAGDPSGRREQYF	1
CASIGGQGANEQFF	1
CASTLAGGTDTQYF	1
CASTPLESTGELFF	1
CASTRGELLRYNEQFF	1
CASTQGQLNTEAFF	1
CASTTGTPTGTEAFF	1
CASTRTDRALDEQYF	1
CASTFPGLAPINEQFF	1
CASTFGAGELFF	1
CASTSGRDETQYF	1
CASTWGATGELFF	1
CASTYGGELYTEQFF	1
CASTLSGQPYEQYF	1
CASTLGGGSYEQYF	1
CASTLGTSGGPYNEQFF	1
CASTLGAGGLAYEQYF	1
CASTLTLAVYNEQFF	1
CASTLRPQIDNEQFF	1
CASTLTVSTDTQYF	1
CASTLSGSGANVLTF	1
CASTPVPFTSGANVLTF	1
CASTPDVGDTQYF	1
CASTPLGYTDTQYF	1
CASTPDRAAAGELFF	1
CASTPTSFGEQFF	1
CASTPRGGRTGELFF	1
CASTPLAGVGSYNEQFF	1
CASTPNLAGRNEQFF	1
CASTREEGNTEAFF	1
CASTQGLAGGPTYEQYF	1
CASTQGRDEQYF	1
CASTQEEGTYNEQFF	1
CASTASGRVNEQFF	1
CASTAGGDADTQYF	1
CASTANTDTQYF	1
CASTGTSGHTGELFF	1
CASTEGERPENEQFF	1
CASTEGFTDTQYF	1
CASTELAGGSTDTQYF	1
CASTILAGGPHEQYF	1
CASTTVLAGATETQYF	1
CASTSSTDTQYF	1
CASTKAGTGGHEQYF	1
CASTPGLFDNEQFF	1
CASTGPGDSNEQFF	1
CASTGLSSYEQYF	1
CASTISGLANEQFF	1
CASTRGTSGDSSYNEQFF	1
CASTVAGELFF	1
CASTIGGSYNEQFF	1
CASSFRDNQETQYF	1
CASSLASGRVRETQYF	1
CASSLTSGRSEQYF	1
CASSLLAGDGRNIQYF	1
CASSLPGKQFF	1
CASSSHSRDYNEQFF	1
CASSSMGGSSYNEQFF	1
CASSSTSGTGETQYF	1
CASSSPLRGLWTNEQFF	1
CASSSGGGHEQFF	1
CASSSGPGNQPQHF	1
CASSSGLAGEEDEQFF	1
CASSSGITYEQYF	1
CASSSTGGETQYF	1
CASSSQGARTGELFF	1
CASSSAGPNEQFF	1
CASSWYTRRRLVVQYF	1
CASSWGGLGNEQFF	1
CASSWGDTQYF	1
CASSWEATETQYF	1
CASSYGNLYNEQFF	1
CASSYTPTSGANVLTF	1
CASSYTSGLAGTDTQYF	1
CASSLLAGVRYEQYF	1
CASSLPSGSYNEQFF	1
CASSLRAPMGQPQHF	1
CASSLQSGRARDTQYF	1
CASSLDSPKTGELFF	1
CASSLAGETGELFF	1
CASSLGVSNTGELFF	1
CASSLKRNEQFF	1
CASSPPSRPFTGELFF	1
CASSPAYAAVSSYNEQFF	1
CASSPDSEVFFTEAFF	1
CASSPIQVWDEQYF	1
CASSPTSGRSINEQFF	1
CASSPGGLRYEQYF	1
CASSPGTHNEQFF	1
CASSPGTGSNYGYTF	1
CASSPGQNEKLFF	1
CASSPEIRDTKDTQYF	1
CASSPIQGTDEQYF	1
CASSPTPPTSGTDTQYF	1
CASSPWAGVFLEQFF	1
CASSPSLVTNEQFF	1
CASSPAGGTYNEQFF	1
CASSPGTSGYNEQFF	1
CASSPGTGGPLAKNIQYF	1
CASSPRGSSGSWEQYF	1
CASSRASGTLGEQYF	1
CASSRDRTYEQYF	1
CASSRSGRGTGELFF	1
CASSRDHSGGYEQYF	1
CASSRDRGREQYF	1
CASSRTSIRNEQFF	1
CASSRSPSGYYNEQFF	1
CASSRVNEQFF	1
CASSRGGEDTEAFF	1
CASSHFFRLGLYEQYF	1
CASSHSGTSAGELFF	1
CASSHPGQGGQVWEKLFF	1
CASSHDRAYNEQFF	1
CASSHESAGELFF	1
CASSHRVWDYYEQYF	1
CASSQGLQETQYF	1
CASSQGQEDPYNQPQHF	1
CASSQKNRGYEQYF	1
CASSQLRDWVYNEQFF	1
CASSQLRLVYEQYF	1
CASSQSGTGDYEQYF	1
CASSQSTSGSQPQHF	1
CASSQSWVRELFF	1
CASSQSAAAAGNTDTQYF	1
CASSQSGQSRGYTF	1
CASSQSGVGAGKDEQYF	1
CASSQSERECYEQYF	1
CASSQSSHGPLVNTEAFF	1
CASSQSGTSPGELFF	1
CASSQLPDGPYEQYF	1
CASSQLRGNNEQFF	1
CASSQVRYEQYF	1
CASSQAGVGKTQYF	1
CASSQDFNEQFF	1
CASSQTGTSGINEQFF	1
CASSQSYEQYF	1
CASSQRAPDTQYF	1
CASSVGRELYNEQFF	1
CASSAGLAGDIQYF	1
CASSATLTYEQYF	1
CASSARGAGTDTQYF	1
CASSAILGGGGTGELFF	1
CASSATSTSYNEQFF	1
CASSGPTSGSTYNEQFF	1
CASSGVIGQGLYEQYF	1
CASSGAGTAGDTQYF	1
CASSGITGTSGANEQFF	1
CASSDSLGSNEQYF	1
CASSDRLIYEQYF	1
CASSDQLAGPNNEQFF	1
CASSDGIGRGLRETQYF	1
CASSDGVHEQYF	1
CASSDPGTSGRPNEQFF	1
CASSDPYLGVGFNEQFF	1
CASSDTSGGPETQYF	1
CASSDTASTDTQYF	1
CASSDSYTGELFF	1
CASSDNQYEQYF	1
CASSEFLGGSYNEQFF	1
CASSESHEQFF	1
CASSESGQGDRETQYF	1
CASSESDRQETQYF	1
CASSESSWRPPNEQYF	1
CASSESGLAASYEQYF	1
CASSESIMTGLHQPQHF	1
CASSESTPQRDEQFF	1
CASSESGAGQETQYF	1
CASSESGGLTDTQYF	1
CASSEWGTGVVDEQYF	1
CASSEWSGRGYEQYF	1
CASSEAGINEQFF	1
CASSEASGLYEQYF	1
CASSEGEKNIQYF	1
CASSEDLRSGLAGGKTSSYNEQFF	1
CASSETLGGLYEQYF	1
CASSETPGGELFF	1
CASSESTSLSYEQYF	1
CASSESREGQETQYF	1
CASSELAEETQYF	1
CASSEVGTDVGEQYF	1
CASSEGAATNEKLFF	1
CASSEGVAGEVEQFF	1
CASSEDRGGVYEQYF	1
CASSERQGASTLPQHF	1
CASSIGQGAREQYF	1
CASSIDGPRGYGYTF	1
CASSTRQPATNTEAFF	1
CASSTSGLYEQYF	1
CASSTDRLSETQYF	1
CASSKRQGGDSPLHF	1
CASSFLGLARGYNEQFF	1
CASSFLTGSTDTQYF	1
CASSFLAGGSRNEQFF	1
CASSFLAGGGYEQYF	1
CASSFSSTDTQYF	1
CASSFSPSRGSYNEQFF	1
CASSFSGWGTEAFF	1
CASSFSGPPQETQYF	1
CASSFSRTGPGKNIQYF	1
CASSFSGKETQYF	1
CASSFSTGEGYTF	1
CASSFYWLAQSDTQYF	1
CASSFLSGSTDTQYF	1
CASSFLPGLAGVYQETQYF	1
CASSFLTGNEQFF	1
CASSFLAGGNTGELFF	1
CASSFLGVLAGDGTDTQYF	1
CASSFPGTNTDTQYF	1
CASSFPGTANTGELFF	1
CASSFPGTGSTEAFF	1
CASSFRPAGPSYEQYF	1
CASSFRAGLAKNIQYF	1
CASSFREGLEQYF	1
CASSFHGQGVTYEQYF	1
CASSFQGGTEAFF	1
CASSFVGRNTDTQYF	1
CASSFVTGTGDNEQFF	1
CASSFAGVGIDEQFF	1
CASSFAGTNQETQYF	1
CASSFARAYEQYF	1
CASSFAYEQYF	1
CASSFAGYNEQFF	1
CASSFAGVNEKLFF	1
CASSFGASGEQYF	1
CASSFGRGYEQYF	1
CASSFGRPGTGELFF	1
CASSFGLADEQYF	1
CASSFGQGETQYF	1
CASSFGGGTDTQYF	1
CASSFGMQETQYF	1
CASSFDTYEQYF	1
CASSFDSGTDTQYF	1
CASSFERTEDEQFF	1
CASSFEGVDEQYF	1
CASSFIGHPRGEQYF	1
CASSFMAGNTDTQYF	1
CASSFIAGGLETQYF	1
CASSFTGTSAYNEQFF	1
CASSFSGIPYEQYF	1
CASSFSGSVSNEQFF	1
CASSFSGRRYEQYF	1
CASSFSGVPYNEQFF	1
CASSFNPTNAYEQYF	1
CASSFNQETQYF	1
CASSFNGGGTDTQYF	1
CASSFNSAPYEQYF	1
CASSFNSVDNEQFF	1
CASSFKGTYEQYF	1
CASSFKGPQETQYF	1
CASSFFPRSSYNEQFF	1
CASSFLRTSYEQYF	1
CASSFSRTITYNEQFF	1
CASSFSEDLEQYF	1
CASSFSVDEQYF	1
CASSFSSSGRNNEQFF	1
CASSFSGSYNEQFF	1
CASSFSGSGELFF	1
CASSFWTEYNEQFF	1
CASSFYREGTDTQYF	1
CASSFLHGRGGYNEQFF	1
CASSFLQQGSETQYF	1
CASSFLGQSATDTQYF	1
CASSFLDSSSYNEQFF	1
CASSFLSTDTQYF	1
CASSFLALTDTQYF	1
CASSFPRAGDTQYF	1
CASSFPPSGGYEQYF	1
CASSFPGGYTF	1
CASSFRGDQPQHF	1
CASSFRQTSAYYEQYF	1
CASSFRDPYTDTQYF	1
CASSFRETQYF	1
CASSFRTGGVGEQYF	1
CASSFRSGGSYEQYF	1
CASSFRLTRGDPSSYNEQFF	1
CASSFQGAPNEQFF	1
CASSFQGGDTQYF	1
CASSFQAGGLNEQFF	1
CASSFASGGEQFF	1
CASSFASGSHTGELFF	1
CASSFALYQETQYF	1
CASSFALPSGRGTDTQYF	1
CASSFAGTANEQYF	1
CASSFGGSGYNEQFF	1
CASSFGASGYNEQFF	1
CASSFGGRGNEQFF	1
CASSFGGQSHEQYF	1
CASSFGRVLSGANVLTF	1
CASSFGGYTGELFF	1
CASSFGTITPDTQYF	1
CASSFGTAVGYTF	1
CASSFGTGPSYEQYF	1
CASSFGTGRGEQYF	1
CASSFGTGIYNEQFF	1
CASSFGLTNTGELFF	1
CASSFGLNYEQYF	1
CASSFGLAYEQYF	1
CASSFGPAGTGELFF	1
CASSFGRRDTQYF	1
CASSFGQGLGTDTQYF	1
CASSFGTLGLSYEQYF	1
CASSFGSGKNEQFF	1
CASSFGRVADGYTF	1
CASSFDGETQYF	1
CASSFEPGGVRSAKNIQYF	1
CASSFEHTDTQYF	1
CASSFEGSGELFF	1
CASSFISDHRNTGELFF	1
CASSFMGQQQETQYF	1
CASSFTSGSYEQYF	1
CASSFTSGRAPYEQYF	1
CASSFTGPNTGELFF	1
CASSFTGANTGELFF	1
CASSFSPATQYF	1
CASSFSGQGNEQFF	1
CASSFRVSGNPGELFF	1
CASSFRAGRGYEQYF	1
CASSFRTGSPGELFF	1
CASSFNADQETQYF	1
CASSFKVLAANEQFF	1
CASSLFDRARETQYF	1
CASSLFTNTGELFF	1
CASSLFTGELFF	1
CASSLFSGSYEQYF	1
CASSLFSGTYEQYF	1
CASSLFSSGRGSTGELFF	1
CASSLFLSYNEQFF	1
CASSLFRDEQYF	1
CASSLFAGATDTQYF	1
CASSLFGSGSPPREQYF	1
CASSLFGPETGADEQYF	1
CASSLFGASSYEQYF	1
CASSLFKLAGANTGELFF	1
CASSLLWGASGTEAFF	1
CASSLLGKEQYF	1
CASSLLGQSFEAFF	1
CASSLLASGRKETQYF	1
CASSLSSTTDTQYF	1
CASSLSGAEAFF	1
CASSLSSGYNEQFF	1
CASSLSLAGWPEQYF	1
CASSLSPAGAYEQYF	1
CASSLSPNTGELFF	1
CASSLSVRNEQYF	1
CASSLSAGGSYEQYF	1
CASSLSGGPYNEQFF	1
CASSLSVSGRPYTQYF	1
CASSLSGAPYEQYF	1
CASSLSGAYNEQFF	1
CASSLSGGVYEQYF	1
CASSLSDGSADTQYF	1
CASSLSLRDYEQYF	1
CASSLSPQPNEQFF	1
CASSLWLGVNTGELFF	1
CASSLWLDGTDTQYF	1
CASSLWPRGTGAFEQYF	1
CASSLWVAEPGELFF	1
CASSLWAGTQNYEQYF	1
CASSLWGAERENAAYEQYF	1
CASSLWGGSSYEQYF	1
CASSLWGDNEQFF	1
CASSLWGLTYEQYF	1
CASSLWGEYFDEQFF	1
CASSLYFGSNTEAFF	1
CASSLYPSGDEYNEQFF	1
CASSLYRKQYF	1
CASSLYGAREYEQYF	1
CASSLYGTEGYTF	1
CASSLYDGMLGREQFF	1
CASSLYQGTYNEQFF	1
CASSLYQEGDIQYF	1
CASSLYGGVRSGANVLTF	1
CASSLYGSWEQFF	1
CASSLLREGLEATDTQYF	1
CASSLLVDSYEQYF	1
CASSLLGGQGASGETQYF	1
CASSLLGGYQETQYF	1
CASSLLNSVPGLAQETQYF	1
CASSLLSVNTGELFF	1
CASSLLVTGATYNEQFF	1
CASSLLARGENEQFF	1
CASSLLSPNEQYF	1
CASSLLPTSGKYEQYF	1
CASSLLVAGGQETQYF	1
CASSLLDRLYNEQFF	1
CASSLLLAGDNEQFF	1
CASSLLQGSYNEQFF	1
CASSLPPTSGTQNEQFF	1
CASSLPSGTSSYEQYF	1
CASSLPSGRFYNEQFF	1
CASSLPSGANTGELFF	1
CASSLPLTGGRRYEQYF	1
CASSLPLDSHGTDTQYF	1
CASSLPPGGDRSYEQYF	1
CASSLPRTSGSDYEQYF	1
CASSLPGSGSYNEQFF	1
CASSLPGTSGITGELFF	1
CASSLPGTGDVLYYTDTQYF	1
CASSLPLTGELFF	1
CASSLPAKGLHNEQFF	1
CASSLPGLAGGHSYEQYF	1
CASSLPSNEQYF	1
CASSLRVPPSYEQYF	1
CASSLRTSTQETQYF	1
CASSLRGTGGLETQYF	1
CASSLRGSAYNEQFF	1
CASSLRSLQETQYF	1
CASSLRLSSYNEQFF	1
CASSLRVAGTYEQYF	1
CASSLRGETTGPRSNEQYF	1
CASSLRGDRASQPDTQYF	1
CASSLRGPSTDTQYF	1
CASSLRGPSSYNEQFF	1
CASSLRDTRNTGELFF	1
CASSLREYTEAFF	1
CASSLREGNTGELFF	1
CASSLRLAGMETQYF	1
CASSLRGTKETQYF	1
CASSLRSQETQYF	1
CASSLHYTGGSYEQYF	1
CASSLQSSSYEQYF	1
CASSLQRDGRTDTQYF	1
CASSLQGNEQYF	1
CASSLQGSDTQYF	1
CASSLQGLADEQFF	1
CASSLQGEADTQYF	1
CASSLQGTRWVQYF	1
CASSLQEVSYNEQFF	1
CASSLQRGPLATDTQYF	1
CASSLQGANYGYTF	1
CASSLQSGSLSEQFF	1
CASSLVLAGYTGELFF	1
CASSLVLAGDYEQYF	1
CASSLVPLSGSQETQYF	1
CASSLVPTDTQYF	1
CASSLVPRTDSGANVLTF	1
CASSLVRLAGGNEQFF	1
CASSLVQGGLNTEAFF	1
CASSLVQGANTGELFF	1
CASSLVQRNTEAFF	1
CASSLVVGGYEQYF	1
CASSLVVTGELFF	1
CASSLVVNEQFF	1
CASSLVAGGTDTQYF	1
CASSLVAGGPSYNEQFF	1
CASSLVAGQDNEQFF	1
CASSLVGHGGEQYF	1
CASSLVGRLGNTYEQYF	1
CASSLVGAGSSYEQYF	1
CASSLVGGVFYEQYF	1
CASSLVGDQPQHF	1
CASSLVGEQPQHF	1
CASSLVGTSGVGGNIQYF	1
CASSLVGTSGRGVIQYF	1
CASSLVGGEETQYF	1
CASSLVDEGYEQYF	1
CASSLVENGVETQYF	1
CASSLVTGAYNEQFF	1
CASSLVSWGATDTQYF	1
CASSLVSPPEGRDTQYF	1
CASSLVSGLAHEQYF	1
CASSLVLSGANVLTF	1
CASSLVPSGRTYNEQFF	1
CASSLVPGSGANVLTF	1
CASSLVRTGRSGNIQYF	1
CASSLVAYSTGELFF	1
CASSLVAGGEKLFF	1
CASSLVGGVHEQYF	1
CASSLVGRVTDTQYF	1
CASSLVEGAYEQYF	1
CASSLVTDNEQFF	1
CASSLVLGEGLPTFSEQYF	1
CASSLVSSGSYEQYF	1
CASSLVSNEQFF	1
CASSLVSATDTQYF	1
CASSLVLGGVPSEQYF	1
CASSLVPGREEETQYF	1
CASSLVRSGEYTYF	1
CASSLVVAGGYEQFF	1
CASSLVVSSYEQYF	1
CASSLVASGIDEQYF	1
CASSLVASGRIGDTQYF	1
CASSLVASGVTSTYNEQFF	1
CASSLVAASYNEQFF	1
CASSLVAENTGELFF	1
CASSLVGASTDTQYF	1
CASSLVGSNQPQHF	1
CASSLVGGQGYEQYF	1
CASSLVGGEAYEQYF	1
CASSLVGSNEQYF	1
CASSLVETASYEQYF	1
CASSLVTGGEGSSYNEQFF	1
CASSLVRVETQYF	1
CASSLVRADTQYF	1
CASSLVSLAGTNTGELFF	1
CASSLVSGDYNEQFF	1
CASSLVLAAEETQYF	1
CASSLVLAFADTQYF	1
CASSLVLDSEQYF	1
CASSLVPVSDTQYF	1
CASSLVPENSYEQYF	1
CASSLVQGLAGVEQYF	1
CASSLVVDYEQYF	1
CASSLVALAGGSDTQYF	1
CASSLVASGSYEQYF	1
CASSLVASSDSEQYF	1
CASSLVAPDTQYF	1
CASSLVAGYNEQFF	1
CASSLVAGGNEQFF	1
CASSLVAGSNTGELFF	1
CASSLVAGVSYNEQFF	1
CASSLVAGVTYNEQFF	1
CASSLVAGKDTQYF	1
CASSLVGVMDSSTDTQYF	1
CASSLVGLPETGELFF	1
CASSLVGLEQFF	1
CASSLVGGYNEQFF	1
CASSLVMGSEAFF	1
CASSLVNTQYF	1
CASSLALAGASGELFF	1
CASSLAPSSYEQYF	1
CASSLAPDGSSYNSPLHF	1
CASSLAPTLAGDEQYF	1
CASSLARTASYEQYF	1
CASSLAVGNEQFF	1
CASSLAAGRATEQYF	1
CASSLAAIKSNEQFF	1
CASSLAAASEDTQYF	1
CASSLAGRGYEQYF	1
CASSLAGGEGYEQYF	1
CASSLAGGSTDTQYF	1
CASSLAEQGSNEQFF	1
CASSLAIAAGAYNEQFF	1
CASSLASRNTGELFF	1
CASSLASGNGRLIDTQYF	1
CASSLARGRETQYF	1
CASSLAFSAGGGTGELFF	1
CASSLAFRGADTQYF	1
CASSLALAGSSQETQYF	1
CASSLALRTSEETQYF	1
CASSLASGYSYEQYF	1
CASSLASSVDNSPLHF	1
CASSLAYGRDEQYF	1
CASSLAYGGLSYNEQFF	1
CASSLALYTGELFF	1
CASSLALAGSSYNEQFF	1
CASSLALTGGEETQYF	1
CASSLALAASTDTQYF	1
CASSLAPSGGYNEQFF	1
CASSLAPAQISYEQYF	1
CASSLAPAGGYNEQFF	1
CASSLAPRAGGLDWEQYF	1
CASSLARTGLNTGELFF	1
CASSLAHLTYEQYF	1
CASSLAQGHFYEQYF	1
CASSLAQKREQYF	1
CASSLAQSSNTEAFF	1
CASSLAVSADTDTQYF	1
CASSLAVSYEQYF	1
CASSLAVQTYEQYF	1
CASSLAVSKSSGNTIYF	1
CASSLAVGDYEQYF	1
CASSLAASPSSYEQYF	1
CASSLAAGGSRNEQFF	1
CASSLAAGDYNEQFF	1
CASSLAGDQPQHF	1
CASSLAGLGAGGADTQYF	1
CASSLAGAGTQETQYF	1
CASSLAGGDYGYTF	1
CASSLAGTSGTDTQYF	1
CASSLAGTRQETQYF	1
CASSLAGSATGELFF	1
CASSLAGLNNEQFF	1
CASSLAGRRMNEQFF	1
CASSLAGQGTEQFF	1
CASSLADSGINEQFF	1
CASSLADGLGTGELFF	1
CASSLAEGEQFF	1
CASSLAISGANVLTF	1
CASSLATENTGELFF	1
CASSLASVSYEQYF	1
CASSLARGLMAGELFF	1
CASSLANEQFF	1
CASSLASQETQYF	1
CASSLALAQTTYEQYF	1
CASSLAPGWTELAGGTYYEQYF	1
CASSLAQGAYNEQFF	1
CASSLAGGGSYEQYF	1
CASSLAGRGSTFF	1
CASSLAGREFYEQYF	1
CASSLAGVGNTEAFF	1
CASSLAGGSYNEQFF	1
CASSLAGGQGVYEQYF	1
CASSLAGTSQETQYF	1
CASSLAGGPLDTQYF	1
CASSLAGIKNEQFF	1
CASSLADNPYEQYF	1
CASSLATDTQYF	1
CASSLASPQINEQFF	1
CASSLAKPGLAGVNGETQYF	1
CASSLASGGAYNEQFF	1
CASSLALAGSTEQFF	1
CASSLAPGSKSEQYF	1
CASSLAPGGSYEQYF	1
CASSLARDTYYF	1
CASSLAQITDTQYF	1
CASSLAVGDTGELFF	1
CASSLAVGVTNTQYF	1
CASSLAGDGKNIQYF	1
CASSLAGVTDTQYF	1
CASSLAGASNQPQHF	1
CASSLAGGDYNEQFF	1
CASSLAGQGTSSYNEQFF	1
CASSLADTQYF	1
CASSLADTLGEQYF	1
CASSLAETGELFF	1
CASSLATGGWYEQYF	1
CASSLATGGRDTQYF	1
CASSLARDRGPKNIQYF	1
CASSLGFLGTEAFF	1
CASSLGLRLATYNEQFF	1
CASSLGLAGSTDTQYF	1
CASSLGLAGRNQETQYF	1
CASSLGPGELFF	1
CASSLGPNEGGNEQFF	1
CASSLGPTAQETQYF	1
CASSLGPDTQYF	1
CASSLGVNTGELFF	1
CASSLGGGSFADTQYF	1
CASSLGGSPHQETQYF	1
CASSLGGLGSTF	1
CASSLGSGSGEETQYF	1
CASSLGNNEQFF	1
CASSLGFGTDTQYF	1
CASSLGYEQYF	1
CASSLGLVGETQYF	1
CASSLGLAGGPRGETQYF	1
CASSLGPGIFDEQYF	1
CASSLGPGQDQETQYF	1
CASSLGHREATYEQYF	1
CASSLGVLAGGPGGEQFF	1
CASSLGASARYNEQFF	1
CASSLGAGAAYNEQFF	1
CASSLGGSSYNEQFF	1
CASSLGGTNADTQYF	1
CASSLGGTGIQETQYF	1
CASSLGGRYEQYF	1
CASSLGIVAGGPREQFF	1
CASSLGRVLYNEQFF	1
CASSLGNVGLAGGPADTQYF	1
CASSLGFGEGYEQFF	1
CASSLGLAGVYEQYF	1
CASSLGSPDTQYF	1
CASSLGSGAYEQYF	1
CASSLGSSSYNEQFF	1
CASSLGWDEQFF	1
CASSLGLSYEQYF	1
CASSLGLDSEQYF	1
CASSLGLADTQYF	1
CASSLGLAVYEQYF	1
CASSLGLAGINEQFF	1
CASSLGLDDYEQYF	1
CASSLGPSYNEQFF	1
CASSLGPLAGDTGELFF	1
CASSLGPAGESIQYF	1
CASSLGRAWGPDTQYF	1
CASSLGQSQETQYF	1
CASSLGQGSYEQYF	1
CASSLGQNNQPQHF	1
CASSLGQNNEQFF	1
CASSLGVLGDFSYNEQFF	1
CASSLGVRYEQYF	1
CASSLGVTGEQYF	1
CASSLGVIGSYNEQFF	1
CASSLGVTTSTDTQYF	1
CASSLGVAGGQETQYF	1
CASSLGAAYEQYF	1
CASSLGAGSNEQFF	1
CASSLGAGGSEKLFF	1
CASSLGAGSYNEQFF	1
CASSLGAERGTEAFF	1
CASSLGGEQFF	1
CASSLGGSSYNEQFF	1
CASSLGGQGYNEQFF	1
CASSLGDSYNEQFF	1
CASSLGDREETQYF	1
CASSLGDRTISYEQYF	1
CASSLGEIGETQYF	1
CASSLGEVWYDEQFF	1
CASSLGIAGADEQFF	1
CASSLGTGTYEQYF	1
CASSLGTEETQYF	1
CASSLGTTHTDTQYF	1
CASSLGTSGVNEQFF	1
CASSLGTSINEQFF	1
CASSLGTGLDGYTF	1
CASSLGTGELFF	1
CASSLGTSSYNEQFF	1
CASSLGTVNTGELFF	1
CASSLGTAPYEQYF	1
CASSLGTGGDEQYF	1
CASSLGTGENEQFF	1
CASSLGSGTNQNIQYF	1
CASSLGSGETQYF	1
CASSLGRPSYEQYF	1
CASSLGRGPTEAFF	1
CASSLGNSVAGGPYNEQFF	1
CASSLGLADIYNEQFF	1
CASSLGLASDEQYF	1
CASSLGLAGTDTQYF	1
CASSLGLATLNEQFF	1
CASSLGLANEQFF	1
CASSLGLAGPYEQYF	1
CASSLGLAGYNEQFF	1
CASSLGLAGTYEQYF	1
CASSLGLAGGTGELFF	1
CASSLGLAGGRDEQFF	1
CASSLGLAGGDEQFF	1
CASSLGLGSETQYF	1
CASSLGPPTSGGGGGQFF	1
CASSLGPGAADNEQFF	1
CASSLGPGDYEQYF	1
CASSLGRRPGTQYF	1
CASSLGQLAGGRETQYF	1
CASSLGQLSTDTQYF	1
CASSLGQPNNEQFF	1
CASSLGQGIDEQFF	1
CASSLGQGNTGELFF	1
CASSLGQGSYNEQFF	1
CASSLGQGAVTYEQYF	1
CASSLGQGAEEQFF	1
CASSLGQETQYF	1
CASSLGVSRFVNEQFF	1
CASSLGVGAMPKNTEAFF	1
CASSLGAPSNEQFF	1
CASSLGARAGPLAKNIQYF	1
CASSLGAGSSSYNEQFF	1
CASSLGAGSSYEQYF	1
CASSLGAGQVTDTQYF	1
CASSLGAGDLVNEQFF	1
CASSLGAGTNEQFF	1
CASSLGAGSSYNEQFF	1
CASSLGGTGTDTQYF	1
CASSLGGHSGANVLTF	1
CASSLGGAEDYEQYF	1
CASSLGGDLGETQYF	1
CASSLGGTGSYEQYF	1
CASSLGEGNIQYF	1
CASSLGTPEETQYF	1
CASSLGREDSYTDTQYF	1
CASSLDLGTNYGYTF	1
CASSLDLGVSSYEQYF	1
CASSLDLAGTDTQYF	1
CASSLDPPELAVYNEQFF	1
CASSLDPTSFYEQYF	1
CASSLDPGANYGYTF	1
CASSLDRSSTDTQYF	1
CASSLDRLEGYNEQFF	1
CASSLDQGVSYNEQFF	1
CASSLDQRGTQYF	1
CASSLDVTSYEQYF	1
CASSLDVGVDTQYF	1
CASSLDASGIRNEQFF	1
CASSLDAGADTGELFF	1
CASSLDGSGQPQHF	1
CASSLDGSFGVGELFF	1
CASSLDGAPDTQYF	1
CASSLDGETQYF	1
CASSLDGTTNTGELFF	1
CASSLDIGLAGGREQFF	1
CASSLDTSGYEQYF	1
CASSLDSPRQFEQFF	1
CASSLDSGRTYNEQFF	1
CASSLDLYNEQFF	1
CASSLDLGSYNEQFF	1
CASSLDYKNTGELFF	1
CASSLDLTDTQYF	1
CASSLDLAGTYNEQFF	1
CASSLDPPDRWGETQYF	1
CASSLDPSSYEQYF	1
CASSLDPGLAGNNEQFF	1
CASSLDPGPYEQYF	1
CASSLDPKETQYF	1
CASSLDRGEQYF	1
CASSLDRYNEQFF	1
CASSLDHSNQPQHF	1
CASSLDGSGAYEQYF	1
CASSLDGYNEQFF	1
CASSLDGYSNQPQHF	1
CASSLDGMPGELFF	1
CASSLDGTSSYNEQFF	1
CASSLDGTSDYNEQFF	1
CASSLDGSTDTQYF	1
CASSLDDPNTGELFF	1
CASSLDDRVVNTGELFF	1
CASSLDTHTDTQYF	1
CASSLDTVLEQYF	1
CASSLDTAPGEQFF	1
CASSLDSDPEETQYF	1
CASSLDSTDTQYF	1
CASSLDRAHEQYF	1
CASSLEFWNEQFF	1
CASSLESRIGGPPQHF	1
CASSLELAGAGDEQFF	1
CASSLELAGTDTQYF	1
CASSLEPESANYGYTF	1
CASSLEPGTSGAGELFF	1
CASSLERSTDTQYF	1
CASSLERGDEKLFF	1
CASSLERDTDTQYF	1
CASSLEVYGEDTQYF	1
CASSLEVSYEQYF	1
CASSLEVTRGANVLTF	1
CASSLEALNTGELFF	1
CASSLEAGVGTDTQYF	1
CASSLEAGVGETQYF	1
CASSLEAGGSYNSPLHF	1
CASSLEAGDSGEQYF	1
CASSLEGHQPQHF	1
CASSLEGVGGNEQYF	1
CASSLEGHSSYNEQFF	1
CASSLEGGVDEQYF	1
CASSLEGSESPLHF	1
CASSLEGREVKNIQYF	1
CASSLEGLGQALYF	1
CASSLEGATYNYGYTF	1
CASSLEGAKGNTIYF	1
CASSLEGTGSETQYF	1
CASSLEGTGNDIQYF	1
CASSLEGTEDYEQYF	1
CASSLEGPGANVLTF	1
CASSLEGQGATKADTQYF	1
CASSLEEGASYNEQFF	1
CASSLEETGAYEQYF	1
CASSLEERGTDTQYF	1
CASSLETSAAHEQYF	1
CASSLETPGDTQYF	1
CASSLETDSYEQYF	1
CASSLETDTQYF	1
CASSLESLDRGSYEQYF	1
CASSLERPVSTQQFF	1
CASSLERTSGRANEQFF	1
CASSLEKGATDTQYF	1
CASSLELAGQETQYF	1
CASSLELAGSNTQYF	1
CASSLELAGGREQYF	1
CASSLELANAIANTGELFF	1
CASSLEPSGRLYEQYF	1
CASSLEPGELFF	1
CASSLEPSLAAVYEQYF	1
CASSLEPLTSYEQYF	1
CASSLEPVLYEQYF	1
CASSLERSSYEQYF	1
CASSLEQLTDTQYF	1
CASSLEQVTDTQYF	1
CASSLEQGAGTQYF	1
CASSLEVGSGELFF	1
CASSLEVAEYSYNEQFF	1
CASSLEALAGINEQFF	1
CASSLEASYEQYF	1
CASSLEATDTQYF	1
CASSLEAIGVQYF	1
CASSLEGSGRHETQYF	1
CASSLEGYEQYF	1
CASSLEGYSNQPQHF	1
CASSLEGRESYEQYF	1
CASSLEGVSSTDTQYF	1
CASSLEGAAGELFF	1
CASSLEGAEGDTQYF	1
CASSLEGGFLETQYF	1
CASSLEGMSYEQYF	1
CASSLEGTDTQYF	1
CASSLETRTGRETQYF	1
CASSLETGETQYF	1
CASSLENSLYGYTF	1
CASSLISSDSTDTQYF	1
CASSLILAETGEPDTQYF	1
CASSLIQGEVEEQYF	1
CASSLIGGVQETQYF	1
CASSLIYEQYF	1
CASSLIPGNEQFF	1
CASSLIGGGYNEQFF	1
CASSLIGGQLNTEAFF	1
CASSLITSGRTYNEQFF	1
CASSLITGSEQYF	1
CASSLMFNEQFF	1
CASSLMEVDGTLNTEAFF	1
CASSLMTSGSNEQFF	1
CASSLILAVQETQYF	1
CASSLIVGNEQYF	1
CASSLIGSRGNEQFF	1
CASSLTDSQETQYF	1
CASSLTSGENEQFF	1
CASSLTSGSSDTQYF	1
CASSLTSGRSDTQYF	1
CASSLTSGTNTGELFF	1
CASSLTSDTQYF	1
CASSLTPSAKTYEQYF	1
CASSLTPGLAAYNEQFF	1
CASSLTRGTIYGYTF	1
CASSLTVRSTNEKLFF	1
CASSLTGQGYEQYF	1
CASSLTDSSYNEQFF	1
CASSLTTGAGNTIYF	1
CASSLTSPEYNEQFF	1
CASSLTGERRETQYF	1
CASSLTEINEQFF	1
CASSLTTNTEAFF	1
CASSLTVTDTQYF	1
CASSLTANTGELFF	1
CASSLTGAGVETQYF	1
CASSLTGYEQFF	1
CASSLTGPFQETQYF	1
CASSLTGPSYEQYF	1
CASSLTGGPTTDTQYF	1
CASSLTGMDEQFF	1
CASSLTGSTDTQYF	1
CASSLSGTYQETQYF	1
CASSLSGGEGYNSPLHF	1
CASSLSGGSSEAFF	1
CASSLSGSIWNEQFF	1
CASSLRSSTQNYNEQFF	1
CASSLRWAGGSYNEQFF	1
CASSLRPNRGTGGYEQYF	1
CASSLRPTQETQYF	1
CASSLRQGYEQYF	1
CASSLRVQNTGELFF	1
CASSLRASGDTQYF	1
CASSLRANTGELFF	1
CASSLRAGASYEQYF	1
CASSLRGVDSPYEQFF	1
CASSLRGPYEQYF	1
CASSLRGRDGDEQFF	1
CASSLRTGGNEQYF	1
CASSLRSGTLVGEKLFF	1
CASSLRLAGGDILSTDTQYF	1
CASSLRANTEAFF	1
CASSLRGTTGELFF	1
CASSLRTGELFF	1
CASSLNFARGTQETQYF	1
CASSLNSGLTYNEQFF	1
CASSLNHGELFF	1
CASSLNAGELFF	1
CASSLNGANTGELFF	1
CASSLNSGNTGELFF	1
CASSLNGYNEQFF	1
CASSLNGRYEQYF	1
CASSLNTPNTGELFF	1
CASSLKLAGAPDTQYF	1
CASSLKPNGASQGNTQYF	1
CASSLKQGHYEQYF	1
CASSLKGLAGSTDTQYF	1
CASSLKGLADYEQYF	1
CASSLKRTGRNDEQFF	1
CASSLKQTYEQYF	1
CASSLKVLAHEAFF	1
CASSLKIPAGELFF	1
CASSLFTGRAHEQFF	1
CASSLSLQGTENIQYF	1
CASSLSTGLSSGNTIYF	1
CASSLWGRTGELFF	1
CASSLWDRESTQYF	1
CASSLYRAQAQGGAFF	1
CASSLLAGVYNEQFF	1
CASSLLAGGLYNEQFF	1
CASSLPARLAGYNEQFF	1
CASSLPGTRVTGELFF	1
CASSLPGTSYNEQFF	1
CASSLPGTGHYEQYF	1
CASSLPTQASYNEQFF	1
CASSLRSGANTGELFF	1
CASSLRGSYNEQFF	1
CASSLRPGIYEQYF	1
CASSLRQGAGTGELFF	1
CASSLQGGEETQYF	1
CASSLQGPTNEQFF	1
CASSLQGALGTDTQYF	1
CASSLQGLNTEAFF	1
CASSLQGGETQYF	1
CASSLQGMAPVSEAFF	1
CASSLQIQETQYF	1
CASSLAGRKYTGELFF	1
CASSLASGSYNEQFF	1
CASSLASGTGLTDTQYF	1
CASSLAPGAYEQYF	1
CASSLAGSTDTQYF	1
CASSLAGKTSYEQYF	1
CASSLAGGTYNEQFF	1
CASSLAYSGFSYNEQFF	1
CASSLAGAEPNSPLHF	1
CASSLAGNTYEQYF	1
CASSLGFYEQFF	1
CASSLGSGPRETQYF	1
CASSLGSEHYEQYF	1
CASSLGLSTDTQYF	1
CASSLGPGLSSYNEQFF	1
CASSLGAAGNIDEQFF	1
CASSLGPPGETQYF	1
CASSLGGSSSYNEQFF	1
CASSLGGQGARYYEQYF	1
CASSLGDRAADTQYF	1
CASSLGDRYNEQFF	1
CASSLGIGQGALDEQFF	1
CASSLGTGANVLTF	1
CASSLGTSGETQYF	1
CASSLGPGGTKQYF	1
CASSLGRQGLKSGYTF	1
CASSLGQPQETQYF	1
CASSLGQGIYEQYF	1
CASSLGQTPWEQYF	1
CASSLGETQYF	1
CASSLGMANEQFF	1
CASSLDRRTGELFF	1
CASSLDGRGLSSYEQYF	1
CASSLDRYNEQYF	1
CASSLDRGEAFF	1
CASSLEPTGRVELFF	1
CASSLIPWAGSSYNEQFF	1
CASSLIGTNSPLHF	1
CASSLIRTGESDTQYF	1
CASSLIAGGYNEQFF	1
CASSLITPRDTIHNEQFF	1
CASSLITGTTNEQFF	1
CASSLTSGTDEQFF	1
CASSLTSGSFHEQYF	1
CASSLTQSGRSSNEQFF	1
CASSLTRINTGELFF	1
CASSLTGGGSYEQYF	1
CASSLTGGQETQYF	1
CASSLSPGSQTNEQFF	1
CASSLRPDRANTGELFF	1
CASSLRDPITDTQYF	1
CASSLRTGVTGELFF	1
CASSLRTGDNTGELFF	1
CASSLRVSNSGANVLTF	1
CASSLRGLDQFTHNEQFF	1
CASSLRRGAGNTEAFF	1
CASSLNTGYNEQFF	1
CASSLNREGTGELFF	1
CASSLKGTQYF	1
CASSLKFGTGDNEQFF	1
CASSLKGGVNTDTQYF	1
CASSSLASGSASYNEQFF	1
CASSSLGAGELTDTQYF	1
CASSSYDRRNGYTF	1
CASSSYPGGEQPQHF	1
CASSSLGGNGSPDTQYF	1
CASSSLAGGSYEQYF	1
CASSSLAGEDEQYF	1
CASSSPAGLADLRSYNEQFF	1
CASSSQGRAGATDTQYF	1
CASSSGTSGISDTQYF	1
CASSSGLAGGESTGELFF	1
CASSSDSFYYNEQFF	1
CASSSMANVLTF	1
CASSSTSGRAGELFF	1
CASSSTGPHNEQFF	1
CASSSSRRVDEQFF	1
CASSSSGRGYEQYF	1
CASSSFSGGGETQYF	1
CASSSSQATDTQYF	1
CASSSSQAGTQYF	1
CASSSSGLENEQFF	1
CASSSWPKGSGSTDTQYF	1
CASSSWTSGSNEQFF	1
CASSSWTGYNEQFF	1
CASSSYSGYNEQFF	1
CASSSYPSESSYEQYF	1
CASSSLGGSSYEQYF	1
CASSSLGRLTGELFF	1
CASSSLSGTSSQETQYF	1
CASSSLQETQYF	1
CASSSLSAGELFF	1
CASSSLRRLAGIYNEQFF	1
CASSSPLNTDTQYF	1
CASSSPRGGTGNTEAFF	1
CASSSPQGAKETQYF	1
CASSSPGGSYEQYF	1
CASSSRTSGGVNEQFF	1
CASSSRTNTDTQYF	1
CASSSRPTSGSPEQFF	1
CASSSRGLAGVYEQYF	1
CASSSHSVYDVKETQYF	1
CASSSQGTGELFF	1
CASSSQTGRTYEQYF	1
CASSSVTGGNEQFF	1
CASSSAAQSSYNEQFF	1
CASSSATSPYEQYF	1
CASSSAGGANTGELFF	1
CASSSGTYSYEQYF	1
CASSSGTSGYNEQFF	1
CASSSGTSGRPPPIEQFF	1
CASSSGTEKNIQYF	1
CASSSGTAPILERWYTGELFF	1
CASSSGTGAAGELFF	1
CASSSGTGNDNEQFF	1
CASSSGTGSYEQYF	1
CASSSGTRYNSPLHF	1
CASSSGKFNEQFF	1
CASSSGLAYTGELFF	1
CASSSGLAAEQFF	1
CASSSGLAGLGEQFF	1
CASSSGQGAYEQYF	1
CASSSGQGDNQPQHF	1
CASSSGQGSYEQYF	1
CASSSGGEVGTEAFF	1
CASSSDLNTGELFF	1
CASSSMTTEQYF	1
CASSSTTGEDEQYF	1
CASSSTSGSETQYF	1
CASSSTLADEQYF	1
CASSSTISATSYEQYF	1
CASSSTGIYEQYF	1
CASSSTGVKEKLFF	1
CASSSRDPGELFF	1
CASSSNLGLAGPSSTDTQYF	1
CASSSFKGGYTF	1
CASSSSGAREQYF	1
CASSSLPGQADTQYF	1
CASSSPGTSGSTIGGELFF	1
CASSSRGHDTQYF	1
CASSSRTSAPGEQYF	1
CASSSRFGTGVNEQYF	1
CASSSQQGYQETQYF	1
CASSSVGDSTGELFF	1
CASSSVQGGSYNEQFF	1
CASSSAGTYEQYF	1
CASSSGPGREQYF	1
CASSSGVGADTQYF	1
CASSSGGEQFF	1
CASSSGTSGRSSEQFF	1
CASSSGTFRQETQYF	1
CASSSGTGGASEQYF	1
CASSSGLDSPKSTDTQYF	1
CASSSGPYNEQFF	1
CASSSGQGTDTQYF	1
CASSSGQTSYNEQFF	1
CASSSGQTYNEQFF	1
CASSSGQTGELFF	1
CASSSGQPLDYEQYF	1
CASSSGDIAKNIQYF	1
CASSSDGTDTQYF	1
CASSSDRSVNEKLFF	1
CASSSDNLPEKLFF	1
CASSSTSGSDEQFF	1
CASSSTSGRDADTQYF	1
CASSSTSDSYEQYF	1
CASSSTGTDTQYF	1
CASSSTGSYNEQFF	1
CASSSTGISADTQYF	1
CASSSTDYLNEQFF	1
CASSSTIQAGVGNEQFF	1
CASSSRTSGRVNNEQFF	1
CASSSNAAGELFF	1
CASSSKPGLDNEQFF	1
CASSSSPNYEQYF	1
CASSSSQGSTEAFF	1
CASSSWRGPYNEQFF	1
CASSSLLDRDPYEQYF	1
CASSSLTGGNEQFF	1
CASSSPRGRGTSENEQFF	1
CASSSPRGDTGEQYF	1
CASSSPGLAGVSYEQYF	1
CASSSRKRDNSPLHF	1
CASSSQVSTDTQYF	1
CASSSQGSQETQYF	1
CASSSQGGNEQFF	1
CASSSVAGVGYNEQFF	1
CASSSAGSPDTQYF	1
CASSSAGGDYEQYF	1
CASSSGNNEQFF	1
CASSSGQGAYEQYF	1
CASSSGAQPSTDTQYF	1
CASSSIRVTGELFF	1
CASSSTSVYNEQFF	1
CASSSTGSSYNEQFF	1
CASSSSLTSGRRTGELFF	1
CASSSRTANTGELFF	1
CASSCGTGPILTGELFF	1
CASSWSGREIYEQYF	1
CASSWRSREEQFF	1
CASSWQGGTEAFF	1
CASSWQGLADNEQFF	1
CASSWVRDEQFF	1
CASSWARTGPNTGELFF	1
CASSWADLNEQYF	1
CASSWGSRDEQFF	1
CASSWGPDGPLGEQYF	1
CASSWGAVDRATEAFF	1
CASSWGGSHNEQFF	1
CASSWGTGVTEAFF	1
CASSWGLAGGFYEQYF	1
CASSWGLAGNNEQFF	1
CASSWGLAETIYEQYF	1
CASSWGQASYEQYF	1
CASSWGQGGTGELFF	1
CASSWDSGSPSYNEQFF	1
CASSWDFEYEQYF	1
CASSWDPGTGELFF	1
CASSWDRDRGGTGNTIYF	1
CASSWDSNADTQYF	1
CASSWDRGGPNEQFF	1
CASSWDRGPYEQYF	1
CASSWDREGTQYF	1
CASSWEGYNEQFF	1
CASSWMGQGIADTQYF	1
CASSWTSGTSYNEQFF	1
CASSWTSGTYEQYF	1
CASSWTGSSYEQYF	1
CASSWTGGSYEQYF	1
CASSWTGGFQETQYF	1
CASSWTDTQYF	1
CASSWRGEFGSPLHF	1
CASSWKWTSGRTNTGELFF	1
CASSYLGSPGGREQYF	1
CASSYPGGYTF	1
CASSYQGPPYNEQFF	1
CASSYTSGRGGSYNEQFF	1
CASSYTGTGSGEQFF	1
CASSYTPSYEQYF	1
CASSYSGSEGNEQFF	1
CASSYSGRAVREQYF	1
CASSYLPTDYGGPVFYEQYF	1
CASSYSGGSDEQFF	1
CASSYSTGRETQYF	1
CASSYLGHSDTEAFF	1
CASSYPPGPDTDTQYF	1
CASSYRDRVSYEQYF	1
CASSYRDRGLSQETQYF	1
CASSYRTGADNEQFF	1
CASSYRQGGYEQYF	1
CASSYGTSGSYEQYF	1
CASSYGTSGSEQYF	1
CASSYGTGTGAYNEQFF	1
CASSYGTGEPALHF	1
CASSYGQGLIDTQYF	1
CASSYDRTDTQYF	1
CASSYDPGLAGDEQYF	1
CASSYDQGVDEQYF	1
CASSYDTDSPLHF	1
CASSYEGETQYF	1
CASSYTSGTSYEQYF	1
CASSYSTDTQYF	1
CASSYRDEDTGELFF	1
CASSYKDGYEQYF	1
CASSLFQGNEQFF	1
CASSLYTTGTYEQYF	1
CASSLLGQGNTGELFF	1
CASSLLAGETGELFF	1
CASSLPGTSGSGDTQYF	1
CASSLPGTGLDEQYF	1
CASSLRLGDGPYEQYF	1
CASSLRGGGYNEQFF	1
CASSLRDFYNEQFF	1
CASSLRHGEATNEKLFF	1
CASSLRQGSTNEKLFF	1
CASSLQTGRGNYGYTF	1
CASSLAGLASYNEQFF	1
CASSLAGGDNEQFF	1
CASSLTGYQETQYF	1
CASSLSGESTDTQYF	1
CASSLSGSAYEQYF	1
CASSLRSTDTQYF	1
CASSLNQGYEQYF	1
CASSLLDTQYF	1
CASSLLGGDTQYF	1
CASSLPDRGRETQYF	1
CASSLPTSGRAGEQFF	1
CASSLPNPLNEQFF	1
CASSLRSSYYNEQFF	1
CASSLRVPLYNEQFF	1
CASSLRGQGEQFF	1
CASSLRPVTGELFF	1
CASSLHSAESEQFF	1
CASSLGGLSYNEQFF	1
CASSLGAGANYGYTF	1
CASSLGTPQYNEQFF	1
CASSLGTSYNEQFF	1
CASSLDSSYEQYF	1
CASSLEVGIDEQFF	1
CASSLEGGDTQYF	1
CASSLMPASYEQYF	1
CASSLTLRRELFF	1
CASSLTGISGNTIYF	1
CASSLTGGYEQYF	1
CASSLSGGGPQETQYF	1
CASSLSSGTYNEQFF	1
CASSLSESYEQYF	1
CASSLRTSPNTQYF	1
CASSLNSRTGQYF	1
CASSLNYDEQFF	1
CASSLKRAVGFGEQYF	1
CASSLLRTGTTGNMANTGELFF	1
CASSLSGLAGTAYEQYF	1
CASSLYSGIPETQYF	1
CASSLPLGTSYNEQFF	1
CASSLAGLNTGELFF	1
CASSLGITFYEQYF	1
CASSLGASTDTQYF	1
CASSLGGRAENEQFF	1
CASSLGLAGGTAKNIQYF	1
CASSLGQSYEQYF	1
CASSLGQLYNEQFF	1
CASSLDGGRRYEQYF	1
CASSLDRGFTEETQYF	1
CASSLDNYNEQFF	1
CASSLEAADTGELFF	1
CASSLERTDNYGYTF	1
CASSLTSGLREQYF	1
CASSLTSGRGDTQYF	1
CASSLTGNTDTQYF	1
CASSLTGGMNEQYF	1
CASSLRQGSYEQYF	1
CASSLRTRATDTQYF	1
CASSLSMGRTGELFF	1
CASSLSGTRTYEQYF	1
CASSLSGQQNYGYTF	1
CASSLSGNTGELFF	1
CASSLWGGALSYEQYF	1
CASSLLDLAGVYNEQFF	1
CASSLPFDNPNTEAFF	1
CASSLPTSGPNNEQFF	1
CASSLPLGGSEGEQYF	1
CASSLRTSGSQETQYF	1
CASSLHLAGGSTDTQYF	1
CASSLQGARGETQYF	1
CASSLVTGTADTQYF	1
CASSLAPTSTYFRTF	1
CASSLANYGYTF	1
CASSLGRLSSYNEQFF	1
CASSLGQGLSYEQYF	1
CASSLGTGPNIQYF	1
CASSLGLAGSNEQFF	1
CASSLGQIRQETQYF	1
CASSLEVGSGGRDTQYF	1
CASSLETSDSYEQYF	1
CASSLELTGEGTDTQYF	1
CASSLTFTSEQYF	1
CASSLTRLAGNYEQYF	1
CASSLTGESNQPQHF	1
CASSLTGSTGELFF	1
CASSLSLVAGAETQYF	1
CASSLNIGTAREQFF	1
CASSLKRDGYLTYNEQFF	1
CASSLKVKATQYF	1
CASSLKSGRGSTGELFF	1
CASSPLRLGGSTDTQYF	1
CASSPSLVWARTEQYF	1
CASSPSWIAGLNTGELFF	1
CASSPSGGISYEQYF	1
CASSPSTGSYEQYF	1
CASSPSGDMTDTQYF	1
CASSPLSRSGANVLTF	1
CASSPLPGARTGELFF	1
CASSPLAGDRETQYF	1
CASSPLAGDDPEQYF	1
CASSPLEKTYNEQFF	1
CASSPPRSSYNEQFF	1
CASSPPGTTGTDTQYF	1
CASSPRLAGQETQYF	1
CASSPRFIAGGPGTYNEQFF	1
CASSPRPGQAYEQYF	1
CASSPRQGDYEQYF	1
CASSPVKGGSSGELFF	1
CASSPVERAPYEQYF	1
CASSPVGAENIQYF	1
CASSPAPGQDPTGELFF	1
CASSPAYSGSVYEQYF	1
CASSPAPGSGTDTQYF	1
CASSPGRGLYEQYF	1
CASSPGGQGYEQYF	1
CASSPGGGRSLGELFF	1
CASSPGSFYEQYF	1
CASSPGLAGLNEQFF	1
CASSPGLARDQETQYF	1
CASSPGLAGMGWEQFF	1
CASSPGLAGGGGEQFF	1
CASSPGLADYNEQFF	1
CASSPGQGANQPQHF	1
CASSPELAEYTDTQYF	1
CASSPIQLGTRYEQYF	1
CASSPTRQWRTYEQYF	1
CASSPTSGSSYEQYF	1
CASSPTSSYEQYF	1
CASSPTGLYGYTF	1
CASSPTDYNEQFF	1
CASSPSVGASTDTQYF	1
CASSPRREVVRGPNTQYF	1
CASSPRASGIGEQFF	1
CASSPRGGSSYEQYF	1
CASSPRINQETQYF	1
CASSPRTNYQETQYF	1
CASSPRQGARNEQFF	1
CASSPRQEREQYF	1
CASSPLIQGTNEQYF	1
CASSPLREGRGEQFF	1
CASSPSSGLGNEQFF	1
CASSPSLGTRTYEQYF	1
CASSPSSGKWEKLFF	1
CASSPSRGTGELFF	1
CASSPSLAGGREQYF	1
CASSPWGENNEQFF	1
CASSPWTGTYEQYF	1
CASSPWSGEGAGELFF	1
CASSPYGLRGVETQYF	1
CASSPYWGGDNEQFF	1
CASSPYQAPSSYNEQFF	1
CASSPYRETEQFF	1
CASSPLRQETQYF	1
CASSPLLAGAFQGNEQFF	1
CASSPLTSGNEQFF	1
CASSPLAGSYEQYF	1
CASSPPSGYYNEQFF	1
CASSPPPGEGGSSYNEQFF	1
CASSPPPGLHNEQFF	1
CASSPPETYYNEQFF	1
CASSPPELAGGNNEQFF	1
CASSPPGAQETQYF	1
CASSPRPRETQYF	1
CASSPRQASPLHF	1
CASSPRAGAYEQYF	1
CASSPRPGSGSMLYEQYF	1
CASSPRGEDRTPGLAGGPTDTQYF	1
CASSPRPSNTGTTMYEQFF	1
CASSPRPRGLSNEQFF	1
CASSPRGTSADTQYF	1
CASSPRDYNEQFF	1
CASSPRDLAGNTIYF	1
CASSPRDGPYEQYF	1
CASSPRDRVQETQYF	1
CASSPRTSGRGDEQFF	1
CASSPRTVSYEQYF	1
CASSPRLVPTLEQYF	1
CASSPRHPGEQFF	1
CASSPRADSKPDTQYF	1
CASSPRAGVSYEQYF	1
CASSPRDSFGEQYF	1
CASSPRDRVDEQFF	1
CASSPHTGSSTDTQYF	1
CASSPQSLADNEQFF	1
CASSPQALAGVNEQYF	1
CASSPQGLRNTGELFF	1
CASSPQTGGVNEQYF	1
CASSPQGPYNEQFF	1
CASSPVGGGGFKNEQFF	1
CASSPVFNYEQYF	1
CASSPVAGAFQETQYF	1
CASSPVAGADEQFF	1
CASSPAQNEQFF	1
CASSPASGYEQYF	1
CASSPAPGTASVYEQYF	1
CASSPGRVTAEQYF	1
CASSPGGNEQFF	1
CASSPGGTSTDTQYF	1
CASSPGFSYEQYF	1
CASSPGPSNEQYF	1
CASSPGAPGPDTQYF	1
CASSPGAARDTQYF	1
CASSPGTTGNEQFF	1
CASSPGTTLETQYF	1
CASSPGTSGTGELFF	1
CASSPGTSVSGAYEQYF	1
CASSPGTSGRDNEQFF	1
CASSPGTRAYNEQFF	1
CASSPGTYEQYF	1
CASSPGTLYEQYF	1
CASSPGTGGEQYF	1
CASSPGTGDTEAFF	1
CASSPGTGNYEQYF	1
CASSPGTTETQYF	1
CASSPGRSSYEQYF	1
CASSPGRGHGYTF	1
CASSPGQGAYTQYF	1
CASSPGQGRTDTQYF	1
CASSPGAGGDNEQYF	1
CASSPGGTDNQPQHF	1
CASSPGTWGEVYEQYF	1
CASSPDTAEQYF	1
CASSPDSPAKNIQYF	1
CASSPEGLPNTGELFF	1
CASSPEQGDLETQYF	1
CASSPIGRGARYEQYF	1
CASSPILGVSGQAYNEQFF	1
CASSPIGGRTDTQYF	1
CASSPTLGANVLTF	1
CASSPTGSGNEQFF	1
CASSPTSLAGGYEQYF	1
CASSPTGLAGVKGGELFF	1
CASSPTLAVSYEQYF	1
CASSPSTGFGDTQYF	1
CASSPSLNTGELFF	1
CASSPSGSYNEQFF	1
CASSPSGNSYNEQFF	1
CASSPRGGLYEQYF	1
CASSPRGLEVDTQYF	1
CASSPRGGSSYEQYF	1
CASSPLVANEQFF	1
CASSPLQGYEQYF	1
CASSPYRSATNEKLFF	1
CASSPLTVPGASGEQFF	1
CASSPLPQGAGNQPQHF	1
CASSPLGYEQYF	1
CASSPPGTYEQYF	1
CASSPPGGSWDEQFF	1
CASSPRGTLGNTIYF	1
CASSPRDPQETQYF	1
CASSPRRSGNVDTQYF	1
CASSPQGAGELFF	1
CASSPQGDTGELFF	1
CASSPQVGGASYEQYF	1
CASSPAGNIQYF	1
CASSPGRGTHSYNEQFF	1
CASSPGPNTGELFF	1
CASSPGTSSYNEQFF	1
CASSPGSGFSSYEQYF	1
CASSPGQNLAKNIQYF	1
CASSPGVGTGVKTQYF	1
CASSPGGLARSDTQYF	1
CASSPGIQETQYF	1
CASSPGTSGYQETQYF	1
CASSPGTVSSYEQYF	1
CASSPGLSSSYNEQFF	1
CASSPGLQETQYF	1
CASSPGLAAYEQYF	1
CASSPGLAGLDTQYF	1
CASSPGLAGGRVSHQETQYF	1
CASSPGLAGGDYEQYF	1
CASSPGLAGEGDEQYF	1
CASSPGLAGENEQFF	1
CASSPGLAGRDEQFF	1
CASSPGLAKYEQYF	1
CASSPGLDLSPNTGELFF	1
CASSPGPSTYEQYF	1
CASSPGPNSYEQYF	1
CASSPGQLGQPQHF	1
CASSPGQPGGHEQYF	1
CASSPGQQETQYF	1
CASSPGQGQGGYTF	1
CASSPGQGAYGYTF	1
CASSPGQGAYEQYF	1
CASSPGQGDTDTQYF	1
CASSPGQGLQETQYF	1
CASSPGVDPDTQYF	1
CASSPGVGGGSYEQYF	1
CASSPGGSGGYEQYF	1
CASSPDFQETQYF	1
CASSPDPGDTQYF	1
CASSPDGGAEQFF	1
CASSPDITDTQYF	1
CASSPDTNTGELFF	1
CASSPDSGETQYF	1
CASSPDSLSSYNEQFF	1
CASSPEPNQGSNIQYF	1
CASSPEAGGFADTQYF	1
CASSPMDGSADTQYF	1
CASSPMTGSHEQYF	1
CASSPIAGVTYEQYF	1
CASSPTSFPLKSSYEQYF	1
CASSPTSGASYNEQFF	1
CASSPTSGAMSELFF	1
CASSPTSGDSLDTQYF	1
CASSPTSGSAGELFF	1
CASSPTSGSATEQFF	1
CASSPTASGGRDEQFF	1
CASSPTSSSYEQYF	1
CASSPTGALGDTQYF	1
CASSPTGDSTDTQYF	1
CASSPTGNNSPLHF	1
CASSPSGAEQYF	1
CASSPRASGAYNEQFF	1
CASSPRGPADTQYF	1
CASSPRGGPNYGYTF	1
CASSPRISGHSYNEQFF	1
CASSPRTGKKYNEQFF	1
CASSPRTGRGEQYF	1
CASSPNPGGENTGELFF	1
CASSPNTDTQYF	1
CASSPKPAGDRPTNTGELFF	1
CASSPKLAGHYEQYF	1
CASSPFLTSSYNEQFF	1
CASSPLPGQGGNEQFF	1
CASSPSSGVNTGELFF	1
CASSPSGQGYGTDTQYF	1
CASSPSRGTGELFF	1
CASSPWNYPDNEQFF	1
CASSPYPAGAYEQYF	1
CASSPYHGALGSYEQYF	1
CASSPYWAERTETQYF	1
CASSPYGGEPGVQYF	1
CASSPLSGRAGDTQYF	1
CASSPLTGGEQYF	1
CASSPLAGLYNEQFF	1
CASSPLAGADTQYF	1
CASSPPIRGRSSYEQYF	1
CASSPPTGRGDTQYF	1
CASSPRLIGYEQYF	1
CASSPRLGQASGDEQFF	1
CASSPQGTEAFF	1
CASSPQPYRTTDTQYF	1
CASSPVTGLTNYEQYF	1
CASSPVRATTGELFF	1
CASSPVAGGPNEQFF	1
CASSPARTSGSRHNEQFF	1
CASSPGAGELFF	1
CASSPGLGQGGTSGIVYEQYF	1
CASSPGRDGRGEQYF	1
CASSPDRGTRETQYF	1
CASSPDTTYNEQFF	1
CASSPIQGSTGELFF	1
CASSPISSAYEQYF	1
CASSPTSELANPYNEQFF	1
CASSPTQGAETQYF	1
CASSPSPGPSLSYEQYF	1
CASSPSAGNTGELFF	1
CASSPSGSDVNEQYF	1
CASSPRVRAWNEQFF	1
CASSPRTGPYNEQFF	1
CASSPKTGGKKMNTEAFF	1
CASSPKAGVVNEQFF	1
CASSRLPSATNEKLFF	1
CASSRRGDGYEQYF	1
CASSRVAASYNEQFF	1
CASSRGTSGGKNTGELFF	1
CASSRDRVSYEQYF	1
CASSRDNGRGQPQHF	1
CASSRTGGDTQYF	1
CASSRSGGEETQYF	1
CASSRRLAETTDTQYF	1
CASSRLSEGKEQYF	1
CASSRLLAGEETQYF	1
CASSRSDGYEQYF	1
CASSRSGQRSTDTQYF	1
CASSRLLAGEVYEQFF	1
CASSRPPSGEQYF	1
CASSRRLGRSGSTDTQYF	1
CASSRRDPWGNEQFF	1
CASSRQRGLAGDEQYF	1
CASSRQGFIAGSVTDTQYF	1
CASSRGEDTQYF	1
CASSRGGTSSYNEQFF	1
CASSRGQSTDTQYF	1
CASSRDPGTGFVAYNEQFF	1
CASSREWEGLTDTQYF	1
CASSRKGDTGELFF	1
CASSRFRGNEQFF	1
CASSRLESGDEQFF	1
CASSRSGLAGDTQYF	1
CASSRRLVDTQYF	1
CASSRQLAGGPEGYEQYF	1
CASSRALQETQYF	1
CASSRGQGAREQYF	1
CASSRGTGRFLEQYF	1
CASSRGLAAGELFF	1
CASSRGQTGELFF	1
CASSRDSSSYNEQFF	1
CASSRDHPATEAFF	1
CASSRDRVTYEQYF	1
CASSREVDTEAFF	1
CASSREAAYNEQFF	1
CASSRMGLASTDTQYF	1
CASSRTSGRATGRNEQFF	1
CASSRTSGRAGEQYF	1
CASSRTSGQETQYF	1
CASSRTDTPYEQYF	1
CASSRTGLAFNEQFF	1
CASSRTGATYEQYF	1
CASSRSGRASYEQYF	1
CASSRYSSAPNRASNYGYTF	1
CASSRLAGELYEQYF	1
CASSRQGYEQYF	1
CASSRARGTANTEAFF	1
CASSRAQNYNEQFF	1
CASSRAGEGTGELFF	1
CASSRATGELYNEQFF	1
CASSRATGIYEQYF	1
CASSRGNTEAFF	1
CASSRGLAGGKAKNIQYF	1
CASSRGQPTGELFF	1
CASSRDPLGTGAYEQYF	1
CASSRETVGYEQYF	1
CASSRIFLANYGYTF	1
CASSRTSGSTHEQFF	1
CASSRTTSSAYNEQFF	1
CASSRTGASGYEQYF	1
CASSRTGEYTGELFF	1
CASSRSRGDNNEQFF	1
CASSRRQGETQYF	1
CASSRRQGTDETQYF	1
CASSRNWRTSGGSNYEQYF	1
CASSHFFPTNTGELFF	1
CASSHSSTGGNTIYF	1
CASSHSPGYSNQPQHF	1
CASSHLTSGTPREQYF	1
CASSHLAGGPGELFF	1
CASSHPRVGGRAGHEQFF	1
CASSHRTGTYEQYF	1
CASSHRLAGSYNEQFF	1
CASSHRLAGGTGELFF	1
CASSHATGNQPQHF	1
CASSHGYNEQFF	1
CASSHGGNREQFF	1
CASSHGTSGGKQFF	1
CASSHGLAGVLETQYF	1
CASSHERGLAKNIQYF	1
CASSHISGTHYNEQFF	1
CASSHTQGFTDTQYF	1
CASSHSLDTGELFF	1
CASSHLPSPATSGINEQFF	1
CASSHLGLAGGRETDTQYF	1
CASSHPLPASGCTDTQYF	1
CASSHPPGASGRAGETQYF	1
CASSHPMSVMNTEAFF	1
CASSHPPGAAYEQYF	1
CASSHPGLAGGPFTDTQYF	1
CASSHPGQRIYEQYF	1
CASSHPTGGTYNEQFF	1
CASSHRDSSADTQYF	1
CASSHRDSNQPQHF	1
CASSHRTGGVGANVLTF	1
CASSHRQGGYEQYF	1
CASSHRGPGLRETQYF	1
CASSHQGREAFF	1
CASSHQEGLAVTTDTQYF	1
CASSHQQGDPQYF	1
CASSHGPSSYNEQFF	1
CASSHGREGSYNEQFF	1
CASSHGTGNTEAFF	1
CASSHGSRAYNEQFF	1
CASSHGREQFF	1
CASSHGQGTAYEQYF	1
CASSHGDITTGELFF	1
CASSHDGTDTQYF	1
CASSHTSGPSPYEQYF	1
CASSHTITRDTSYEQYF	1
CASSHTGLPPDTQYF	1
CASSHTLAGDNEQFF	1
CASSHRVDYGYTF	1
CASSHRQGPDTQYF	1
CASSHNRDRFTDTQYF	1
CASSQFRDRGSDTQYF	1
CASSQFTRGGEQYF	1
CASSQSLGGADTQYF	1
CASSQSRGVTGELFF	1
CASSQYSGTPSSYEQYF	1
CASSQYGLENLGEQFF	1
CASSQLGNEQFF	1
CASSQPPAATNEKLFF	1
CASSQPRGRTLSYNEQFF	1
CASSQPAGVGEQYF	1
CASSQPTSGTNTGELFF	1
CASSQPTSGYYEQYF	1
CASSQRDGGYEQYF	1
CASSQRDRGGETQYF	1
CASSQHPGLNQETQYF	1
CASSQQLTGSDTQYF	1
CASSQVGLANEQYF	1
CASSQVGAVDEQFF	1
CASSQAFTTGELFF	1
CASSQAPGAGGKYEQFF	1
CASSQAPRETQYF	1
CASSQAGYTEAFF	1
CASSQAGGLTEAFF	1
CASSQGLAGATLSYEQYF	1
CASSQGAGQFF	1
CASSQGRGTESFF	1
CASSQGNSYEQYF	1
CASSQGQIAGRYNEQFF	1
CASSQGVLAGGELFF	1
CASSQGANSRYEQYF	1
CASSQGGEYNEQFF	1
CASSQGFRTNTEAFF	1
CASSQGLQETQYF	1
CASSQGLAGNNNEQFF	1
CASSQGLAGVDEQYF	1
CASSQGPMNTEAFF	1
CASSQGQVSYNEQFF	1
CASSQGQGSYNEQFF	1
CASSQGQGAYEQYF	1
CASSQGQINTGELFF	1
CASSQDYRGLAGSTDTQYF	1
CASSQDRYSNQPQHF	1
CASSQDAGTGSTDTQYF	1
CASSQDLDRETYNEQFF	1
CASSQDLGLAGGPGTDTQYF	1
CASSQDPGLAGLQFF	1
CASSQDGGGPQFF	1
CASSQDRGTYEQYF	1
CASSQERGSYEQYF	1
CASSQEQGAPDTGELFF	1
CASSQEAGSALSSYNEQFF	1
CASSQERTGSYEQYF	1
CASSQIGGDNTGELFF	1
CASSQISGEQFF	1
CASSQINNAQETQYF	1
CASSQMVGGPAEVFYEQYF	1
CASSQIDSYEQYF	1
CASSQTAGQTYEQYF	1
CASSQTGDYEQYF	1
CASSQTGSGANVLTF	1
CASSQTLHEKLFF	1
CASSQTLGDGTEAFF	1
CASSQTVAGGLEKLFF	1
CASSQTGTSGFNEQFF	1
CASSQTDRAGNTIYF	1
CASSQTAAYEQYF	1
CASSQSSGTSYEQYF	1
CASSQSERVRDEQYF	1
CASSQRGVEDTEAFF	1
CASSQRTGLNEQFF	1
CASSQRLAGDRELFF	1
CASSQRPGLAGAYNEQFF	1
CASSQKGGARTEAFF	1
CASSQKTSLSLNSYEQYF	1
CASSQFWGVGYEQYF	1
CASSQFRDRAYEQYF	1
CASSQFVNPYEQYF	1
CASSQFRTPYNEQFF	1
CASSQLLAGENEQYF	1
CASSQLEVPSSYEQYF	1
CASSQLRGQYNEQFF	1
CASSQLGGRNGELFF	1
CASSQSFTGTYEQYF	1
CASSQSPGTGDNEQYF	1
CASSQSPGATYEQYF	1
CASSQSGTGSVYEQYF	1
CASSQSGTSTAGTQYF	1
CASSQSINTDTQYF	1
CASSQWGQGSSPLHF	1
CASSQWGIAGGTNEQFF	1
CASSQWDRTLAKNIQYF	1
CASSQYGLAGGTGELFF	1
CASSQYLGESAHSGANVLTF	1
CASSQYPSTDTQYF	1
CASSQLGTGFYEQYF	1
CASSQLGLVFNEQFF	1
CASSQLDSDYEQYF	1
CASSQLAAMSNNEQFF	1
CASSQLAGTGQQFF	1
CASSQLAGVGGELFF	1
CASSQLAGALNEQYF	1
CASSQLGRDQFF	1
CASSQPSYRGSYNEQFF	1
CASSQPSLESGELFF	1
CASSQPSGRAPDTQYF	1
CASSQPSSDLPNEQFF	1
CASSQPPRGRNYGYTF	1
CASSQPPGGLDNEQFF	1
CASSQPRRGQGNGYTF	1
CASSQPGTGGSEKLFF	1
CASSQPGQLVLRTGELFF	1
CASSQPDRVGDEQYF	1
CASSQPSEGGITLEQYF	1
CASSQPPGLAGLRAEQFF	1
CASSQPQGTYEQYF	1
CASSQPGTGWNGYTF	1
CASSQPGRRTNRNTEAFF	1
CASSQPGQGSYEQYF	1
CASSQPGQGVYNEQFF	1
CASSQPTSGGYEQYF	1
CASSQPSRANEQFF	1
CASSQPGGGDTQYF	1
CASSQPGTSSYEQYF	1
CASSQPNTGELFF	1
CASSQPNNGLNQETQYF	1
CASSQRGGNEQFF	1
CASSQRLYNEQFF	1
CASSQRETSESTDTQYF	1
CASSQRTGRYNEQFF	1
CASSQRLFREGPGELFF	1
CASSQRQGGAYEQYF	1
CASSQRGSIAGGRNEQFF	1
CASSQRTGGDYNEQFF	1
CASSQHGAQREFYNEQFF	1
CASSQQYRVANEQFF	1
CASSQQGAGTDTQYF	1
CASSQQDKSTDTQYF	1
CASSQQPGQGYEQYF	1
CASSQQQGPNKNIQYF	1
CASSQQQGYEQFF	1
CASSQQDRDPTYEQYF	1
CASSQQMTQETQYF	1
CASSQQTGGVNEKLFF	1
CASSQVFAEGYEQYF	1
CASSQVSSGSVDTQYF	1
CASSQVSGDTQYF	1
CASSQVWVSGQSNQPQHF	1
CASSQVLRGTLYEQYF	1
CASSQVLAGQGGETQYF	1
CASSQVLAGVYNEQFF	1
CASSQVPLPYEQYF	1
CASSQVPGLAGSGQETQYF	1
CASSQVPGQGAYEQYF	1
CASSQVPGERYEQYF	1
CASSQVRPGDTQYF	1
CASSQVHGVYEQYF	1
CASSQVQGAWEQYF	1
CASSQVVPTETQYF	1
CASSQVASGRSYNEQFF	1
CASSQVGSYYEQYF	1
CASSQVGGVGEQYF	1
CASSQVEGNQPQHF	1
CASSQVIQGWETQYF	1
CASSQVIADTQYF	1
CASSQVTPSSGNTIYF	1
CASSQVSGTYNEQFF	1
CASSQVSGSRNEQFF	1
CASSQVLTGGLGELFF	1
CASSQVSGGNIQYF	1
CASSQVPPPRTDTQYF	1
CASSQVVGLVGTGNEQFF	1
CASSQVAAVSGNTIYF	1
CASSQVADSINTEAFF	1
CASSQVGEGNTQYF	1
CASSQVGQGNYEQYF	1
CASSQVGVFGNQPQHF	1
CASSQVDSKLAKNIQYF	1
CASSQVIGIAGVYEQYF	1
CASSQVTSGRAGQFF	1
CASSQVSSYNEQFF	1
CASSQVNSEQFF	1
CASSQVFGGTNQPQHF	1
CASSQVFGSTDTQYF	1
CASSQVSSGAPSYEQYF	1
CASSQVSGGGYTF	1
CASSQVWQGHGDEQFF	1
CASSQVLAGTSAGYEQYF	1
CASSQVRGSEETQYF	1
CASSQVQGGSYEQYF	1
CASSQVASGSGSTDTQYF	1
CASSQVAFKRGTYNEQFF	1
CASSQVGPPSSYNEQFF	1
CASSQVGGTDTQYF	1
CASSQVGKGPNGQYF	1
CASSQVGQDTDTQYF	1
CASSQVGDTQYF	1
CASSQVTASNQPQHF	1
CASSQVRRETQYF	1
CASSQVNRGGGKDIQYF	1
CASSQVLGDEQYF	1
CASSQVSGSYSYNEQFF	1
CASSQVWDSGSGTDTQYF	1
CASSQVYRATGELFF	1
CASSQVRAGGTSSYEQYF	1
CASSQVHQGTKYNEQFF	1
CASSQVQGVKNIQYF	1
CASSQVVLETQYF	1
CASSQVVSGRPSYNEQFF	1
CASSQVAGGPAQYF	1
CASSQVGLVELFF	1
CASSQVGSRTDTQYF	1
CASSQVGKREFYNEQFF	1
CASSQVGVIETQYF	1
CASSQVGGRRSPLHF	1
CASSQVGGYTGELFF	1
CASSQVGSRTQYF	1
CASSQVGAGAYEQYF	1
CASSQVDGSAHYEQYF	1
CASSQVDTTYEQYF	1
CASSQVRAGAAYEQYF	1
CASSQAWREGLSTDTQYF	1
CASSQAYGGRDRNQPQHF	1
CASSQALLEQETQYF	1
CASSQAPVGVQYNEQFF	1
CASSQAITESYEQYF	1
CASSQATSGGDYEQYF	1
CASSQAYEDTQYF	1
CASSQALGGFYGYTF	1
CASSQAPTSGDNEQFF	1
CASSQARLDYQETQYF	1
CASSQAQYPDTQYF	1
CASSQAAQGETQYF	1
CASSQAAGGSYEQYF	1
CASSQAGGGPQETQYF	1
CASSQAGTSGAYEQYF	1
CASSQAGSPTQYF	1
CASSQAGEGRSYNEQFF	1
CASSQARQAGTTQYF	1
CASSQAFGGNQPQHF	1
CASSQARPGGRPYEQYF	1
CASSQAQNLLEQYF	1
CASSQAVLLGEQYF	1
CASSQAALNYEQYF	1
CASSQAGREQFF	1
CASSQAGQYNEQFF	1
CASSQAGQGGETQYF	1
CASSQAGQGKETQYF	1
CASSQAGQGIFREQFF	1
CASSQAGVNEQFF	1
CASSQAEAITYEQYF	1
CASSQAETNTGGLYEQYF	1
CASSQAETGGYEQYF	1
CASSQAMGGVYEQYF	1
CASSQASGDTDTQYF	1
CASSQARGLAGAYSDDEQFF	1
CASSQALYDRTDNEQFF	1
CASSQALADHYEQYF	1
CASSQAWTSGLHNEQFF	1
CASSQAYEETQYF	1
CASSQAPGVPPYEQYF	1
CASSQAQGVPYEQYF	1
CASSQAAVWTSSYNEQFF	1
CASSQGSSGETQYF	1
CASSQGWASDDPEQFF	1
CASSQGWGYEQYF	1
CASSQGLDYEQYF	1
CASSQGLAGGYNEQFF	1
CASSQGLTLPPNYGYTF	1
CASSQGRLGTPADTQYF	1
CASSQGQGAYEQYF	1
CASSQGQGAGETQYF	1
CASSQGQTNGLETQYF	1
CASSQGVYEQYF	1
CASSQGAGGAYNEQFF	1
CASSQGIQDEQFF	1
CASSQGTRGNYNEQFF	1
CASSQGLGGLAEAFF	1
CASSQGYPRASGNEQFF	1
CASSQGVGGYEQYF	1
CASSQGGRPYNEQFF	1
CASSQGGTGPPYEQYF	1
CASSQGGSLADTQYF	1
CASSQGGRQYF	1
CASSQGGRYNEQYF	1
CASSQGGAYNEQFF	1
CASSQGIGAADTQYF	1
CASSQGNGAYEQYF	1
CASSQGFYEQYF	1
CASSQGFVSVATGELFF	1
CASSQGSSGSYEQYF	1
CASSQGWGTQYF	1
CASSQGYGGSGELFF	1
CASSQGYGTDTQYF	1
CASSQGYGLAVTYEQYF	1
CASSQGLAGAGELFF	1
CASSQGPNTGELFF	1
CASSQGRGRVVEQYF	1
CASSQGQVATQYF	1
CASSQGVYPGGTYEQYF	1
CASSQGVQVERETQYF	1
CASSQGAGESSYEQYF	1
CASSQGARQYF	1
CASSQGGGADTQYF	1
CASSQGGGRNSYNEQFF	1
CASSQGGTSGAYEQYF	1
CASSQGGSRGLSNTGELFF	1
CASSQGGRNEQFF	1
CASSQGDGPSYEQYF	1
CASSQGDGFSYEQYF	1
CASSQGERPQFF	1
CASSQGEVLVGEQFF	1
CASSQGIRFDTQYF	1
CASSQGTSGNEQFF	1
CASSQGTSGFYEQYF	1
CASSQGTSGTYNEQFF	1
CASSQGTSGRADEQFF	1
CASSQGTSGTYNEQFF	1
CASSQGTGTQETQYF	1
CASSQGTEHEQYF	1
CASSQGTGRYTEAFF	1
CASSQGTGVFEQYF	1
CASSQGTGAYTDTQYF	1
CASSQGTGGWMGDLTDTQYF	1
CASSQGTGGDYEQYF	1
CASSQGSNQPQHF	1
CASSQGRARGNQPQHF	1
CASSQGKASRWDGYTF	1
CASSQGLERDPFQYF	1
CASSQGSGSGTQYF	1
CASSQGSRAYEQYF	1
CASSQGWLAADTQYF	1
CASSQGLDQIQYF	1
CASSQGLAGTDTQYF	1
CASSQGPSPPTVYNEQFF	1
CASSQGPQARNVEKLFF	1
CASSQGPGLSYGYTF	1
CASSQGRPDTQYF	1
CASSQGRAGEQYF	1
CASSQGQYPTDTQYF	1
CASSQGQPLAKNIQYF	1
CASSQGQGGANVLTF	1
CASSQGQGATGELFF	1
CASSQGQGNEQYF	1
CASSQGVLGQGLRGYEQYF	1
CASSQGVGFYNEQFF	1
CASSQGVGGQGSSYEQYF	1
CASSQGDSQGGRNTIYF	1
CASSQGDIYNEQFF	1
CASSQGILGSDEQYF	1
CASSQGIRGYSYNEQFF	1
CASSQGMLGVGSNEKLFF	1
CASSQGRTASYEQYF	1
CASSQDFETQYF	1
CASSQDFQGPYNEQFF	1
CASSQDLPNRQYF	1
CASSQDLRQSSYEQYF	1
CASSQDLRTSGETQYF	1
CASSQDLVTSTDTQYF	1
CASSQDLGSGYEQYF	1
CASSQDLIFNEQFF	1
CASSQDLTTYNEQFF	1
CASSQDLSWTARAYEQYF	1
CASSQDLLLGNIQYF	1
CASSQDLARTHREQYF	1
CASSQDLGGTGANVLTF	1
CASSQDLGGEQYF	1
CASSQDLEVGRATNEKLFF	1
CASSQDSRQGNEQFF	1
CASSQDSLREQFF	1
CASSQDSLGATNEKLFF	1
CASSQDSREALMEQYF	1
CASSQDSSGSNTGELFF	1
CASSQDSNLGLAGRSSYNEQFF	1
CASSQDSTETYNEQYF	1
CASSQDSRPSYEQYF	1
CASSQDWPVRGSVGQPQHF	1
CASSQDWAAYQETQYF	1
CASSQDWAGADTQYF	1
CASSQDWGYGYTF	1
CASSQDWTSAATDTQYF	1
CASSQDYADSGTYNEQFF	1
CASSQDYEGLQETQYF	1
CASSQDLFSLAGGIRNEQFF	1
CASSQDLFGLANTGELFF	1
CASSQDLLESLYF	1
CASSQDLSGQGMNTEAFF	1
CASSQDLWTGPYEQYF	1
CASSQDLRQDLANEQFF	1
CASSQDLGLPDTQYF	1
CASSQDLGPGGKYNEQFF	1
CASSQDLGPREQYF	1
CASSQDLFGELFF	1
CASSQDLSGTSGTYEQYF	1
CASSQDLLTGELFF	1
CASSQDLLAGEQFF	1
CASSQDLPIYEQYF	1
CASSQDLRQSSYEQYF	1
CASSQDLQANEKLFF	1
CASSQDLASGSDTQYF	1
CASSQDLAEQFF	1
CASSQDLGAGAPDTQYF	1
CASSQDLIRGAQETQYF	1
CASSQDLRFEQYF	1
CASSQDLSSGGAYEQYF	1
CASSQDLPRREGNTEAFF	1
CASSQDLRTAYEQYF	1
CASSQDLAGLGDNEQFF	1
CASSQDLAGRAAEQFF	1
CASSQDLAGYADTQYF	1
CASSQDLAGGQTQYF	1
CASSQDLSRRRAKNIQYF	1
CASSQDPRGYEQYF	1
CASSQDPSYEQYF	1
CASSQDPPDRSSYEQYF	1
CASSQDPAGSSYNEQFF	1
CASSQDPGAGAYEQYF	1
CASSQDPGTYNEQFF	1
CASSQDPEETQYF	1
CASSQDPEWAYEQYF	1
CASSQDPNGSRSPEQYF	1
CASSQDPYRSSYEQYF	1
CASSQDPGGTYGYTF	1
CASSQDPGGELFF	1
CASSQDPRGADTQYF	1
CASSQDPRGQGSNTGELFF	1
CASSQDPARQPDTQYF	1
CASSQDRAGGSTDTQYF	1
CASSQDRGRYQQETQYF	1
CASSQDRRLAGYEQYF	1
CASSQDRRQRSGELFF	1
CASSQDRGTGSYEQYF	1
CASSQDRGSSAYNEQFF	1
CASSQDRSETQYF	1
CASSQDRSGPDTQYF	1
CASSQDRYTRGGGEQFF	1
CASSQDRPGLGYEQYF	1
CASSQDRALGLTDTQYF	1
CASSQDRAGGRNEQFF	1
CASSQDRGSASSYEQYF	1
CASSQDRGEQFF	1
CASSQDRLRGIKETQYF	1
CASSQDRYEQYF	1
CASSQDRVTSGSPEQFF	1
CASSQDRGSIYEQYF	1
CASSQDRSGSSYEQYF	1
CASSQDHLGRPYEQYF	1
CASSQDHRWSVGPLHF	1
CASSQDHGDRTYNEQFF	1
CASSQDQRRVGYEQYF	1
CASSQDQGSGRAYNEQFF	1
CASSQDQSSRNEQFF	1
CASSQDQNSPLHF	1
CASSQDQNPINEQFF	1
CASSQDQQGRSRRAREQYF	1
CASSQDQGRPNTEAFF	1
CASSQDQETQYF	1
CASSQDVWDRGAKNIQYF	1
CASSQDVAFDGELFF	1
CASSQDVGPGDEQYF	1
CASSQDVWQETQYF	1
CASSQDARELAGRWNNEQFF	1
CASSQDAAQPYNEQFF	1
CASSQDANEQYF	1
CASSQDAVPSYNEQFF	1
CASSQDAAGGSGDEQYF	1
CASSQDAGRVLNTGELFF	1
CASSQDGRQPTYEQYF	1
CASSQDGGNLQETQYF	1
CASSQDGWAGELFF	1
CASSQDGQQETQYF	1
CASSQDGQGGVNEQFF	1
CASSQDGGAGELFF	1
CASSQDGSGRFSEQFF	1
CASSQDGRLAALAKNIQYF	1
CASSQDGRDTQYF	1
CASSQDGLAGAGELFF	1
CASSQDGALRGNIQYF	1
CASSQDGAGEEQYF	1
CASSQDGDRGYEQYF	1
CASSQDGTGGYEQYF	1
CASSQDGSGTAKNEQFF	1
CASSQDDPDGAYEQYF	1
CASSQDETSGDHNEQFF	1
CASSQDIQEKETQYF	1
CASSQDMERPGSQYF	1
CASSQDIRGPVGEQFF	1
CASSQDIGHASQPQHF	1
CASSQDTASANTGELFF	1
CASSQDTSGSIYEQYF	1
CASSQDTGSGGAYEQYF	1
CASSQDTGTSGKETQYF	1
CASSQDTGPRRNF	1
CASSQDTLVASGRSEEQYF	1
CASSQDTLRPQHF	1
CASSQDTPFNGETQYF	1
CASSQDTTGGDTQYF	1
CASSQDRPSGRTSYEQYF	1
CASSQDRDTTYEQYF	1
CASSQDREREGNYNEQFF	1
CASSQDRGAGPRDTQYF	1
CASSQDNVRSTDTQYF	1
CASSQDNREEETQYF	1
CASSQDKGTSINEQFF	1
CASSQDKDAEDTQYF	1
CASSQDKAGGPGELFF	1
CASSQDFKDYDLYEQYF	1
CASSQDLVGFSGNTIYF	1
CASSQDWGPQRDEQFF	1
CASSQDWTPGAKNIQYF	1
CASSQDYRAYEQYF	1
CASSQDLRENREIAGELFF	1
CASSQDLAAYNEQFF	1
CASSQDLAGAVYEQYF	1
CASSQDPPVGSQNIQYF	1
CASSQDPGTAYNEQFF	1
CASSQDPRGRGAYEQYF	1
CASSQDPGRTGLEQYF	1
CASSQDPGYEQYF	1
CASSQDRGQGHYGYTF	1
CASSQDRTDEETQYF	1
CASSQDRDRLAYEQYF	1
CASSQDRGLAGAQETQYF	1
CASSQDRNLAGGYNEQFF	1
CASSQDHTSGRSYEQYF	1
CASSQDHLAGGPHNEQFF	1
CASSQDHGQQETQYF	1
CASSQDVLTGGSGPQHF	1
CASSQDVSGVSNQPQHF	1
CASSQDVAGYVDEQYF	1
CASSQDGTWEFNEQFF	1
CASSQDGGLLAQFF	1
CASSQDGLAGVGEQYF	1
CASSQDGAGGLEQFF	1
CASSQDDGDNEQFF	1
CASSQDDRWGETQYF	1
CASSQDERSTDTQYF	1
CASSQDIGLRQGAYEQYF	1
CASSQDTIDEQFF	1
CASSQDTGELFF	1
CASSQDRSGNTIYF	1
CASSQDRETQYF	1
CASSQEFRQAEQFF	1
CASSQESGTYNEQFF	1
CASSQESGISYNEQFF	1
CASSQEWLAESSYEQYF	1
CASSQEWRNGAQYF	1
CASSQEWTSGVTDTQYF	1
CASSQEYTHRVYEQYF	1
CASSQELREGRFGELFF	1
CASSQELAYTYNEQFF	1
CASSQEPRDPVGGTQYF	1
CASSQEPAKRPTDTQYF	1
CASSQEPGLKLRNNEQFF	1
CASSQEPDSNQPQHF	1
CASSQEPERASQYF	1
CASSQERVTYNEQFF	1
CASSQERDGEQYF	1
CASSQEVQAGIDTQYF	1
CASSQEVQDSRTDTQYF	1
CASSQEASLNEQFF	1
CASSQEAPLGQGINEQFF	1
CASSQEAPGLAEETQYF	1
CASSQEATSNEQFF	1
CASSQEGYGYTF	1
CASSQEGPGSGGEQFF	1
CASSQEGEGQGGYEQFF	1
CASSQEGWTGDTQFF	1
CASSQEGVQETQYF	1
CASSQEGDRFNSPLHF	1
CASSQEGTGDYGYTF	1
CASSQEGKPETQYF	1
CASSQEGLAGAASEQFF	1
CASSQEGHDTQYF	1
CASSQEDLSGIQYF	1
CASSQEDRAHEQYF	1
CASSQEDRGATDTQYF	1
CASSQEDRGWDIQYF	1
CASSQEEAGLTDTQYF	1
CASSQETSGRNQETQYF	1
CASSQETLGSETQYF	1
CASSQEREGFRTDTQYF	1
CASSQENLAGNTGELFF	1
CASSQENRRDETQYF	1
CASSQEFGGLYEQYF	1
CASSQEFGRPNSYEQYF	1
CASSQEFRTRSYEQYF	1
CASSQESWLNYEQFF	1
CASSQESPVATSYEQYF	1
CASSQESVKRNYEQYF	1
CASSQESRMQETQYF	1
CASSQESGYEQYF	1
CASSQESGSNTEAFF	1
CASSQEWVAGSTDTQYF	1
CASSQEWGEQFF	1
CASSQEWDTGFLGEQYF	1
CASSQEWRRLAGEDTQYF	1
CASSQEYF	1
CASSQELAEGAETQYF	1
CASSQEPGHRGRWETQYF	1
CASSQEPPSGRVIYNEQFF	1
CASSQEPRLAGPSAEQYF	1
CASSQEPHSADTQYF	1
CASSQEPQGMNEQYF	1
CASSQEPETGFSGANVLTF	1
CASSQEPGGAKNIQYF	1
CASSQEQGERYQPQHF	1
CASSQEVARPEGQYF	1
CASSQEVARFSDTQYF	1
CASSQEVVGGSPLHF	1
CASSQEASGRLLQETQYF	1
CASSQEAASGLAKNIQYF	1
CASSQEAGSNQPQHF	1
CASSQEGLLADYEQYF	1
CASSQEGYYNEQFF	1
CASSQEGLYGYTF	1
CASSQEGQHSTDTQYF	1
CASSQEGGGSYNEQFF	1
CASSQEGTGSYEQYF	1
CASSQEGTGSDEKLFF	1
CASSQEGSVLAKNIQYF	1
CASSQEGLAGSFYEQFF	1
CASSQEGNGDTPSDTQYF	1
CASSQEDETQYF	1
CASSQEELPTGAFF	1
CASSQEEGAGGYYNEQFF	1
CASSQEEGTSGRYNEQFF	1
CASSQEIRGGPDTQYF	1
CASSQEISGRRYEQYF	1
CASSQETGRSDTQYF	1
CASSQETSGPTYEQYF	1
CASSQETNSPLHF	1
CASSQETGTTNTEAFF	1
CASSQETGAYYEQYF	1
CASSQETVRNDEQFF	1
CASSQESYSDTDTQYF	1
CASSQESSGVDEQFF	1
CASSQEREGDTQYF	1
CASSQERTSGSYEQYF	1
CASSQENGRSYNEQFF	1
CASSQIVSGRDNEQFF	1
CASSQIGSRETQYF	1
CASSQMLKTRNTEAFF	1
CASSQTSSGRGSYNEQFF	1
CASSQTSPGTEQFF	1
CASSQTIAGTYEQYF	1
CASSQTSGRENNEQFF	1
CASSQTYGSSYEQYF	1
CASSQTLGGLYEQYF	1
CASSQTRQGASTDTQYF	1
CASSQTGSPDTQYF	1
CASSQTGTASYEQYF	1
CASSQTGTTGELFF	1
CASSQTTGTSYNEQFF	1
CASSQTGAVRTDTQYF	1
CASSQTDRVNTGANVLTF	1
CASSQTDRAHSPLHF	1
CASSQTETQYF	1
CASSQSWHGRGGEQFF	1
CASSQSQWQGRNIQYF	1
CASSQSRDRGLEQYF	1
CASSQSGWIDEQFF	1
CASSQRASSGYNEQFF	1
CASSQRGADSYNEQFF	1
CASSQRLAGVSYNEQFF	1
CASSQRPGYEQYF	1
CASSQRQGFHNEQFF	1
CASSQRGTSGSSGAKNIQYF	1
CASSQRDIYGYTF	1
CASSQRRGTGGFYEQYF	1
CASSQNAGGQGIRGETQYF	1
CASSQNSGRVGEQYF	1
CASSQNRLAGAYNEQFF	1
CASSQNPRGGEQETQYF	1
CASSQNSGRTDTQYF	1
CASSQNRRDNEQFF	1
CASSQNNEQFF	1
CASSQKAGAGSAYEQYF	1
CASSQKGLEGNEQFF	1
CASSQKGQGAHIQYF	1
CASSQKAAGTSSHEQFF	1
CASSVLGMGDLNEQFF	1
CASSVPDSSYEQYF	1
CASSVTDTEAFF	1
CASSVSGEGTGELFF	1
CASSVSGSINNEQFF	1
CASSVRLLRETQYF	1
CASSVPRDLLTDTQYF	1
CASSVPSGRPYEQYF	1
CASSVRDRTYEQYF	1
CASSVEERDRGKDTQYF	1
CASSVIPDSYSTDTQYF	1
CASSVTGAYEQYF	1
CASSVKTGINTREQYF	1
CASSVHREGAHAGTQYF	1
CASSVAGTENSEQYF	1
CASSVGPGREQFF	1
CASSVGLAGVGQETQYF	1
CASSVDPASGELFF	1
CASSVDRGYEQYF	1
CASSVEDRGWETQYF	1
CASSVTSGIYNEQFF	1
CASSVTSGRVYEQYF	1
CASSVTSGQIYEQYF	1
CASSVTGTSPDEQYF	1
CASSVTGGYNEQFF	1
CASSVLAGVSYNEQFF	1
CASSVSPFYQGARNEQYF	1
CASSVLTYNEQFF	1
CASSVQTGFETQYF	1
CASSVGGAPPTDTQYF	1
CASSVMGDYEQYF	1
CASSVRTANEQFF	1
CASSAQGGPGRRTDTQYF	1
CASSAAQGGNTEAFF	1
CASSAGDPRQYF	1
CASSADRLLYEQYF	1
CASSAELAVQETQYF	1
CASSAQGGGTEAFF	1
CASSAVGLAGTNEQFF	1
CASSAGTSGSGAYEQYF	1
CASSAGTSMTLGEQFF	1
CASSAGLADSQETQYF	1
CASSAGGGFYEQYF	1
CASSARGGEQYF	1
CASSARIVDTQYF	1
CASSARPPTGGRNQPQHF	1
CASSANRVVTGELFF	1
CASSAVLTGKWHEQYF	1
CASSAGLVPVLRDNEQFF	1
CASSAGLATVEQYF	1
CASSALAAYEQYF	1
CASSARDHTDTQYF	1
CASSADRGVSYEQYF	1
CASSAEREQFF	1
CASSATSGSSYEQYF	1
CASSGPNTPTQYF	1
CASSGSGSPGETQYF	1
CASSGLAGAAEQFF	1
CASSGPPRGEQYF	1
CASSGRDRGDTGELFF	1
CASSGVLANTGELFF	1
CASSGADGSYEQYF	1
CASSGNRDYEQFF	1
CASSGWGNEAFF	1
CASSGVAGLVYNEQFF	1
CASSGGMKADTQYF	1
CASSGGQGSYNEQFF	1
CASSGGGSSYNEQFF	1
CASSGDGRDETQYF	1
CASSGDAGPSSTDTQYF	1
CASSGDSYYSGANVLTF	1
CASSGEGHLQETQYF	1
CASSGIPPPNNEQFF	1
CASSGFGDSYEQYF	1
CASSGLAASYEQYF	1
CASSGRGLAGEETQYF	1
CASSGTQGTEAFF	1
CASSGTGYLGNEQFF	1
CASSGRLVSTDTQYF	1
CASSGRKSSYNEQFF	1
CASSGKDRGVYEQYF	1
CASSGKMLAPNEQFF	1
CASSDPPQGKETQYF	1
CASSDPGQGYEQYF	1
CASSDRQGANTEAFF	1
CASSDRQGFYYEQYF	1
CASSDGNTGELFF	1
CASSDEPGLRPYNEQFF	1
CASSDTGTGNTEAFF	1
CASSDRTGGEQYF	1
CASSDRQGAYYEQYF	1
CASSDNTELGNNEQFF	1
CASSDPRQGSSYEQYF	1
CASSDRVTETQYF	1
CASSDRGGSSEQYF	1
CASSDRTSGIYEQYF	1
CASSEYQETQYF	1
CASSELGLDTGELFF	1
CASSEGTGLVRQYF	1
CASSEGLAATDTQYF	1
CASSEGQGAYEQYF	1
CASSEGGPRDEQYF	1
CASSERSSGRGQFF	1
CASSESLGRWNHEQYF	1
CASSELTGEDTQYF	1
CASSELAVSYNEQFF	1
CASSEPGTGPEQYF	1
CASSEAGAPTGELFF	1
CASSEGQLNTEAFF	1
CASSEGKGTQYF	1
CASSEDPGSSGYNEQFF	1
CASSETSGSDTQYF	1
CASSIPGTSGEQFF	1
CASSIQAGASDTQYF	1
CASSISGSINEQFF	1
CASSIRTSGNNEQFF	1
CASSISGTRWDTQYF	1
CASSIRTGSSYNEQFF	1
CASSIRDRINEQYF	1
CASSIGTTDTQYF	1
CASSIGQGYEQYF	1
CASSIDSGILSGNTIYF	1
CASSIDRHETQYF	1
CASSIMGGNGYTF	1
CASSISPGNQETQYF	1
CASSINTGELFF	1
CASSMWTGLGNTGELFF	1
CASSMPGLLETQYF	1
CASSMGRAYEQYF	1
CASSMGAGAAKNIQYF	1
CASSMTGGPINEQFF	1
CASSMTGGTDTQYF	1
CASSMRTSGITNEQFF	1
CASSILAGPSSYEQYF	1
CASSIYRADTGELFF	1
CASSILPQGLETQYF	1
CASSIQGDTEAFF	1
CASSIVEYEQYF	1
CASSIAGVAETQYF	1
CASSIGPSSYNEQFF	1
CASSIGHVETQYF	1
CASSIGQGNEQFF	1
CASSIIQGSSYEQYF	1
CASSITDPDTQYF	1
CASSISLGRYNEQFF	1
CASSIRTPQETQYF	1
CASSTGQVYSYEQYF	1
CASSTGQGAAGELFF	1
CASSTTGAYSYEQYF	1
CASSTKGSSSYEQYF	1
CASSTLASPNEQFF	1
CASSTPTRQGSLNTQYF	1
CASSTAGTGVRYEQYF	1
CASSTGREGYNEQFF	1
CASSTGTSGSIDEQFF	1
CASSTGLAVPYEQYF	1
CASSTILGLAGNGRTDTQYF	1
CASSTTSGGRQGYEQYF	1
CASSTTSGRGLSDEQYF	1
CASSTREAEQYF	1
CASSTKRGETQYF	1
CASSTLQAGYEQYF	1
CASSTASGSYEQYF	1
CASSTAGSYNEQFF	1
CASSTGDRGQETQYF	1
CASSTDGPGEQFF	1
CASSTRLAGTKETQYF	1
CASSTSPRDFVNTEAFF	1
CASSTLAGNTGELFF	1
CASSTPGEFEAFF	1
CASSTQQGLSSYEQYF	1
CASSTAGLAGGSTDTQYF	1
CASSTGTEETQYF	1
CASSTDRLDGYTF	1
CASSTNSQEQYF	1
CASSSTGTSEQYF	1
CASSSTGNADTQYF	1
CASSSWEASDTQYF	1
CASSSRDRGTGELFF	1
CASSSHGTGFSYEQYF	1
CASSSQTRPAYEQYF	1
CASSRQTSGSGNEQFF	1
CASSRDGGRGSRTDTQYF	1
CASSRMAGGNGEQYF	1
CASSRTGSEQFF	1
CASSRLTGGSYNEQFF	1
CASSRPRDRGTDTQYF	1
CASSRGRGGSYEQYF	1
CASSRSYPGTASSYEQYF	1
CASSNVQGLAGDTQYF	1
CASSNSGRASVAEQFF	1
CASSNRRARSGANVLTF	1
CASSNPGSGRAEQFF	1
CASSNPGETQYF	1
CASSNRDRGGDEQFF	1
CASSNGQREETQYF	1
CASSNGQAPNEKLFF	1
CASSNIAGDEQFF	1
CASSNNPPTSGLTDTQYF	1
CASSKLVDSNTGELFF	1
CASSKGTSGRPGGELFF	1
CASSKGTSEETQYF	1
CASSKGLAGYNEQFF	1
CASSKGLAGRGETQYF	1
CASSKGPVFSDTQYF	1
CASSKTGSYGYTF	1
CASSKPSSGRAYGAKNIQYF	1
CASSKQSGTGGGEQYF	1
CASSKGQITGELFF	1
CASSKGRGFGLYEQYF	1
CASSKRTGGGNIQYF	1
CASSKRRDYNEQFF	1
CASSKRDTGELFF	1
CASRFRERETQYF	1
CASRFGTGLSYNEQFF	1
CASRLAGANTGELFF	1
CASRSSGTSPPDTQYF	1
CASRWTSGWNTGELFF	1
CASRYGGDPDTQYF	1
CASRLGLADSYNEQFF	1
CASRLTVNSNQPQHF	1
CASRPGGNEQFF	1
CASRPGANPNNEQFF	1
CASRPGLGSADTQYF	1
CASRPSLAGAAYNEQFF	1
CASRPSGANVLTF	1
CASRHIGSTDTQYF	1
CASRVTSTDTQYF	1
CASRVAPGEKLFF	1
CASRADWANTGELFF	1
CASRASGLETQYF	1
CASRASGSVNEQFF	1
CASRAHAGPQETQYF	1
CASRGGQGRNEQFF	1
CASRGETQYF	1
CASRGTSGEVYNEQFF	1
CASRGTGYNEQFF	1
CASRGSSSYNEQFF	1
CASRDSGQGEKLFF	1
CASRDRTGGSPNNEQFF	1
CASRDRGSGNTIYF	1
CASRELAGDNEQFF	1
CASRIGTPSYNEQFF	1
CASRIGTVQETQYF	1
CASRIDSTSTDTQYF	1
CASRTRSGNSYEQYF	1
CASRTGDTGELFF	1
CASRTGQPSTDTQYF	1
CASRTDQWGTTGELFF	1
CASRTVNTGELFF	1
CASRSDTYNEQFF	1
CASRRDRSYNEQFF	1
CASRRTGGSNEQFF	1
CASRRLAEGVYEQYF	1
CASRRDGSVDNEQFF	1
CASRRTTTGTSGRNEQFF	1
CASRNPLSGGNTEAFF	1
CASRNDASVGEQYF	1
CASRKGGSTDTQYF	1
CASRKTSASDTQYF	1
CASRKIQGGSYNEQFF	1
CASRSSGRYEQYF	1
CASRSSHDGDRYNEQFF	1
CASRSVGLLNTGELFF	1
CASRSGTSEYNEQFF	1
CASRYSGGAGNEQFF	1
CASRLVSGSASYEQYF	1
CASRPSGSTADTQYF	1
CASRPRQGPNTEAFF	1
CASRPGTSGSRSEQFF	1
CASRPGTIAVGVQYF	1
CASRPGTTSYEQYF	1
CASRPTGPGELFF	1
CASRPNLAGGSYEQYF	1
CASRRDRGNGGELFF	1
CASRRTSGSSGGSYNEQFF	1
CASRRLAYSTDTQYF	1
CASRQTQGFGETQYF	1
CASRVGESQPQHF	1
CASRATGSSYNEQFF	1
CASRATSGRVNEQFF	1
CASRGLAGVNEQFF	1
CASRGANTGELFF	1
CASRDRGLSYEQYF	1
CASREPGIAKNIQYF	1
CASRIETDTQYF	1
CASRTGLAGVGETQYF	1
CASRTDTGTDTQYF	1
CASRTGGPNTQYF	1
CASRTNLLREGDTQYF	1
CASRTLSEGAQNSPLHF	1
CASRRLFTDTQYF	1
CASRRTGRYDEQYF	1
CASRRGLAGGSSYNEQFF	1
CASRKVEGTGGHEQYF	1
CASNFLPGTGYYEQYF	1
CASNRQGFTSYNEQFF	1
CASNGGVNTGELFF	1
CASNGRGGRDYYNEQFF	1
CASNEVVGETQYF	1
CASNFYLAAGEQFF	1
CASNSGLQGTDEQYF	1
CASNSPTSGPQETQYF	1
CASNLGYLTNEQFF	1
CASNPRDTSTDTQYF	1
CASNVELAGVGELFF	1
CASNERGYNEQFF	1
CASNIQLGADTGELFF	1
CASNRVGTDTQYF	1
CASKSIDGGGAEQFF	1
CASKLSGGRGETQYF	1
CASKPRREGDEQFF	1
CASKPRGQGFTGELFF	1
CASKVTGTPGELFF	1
CASKAQGEDTQYF	1
CASKGCSPATYEQYF	1
CASKGLAGSGELFF	1
CASKGADSTDTQYF	1
CASKEGASYNEQFF	1
CASKISLSHEQYF	1
CASKTTESGTEAFF	1
CASKWDSETQYF	1
CASKYIRSGGLAGELFF	1
CASKVKQQETQYF	1
CASKVTSGIPRTDTQYF	1
CASKERDLNNEQFF	1
CASKTGLAGGDYNEQFF	1
CASKRSGRAVKNEQFF	1
CARETSGYEQYF	1
CANSAGPLYEQYF	1
CANPGIRPYF	1
CAKTSGSKYTGELFF	1
CGSGVRETQYF	1
CGSLAGPYEQYF	1
CGSGRETQYF	1
CGGRAGDYEQYF	1
CGGAGANVLTF	1
CGGLAGWSGELFF	1
CGTSGNYNEQFF	1
CGGTSASNTGELFF	1
CIGPGPDTQYF	1
CMGISPSYEQYF	1
CTSSQDPIWDYGYTF	1
CTSSQGDRGQRANYGYTF	1
CTSSQGKTSGKFF	1
CSFRGGAATGELFF	1
CSLRGGSTEAFF	1
CSSRAEDYNDGKLFF	1
CSSSRGGSPEGYTF	1
CSSLLAIKTQYF	1
CSSIENQGAPTHEQFF	1
CSSRGLLNEQYF	1
CSLKRLAGGPYEQYF	1
CSLSTTRRSTDTQYF	1
CSLKEGGWGFEQYF	1
CSPYDILGQGNGYTF	1
CSPYQAGNTGELFF	1
CSPETIWATQYF	1
CSHLGPGGTDTQYF	1
CSHHRTLNTEAFF	1
CSQYPTSDNYNEQFF	1
CSVFAGLSSYEQYF	1
CSVYPGEARETQYF	1
CSVYDTGTVTEAFF	1
CSVLAGGPYEQYF	1
CSVIKAGGRGIQYF	1
CSVTNPGRTYEQYF	1
CSVSGDEQFF	1
CSVRLAGALSYNEQFF	1
CSVKTGRLAEQYF	1
CSVKAGDTKQYF	1
CSVSVGISNQPQHF	1
CSVYRVGTSGRGPQETQYF	1
CSVLPGLAGRETQYF	1
CSVPYEQYF	1
CSVRFRAAYGYTF	1
CSVQGVEGGSDTQYF	1
CSVVRTGVGADTQYF	1
CSVAQGVNEQFF	1
CSVIRDSDNEQFF	1
CSVRPGSSYEQYF	1
CSVRGSTDTQYF	1
CSVASGTADTQYF	1
CSVARDRGRGEQYF	1
CSVGRNNSPLHF	1
CSVPRGSYNEQFF	1
CSVPGLLYEQYF	1
CSVQGGANVLTF	1
CSVAGVTGGELFF	1
CSVAGGTGELFF	1
CSVGQGGQPQHF	1
CSVTRQGATGELFF	1
CSVRGSNQPQHF	1
CSVNWEDETQYF	1
CSAFSTDTYEQYF	1
CSAFPLPGTGELFF	1
CSAFPPRGTGELFF	1
CSAFPWDSYNEQFF	1
CSAFRTGSYNEQFF	1
CSAFTVPLDNEQFF	1
CSAFKTGGYEQYF	1
CSAFRDHGELFF	1
CSAFHRAGTSYEQYF	1
CSALRTALNQPQHF	1
CSALASTGQPQHF	1
CSALSRDTYYEQYF	1
CSALPWTGMSYEQYF	1
CSALAVYEQYF	1
CSALAGGLDISYEQYF	1
CSALADSYEQYF	1
CSALKDGYEQFF	1
CSASRTEGSPLHF	1
CSASDSPRTHEQYF	1
CSASLAGGPTDTQYF	1
CSASPDGRNQPQHF	1
CSASPRLAVGGELFF	1
CSASGLGEFF	1
CSASGTAFYEQYF	1
CSASDPSATNEKLFF	1
CSASMGGGELFF	1
CSASRTSGRASEQFF	1
CSASDRDDYEQYF	1
CSASPLAGELDTQYF	1
CSASGLSHYEQYF	1
CSAWVGGDYTPYEQYF	1
CSAWGVDTQYF	1
CSAWGETGAYNEQFF	1
CSAWGTIYNEQFF	1
CSAWGQGADTQYF	1
CSAWDYRSYEQYF	1
CSAWDRNSPLHF	1
CSAWEGPDQPQHF	1
CSAWTGSYEQYF	1
CSAWTGNQPQHF	1
CSAWTENYEQYF	1
CSAYWDYEQYF	1
CSAYPLAGGPYEQYF	1
CSAYPGTDYMNTEAFF	1
CSAYGAAYEQYF	1
CSAYPGQGVPLSYNSPLHF	1
CSALPTGLAGSTDTQYF	1
CSALPSGTAGYEQYF	1
CSALSGTTPRRDTQYF	1
CSALLGSSYNEQFF	1
CSALPGTSGSYEQYF	1
CSALDYPTQYF	1
CSALSRQGATGTQYF	1
CSALGLADNEQFF	1
CSALEDSNQPQHF	1
CSALFGLAVPSYNEQFF	1
CSALLAGGPSEQFF	1
CSALRWTQETQYF	1
CSALQGTGELFF	1
CSALVGSSYNEQFF	1
CSALAVGGPYEQYF	1
CSALEYFSPAQEQFF	1
CSALRTSSYEQYF	1
CSALKGAGNYEQYF	1
CSAPLAGGSGELFF	1
CSAPLAGGYNEQFF	1
CSAPLAGGKETQYF	1
CSAPQGSNEKLFF	1
CSAPTGSSYEQYF	1
CSAPTGGDTQYF	1
CSAPSGRDPYEQYF	1
CSAPRLAGVTGELFF	1
CSAPSRGGIYEQYF	1
CSAPSERTYEQYF	1
CSAPSAGGDIQYF	1
CSAPWDLYTGELFF	1
CSAPLPGQGDTQYF	1
CSAPLRKDTQYF	1
CSAPLTGSSYNEQFF	1
CSAPPSGTSGRYNEQFF	1
CSAPPMGTGALYEQYF	1
CSAPPTAKEPVYEQFF	1
CSAPRSRASYEQYF	1
CSAPRSSNEQFF	1
CSAPRQIYEQYF	1
CSAPRTAFSYEQYF	1
CSAPRTGGSWEQFF	1
CSAPRGEQFF	1
CSAPVLQALNTGELFF	1
CSAPATNYEQYF	1
CSAPGLASYNEQFF	1
CSAPGGSTDTQYF	1
CSAPGGREFTGELFF	1
CSAPGEAKNIQYF	1
CSAPGTSGIAGELFF	1
CSAPGTGSYEQYF	1
CSAPGLAGSGKQFF	1
CSAPGQSSSYEQYF	1
CSAPGQGAGETQYF	1
CSAPTTLRNEQFF	1
CSAPTGGIDTQYF	1
CSAPTGEGEQYF	1
CSAPRGLGGETQYF	1
CSAPNRDRSYEQYF	1
CSAPPGQGGDTQYF	1
CSAPHTSGSNLF	1
CSAPVRTSGSYEQYF	1
CSAPGPSYEQYF	1
CSAPGGLNQPQHF	1
CSAPGDGEQYF	1
CSAPGLAGGGEQYF	1
CSAPGLGRTDTQYF	1
CSAPGGPKDTQYF	1
CSAPDWSSGRAGNEQYF	1
CSAPDSTDGYTF	1
CSAPDRKALYEQYF	1
CSAPTLGYGYTF	1
CSAPTGHNYGYTF	1
CSAPTEVNTEAFF	1
CSAPRQGGQYF	1
CSAPLAGAIYEQFF	1
CSAPPPTQRGYEQYF	1
CSAPRSGTEYGYTF	1
CSAPRTYGYTF	1
CSAPRLATSYEQYF	1
CSAPQTGWNQPQHF	1
CSAPQDFTFQETQYF	1
CSAPGAGPDTQYF	1
CSAPMTSGRFSYEQYF	1
CSAPILWGSYEQYF	1
CSAPRGYEQYF	1
CSAPRGTSGSPGTDTQYF	1
CSAPRPRWGHGYTF	1
CSAPNRNRGDDYGYTF	1
CSARSGGTISYEQYF	1
CSARRTDNEQFF	1
CSARGDGRERYEQYF	1
CSARSGQLSNQPQHF	1
CSARPGQVLYEQYF	1
CSARPGQGYPYEQYF	1
CSARPISGSLFFSTDTQYF	1
CSARPMRTSGSDTQYF	1
CSARGRLDEQFF	1
CSAREGSLTDTQYF	1
CSARLAGYEQYF	1
CSARPSRTGVLRQPQHF	1
CSARPGTSGKYEQFF	1
CSARRPGVRTGELFF	1
CSARQGGSTEAFF	1
CSARVAIRVPFF	1
CSARGTSTYEQYF	1
CSARGLAGVHEQFF	1
CSARTSRETQYF	1
CSARTIREQYF	1
CSARTGVRAEQYF	1
CSARTGGRYNEQFF	1
CSARRRGILNTEAFF	1
CSARKRGGGGEAFF	1
CSARLRLAGGASYEQYF	1
CSARLNYEQYF	1
CSARLAGRISEQYF	1
CSARHGTGAGEQYF	1
CSARNPSGGAFSGELFF	1
CSAHLIAREQFF	1
CSAHEGGETQYF	1
CSAHTDTGQETQYF	1
CSAHPHRKPYEQYF	1
CSAHRVAGGSDTQYF	1
CSAHRAGETQYF	1
CSAHHSSNQPQHF	1
CSAHDARVVNTGELFF	1
CSAHEGIRPHEQFF	1
CSAHRNSGNTIYF	1
CSAQGSENNEQFF	1
CSAQGGTYNEQFF	1
CSAQDRVKGSYNEQFF	1
CSAQTGPLHEQFF	1
CSAQYRAAYNEQFF	1
CSAQRPEGTYEQYF	1
CSAQRQLSNQPQHF	1
CSAVRAGGLWEQYF	1
CSAVLGETHLETQYF	1
CSAVGTTLYNEQFF	1
CSAVGLAGGPSDTQYF	1
CSAVTSGRDTQYF	1
CSAVRGDTGELFF	1
CSAVYRVDEQFF	1
CSAVYNPTQEQYF	1
CSAALGTGGPYEQYF	1
CSAARNGHGAQFF	1
CSAASLAGCYNEQFF	1
CSAASGQSYEQYF	1
CSAALPWRDGEGELFF	1
CSAALIAGTVYNEQFF	1
CSAAPDPNTEAFF	1
CSAARESANEKLFF	1
CSAARDTQYF	1
CSAAQLLAGAVNEQFF	1
CSAAVGTASNQPQHF	1
CSAAVPLMNTEAFF	1
CSAAGTRVSYEQYF	1
CSAAGTGSDEQYF	1
CSAADRHYYEQYF	1
CSAAEGSDTQYF	1
CSAATGTDNNQPQHF	1
CSAASGNYSNEQFF	1
CSAAPGPSNQPQHF	1
CSAAPGHANTGELFF	1
CSAAPNDGLANIQYF	1
CSAAQGGSTDTQYF	1
CSAGSGTSGSSYEQYF	1
CSAGLEVNAFF	1
CSAGPRLAYEQYF	1
CSAGPRREADEQFF	1
CSAGSSGSSYEQYF	1
CSAGPSGPKGYEQYF	1
CSAGPSGSPNTGELFF	1
CSAGRVGSYEQYF	1
CSAGAPWTGNQPQHF	1
CSAGAGSTDTQYF	1
CSAGGRVIFEQYF	1
CSAGGTGRGGYTF	1
CSAGGLFTDTQYF	1
CSAGGLAGGKPQREQYF	1
CSAGGQGDYNEQFF	1
CSAGDFQETQYF	1
CSAGDSSYEQYF	1
CSAGDSRTTDTQYF	1
CSAGDSNTEAFF	1
CSAGTSGRATDTQYF	1
CSAGTSGRRYEQYF	1
CSAGTVGRTDTQYF	1
CSAGTGIYEQYF	1
CSAGTTNTEAFF	1
CSAGKTGVTGELFF	1
CSAGLAGGQGEQYF	1
CSAGLAGGVSEQFF	1
CSAGPLAGTYEQYF	1
CSAGRLGQESYEQYF	1
CSAGQLAGDTQYF	1
CSAGVGERQYF	1
CSAGGRGKLFF	1
CSAGDRGQETQYF	1
CSAGDRDPETQYF	1
CSAGELAFLSGYNEQFF	1
CSAGMRQGGTDTQYF	1
CSAGTRTGWGTQYF	1
CSAGSGRVGTDTQYF	1
CSAGNSGGRQETQYF	1
CSADLAGSSYEQYF	1
CSADTTTYEQYF	1
CSADTFIGQYF	1
CSADRTSGTTYEQYF	1
CSADSGTDDYEQYF	1
CSADYSGSYEQYF	1
CSADPTSAHDGSTDTQYF	1
CSADRESIYEQFF	1
CSADQDRGVEQFF	1
CSADRGGLEAFF	1
CSADRSSYEQYF	1
CSAEPGGIHEQYF	1
CSAEPQTAEYPQETQYF	1
CSAEPGGSNEQFF	1
CSAERQGPGTDTQYF	1
CSAEGGSLLGELFF	1
CSAEGGNTEAFF	1
CSAEGTGPGGLAKNIQYF	1
CSAEMREGTYNEQFF	1
CSAETSGSSSSYNEQFF	1
CSAESGSSYEQYF	1
CSAELAGISYNEQFF	1
CSAIWSAKNIQYF	1
CSAIPRDTQYF	1
CSAIPGQLAKNIQYF	1
CSAIPTLAKPYEQYF	1
CSAIAGNSNQPQHF	1
CSAIGDLSYEQYF	1
CSAIESSSYNEQFF	1
CSAISGSRTYEQYF	1
CSAISGSTYNEQFF	1
CSAISGRGDNEQFF	1
CSAIKNTEAFF	1
CSAIFPAGGDLYNEQFF	1
CSAILGQPFLAGGDTQYF	1
CSAISRVGNEKLFF	1
CSAIWSGNEQFF	1
CSAILYKTAQYF	1
CSAIPGGSRQETQYF	1
CSAIRTSGVYEQYF	1
CSAIQASKGVFF	1
CSAIGQGGTDTQYF	1
CSAITPYPLSEQYF	1
CSAITGTSGYEQYF	1
CSAIKTTGENEQFF	1
CSAMWLGTDTQYF	1
CSAMVGYEQYF	1
CSAMGHTEAFF	1
CSAMGGSNEQFF	1
CSAMGTQETQYF	1
CSAMGPREAVPDTQYF	1
CSAMTPGLANEKLFF	1
CSAMNPTGANYGYTF	1
CSAISGSAGSIQETQYF	1
CSAILKTYNEQFF	1
CSAILASLRETQYF	1
CSAIPPLAGGEFEQFF	1
CSAIASGELFF	1
CSAIAGVNEQYF	1
CSAIGFGRETQYF	1
CSAIGGLPYNEQFF	1
CSAIGDSSYEQYF	1
CSAITGAGANVLTF	1
CSAINRAGELFF	1
CSAIKAGTSGITGEQYF	1
CSAIKNRASNYGYTF	1
CSATSGGADDNEQFF	1
CSATLDRENSPLHF	1
CSATPFTDTQYF	1
CSATPGLNEQFF	1
CSATGGGGSEQYF	1
CSATRADTQYF	1
CSATRLKRDRSEQYF	1
CSATRQGNTEAFF	1
CSATRGHEQFF	1
CSATKAGTGTGELFF	1
CSATFGEQFF	1
CSATSSGSSYEQYF	1
CSATSGVTDTQYF	1
CSATSRSGSGETQYF	1
CSATWTSGYYNEQFF	1
CSATWTNNEQFF	1
CSATYPRGWSYEQYF	1
CSATYNSGAYEQYF	1
CSATLFSLAKNIQYF	1
CSATPRVSTDTQYF	1
CSATPPNEQFF	1
CSATPWAGAYEQYF	1
CSATPDRNTEAFF	1
CSATPNEQFF	1
CSATPLAGGSKPYEQYF	1
CSATPKYEGKQLRGELDEQYF	1
CSATRIGTSGITDTQYF	1
CSATRGSNTGELFF	1
CSATRTGSKYTSKYF	1
CSATRGGVVGQPQHF	1
CSATGAGQGGETQYF	1
CSATGGSRSTDTQYF	1
CSATGTDSYEQYF	1
CSATDPLAGVNEQYF	1
CSATEFREYF	1
CSATIGRNEQFF	1
CSATTTSGRVYNEQFF	1
CSATRTPDGETQYF	1
CSATKGLAGGRNEQFF	1
CSATLGVGSNQPQHF	1
CSATSSSGSYEQYF	1
CSATPYNEQFF	1
CSATPGKTYNEQFF	1
CSATVTGSYEQYF	1
CSATGGGSPLHF	1
CSATGLAETQYF	1
CSATGLAGTLYTQYF	1
CSATDFLGGSLYEQFF	1
CSATDRDSNQPQHF	1
CSATTVYSNQPQHF	1
CSATTPGALTLSYNEQFF	1
CSATKPTSSYEQYF	1
CSATKLGTSGTYEQYF	1
CSATSGTGGAGRYGYTF	1
CSATPGLAGGSAGLDTQYF	1
CSATRQGRAKETQYF	1
CSATGRRVSYNEQFF	1
CSATGTSEVYEQYF	1
CSATTSGRGLFTDTQYF	1
CSATTGTSGNADTQYF	1
CSATTDSDETQYF	1
CSATTLNTEAFF	1
CSATRLSQETQYF	1
CSATKEAVSYNEQFF	1
CSASFPRRTANQPQHF	1
CSASFRRADTQYF	1
CSASFGDRELFF	1
CSASLSSGSDEQFF	1
CSASLYWGPRETQYF	1
CSASLPLSGGDSYNEQFF	1
CSASLASSYNEQFF	1
CSASLASIAKNIQYF	1
CSASLSAGASYEQYF	1
CSASLAGSTDTQYF	1
CSASSSGRDNSPLHF	1
CSASSYDVTSYEQYF	1
CSASSVRLALSDEQFF	1
CSASSSSYNEQFF	1
CSASSSATGRLYTDTQYF	1
CSASSPQGFTGELFF	1
CSASSGGQAFF	1
CSASSGTPSYNEQFF	1
CSASSGTRGYNEQFF	1
CSASSGNTIYF	1
CSASSMRGYEQYF	1
CSASSHRFYEQYF	1
CSASSGRFSNQPQHF	1
CSASSGGNSYNSPLHF	1
CSASWLAEYNEQFF	1
CSASWRRSSYEQYF	1
CSASWGYTF	1
CSASWDQTWGEQFF	1
CSASWSGRAYEQFF	1
CSASYPLYGTPTDTQYF	1
CSASYIAGDAYEQYF	1
CSASYWRIYNEQFF	1
CSASYSLSGNQPQHF	1
CSASYSSYNEQFF	1
CSASLPAGRAVEQYF	1
CSASLPAANTGELFF	1
CSASLHTQYF	1
CSASLVYSGRGTDTQYF	1
CSASLPGGSYEQYF	1
CSASLAGGGSPDTQYF	1
CSASLQGKWFYGYTF	1
CSASLVNTDTQYF	1
CSASPSGKIDTQYF	1
CSASPLVGTSGHSYNEQFF	1
CSASPPPQGVYNQPQHF	1
CSASPGLAGVSGELFF	1
CSASPDLEQYF	1
CSASPSGPYNEQFF	1
CSASPRAYEQYF	1
CSASPRGNTYEQYF	1
CSASPLSSGGANTGELFF	1
CSASPWGTSTDTQYF	1
CSASPREVADTQYF	1
CSASPGGGRARFF	1
CSASPGDYPINNEQFF	1
CSASPIRAPYNEQFF	1
CSASPVGLDEQYF	1
CSASPGDGGYEQYF	1
CSASRDRVQETQYF	1
CSASRLNQPQHF	1
CSASRPGRAYEQYF	1
CSASRHRSRDLLTDTQYF	1
CSASRLNTGELFF	1
CSASRLADSYEQYF	1
CSASRREGQETQYF	1
CSASRGMNTEAFF	1
CSASRTSSYNEQFF	1
CSASRSTSFNYGYTF	1
CSASRQGGNYGYTF	1
CSASRGEYSNQPQHF	1
CSASHPSGAKNIQYF	1
CSASHPGLAGYEQYF	1
CSASHSGKDEQYF	1
CSASQAGGDTEAFF	1
CSASQLAGATSYNEQFF	1
CSASQGTDTQYF	1
CSASVRSSGRTAYNEQFF	1
CSASVRGPGDTQYF	1
CSASVLGRGGYTF	1
CSASALAGDYGELFF	1
CSASASGLAKYNEQFF	1
CSASADTSGQPQHF	1
CSASATRHSLF	1
CSASAVYEQYF	1
CSASGSYNEQFF	1
CSASGSRIPTGELFF	1
CSASGGDSPFMGYTF	1
CSASGRLAGISYEQYF	1
CSASGQRLNIQYF	1
CSASGVAGRPTYEQYF	1
CSASGDGEDGYTF	1
CSASGTDTQYF	1
CSASGLAGVAETQYF	1
CSASGVLIRTDTQYF	1
CSASGVLGETQYF	1
CSASGASSSRDSPLHF	1
CSASGEGGQETQYF	1
CSASGTRGSATYEQYF	1
CSASGRKTGTYEQYF	1
CSASGLAGASDTQYF	1
CSASGLAGGYDYEQYF	1
CSASGPALSNQPQHF	1
CSASGQIYNEQFF	1
CSASGGSTDTQYF	1
CSASDPSEGYNEQFF	1
CSASEGTLDYEQYF	1
CSASETTSYEQYF	1
CSASIGPEEQFF	1
CSASIWKGQETQYF	1
CSASILAPEQFF	1
CSASIPGGGTGELFF	1
CSASIRDPGYEQYF	1
CSASIAGGRKLDNEQFF	1
CSASIGGREQYF	1
CSASIGTQGETQYF	1
CSASITLPYEQYF	1
CSASMGGEDWYQETQYF	1
CSASILGWGTDTQYF	1
CSASIPSGNYNEQFF	1
CSASIGGKSPLHF	1
CSASTKGGWAYEQYF	1
CSASTGGFNYGYTF	1
CSASTGRGDNEQFF	1
CSASTHGPGGNQPQHF	1
CSASTAYTEAFF	1
CSASTGRVQPQHF	1
CSASTGEGYNEQFF	1
CSASTGPNEKLFF	1
CSASSGRPGELFF	1
CSASSGRARVRETQYF	1
CSASRSPGLARPLKYNEQFF	1
CSASRRSDSYNEQFF	1
CSASRAGYGYTF	1
CSASRAGGGPPEQYF	1
CSASRAGNSPLHF	1
CSASRGYEQYF	1
CSASRGQLSNQPQHF	1
CSASRTGINEQFF	1
CSASRLLSYYEQYF	1
CSASRDRVTDTQYF	1
CSASNPGAPSYEQYF	1
CSASNIERDNNEQFF	1
CSASNEWEDYNEQFF	1
CSASKLAETYEQYF	1
CSASKPPGYEQYF	1
CSASKGWWGAPYEQYF	1
CSASKDRPYEQYF	1
CSASKTDTQYF	1
CSASLGLAVSSYEQYF	1
CSASLWTGARNTEAFF	1
CSASSSVRYEQYF	1
CSASSANSYNEQFF	1
CSASSSNQPQHF	1
CSASWHQYEQYF	1
CSASYSSGRARETQYF	1
CSASLRGPNTEAFF	1
CSASLVETQYF	1
CSASLNFPYEQYF	1
CSASLLDSYEQYF	1
CSASLGWLETQYF	1
CSASLGGPGDTQYF	1
CSASPWDSANTDTQYF	1
CSASPPTGVTGELFF	1
CSASPGTARTDTQYF	1
CSASPTSLLADTQYF	1
CSASPLSYNEQFF	1
CSASPLRTSGSTDTQYF	1
CSASPLAGNYNEQFF	1
CSASPLIASGRRYEQFF	1
CSASPLTTYEQYF	1
CSASPRDFYEQYF	1
CSASPGSAIQYF	1
CSASPGLKLETQYF	1
CSASPDGSRVPYEQYF	1
CSASPSGNEQFF	1
CSASPGLAGGHNEQFF	1
CSASPRLAGKETQYF	1
CSASPGTYEQYF	1
CSASRGTNEKLFF	1
CSASRQGLAYEQYF	1
CSASRGPTSTDTQYF	1
CSASRDANTGELFF	1
CSASRTTLSNQPQHF	1
CSASRLGGFDNEQFF	1
CSASRPGLEAGQSTGELFF	1
CSASHTGVADTQYF	1
CSASQLAKNIQYF	1
CSASVQDTDTQYF	1
CSASVADQETQYF	1
CSASAGAGTEAFF	1
CSASAGALGTQYF	1
CSASAGDSYEQYF	1
CSASARTGVSYEQYF	1
CSASGGSYEQYF	1
CSASGGRPSYEQYF	1
CSASGTYIYEQYF	1
CSASGSGLAEESQYF	1
CSASGRDRIQYF	1
CSASGREGQFHYEQYF	1
CSASGRQYNEKLFF	1
CSASGVGGVGYEQYF	1
CSASGATTTYYEQYF	1
CSASGGGYNEQFF	1
CSASGISYEQYF	1
CSASGTLLGTDTQYF	1
CSASGTGIYEQYF	1
CSASGSPNEQFF	1
CSASGSTDTQYF	1
CSASGSAYNEQFF	1
CSASGSSTGELFF	1
CSASGRARNEQFF	1
CSASGRTGEQYF	1
CSASGRRSGELFF	1
CSASGLAGVEQYF	1
CSASDSYSYEQYF	1
CSASDPPTGRETQYF	1
CSASEFGTSYEQYF	1
CSASEGGGTEAFF	1
CSASELGDSNQPQHF	1
CSASEVGLTYEQYF	1
CSASTTSYEQYF	1
CSASTQGGVHEQYF	1
CSASTAAAYEQYF	1
CSASTGGQGLYEQYF	1
CSASTTSGSIGEQFF	1
CSASRAQQPQHF	1
CSASRGYRSPLHF	1
CSASNRGSPAQETQYF	1
CSASKGWEAFF	1
CSARFSTDTQYF	1
CSARFSGRDTGELFF	1
CSARFPGTYEQYF	1
CSARLQNTEAFF	1
CSARLGLAGGAYEQYF	1
CSARLIYEQYF	1
CSARSSQGGETQYF	1
CSARSSGTVYEQYF	1
CSARSSGYGTDTQYF	1
CSARSGTSGRETQYF	1
CSARSWVGGTYNEQFF	1
CSARSPTYSASSYNSPLHF	1
CSARWLQDKNIQYF	1
CSARWTTGLRGETQYF	1
CSARWNTEAFF	1
CSARLFGGLAGLTSTDTQYF	1
CSARLSGRTQYF	1
CSARLIGSSYEQYF	1
CSARLPLSTDTQYF	1
CSARLASFMDEQFF	1
CSARPPRGLGNSPLHF	1
CSARPTTYNEQFF	1
CSARPGTGELFF	1
CSARPGPRGLNTEAFF	1
CSARPRISTDTQYF	1
CSARPSWAGVITGELFF	1
CSARPGAPLSSYNEQFF	1
CSARPGQGYGYTF	1
CSARRPEKYNEQFF	1
CSARRQYRIYNEQFF	1
CSARRRGRMAKNIQYF	1
CSARRRGETQYF	1
CSARRASGATDTQYF	1
CSARRASWGAKNIQYF	1
CSARRGSTGELFF	1
CSARRTVSYNEQFF	1
CSARHGQGYYNSPLHF	1
CSARHTSTDTQYF	1
CSARQREGPRFGELFF	1
CSARQQFLAQHF	1
CSARQGAGELFF	1
CSARQREGHLEAFF	1
CSARQQEASNTIYF	1
CSARQGQASSYNSPLHF	1
CSARVGGGQETQYF	1
CSARVAATAFMNEQFF	1
CSARVGLAAYEQYF	1
CSARVDTYNEQFF	1
CSARVTSGREYEQYF	1
CSARVLATKTSTDTQYF	1
CSARVASGSNEQFF	1
CSARVADSSRWQYF	1
CSARALGLAGGNEQFF	1
CSARALASSYNEQFF	1
CSARALALSYNEQFF	1
CSARAPTTRNIQYF	1
CSARADLSGNTIYF	1
CSARARGTPNTEAFF	1
CSARAFVGVVSGPDTQYF	1
CSARAGDSTDTQYF	1
CSARATSGSTEETQYF	1
CSARASALYNEQFF	1
CSARASSGSYGGELFF	1
CSARAQGRGEKLFF	1
CSARAAGPANTEAFF	1
CSARGFNDYEQYF	1
CSARGWNTGELFF	1
CSARGLAEPPTETQYF	1
CSARGETQYF	1
CSARGSGDTDTQYF	1
CSARGFRSNQPQHF	1
CSARGLTGENQPQHF	1
CSARGLAGASDTQYF	1
CSARGAETQYF	1
CSARGGSGTDTQYF	1
CSARGWGRKNVNTEAFF	1
CSARGVGGNTIYC	1
CSARGARGNSPLHF	1
CSARGGFSTDTQYF	1
CSARGGLSLEQYF	1
CSARGGTNTGELFF	1
CSARGGSSYEQYF	1
CSARGDRTNQPQHF	1
CSARGDKSSYEQYF	1
CSARGTSGEQFF	1
CSARGTSGIETQYF	1
CSARGTSQETQYF	1
CSARGTADHEQYF	1
CSARGTGRSYGYTF	1
CSARGTGGYGYTF	1
CSARGTGGKGTEAFF	1
CSARGSLNNEQFF	1
CSARGKGIPQEKLFF	1
CSARGLAGVRSTDTQYF	1
CSARGLAGASNTGELFF	1
CSARGLAGEPDTQYF	1
CSARGPEEAGELFF	1
CSARGHLLRANEQFF	1
CSARGQRGYNEQFF	1
CSARGQGVGEQFF	1
CSARGQSGQPQHF	1
CSARGTGLNSPLHF	1
CSARDAQGPLYNEQFF	1
CSARDSRRTPLHF	1
CSARDSKHIAYEQYF	1
CSARDLTDSYEQYF	1
CSARDGSRDSYEQYF	1
CSARDGSQPQHF	1
CSARDTGTHSLSYEQYF	1
CSARDRVLRYEQYF	1
CSARDRGNEQFF	1
CSARELGRETQYF	1
CSAREGRAYNEQFF	1
CSAREGGKETQYF	1
CSAREGSTTEAFF	1
CSAREEGLDYGYTF	1
CSARETSLGEQYF	1
CSARETVTTPQYF	1
CSARETGDQPQHF	1
CSARETELGYTF	1
CSARESTDTQYF	1
CSARELNPEAFF	1
CSARELAGHYNEQFF	1
CSAREPLRGETQYF	1
CSAREGPSSGYNEQFF	1
CSARMAGVTSEQFF	1
CSARMGLALETQYF	1
CSARMGAGGRYNEQFF	1
CSARIRGRRVSYNEQFF	1
CSARTSGRAVVNEQFF	1
CSARTSGRPEQYF	1
CSARTSGRNEQFF	1
CSARTRRYDEQYF	1
CSARTPSGDYNEQFF	1
CSARTPEDQPQHF	1
CSARTVNTEAFF	1
CSARTGSSNQPQHF	1
CSARTGGGMGTEAFF	1
CSARTGTTYEQYF	1
CSARTDSNQPQHF	1
CSARTETSSYEQYF	1
CSARTRGPYNEQFF	1
CSARSSSYNEQFF	1
CSARSYSYEQYF	1
CSARSGNQPQHF	1
CSARRGADTDTQYF	1
CSARRGLAGGPRDYNEQFF	1
CSARRTSGLSYEQYF	1
CSARRLAGEVNEQFF	1
CSARRTGGYEQYF	1
CSARRSSQNIQYF	1
CSARNLSTGENYEQYF	1
CSARNLQSTSGIETQYF	1
CSARNGRTNTGELFF	1
CSARKTSTEGLFF	1
CSARKWGQNQPQHF	1
CSARKPGQRNSPLHF	1
CSARKQAPGELFF	1
CSARKATEQETQYF	1
CSARKEARVAGRETQYF	1
CSARFSEKEQFF	1
CSARFLAGEHNEQFF	1
CSARFQPQHF	1
CSARFSGSRANEQFF	1
CSARFSGRTGEQYF	1
CSARFSTDTQYF	1
CSARFLQGTYEQYF	1
CSARFRESEQYF	1
CSARLSEQPNTEAFF	1
CSARLRLVRGDTQYF	1
CSARLAGGTDTQYF	1
CSARLSGAVSYNEQFF	1
CSARSDRVGEQYF	1
CSARSSHNEQFF	1
CSARSQRPRGYYNEQFF	1
CSARSVAAFYEQFF	1
CSARSGTSGRHTGELFF	1
CSARSGTSGDYNEQFF	1
CSARSDYEQYF	1
CSARSPGGSGEKLFF	1
CSARSGGLNNEQFF	1
CSARSPGTSGRKYRYTQYF	1
CSARWVEIGANVLTF	1
CSARWAEYTYEQYF	1
CSARWGHGYEQYF	1
CSARWGGELNTEAFF	1
CSARYSSGRLYNEQFF	1
CSARYEVAGVLLGQFF	1
CSARLLRLAKNIQYF	1
CSARLARPYNEQFF	1
CSARLNWGAYNEQFF	1
CSARLRDYEQYF	1
CSARLAGRTYEQYF	1
CSARLGGYNEQFF	1
CSARLSPDTQYF	1
CSARLRGQGARTQYF	1
CSARLATDTQYF	1
CSARLAGGPGDTQYF	1
CSARLAGGTEQYF	1
CSARLADYEQYF	1
CSARLEVSGEQFF	1
CSARLTPGTAKNIQYF	1
CSARPSGGDYGYTF	1
CSARPYNEQFF	1
CSARPLAGGPYNEQFF	1
CSARPPGAVGNSPLHF	1
CSARPPGQGSYEQYF	1
CSARPRISYEQYF	1
CSARPTYNEQFF	1
CSARPSLTDTQYF	1
CSARPSGRFSDTQYF	1
CSARPSDRIDQPQHF	1
CSARPYPGNTIYF	1
CSARPLARLSGNEQFF	1
CSARPPRQPITNQPQHF	1
CSARPPPSQGTNEQYF	1
CSARPPVGGDSYEQYF	1
CSARPGVSNQPQHF	1
CSARPGTTSYNEQFF	1
CSARPGLAGAEQYF	1
CSARPTGVDTGELFF	1
CSARPRVDNSPLHF	1
CSARPGAGGPSEQFF	1
CSARPGLSSYEQYF	1
CSARPGQRSYEQYF	1
CSARPMTGTSGINEQFF	1
CSARPTSGTNEQFF	1
CSARPLSNQPQHF	1
CSARPLAGGTYEQYF	1
CSARPPRPGLAWNEQFF	1
CSARPRRLAFSETQYF	1
CSARPGEGQPQHF	1
CSARPSIRGTGDYEQYF	1
CSARPSSSYEQYF	1
CSARPSGRGINEQFF	1
CSARRGGTDTEAFF	1
CSARRAGRGYNEQFF	1
CSARREGTDTQYF	1
CSARRTSGSEQYF	1
CSARRTRSWQETQYF	1
CSARRLAGEWETQYF	1
CSARRPQIADTDTQYF	1
CSARRQSSYNEQFF	1
CSARRTQNTEAFF	1
CSARHPGSYEQYF	1
CSARHLLAGKYNEQFF	1
CSARHQDRGSNYGYTF	1
CSARHGTGEGTEAFF	1
CSARHRGGTDTQYF	1
CSARQGFTSGRAQYF	1
CSARQGEGNQPQHF	1
CSARQDRGYEQYF	1
CSARQRDRNYNEQFF	1
CSARQRDTEAFF	1
CSARQGFLAFHNEQFF	1
CSARQGTDSTDTQYF	1
CSARQGLYTGELFF	1
CSARVFATSDTQYF	1
CSARVLGRGTGEEYF	1
CSARVSGNRGRHEQYF	1
CSARVWQDSNQPQHF	1
CSARVYNYNEQFF	1
CSARVLVGALEQYF	1
CSARVLEVSYEQYF	1
CSARVPGVGTDGYTF	1
CSARVPGLAAIFF	1
CSARVREGYYSTNEQFF	1
CSARVVSEDFAGLAKNIQYF	1
CSARVGRAGGQTQYF	1
CSARVGSLANYGYTF	1
CSARVEGGYGYTF	1
CSARVTSGGTNQPQHF	1
CSARVSGGTQYF	1
CSARVSGRTYEQYF	1
CSARVRTSGRYNEQFF	1
CSARVFPLEYQETQYF	1
CSARVSSGHNEQFF	1
CSARVWGGQPQHF	1
CSARVWDSPYEQYF	1
CSARVWTGSYEQYF	1
CSARVLLAGGYTDTQYF	1
CSARVLQGDSGTDTQYF	1
CSARVPGQGPSSYNSPLHF	1
CSARVPSGRSLSSYNEQFF	1
CSARVRSPGNQPQHF	1
CSARVRDRGAGGYNEQFF	1
CSARVRTHSSYNEQFF	1
CSARVVGWNSPLHF	1
CSARVGADTTYEQYF	1
CSARVGLAYQETQYF	1
CSARVETGLYEQYF	1
CSARVRLGNEQFF	1
CSARVRARNQPQHF	1
CSARVNRVATYNEQFF	1
CSARVKGHEQFF	1
CSARVPPSKAGAYEQYF	1
CSARVPEIYEQYF	1
CSARVHRGGRINEQFF	1
CSARVQASSYEQYF	1
CSARVVGTSPNEQFF	1
CSARVVAGVYEQYF	1
CSARVVGTEAFF	1
CSARVASGSDEQFF	1
CSARVAVQVNEQFF	1
CSARVGGRRYDTQYF	1
CSARVGGAGELFF	1
CSARVDYEQYF	1
CSARVERNTGELFF	1
CSARVTSGHQETQYF	1
CSARVLGGYEQYF	1
CSARVLADSYEQYF	1
CSARVPPSYEQYF	1
CSARVPIAGGDTQYF	1
CSARVPRGQETQYF	1
CSARVRGPETQYF	1
CSARVREYNEQFF	1
CSARVQVGGTPDTQYF	1
CSARVQAVGYEQYF	1
CSARVVHYEQYF	1
CSARVVAASSYNEQFF	1
CSARVVASGETQYF	1
CSARVGPRWEQYF	1
CSARVETQYF	1
CSARALQGDNQPQHF	1
CSARASRAEAFF	1
CSARAPLGQGRNIQYF	1
CSARAPGLAGYEQFF	1
CSARAPGQGNTEAFF	1
CSARAVSTDTQYF	1
CSARAASPTTGLYEQYF	1
CSARAGHRPRDTGELFF	1
CSARAEGDTGELFF	1
CSARAKGSGRAGYNEQFF	1
CSARASYEQYF	1
CSARAYEQYF	1
CSARALGEFTDTQYF	1
CSARALYEQYF	1
CSARALAVSTDTQYF	1
CSARAPGQGRETQYF	1
CSARAPTDRDEQYF	1
CSARARTSGRARVYNEQFF	1
CSARAHAEGAAAFF	1
CSARAHLGLADPYEQYF	1
CSARAQGKNIQYF	1
CSARAGMEDQPQHF	1
CSARAGTPGETQYF	1
CSARAGTGFYNEQFF	1
CSARATGLAVYNEQFF	1
CSARATTGKFSYEQYF	1
CSARARGRSNEQFF	1
CSARARTRGNEQFF	1
CSARALATLTPDTDTQYF	1
CSARASRGGEYNEQFF	1
CSARASEGASTEAFF	1
CSARAWGSNEQYF	1
CSARAPDGLNTEAFF	1
CSARARVTDTQYF	1
CSARAVGYEQYF	1
CSARAAGDTQYF	1
CSARAGGSGRAGELFF	1
CSARAGRDTGELFF	1
CSARAGGYSYEQYF	1
CSARAGTGGYEQYF	1
CSARAGQGYYNSPLHF	1
CSARAGGVDTGELFF	1
CSARAGTGELFF	1
CSARADFSQPQHF	1
CSARAIGHYEQYF	1
CSARATSGTEQYF	1
CSARASASGRFYEQYF	1
CSARASQGLVLYEQFF	1
CSARAYQETQYF	1
CSARALAGVVHEQYF	1
CSARAQETSNQPQHF	1
CSARAVSGNTIYF	1
CSARAGNQETQYF	1
CSARGLEGGRTEAFF	1
CSARGSGGGYEQYF	1
CSARGSGDSYNEQFF	1
CSARGLVAGGSYNEQFF	1
CSARGPVPAGHTGELFF	1
CSARGVRQYF	1
CSARGASKINEQFF	1
CSARGASGLASYNEQFF	1
CSARGGDHTEAFF	1
CSARGGGGRYEQYF	1
CSARGGTTSYNEQFF	1
CSARGGWDSYEQYF	1
CSARGDRGIGNQPQHF	1
CSARGTGLDTQYF	1
CSARGSADTQYF	1
CSARGSGEGLITYEQYF	1
CSARGSGESSTDTQYF	1
CSARGLTGFLEQFF	1
CSARGPSEVPVRGYTF	1
CSARGPRGRALDEQFF	1
CSARGPDTYEQYF	1
CSARGRDSPYSYEQYF	1
CSARGQPNEKLFF	1
CSARGGSYEQYF	1
CSARGGANYGYTF	1
CSARGEREWETQYF	1
CSARGSMNTEAFF	1
CSARGFSNTEAFF	1
CSARGFEQYF	1
CSARGLTHSYNEQFF	1
CSARGSGEMNTEAFF	1
CSARGYSNQPQHF	1
CSARGLAGTNYEQYF	1
CSARGPPGRSNQPQHF	1
CSARGHTSGTGTF	1
CSARGQRTSYEQYF	1
CSARGVLEPDTQYF	1
CSARGAGNTIYF	1
CSARGASDRGNTIYF	1
CSARGGFRSSYNEQFF	1
CSARGGLGEQYF	1
CSARGGSVGYEQYF	1
CSARGGRRLYNEQFF	1
CSARGGEKGYTF	1
CSARGGLAGGILTYEQYF	1
CSARGGLGTDTQYF	1
CSARGGVSPYEQYF	1
CSARGDGFYEQYF	1
CSARGIGLAEAFF	1
CSARGIGQETQYF	1
CSARGTAGGDTGELFF	1
CSARGTNLPQYF	1
CSARGTAGGYTF	1
CSARGTLSYNEQFF	1
CSARGSSGRTDTQYF	1
CSARGSGFYEQYF	1
CSARGRLADSYEQYF	1
CSARGRTRLAGGADTQYF	1
CSARGLQGGNSPLHF	1
CSARGSYEQYF	1
CSARGYEQYF	1
CSARGLAVSYNEQFF	1
CSARGLAAYNEQFF	1
CSARGLAGTVDTQYF	1
CSARGLAGVNTDTQYF	1
CSARGLAGVVGTGELFF	1
CSARGLAGANGYEQYF	1
CSARGLAGEAAEQYF	1
CSARGLAGTYEQYF	1
CSARGLADSYEQYF	1
CSARGLADVYEQYF	1
CSARGLAEGAQYF	1
CSARGLDKTYEQYF	1
CSARGQREQYF	1
CSARGQGSDTDTQYF	1
CSARGVEGAVGQPQHF	1
CSARGVYEQYF	1
CSARGGDRAETQYF	1
CSARGGGTNTGELFF	1
CSARGGTRTYEQYF	1
CSARGGRAGEQYF	1
CSARGIVSRRADTQYF	1
CSARGIGNEKLFF	1
CSARDFFRNTEAFF	1
CSARDFRTSGDHNEQFF	1
CSARDFGQGYEQYF	1
CSARDFEEGDTEAFF	1
CSARDFSLRQGELQYF	1
CSARDFRTSGSGHEQYF	1
CSARDFNQRGQGIYEQYF	1
CSARDFGTSGSPPYEQYF	1
CSARDFTENQPQHF	1
CSARDFSGRFEETQYF	1
CSARDFRRQGLRETQYF	1
CSARDLSTGELFF	1
CSARDLVYNEQFF	1
CSARDLARNTGELFF	1
CSARDLAGAENTGELFF	1
CSARDLAGGPYEQYF	1
CSARDLAQNTEAFF	1
CSARDLGREGYNEQFF	1
CSARDLGGEQYF	1
CSARDLGIEQYF	1
CSARDLEGVAYEQYF	1
CSARDLSGTLYNEQFF	1
CSARDLAGGDTGELFF	1
CSARDLGGVGTEAFF	1
CSARDLTSGSSSYEQYF	1
CSARDLKRGSYNEQFF	1
CSARDSRTGGYEQYF	1
CSARDSGRDRNSPLHF	1
CSARDSSGIRKETQYF	1
CSARDSSRTFTDTQYF	1
CSARDSGVLIYEQYF	1
CSARDSKTSGYEQYF	1
CSARDSWGLETQYF	1
CSARDSAGGAGELFF	1
CSARDWLAGSTDTQYF	1
CSARDWREETQYF	1
CSARDWQRDAYEQYF	1
CSARDWQGMNTEAFF	1
CSARDWANTGELFF	1
CSARDWAGSGNTIYF	1
CSARDWAGLFPISPLHF	1
CSARDWGSSYEQYF	1
CSARDWGPETQYF	1
CSARDWGPETQYF	1
CSARDWGRGRNGYTF	1
CSARDWGPGLDEQFF	1
CSARDWGEGPMSQETQYF	1
CSARDWGSTENTEAFF	1
CSARDWGQGALATDTQYF	1
CSARDWTSVGNEQFF	1
CSARDWTSGSSYNEQFF	1
CSARDWTSGSNEQFF	1
CSARDWTSGRALTDTQYF	1
CSARDWSGEGTDTQYF	1
CSARDYPGGPNEAFF	1
CSARDYRPVARDEQFF	1
CSARDYSGSVLGGTDTQYF	1
CSARDYGELNEQFF	1
CSARDYTGDGYGYTF	1
CSARDYSKTHRDEQFF	1
CSARDLSMSGAYNEQFF	1
CSARDLLTYEQYF	1
CSARDLPRTSSTYNEQFF	1
CSARDLRREGLTSEQFF	1
CSARDLRDILAGAGTGELFF	1
CSARDLVSSSYNEQFF	1
CSARDLASGSVYNEQFF	1
CSARDLGGSGELFF	1
CSARDLGGGYEQYF	1
CSARDLRDRVPNEQFF	1
CSARDLSGQPDTQYF	1
CSARDLLAGGYEQYF	1
CSARDLPRKGEGNQPQHF	1
CSARDLAQGLETQYF	1
CSARDLGRVDYNEQFF	1
CSARDLWESQPQHF	1
CSARDLYRGADTQYF	1
CSARDLQWGETQYF	1
CSARDLQISYEQYF	1
CSARDLALAGQFF	1
CSARDLAYEQYF	1
CSARDLARRGKETQYF	1
CSARDLGRGPEQFF	1
CSARDLGSGGLETQYF	1
CSARDLGQGVNTGELFF	1
CSARDLEFSYEQYF	1
CSARDLEGVTGELFF	1
CSARDLRGGEKLFF	1
CSARDLNSLKPPLHF	1
CSARDLLVAPWETQYF	1
CSARDLLASHTDTQYF	1
CSARDLPSYNEQFF	1
CSARDLVGRNYNEQFF	1
CSARDLAGFNEQFF	1
CSARDLAGGPGTGELFF	1
CSARDLAGGPWYEQYF	1
CSARDLGEVNEQFF	1
CSARDLGTGEGDEQFF	1
CSARDLGSEQFF	1
CSARDLGVNTEAFF	1
CSARDLDGTSGRATGELFF	1
CSARDLSGRSYNEQFF	1
CSARDLRLAATDTQYF	1
CSARDLRLAEGYEQYF	1
CSARDLKSDYEQYF	1
CSARDPLSQETQYF	1
CSARDPSGTGSYEQYF	1
CSARDPLAGGDNEQFF	1
CSARDPGKQGEVYNSPLHF	1
CSARDPGSGKGETQYF	1
CSARDPGTLSYEQYF	1
CSARDPTSGRATDTQYF	1
CSARDPSGSKDEQFF	1
CSARDPSGRAHEQFF	1
CSARDPSDPYEQYF	1
CSARDPSGQTYNEQFF	1
CSARDPYRLAKNIQYF	1
CSARDPLAASYEQYF	1
CSARDPLAGVNNEQFF	1
CSARDPPFDEQFF	1
CSARDPPGHEQFF	1
CSARDPRVLAGDGQYF	1
CSARDPRDRGPTNEKLFF	1
CSARDPRTSGDNEQFF	1
CSARDPQGTDTQYF	1
CSARDPGPDLKQYF	1
CSARDPDLRDTGELFF	1
CSARDPRASEKLFF	1
CSARDPKIDSNQPQHF	1
CSARDPFGDSYNEQFF	1
CSARDPATETQYF	1
CSARDPAEKGSMNTEAFF	1
CSARDPGRDYNEQFF	1
CSARDPGQGVNEQFF	1
CSARDPGASEGGLAVPYEQYF	1
CSARDPGRPSYNEQFF	1
CSARDPGVDYNEQFF	1
CSARDPGTRDQDEQYF	1
CSARDPISNQPQHF	1
CSARDPTGTTGELFF	1
CSARDPRADTQYF	1
CSARDPLVQNTDTQYF	1
CSARDPLASTGELFF	1
CSARDPLNTGELFF	1
CSARDPATPYEQYF	1
CSARDPGVNSPLHF	1
CSARDPGGFYEQYF	1
CSARDPGNIQYF	1
CSARDPEGETQYF	1
CSARDRRSYEQYF	1
CSARDRQRPYNEQFF	1
CSARDRRREGPYEQYF	1
CSARDRYNEQFF	1
CSARDRYKPTTGELFF	1
CSARDRRGETQYF	1
CSARDRTFSYNEQFF	1
CSARDRWEQFF	1
CSARDRLVRNEQFF	1
CSARDRLAVYNEQFF	1
CSARDRVGGFTEAFF	1
CSARDRATENTGELFF	1
CSARDRGAASTDTQYF	1
CSARDREYEQYF	1
CSARDRISGYEQYF	1
CSARDRTQYF	1
CSARDRTGGYEQYF	1
CSARDRSGRYEQYF	1
CSARDRLAGVREQYF	1
CSARDRRYEQYF	1
CSARDRRGDEKLFF	1
CSARDRAGGVGEQYF	1
CSARDRAGVADTQYF	1
CSARDRGGSGTGELFF	1
CSARDRGRQGASKTQYF	1
CSARDRGQGSKETQYF	1
CSARDRRGFNSPLHF	1
CSARDHSGSGRVLLNNEQFF	1
CSARDHRRSADTQYF	1
CSARDHGGQHTEAFF	1
CSARDHSVFGGELFF	1
CSARDHSSSYNEQFF	1
CSARDHVGGEVAYNEQFF	1
CSARDHETEAFF	1
CSARDHRERDQPQHF	1
CSARDQRGDYNEQFF	1
CSARDQAGALNEQFF	1
CSARDQAGEGTGELFF	1
CSARDQGAGGDYEQYF	1
CSARDQGLLNTEAFF	1
CSARDQTGGNTIYF	1
CSARDQTGNNSPLHF	1
CSARDQRLAGVTQFF	1
CSARDQGPRLGTQYF	1
CSARDQRGSVNSPLHF	1
CSARDVFSGGGYEQYF	1
CSARDVEGTSGSVYEQFF	1
CSARDVARSGNQPQHF	1
CSARDVGRAVADTQYF	1
CSARDVRRGSYEQYF	1
CSARDVSAGNPETQYF	1
CSARDVLAGIYEQYF	1
CSARDVAPVYNEQFF	1
CSARDAAGAKNIQYF	1
CSARDASGRAIVYEQYF	1
CSARDAWEREGLNEQYF	1
CSARDARWGQLNTGELFF	1
CSARDAQRGTYEQYF	1
CSARDAAAGELFF	1
CSARDARVTYEQYF	1
CSARDAPREQFF	1
CSARDALAGMTDTQYF	1
CSARDGVQRSYEQYF	1
CSARDGGTASYEQYF	1
CSARDGLAGDETQYF	1
CSARDGPGAYNEQFF	1
CSARDGATQETQYF	1
CSARDGGTEAFF	1
CSARDGTPGEQYF	1
CSARDGTSGKNIQYF	1
CSARDGTHTDTQYF	1
CSARDGTATFYEQYF	1
CSARDGSGRENNEQFF	1
CSARDGRGQREQYF	1
CSARDGLAGGTQYF	1
CSARDGQGNQPQHF	1
CSARDGGEETQYF	1
CSARDDVETRRFF	1
CSARDDGNQPQHF	1
CSARDDGLLGAEQYF	1
CSARDEYGENTGELFF	1
CSARDEPSGNYEQYF	1
CSARDERRETQYF	1
CSARDEGLAGHEQYF	1
CSARDEGGHWETQYF	1
CSARDEGTGRAISYEQYF	1
CSARDEEGLGGELFF	1
CSARDIFDAAKNIQYF	1
CSARDIGRATEAFF	1
CSARDIGLAGSYEQYF	1
CSARDIGSSYNEQFF	1
CSARDMSASGVYSSYNEQFF	1
CSARDMPSGELFF	1
CSARDMGGYEQYF	1
CSARDMTSGSHEQYF	1
CSARDMSQGWYEQYF	1
CSARDMSGGGYEQYF	1
CSARDMKGAYGYTF	1
CSARDIRGSGGYTF	1
CSARDIRAGYNEQFF	1
CSARDTSPFTTDTQYF	1
CSARDTLAGDAYEQYF	1
CSARDTPGQSAGGTDTQYF	1
CSARDTQRENNEQFF	1
CSARDTMRGVNYGYTF	1
CSARDTSGVYEQYF	1
CSARDTGEGQPQHF	1
CSARDTGLVFLNEQFF	1
CSARDTVGTGGGETQYF	1
CSARDSRGVYEQYF	1
CSARDSHLSSYNEQFF	1
CSARDSSRGDTGELFF	1
CSARDSKASGSYEQYF	1
CSARDSPSSYNEQFF	1
CSARDSQEGNTGELFF	1
CSARDSGRGADTQYF	1
CSARDSTRGNQPQHF	1
CSARDRLGAYNSPLHF	1
CSARDRRGLASNNEQFF	1
CSARDRGSGGKTIYEQYF	1
CSARDREVTGELFF	1
CSARDRRLAGTDTQYF	1
CSARDRRGAETQYF	1
CSARDRPGGMDTEAFF	1
CSARDRRSPYNEQFF	1
CSARDNPNTEAFF	1
CSARDNGLAGGEGTDDNEQFF	1
CSARDKSAAPLSTQYF	1
CSARDKASGYEQYF	1
CSARDKSSENYNEQFF	1
CSARDKLAGTTSTDTQYF	1
CSARDSGNRGSYNEQFF	1
CSARDSNRINEQFF	1
CSARDSGSGGDNEQFF	1
CSARDSSGSAPHEQYF	1
CSARDYSGTSYEQYF	1
CSARDLMTSGAYNEQFF	1
CSARDLLPLARSSYEQYF	1
CSARDLWLSGQMQETQYF	1
CSARDLAGRWEQFF	1
CSARDPSASYEQYF	1
CSARDPRTSARQETQYF	1
CSARDPRTASYEQYF	1
CSARDPGTYYEQYF	1
CSARDPRGTGELFF	1
CSARDPKTGGPTGELFF	1
CSARDPGQAQETQYF	1
CSARDPRGYGETQYF	1
CSARDPRQGAITF	1
CSARDPRRANDEQFF	1
CSARDRLAGGLYNEQFF	1
CSARDRSGPSSYNEQFF	1
CSARDRRQVSNTGELFF	1
CSARDRRAQNIQYF	1
CSARDQGATNYGYTF	1
CSARDQLAGSTDTQYF	1
CSARDQQGTRYEQYF	1
CSARDVASTKNIQYF	1
CSARDVGGISYNEQFF	1
CSARDAGLAGVYEQYF	1
CSARDGSLKTQYF	1
CSARDGEGIYEQYF	1
CSARDGTPKETQYF	1
CSARDGTGELFF	1
CSARDGNRGTGELFF	1
CSARDGSRRNQPQHF	1
CSARDGLRETQYF	1
CSARDEQTGNSHEQYF	1
CSARDTGVGYEQYF	1
CSARDSYEQYF	1
CSARDRGPYEQYF	1
CSARDRTSGSLHEQFF	1
CSARDREYEQYF	1
CSAREFSTPQETQYF	1
CSARESSGNTIYF	1
CSAREWYEQYF	1
CSAREWGPSNQPQHF	1
CSAREYYGYTF	1
CSAREPPGQGNQPQHF	1
CSAREPKDGGGSYNEQFF	1
CSAREQVLQYF	1
CSAREVRQIGTQYF	1
CSAREASGYSYEQYF	1
CSAREASGSPDTQYF	1
CSAREARGTYNEQFF	1
CSAREAGRVNIQYF	1
CSAREGHSNQPQHF	1
CSAREGMVGTDTQYF	1
CSAREGLGQNYNQPQHF	1
CSAREGPGYYIDYGYTF	1
CSAREGAITEAFF	1
CSAREGGSTYNEQFF	1
CSAREGRSSYNEQFF	1
CSAREGPLGNLVKNIQYF	1
CSAREGGRETQYF	1
CSAREETSGRGGEQYF	1
CSAREETTYEQYF	1
CSAREEGGMGNSPLHF	1
CSARETSLEQYF	1
CSARESSYNEQFF	1
CSARESGSKSYNEQFF	1
CSARERGTSGRLTAYNEQFF	1
CSARELNGQSPLHF	1
CSARESGTLNTEAFF	1
CSARESVANYGYTF	1
CSARESEAEAFF	1
CSARESYTGELFF	1
CSAREPGRQETQYF	1
CSAREPGQGGYTF	1
CSAREPTGVKDYGYTF	1
CSAREPASGATDTQYF	1
CSAREQTRRNTGELFF	1
CSAREVPSTDTQYF	1
CSAREVGTSDNEQFF	1
CSAREAVAANTGELFF	1
CSAREAGGMDDTQYF	1
CSAREAGGRYNEQFF	1
CSAREAEAGRYEQYF	1
CSAREGLGLDAAFF	1
CSAREGNSYEQYF	1
CSAREGGRAGAKNIQYF	1
CSAREGFKSSYEQYF	1
CSAREGENGYGYTF	1
CSAREGTGTLWNTEAFF	1
CSAREGQGAHGYTF	1
CSAREGETQYF	1
CSAREDQGGNQPQHF	1
CSAREDREQFF	1
CSAREIPNSAAYEQYF	1
CSARETGRAYEQYF	1
CSARETGGTGELFF	1
CSARETDSNNYGYTF	1
CSARETGRETQYF	1
CSARERDTEAFF	1
CSARERTSGTDEQFF	1
CSARERTTNTGELFF	1
CSARIPLGLAGGPVETQYF	1
CSARIPASGKETQYF	1
CSARIPGLGSREQYF	1
CSARIVYEQYF	1
CSARMLGFSGQPYEQYF	1
CSARMRSLLEETQYF	1
CSARILDRENTGELFF	1
CSARIPQGASTEAFF	1
CSARIATASTDTQYF	1
CSARTSGVYNEQFF	1
CSARTSGASYNEQFF	1
CSARTSGRDQEQYF	1
CSARTPLAGGRSGEQFF	1
CSARTRDRRSYEQYF	1
CSARTGRPQETQYF	1
CSARTGLNNEQFF	1
CSARSRSGTADTQYF	1
CSARSRDKAGSHEQYF	1
CSARSSYNEQFF	1
CSARSNRQTYEQYF	1
CSARSPSGRDSYEQYF	1
CSARSVGNEQYF	1
CSARSEPYEQYF	1
CSARRSSQETQYF	1
CSARRPPYEQYF	1
CSARRRVSSYNEQFF	1
CSARRQGLTGNQPQHF	1
CSARRAGSITDTQYF	1
CSARRAGWENQPQHF	1
CSARRGYEAFF	1
CSARRDRGETQYF	1
CSARRERDITYNEQFF	1
CSARRTGLSYEQYF	1
CSARRREALGNEQFF	1
CSARRQELEKLFF	1
CSARRGDGDQPQHF	1
CSARRGGIGGYTF	1
CSARRETGGSYNEQFF	1
CSARNPGQEYQPQHF	1
CSARNQGQGSHNEQFF	1
CSARNQGATGELFF	1
CSARNPFDEQYF	1
CSARNPEINSPLHF	1
CSARNRVGGMGETQYF	1
CSARNASQGHTDTQYF	1
CSARNGEQFF	1
CSARNSLEQETQYF	1
CSARNRVSEAFF	1
CSARKSGANVLTF	1
CSARKLLNTEAFF	1
CSARKLAGVKETQYF	1
CSARKRGRGFSNEQFF	1
CSARKASGDTDTQYF	1
CSARKGTVNEQFF	1
CSARKDPRQGDEETQYF	1
CSARKDSFTEAFF	1
CSARKTMEPGELFF	1
CSARKSGTPNSPLHF	1
CSARKYDRQETQYF	1
CSARKASGRGYREQFF	1
CSARKAGGNEQYF	1
CSARKGGQRVNQPQHF	1
CSARKGVLSYNEQFF	1
CSARKTGSPTEAFF	1
CSANFGGEQFF	1
CSANSADVYNEQFF	1
CSANLGRGAYEQYF	1
CSANPIHGSRNEQFF	1
CSANPGTSGVYNEQFF	1
CSANRDLGNQPQHF	1
CSANRGVAEAFF	1
CSANEGDGYTF	1
CSANKAGSTDTQYF	1
CSANLPHIGRSYNEQFF	1
CSANSYRGSSKPNTYEQYF	1
CSANYNEQFF	1
CSANLQGVVQYF	1
CSANLAERVRETQYF	1
CSANPSSGVNEQFF	1
CSANPGTSGTDTQYF	1
CSANPWRGAYEQYF	1
CSANRDREYF	1
CSANRDNYEQYF	1
CSANQLRPGELFF	1
CSANARELAKNIQYF	1
CSAKWVGELFF	1
CSAKLQREWPDTQYF	1
CSAKLASLAANEQFF	1
CSAKRELGLDEQFF	1
CSAKAGREHEQFF	1
CSAKAGDRTSGMADTQYF	1
CSAKGLAGGPYNEQFF	1
CSAKDIYSNQPQHF	1
CSAKDTLISEQYF	1
CSAKDRGNGYTF	1
CSAKDRGNIQYF	1
CSAKIPRRDEQFF	1
CSAKIRTAAYGYTF	1
CSAKTAEQYF	1
CSAKSRVGTYEQYF	1
CSAKRAGLFTEAFF	1
CSAKKGVLRGYEQYF	1
CSAKKGGAVTTQYF	1
CSAKFQAFFKEQYF	1
CSAKRGQEFSNTQYF	1
CSAKQGETQYF	1
CSAKAKSGPYEQYF	1
CSAKAGDPYEQYF	1
CSAKGQQYEQYF	1
CSAKGTSGRGYEQYF	1
CSAKGTRVYNEQFF	1
CSAKGQGRTDTQYF	1
CSAKDRGLYSNQPQHF	1
CSAKEGAEYSPLHF	1
CSAKTGTSGFNEQFF	1
CSAKKTGEEPQHF	1
CSAKKIDYPYEQYF	1
CSALEWGDNEQFF	1
CSASRTASYEQYF	1
CSASRGNYEQYF	1
CSASSGSPRETQYF	1
CSASRLENFYEQYF	1
CSASGTRDTQYF	1
CSASDLSSYEQYF	1
CSASMGVAGGLYEQYF	1
CSASIAGGPRTYEQYF	1
CSASTSGRAAGELFF	1
CSASSGGVSTDTQYF	1
CSASSGTLQFF	1
CSASLEASFSTDTQYF	1
CSASLAGEISDTQYF	1
CSASQYF	1
CSACSGRSSGEQYF	1
CSAWEGMKNEQYF	1
CSAWISVEQFF	1
CSAWTDLADTQYF	1
CSAYNPSGGDNEQFF	1
CSAYKTGGSYEQYF	1
CSAYSQADEQYF	1
CSAYQGYNEQFF	1
CSALSPLAGGRF	1
CSALRWAVRSYEQYF	1
CSALGGQYGRASYEQYF	1
CSALILAGGRLAKNIQYF	1
CSALSGSDNEQFF	1
CSALSGRARTDTQYF	1
CSALRGNQPQHF	1
CSALRKLQGSNGYTF	1
CSALSSGSHEQYF	1
CSALLTSGSYEQFF	1
CSALSGGPVNEQFF	1
CSALLAGEAGELFF	1
CSALTSGQETQYF	1
CSAPYSGRKMYEQYF	1
CSAPLQQRGDTQYF	1
CSAPLAVRSTDTQYF	1
CSAPAGGRETQYF	1
CSAPEQGHNEQFF	1
CSAPRALTYEQYF	1
CSAPSPWGAGGGYEQYF	1
CSAPSARFSDYEQYF	1
CSAPSDSNEQFF	1
CSAPWQTSGTDTQYF	1
CSAPLVGNPYEQYF	1
CSAPPRLSYNEQFF	1
CSAPPSGKYSNQPQHF	1
CSAPRPGVDGELFF	1
CSAPGPFYEQYF	1
CSAPGAITDTQYF	1
CSAPGTLYNEQFF	1
CSAPRGFETQYF	1
CSAPPGGHEQFF	1
CSAPPGQGVGYGYTF	1
CSAPGFGGSSYNEQFF	1
CSAPGLAGDTQYF	1
CSAPGLGFNEQFF	1
CSAPGQGAVGELFF	1
CSAPGQGLGGTQYF	1
CSAPDSYEQYF	1
CSAPMKMSNTGELFF	1
CSAPTSGRGTSTDTQYF	1
CSAPKASAASSYEQYF	1
CSAPKGSPTGELFF	1
CSAPLLTYEQYF	1
CSAPPTSGGSQTQYF	1
CSAPRGDSTSNEQFF	1
CSAPVTSGPYEQYF	1
CSAPVPRGTDRAWADTQYF	1
CSAPGRTYNSPLHF	1
CSAPGVGTDTQYF	1
CSAPGTESSYEQYF	1
CSAPGSPGQGRLAGPYEQYF	1
CSAPDGEPYEQYF	1
CSAPDTYEQYF	1
CSAPRAGVTGELFF	1
CSAPRQGLTEAFF	1
CSARRQGNWETQYF	1
CSARRRETQETQYF	1
CSARRVLGQPQHF	1
CSARRVSGSSSGANVLTF	1
CSARARGGHEQYF	1
CSARWGRNNSPLHF	1
CSARRGGYYNEQFF	1
CSAREILHNEQFF	1
CSARTSGSGELFF	1
CSARTSGIRYQETQYF	1
CSARTSGRASYNEQFF	1
CSARNTGSNSKNIQYF	1
CSARQSGTEAFF	1
CSARGGGQYEQYF	1
CSARGQAYNEQFF	1
CSARDVSTDTQYF	1
CSARSPAGPWDEQYF	1
CSAHIQGTDTQYF	1
CSAHFLAGLYEQYF	1
CSAHLLDNSPLHF	1
CSAHRTANYGYTF	1
CSAHTLQGAQETQYF	1
CSAQALATYEQYF	1
CSAQAHQFNEKLFF	1
CSAQGGGNQPQHF	1
CSAQGLENYNEQFF	1
CSAQGAVNYNEQFF	1
CSAQGQIAKNIQYF	1
CSAQEFF	1
CSAQTSIYEQYF	1
CSAQLTEFDEQFF	1
CSAQPLKTGSTDTQYF	1
CSAQRARFTNEKLFF	1
CSAQRGKETQYF	1
CSAVLPGPSSYNEQFF	1
CSAVRGRGSPLHF	1
CSAVGGRSISYEQYF	1
CSAVDRVGTDTQYF	1
CSAVNGYTF	1
CSAVRDSYEQYF	1
CSAVAGDRTGELFF	1
CSAAKFGTRSYEQYF	1
CSAAGTEPYEQYF	1
CSAAVLAGGRTDTQYF	1
CSAAPSGRRQETQYF	1
CSAGRGEQYF	1
CSAGPGVGLGNYNEQFF	1
CSAGGGGRARLAETQYF	1
CSAGSVVNSPLHF	1
CSAGGIDTGELFF	1
CSAGGRIEQYF	1
CSAGTSGRAGETQYF	1
CSAGTSGRADNEQFF	1
CSAGTSGRADNEQFF	1
CSAGTGGQTGELFF	1
CSAGRVSYNEQFF	1
CSAGRGSSYEQYF	1
CSAGQGDYGYTF	1
CSAGQGGYEQYF	1
CSAGSGRAPYEQYF	1
CSAGNSGRPGNEQFF	1
CSADHSGGTDTQYF	1
CSADGQVTDEQFF	1
CSADDISNQPQHF	1
CSADRAGNTGELFF	1
CSADLLGRGYNEQFF	1
CSADPRHEILYEQYF	1
CSADITSPEQYF	1
CSADSTISYEQYF	1
CSAEWGTGELFF	1
CSAERGNEQFF	1
CSAEGLGSYNEQFF	1
CSAEGTSRPYEQYF	1
CSAERAGGQETQYF	1
CSAESDASSYEQYF	1
CSAEPGGKTQYF	1
CSAEEVQGTEAFF	1
CSAILAGLNTGELFF	1
CSAIHSGRVGTGELFF	1
CSAIGGLSYGYTF	1
CSAIGTAANYGYTF	1
CSAITIGGNTIYF	1
CSAMVEGLAINEQFF	1
CSAMAYSSTHF	1
CSAMGNQPQHF	1
CSAMTSGRGNEQFF	1
CSAIITTRDTQYF	1
CSATSGPRRDTGELFF	1
CSATLGRSSYNEQFF	1
CSATPGEQYF	1
CSATGLAVYNEQFF	1
CSATGTPSTDTQYF	1
CSATGTGVYEQYF	1
CSATGTILSTAKEQYF	1
CSATRLLHRAGELFF	1
CSATGEETQYF	1
CSATGLVIYEQYF	1
CSATGPHEQYF	1
CSATDRGPGTDTQYF	1
CSATDRERASTDTQYF	1
CSATEERYEQYF	1
CSATTGVGVNTEAFF	1
CSATPTAEDTQYF	1
CSATRPTGFYEQYF	1
CSATDRLAGDHTGELFF	1
CSASQRGHTEAFF	1
CSASGNRPNEKLFF	1
CSASEPLGSQETQYF	1
CSASPGLNEQFF	1
CSASGAIYYNEQFF	1
CSASKQTYSTDTQYF	1
CSARYNEQFF	1
CSARVGGESSYNEQFF	1
CSARGAGFFTDTQYF	1
CSARGTGMSETQYF	1
CSARDREQFF	1
CSARTSGRKETQYF	1
CSARTGGPTGELFF	1
CSARRDRGGQETQYF	1
CSARRRGQETQYF	1
CSARLNYEQYF	1
CSARLAGGPWDEQFF	1
CSARLADTYEQYF	1
CSARPPGTSGEQYF	1
CSARRGGGTNEKLFF	1
CSARQGSYEQYF	1
CSARGLAGGDTQYF	1
CSARGRTYSYNEQFF	1
CSARGTGTGNTGELFF	1
CSARKRESVYEQYF	1
CSARKAGGPLTGELFF	1
CSANLRETQYF	1
CSANLPGLAGGQDTQYF	1
CSANPGLSSYNEQFF	1
CSANPGLAGDWVSDTQYF	1
CSAKSDKSYEQYF	1
CSAKQRGWQNTEAFF	1
CSAKGVAEGGEDTQYF	1
CSAKGAGYYEQYF	1
CSAKTLAQTGVRETQYF	1
CSAKRGEWYEQYF	1
CSAKLAGGFNEQFF	1
CSAKLAGTTLSSYEQYF	1
CSAKRSRGSRVREQYF	1
CSAKKGQGHSYEQYF	1
CSALDGTEAFF	1
CSALANEQFF	1
CSALGILAGAYEQYF	1
CSASSRESIYEQYF	1
CSASGLAGLSADTQYF	1
CSASGHLQETQYF	1
CSASRGTQPQHF	1
CSACGRAPRETQYF	1
CSAWTGTHFDQPQHF	1
CSAYTSRVRETQYF	1
CSALGLADSYEQYF	1
CSALRLARSTGNEQFF	1
CSALTGLSNSPLHF	1
CSALSSYEQYF	1
CSAPPGGRLETQYF	1
CSAPSGHQETQYF	1
CSAPAGTVVSGANVLTF	1
CSAPQGASTDTQYF	1
CSAPGLAGALNEQFF	1
CSAPSGNTFWEQYF	1
CSAPDTSGRARTGELFF	1
CSARSGTNTDTQYF	1
CSARDRTDTEAFF	1
CSARTSVSYEQYF	1
CSARISSYEQYF	1
CSAHQTSSYEQYF	1
CSAQQGAGELFF	1
CSAQGLYSAYEQYF	1
CSAVGQFKETQYF	1
CSAALAGETQYF	1
CSAASGINEQFF	1
CSAATVHGNNQPQHF	1
CSAAQGAYGYTF	1
CSAAEGGPSYEQYF	1
CSAGGLNTGELFF	1
CSAGRMENIQYF	1
CSAGRDGRGDTQYF	1
CSAGGEGIQYF	1
CSAGGQRSETQYF	1
CSAGTIHGGEQYF	1
CSAGTSEYNEQFF	1
CSAGTGTSSYNEQFF	1
CSAGRGSYNEQFF	1
CSAGPGQVTNYGYTF	1
CSAGQGYEQYF	1
CSAGVREQFF	1
CSAGAGGPYEQYF	1
CSADLTGGLAYEQYF	1
CSAERESEQYF	1
CSAEDSVTDTQYF	1
CSAETGSSYEQYF	1
CSAEDTLAGGPIVSDTQYF	1
CSAMRQSNSPLHF	1
CSATSGRYTDTQYF	1
CSATRDRGTDTQYF	1
CSATGTSGRVEQFF	1
CSATGTSGNNEQFF	1
CSATLEQAYNEQFF	1
CSATERQINSPLHF	1
CSASYETQYF	1
CSASPGAYEQYF	1
CSASALGQASYGYTF	1
CSARPGHTMNTEAFF	1
CSARQSYSNQPQHF	1
CSARDSSSYEQYF	1
CSAREVEEKLFF	1
CSARTGGKTQYF	1
CSARAGGAYNEQFF	1
CSARGTSGSYNEQFF	1
CSANFGLAGVEQFF	1
CSANVDFSYEQYF	1
CSANRDLFYEQYF	1
CSAKGQRGYSEQYF	1
CSAKTASSTDTQYF	1
CSAKTGTLRQPQHF	1
CSALQAGATDTQYF	1
CSALATQGAVNTEAFF	1
CSALTPPSSRTDTQYF	1
CSASAGGEQYF	1
CSASRGGETQYF	1
CSASRRYGPPYEQYF	1
CSACSLSTDTQYF	1
CSAWDRGRLQPQHF	1
CSAWTLAKNIQYF	1
CSALSGTSAYPDTQYF	1
CSALSAGGPGYDTQYF	1
CSALPTTTGYGYTF	1
CSALLAGVLETQYF	1
CSALKEGALMNTEAFF	1
CSAPFDRVPYEQYF	1
CSAPRDTFTYEQYF	1
CSAPTGATFDSPLHF	1
CSAPGTGRGEQYF	1
CSAPMAGNVETQYF	1
CSAPKAGVSYEQYF	1
CSAPRQGSVGKNIQYF	1
CSAPVNSYEQYF	1
CSAPVSGVAKNIQYF	1
CSAPGTSGREPYEQYF	1
CSAPDRRSSYEQYF	1
CSAPTSGRDQETQYF	1
CSAPSWLPDLTDTQYF	1
CSAPRTDSSYEQYF	1
CSARTSGRAGEQFF	1
CSARRANTGELFF	1
CSARTGDTEAFF	1
CSAHYSPSETQYF	1
CSAHNSRGGTEAFF	1
CSAQGLAGGPETQYF	1
CSAVRDTSYEQYF	1
CSAVRELNTEAFF	1
CSAVRLAGIYEQYF	1
CSAVRAGDNPYSNQPQHF	1
CSAAGGLYNEQFF	1
CSAGASGRRRTYNEQFF	1
CSAGRLGGAKDTQYF	1
CSAGQVRETQYF	1
CSAGQGAREQYF	1
CSADLTAAYEQYF	1
CSAISGANYEQYF	1
CSAIAGSAKNIQYF	1
CSATSGGRYEQYF	1
CSATAGADNNQPQHF	1
CSATAVSGRWQYF	1
CSASRIGSLLRGEQFF	1
CSARGGTLHF	1
CSARQPIGELFF	1
CSARQGLPHYNSPLHF	1
CSARDPAGGSQETQYF	1
CSARRAGQRQETQYF	1
CSANPRDRISLEASQHF	1
CSANRDTQYF	1
CSANKGAVDTQYF	1
CSAKAGGETQYF	1
CSAKGRRTSTDTQYF	1
CSAKGLAGDFEQFF	1
CSAKGVGTSVF	1
CSAKGNYEQYF	1
CSAKSGSSDNEQFF	1
CSGTTGQFATF	1
CSGSGDSYEQYF	1
CSGLGGYNEQFF	1
CSGLETYEQYF	1
CSGAAGNTIYF	1
CSGPGQYF	1
CSGRLADAVEQYF	1
CSGGLAGTYNEQFF	1
CSGEVGSYNEQFF	1
CSGEGPVNEQFF	1
CSGRASEIEQFF	1
CSGRGDSYEQYF	1
CSGNQVASYGYTF	1
CSGKRDTRGVVEQYF	1
CSGYPWTSGGQETQYF	1
CSGHSTQGYYEQYF	1
CSGGADRPYEQYF	1
CSGMERLNTGELFF	1
CSGSLAGRLSEQFF	1
CSGRTGTSTFNEQFF	1
CSDQAQGAGYEQYF	1
CSELVSSYNEQFF	1
CSEASGWDNEQFF	1
CSEAALAGVETQYF	1
CSIAGSSREQYF	1
CSIGTTYEQYF	1
CSINGVNEQFF	1
CSTSNLVESNEQFF	1
CSTLTERESYEQYF	1
CSTSNLFSGINNEQFF	1
CSTRDSSYNEQFF	1
CSTGTPGTDTQYF	1
CSTDTQYF	1
CSSRTVTYEQYF	1
CSRQGISTDTQYF	1
CSRKKAGGEQFF	1
CSNGPSGRAGREQYF	1
CSFWIRGAETQYF	1
CSFLDRDTEETQYF	1
CSFVTGETYEQYF	1
CSSRDTGNEQYF	1
CSSRRGDEQYF	1
CSSGGGYEQYF	1
CSCDGTRPNEQFF	1
CSYGEQFF	1
CSLAWGGPDTQYF	1
CSLRDTSYEQYF	1
CSLGEPRGDTQYF	1
CSLNGLAGGSSYNEQFF	1
CSPGGAHNEQFF	1
CSPRGGAYEQYF	1
CSPQWLGGGYEQYF	1
CSPWIQETQYF	1
CSPRKMGVSLNEQYF	1
CSPSSLAVSYEQYF	1
CSHGQGLETQYF	1
CSQLSSPNNEQFF	1
CSVFGAGVGDTQYF	1
CSVLDILAYEQYF	1
CSVLPGQGYNTEAFF	1
CSVLQGILYGYTF	1
CSVLRGLNTGELFF	1
CSVSFSSYEQYF	1
CSVSDSTDTQYF	1
CSVSTPSGRTYNEQFF	1
CSVSGTSAGGNEQFF	1
CSVSGTKTSTDTQYF	1
CSVSTSGNEQFF	1
CSVSDREQFF	1
CSVSTRETQYF	1
CSVSSTGSYEQYF	1
CSVSTGADTQYF	1
CSVSTGAGNSPLHF	1
CSVWGNEQFF	1
CSVWRGGGEQFF	1
CSVYSGDTQYF	1
CSVYRVPSGDEQFF	1
CSVLGPGPPYEQYF	1
CSVLLDERVSYEQYF	1
CSVLGGGREQFF	1
CSVLKGNTGELFF	1
CSVLYSSGSWDEQFF	1
CSVLGLAGSYNEQFF	1
CSVLTGGDYEQYF	1
CSVLSVNYGYTF	1
CSVLLAGVTDTQYF	1
CSVLGMYQGEAFF	1
CSVLRVLNTEAFF	1
CSVPSGSAYNEQFF	1
CSVPRDGSYEQYF	1
CSVPVAGAIYNEQFF	1
CSVPRGGYTNTEAFF	1
CSVPAGPSYNEQFF	1
CSVRRLAGKSYEQYF	1
CSVRQGASYEQYF	1
CSVRRVISDNEQFF	1
CSVRLANYNEQFF	1
CSVRPNTGELFF	1
CSVRRETYEQYF	1
CSVRDGSQYF	1
CSVRDSSTTKQYF	1
CSVRDAPRYEQYF	1
CSVRTSGVGETQYF	1
CSVRAGIGETQYF	1
CSVHSTYEQYF	1
CSVQPGQGNTGELFF	1
CSVQRTTSSYEQYF	1
CSVQRWETQYF	1
CSVVFGLRDTQYF	1
CSVVSPNGGLLAGGLNEQFF	1
CSVVLNDYEQYF	1
CSVVRPHGHNEQFF	1
CSVVQASTNEKLFF	1
CSVVVGIDTQYF	1
CSVVAGVFADTQYF	1
CSVVGANVLTF	1
CSVVGDNEQYF	1
CSVVLSETQYF	1
CSVVPGGGGGETQYF	1
CSVVRGKTGQDTDTQYF	1
CSVVGRATDTQYF	1
CSVVSQGAGDEQFF	1
CSVVSGGKVNTQYF	1
CSVVVLYLAKNIQYF	1
CSVVASGPYNEQFF	1
CSVVAAEYPYEQYF	1
CSVVGAANYGYTF	1
CSVVERLGYQETQYF	1
CSVVMTGRETQYF	1
CSVVSGSLPDTQYF	1
CSVVRTGTSTDTQYF	1
CSVVKTGAKNIQYF	1
CSVVLGKTDTQYF	1
CSVVYEQYF	1
CSVVPGAQETQYF	1
CSVVQGATDTQYF	1
CSVVVRTGNTIYF	1
CSVVVNEQYF	1
CSVVAGPPETQYF	1
CSVVAGSHEQYF	1
CSVVGGSYNEQFF	1
CSVVGIAGGSYNEQFF	1
CSVVGTSGRGETQYF	1
CSVVGHLSEQYF	1
CSVVGQSQETQYF	1
CSVVIVQETQYF	1
CSVVTGRQDTQYF	1
CSVALATDTQYF	1
CSVAQGYNEQFF	1
CSVAVVDTQYF	1
CSVAGALAGGLSYNEQFF	1
CSVADRTRETQYF	1
CSVAIIVDEQFF	1
CSVARGQADTQYF	1
CSVALKSAVHSQYF	1
CSVASVAGGPSDTQYF	1
CSVALLGRGETQYF	1
CSVALDRPVFSYEQYF	1
CSVAPTGSGGTDTQYF	1
CSVAGLGETQYF	1
CSVAGTVNEQFF	1
CSVAGTGGAVTSTDTQYF	1
CSVAGTEGGYTF	1
CSVAGLAAQETQYF	1
CSVATSTDIWEQYF	1
CSVAPTDLSYNEQFF	1
CSVAGPPTTQYF	1
CSVAGLAGTLEQFF	1
CSVAGQVTDTQYF	1
CSVADRGRENYGYTF	1
CSVATGQSYEQYF	1
CSVARAVLISYEQYF	1
CSVASTGPSSEQYF	1
CSVAVRLAKETQYF	1
CSVAGQGQLLSSYEQYF	1
CSVARGRADTQYF	1
CSVANAGGVTDTQYF	1
CSVGSGTGDNEQFF	1
CSVGLDPPHF	1
CSVGPRLITGELFF	1
CSVGPGQGLYEQYF	1
CSVGPTAHEQYF	1
CSVGQGFGYGYTF	1
CSVGGQTYNEQFF	1
CSVGDAYEQYF	1
CSVGEWAGEETQYF	1
CSVGTSGSYYNEQFF	1
CSVGSGRGDTQYF	1
CSVGFGQGVRHIQYF	1
CSVGSQAKNIQYF	1
CSVGLRDSFGEQYF	1
CSVGPRGDYEQYF	1
CSVGQTNTEAFF	1
CSVGGFQETQYF	1
CSVGGGKGEQYF	1
CSVGGVSYNEQFF	1
CSVGGAGETQYF	1
CSVGGDTYTQYF	1
CSVGGTTLRGQYF	1
CSVGFSGNQPQHF	1
CSVGLLDPQETQYF	1
CSVGSPAADNEQFF	1
CSVGLMGETQYF	1
CSVGPGLAGADSYNEQFF	1
CSVGPAGVSEQYF	1
CSVGRLAGDSYNEQFF	1
CSVGVAGVHEQYF	1
CSVGGDEQFF	1
CSVGGHLSYNEQFF	1
CSVGGATRSPDEQYF	1
CSVGGTILFF	1
CSVGGRATDTQYF	1
CSVGGLGRNEQFF	1
CSVGGPTSGRMSDTQYF	1
CSVGGDRTNQETQYF	1
CSVGDLPGSYEQYF	1
CSVGDYRWETQYF	1
CSVGDGNYEQYF	1
CSVGDRGGETQYF	1
CSVGEVYYEQYF	1
CSVGTGLTYEQYF	1
CSVGTGGSYEQYF	1
CSVGRGGAYNEQFF	1
CSVGNVAANEQYF	1
CSVGLQQFF	1
CSVGLVRGDTQYF	1
CSVGLAGAFRTDTQYF	1
CSVGHRAGDTQYF	1
CSVGQGSYEQYF	1
CSVGQDYEQYF	1
CSVGQESNEQFF	1
CSVGQRQETQYF	1
CSVGAGDYEQYF	1
CSVGDRLLLETQYF	1
CSVGDKYNSPLHF	1
CSVGIGTIYEQYF	1
CSVGTSGHFEQYF	1
CSVGRTGADTQYF	1
CSVGKTVPETQYF	1
CSVGKLGIQYF	1
CSVDLVGAFTDTQYF	1
CSVDSSGLNTGELFF	1
CSVDSGGWETQYF	1
CSVDWGGTPDTQYF	1
CSVDYGRSSYNEQFF	1
CSVDLGNYGYTF	1
CSVDLRQGGYEQYF	1
CSVDPFWESQGETQYF	1
CSVDPGLAWKGQETQYF	1
CSVDRQGVYNEQFF	1
CSVDRRTQETQYF	1
CSVDRGWAVNTEAFF	1
CSVDHLAGLDEQFF	1
CSVDVLQDTQQFF	1
CSVDGLANSYEQYF	1
CSVDGDLPVGHWEDTQYF	1
CSVDGEGLLNEQFF	1
CSVDGLADRVEQFF	1
CSVDGPGEETQYF	1
CSVDGGPDDLGLSLDTQYF	1
CSVDGTDTYEQYF	1
CSVDDRWDRGNTEAFF	1
CSVDMGEETQYF	1
CSVDRSPEQFF	1
CSVDNPVTYEQYF	1
CSVDNRGGSTDTQYF	1
CSVDKPDYNEQFF	1
CSVDSSGLVGNEQFF	1
CSVDSLPPREFYEQYF	1
CSVDSGEETQYF	1
CSVDLSEAFF	1
CSVDLAGEEDTQYF	1
CSVDPGQGYEQYF	1
CSVDPNDGTNNEQFF	1
CSVDPGGIQYF	1
CSVDRRAGRGNEQFF	1
CSVDAGDEQYF	1
CSVDGGSFTDTQYF	1
CSVDGGTEETQYF	1
CSVDGLAGVGVFF	1
CSVDDRFAGDYNEQFF	1
CSVDEGEGTGELFF	1
CSVDETGTGDSYEQYF	1
CSVDMALGDTQYF	1
CSVDTAYEQYF	1
CSVDTSHRGETQYF	1
CSVDSGTAYNEQFF	1
CSVDRARGEQFF	1
CSVDKGYEQFF	1
CSVEFPPDTQYF	1
CSVESRGRGETQYF	1
CSVESYNEQFF	1
CSVESGQGALQQYF	1
CSVEWPRKETQYF	1
CSVELLRGDSGSSHEQYF	1
CSVEPRTPVAETQYF	1
CSVEPTGEGFYNEQFF	1
CSVERRAGEQFF	1
CSVEHPDRGYTEAFF	1
CSVEQVAGAEGEQFF	1
CSVEVGHSTDTQYF	1
CSVEVRRQETQYF	1
CSVEVWTDQETQYF	1
CSVEVAGSGNEQFF	1
CSVEVIVGEQYF	1
CSVEAGAGGYNEQFF	1
CSVEGTGEYNEQFF	1
CSVEGLAGRTHEQFF	1
CSVEGGSYEQYF	1
CSVEGQYF	1
CSVEGLARETQYF	1
CSVEGLEEGGPGAQYF	1
CSVEGQYQETQYF	1
CSVEGNTRTDTQYF	1
CSVEDSNYGYTF	1
CSVEDRENEQYF	1
CSVEEQGRNYEQYF	1
CSVEENYGYTF	1
CSVEMGQGGTGELFF	1
CSVETSGTYEQYF	1
CSVETPEGINEQFF	1
CSVETTSGNEQYF	1
CSVETNRKVQGSYEQYF	1
CSVESGDSYEQYF	1
CSVERPDTDTQYF	1
CSVERGETQYF	1
CSVERKAGEQYF	1
CSVENRAQETQYF	1
CSVEKLAGGGEQFF	1
CSVEKTTSSYDEQFF	1
CSVEFTSGNDEQYF	1
CSVELGRQETQYF	1
CSVESPGELFF	1
CSVESGLAGAGELFF	1
CSVESGPDTQYF	1
CSVEWAREGGTGELFF	1
CSVEWETQYF	1
CSVELHTDTQYF	1
CSVELWEGPTDTQYF	1
CSVELGGTDTQYF	1
CSVEPGGNLEQYF	1
CSVEPSSGLPAGETQYF	1
CSVEPRTTYNEQFF	1
CSVEPGTGHEQYF	1
CSVEPGTGELFF	1
CSVERGAYEQYF	1
CSVERLPYGYTF	1
CSVERALALDF	1
CSVERTGTDTQYF	1
CSVEHHGSSYEQYF	1
CSVEQGENIQYF	1
CSVEQGRGNGYEQYF	1
CSVEVFPGLRPADTDTQYF	1
CSVEVSERDTQYF	1
CSVEVQRSTGELFF	1
CSVEVVTNYNEQFF	1
CSVEVPSGAYNEQFF	1
CSVEVRSGRAYNEQFF	1
CSVEVGWGENEQFF	1
CSVEVMEPGSSGELFF	1
CSVEAREGPEGEQYF	1
CSVEATGTGGDEQFF	1
CSVEATYNEQFF	1
CSVEAGQQFF	1
CSVEAGSAEQFF	1
CSVEAELAGAPYEQYF	1
CSVEAQGGGRTQYF	1
CSVEGGPINNEQFF	1
CSVEGGTARKNIQYF	1
CSVEGSGRGDNEQFF	1
CSVEGRNNEQFF	1
CSVEGPPGPQYF	1
CSVEGPASGTPF	1
CSVEGPGETYEQYF	1
CSVEGPTGYNEQFF	1
CSVEGRKETQYF	1
CSVEGDGFYEQYF	1
CSVEGRASTEAFF	1
CSVEGSGANVLTF	1
CSVEGSGGDDTQYF	1
CSVEGWSQGSNEQFF	1
CSVEGLPRETQYF	1
CSVEGHRGPSTDTQYF	1
CSVEGQGRLMNTEAFF	1
CSVEGASGSFEQYF	1
CSVEGAQASNEQFF	1
CSVEGAKSTDTQYF	1
CSVEGGGSTDTQYF	1
CSVEGGSDEKLFF	1
CSVEGGWTEVEDTQYF	1
CSVEGGPYEQYF	1
CSVEGGQLSSYNEQFF	1
CSVEGGPYLKETQYF	1
CSVEGDRGRETQYF	1
CSVEGRAGADTQYF	1
CSVEGLAETSTDTQYF	1
CSVEGPGVDTQYF	1
CSVEGRLAGVREQFF	1
CSVEGQGTNEQFF	1
CSVEGQGSLGGYTF	1
CSVEGQGPYNEQFF	1
CSVEGQGAYDEQFF	1
CSVEGAGGTDTQYF	1
CSVEGEGREGYNEQFF	1
CSVEGTITGDGETQYF	1
CSVEDLGGATYGYTF	1
CSVEDSRAGVWNEQFF	1
CSVEDLSGYSYNEQFF	1
CSVEDLPLEALYNEQFF	1
CSVEDLSGRAGYNEQFF	1
CSVEDRRRGTYEQYF	1
CSVEDRASGTPTGAYEQYF	1
CSVEDRGRGTSYNEQFF	1
CSVEDQGQGYEQYF	1
CSVEDQIVGTQYF	1
CSVEDVSGSFYEQYF	1
CSVEDAVSLNEQFF	1
CSVEDGQRESGEQFF	1
CSVEDGGVETQYF	1
CSVEDGATGLYQETQYF	1
CSVEDTQQGSYEQYF	1
CSVEDTGGDSYEQYF	1
CSVEDTGTETQYF	1
CSVEDSNEQFF	1
CSVEDRTSDRSTGELFF	1
CSVEDLAGTDTQYF	1
CSVEDSPPNTEAFF	1
CSVEDLLSGQFF	1
CSVEDRDSPSYEQYF	1
CSVEDRDNYEQYF	1
CSVEDQTRTGNEQFF	1
CSVEDQKTDKETQYF	1
CSVEDGLNTEAFF	1
CSVEEGAIGTQYF	1
CSVEEPREQFF	1
CSVEESGRAYNEQFF	1
CSVEIVLATDTQYF	1
CSVEMVNSGTYEQYF	1
CSVEMDRGYNEQFF	1
CSVEIAGGGNEQFF	1
CSVETLTSGTYEQYF	1
CSVETPTDTQYF	1
CSVETVKSTDTQYF	1
CSVETGQGSIQYF	1
CSVETESSGRARETQYF	1
CSVETQNEQFF	1
CSVESRRGQTYEQYF	1
CSVERGQETQYF	1
CSVERRGANEKLFF	1
CSVENGGADTQYF	1
CSVEKQGGETQYF	1
CSVIYRGTKEETQYF	1
CSVIRGARGLDEQYF	1
CSVITRGETQYF	1
CSVTRDTENYEQYF	1
CSVTGTSGTRAGELFF	1
CSVTGTGGPQDTQYF	1
CSVTEWTGELFF	1
CSVTERGRAPGELFF	1
CSVTDGSYEQYF	1
CSVTETAYEQYF	1
CSVTTGRNIQYF	1
CSVTGTPDTQYF	1
CSVTDKSYNEQFF	1
CSVSSPVGNEQFF	1
CSVSPRGTGAYEQYF	1
CSVSRDRASYEQYF	1
CSVSGSSTDTQYF	1
CSVSDLGGAGGNTGELFF	1
CSVSMGGRARHEQFF	1
CSVRRPLTDTQYF	1
CSVNPAGDGETQYF	1
CSVNSQMTGTSGTRETQYF	1
CSVKWLAHGGETQYF	1
CSVKGRSNTGELFF	1
CSVKGDRLPYEQYF	1
CSVKTGLSSYEQYF	1
CSVKTNSYEQYF	1
CSVFRQGLQEFF	1
CSVFTGELFF	1
CSVLTDTQYF	1
CSVSIFGAYEQYF	1
CSVSTGSNQPQHF	1
CSVSRTGDTGELFF	1
CSVWTGAYEQYF	1
CSVYTDSELYEQYF	1
CSVLPGGHYEQYF	1
CSVLKTSGEQFF	1
CSVLGQGEYTDTQYF	1
CSVLAGGQETQYF	1
CSVPRGQADYGYTF	1
CSVPGAYEQYF	1
CSVPGLAGGPRPYEQYF	1
CSVPKTSNEQFF	1
CSVRRDRRSYEQYF	1
CSVRREGREQYF	1
CSVRFRETQYF	1
CSVRDYKGNEQFF	1
CSVRLAGVTGELFF	1
CSVRGGQGYEQYF	1
CSVQGLAKSPDTQYF	1
CSVQGILSDEQFF	1
CSVVETYEQYF	1
CSVVTTGRLYEQYF	1
CSVVSGTETQYF	1
CSVVDGGGPLEQYF	1
CSVAKGGYNEQFF	1
CSVAGLALNEQFF	1
CSVAIAGAPDTQYF	1
CSVAILLGREGLSTDTQYF	1
CSVARDATGLEQFF	1
CSVGISGNTGELFF	1
CSVGNVASGSNEQFF	1
CSVGTSGRYEQYF	1
CSVGTSGGQETQYF	1
CSVGTDYGETQYF	1
CSVGTVQETQYF	1
CSVGTGDYEQYF	1
CSVGTGSNQPQHF	1
CSVGLAEETQYF	1
CSVGQSSSYEQYF	1
CSVGRMTSADTQYF	1
CSVDIQGSNYGYTF	1
CSVDTPEGLAYEQYF	1
CSVEDSFHDEQFF	1
CSVEEGLVNEQFF	1
CSVELAVVGNEQFF	1
CSVEPRSTDTQYF	1
CSVMEREGPGSYNEQFF	1
CSVTPTGGYETQYF	1
CSVTVPGAYNEQFF	1
CSVTISYEQYF	1
CSVTTAFYEQYF	1
CSVTTGKNTEAFF	1
CSVRDSSGRVNTGELFF	1
CSVRTGGGYTF	1
CSVRGWTDEQYF	1
CSVKTGSTIAPPLAEFF	1
CSVKRQPGNEQFF	1
CSVKLDAYEQYF	1
CSVSQGEETQYF	1
CSVRDYEQYF	1
CSVVDRAVFYGYTF	1
CSVVTVTSYEQYF	1
CSVASDTQYF	1
CSVAGTGYSYEQYF	1
CSVATSVEQFF	1
CSVAATSPYGYTF	1
CSVADSSYNEQFF	1
CSVGPGETGELFF	1
CSVGGLAGYNEQFF	1
CSVGTSVHNEQFF	1
CSVGTSGRNEQFF	1
CSVGTSDQYNEQFF	1
CSVGNGGSETQYF	1
CSVDLAGDNEQFF	1
CSVDPPVSVSTDTQYF	1
CSVDPGTSGRADDEQFF	1
CSVDIGTVQETQYF	1
CSVDSGNTIYF	1
CSVERGPYEQYF	1
CSVERGGGCREQYF	1
CSVEGLAEADEQFF	1
CSVISGRDEQYF	1
CSVIGTEHSYEQYF	1
CSVMASAGNTGELFF	1
CSVIRSPYEQYF	1
CSVTTDGAAETQYF	1
CSVTTSAAETQYF	1
CSVTGAGETQYF	1
CSVRWRQQETQYF	1
CSVRLAGGRWYF	1
CSVRRGTPTDTQYF	1
CSVRGRNFQETQYF	1
CSVRGQGYTGELFF	1
CSVNGYQETQYF	1
CSVNARGQPGQPQHF	1
CSVKRGGDTGELFF	1
CSVKGQEETQYF	1
CSVLNRINYGYTF	1
CSVSSGSYNEQFF	1
CSVWDSTDTQYF	1
CSVWTGPAKNIQYF	1
CSVLSYEQYF	1
CSVLAGGLYEQYF	1
CSVLGTGATYEQYF	1
CSVPQGTSVEQFF	1
CSVGGRNQPQHF	1
CSVGDYSEYEQYF	1
CSVGASGLFRTDTQYF	1
CSVDPGKANTEAFF	1
CSVETGGASYEQYF	1
CSVIAGEETQYF	1
CSVTRDRGYEQYF	1
CSVTGTSLADTQYF	1
CSVTGTVNTGELFF	1
CSVNSLDNEQFF	1
CSASRTSGSETQYF	1
CSASKADYNEQFF	1
CSALSYRGLASSDTQYF	1
CSAPRTSGYNEQFF	1
CSARTSGSYEQYF	1
CSARQASYEQYF	1
CSAADRGRLYEQYF	1
CSAAGRETQYF	1
CSAGQGTRETQYF	1
CSAGTQRTYGYTF	1
CSAGSTGELFF	1
CSADREGETQYF	1
CSAEGPAGEQYF	1
CSATSGNPGTDTQYF	1
CSARQGADTDTQYF	1
CSARGQGARYNEQFF	1
CSALGLAGAYNEQFF	1
CSASGTSGRAYYEQYF	1
CSALESDGEYF	1
CSAPGKSSYNEQFF	1
CSAPRGVELHTQYF	1
CSAPGLAGGPADTQYF	1
CSAPRPLSTDTQYF	1
CSARDTPYEQYF	1
CSARTSGSPDTQYF	1
CSARGGGISYNEQFF	1
CSAREAQETQYF	1
CSARIWGAKNTEAFF	1
CSAVRETQYF	1
CSAVGLAPRGSYNEQFF	1
CSAAGSQREDEQFF	1
CSAAGGEAEQFF	1
CSAAGAGGYNEQFF	1
CSAGGGQGPSVEQFF	1
CSAGRTDYEQYF	1
CSAGGTVETQYF	1
CSAGGETQYF	1
CSAGTSGSYEQYF	1
CSAGTGTDTQYF	1
CSAGRALKGTEAFF	1
CSAGLAGVNEQFF	1
CSAGQIEAYNEQFF	1
CSAERGEETQYF	1
CSAEGGVGYGQYF	1
CSAERQGRNEQFF	1
CSAENPGGSYNEQFF	1
CSAISTGTGGLYPGNEQFF	1
CSATLGDHNEQFF	1
CSARTGWNEKLFF	1
CSARTGAETQYF	1
CSAKRPIPDEQYF	1
CSAFPGQETQYF	1
CSAWDKRVYEQYF	1
CSAWSSGRNKAYEQYF	1
CSAAPGREPYEQYF	1
CSAAGRLSYEQYF	1
CSAGSLEGSYEQYF	1
CSAGRQETQYF	1
CSAGGTPYEQYF	1
CSAMGSSGRSSYEQYF	1
CSAKGLVTDTQYF	1
CSASSGRERDTQYF	1
CSASRDSYEQYF	1
CSALTGEETQYF	1
CSAQASGNRADTQYF	1
CSAVGNRGPDTGELFF	1
CSAGVYNEQFF	1
CSAGIRGSSPGNEQFF	1
CSAGSSYNEQFF	1
CSAMDRSSYNEQFF	1
CSARGVGYNEQFF	1
CSGWTGAGNEQFF	1
CSGGGGGQSYNEQFF	1
CSGGRNTGELFF	1
CSGGKLAGVGKTQYF	1
CSGSSGGRGTADTQYF	1
CSGLAGVIDTQYF	1
CSGLGQGRREQFF	1
CSGRTSLGETQYF	1
CSGRRANQETQYF	1
CSGQVANTEAFF	1
CSGVGNSPRGYEQYF	1
CSGGTGDYEQYF	1
CSGDGVGEQYF	1
CSGTTGAEQYF	1
CSGRGLIDTYNEQFF	1
CSGWDYRFSYNEQFF	1
CSGATNEQFF	1
CSGGASGNTIYF	1
CSGDRDGALYEQYF	1
CSGTGGATNEKLFF	1
CSGTKEPPLGEFF	1
CSGRLAGRTISDTQYF	1
CSGSMGDEQFF	1
CSGQGYNEQFF	1
CSGGVSSYNEQFF	1
CSDRTSGSSSYNEQFF	1
CSDAAGAAPGDTQYF	1
CSEEAGSQTQYF	1
CSEHRLAGVEQFF	1
CSETGGSSYNEQFF	1
CSESRGRYEQYF	1
CSEKGGQAVYNEQFF	1
CSIQTGGGYNEQFF	1
CSITSGYNEQFF	1
CSILRDSGGYNEQFF	1
CSIPADHTGELFF	1
CSIAMGYEQYF	1
CSIEVRSEGDEAFF	1
CSTRGLAGVTDTQYF	1
CSTWYNEQFF	1
CSTRSQREDLYEQYF	1
CSTSWGNYGYTF	1
CSSKGGSILRETQYF	1
CSRDLTDTQYF	1
CRPNPGLAGGPDYNEQFF	1
CRATSDPYNEQFF	1
CRGVGGSNTGELFF	1
CRGALPNSPLHF	1
CRDCRDYKPSSSYNEQFF	1
CRLTSGRSGEQYF	1
CRALQGNLYNEQFF	1
CRASESSYNEQFF	1
RASSQVSGSQRDEQFF	1
RRTRVDEQFF	1
CAISELGGPPDEQFF	2
CATSGRGSTDTQYF	2
CASSMGREIDTQYF	2
CASSPGVYEQYF	2
CASFGTGELFF	2
CASSWDSPGNEQFF	2
CASQLGSSVQETQYF	2
CASTKSGGGDEQYF	2
CASTELDTGELFF	2
CASSLSIRGYEQYF	2
CASSLVGNVDGYTF	2
CASSLFPTGAFPQGTQYF	2
CASSYSITDGTRSNQPQHF	2
CASSYAGGGDEQYF	2
CASSPSGSSGLYEQYF	2
CASSADSNTEAFF	2
CASSTSGSGQETQYF	2
CASSFAEKLFF	2
CASSFGGSGRKGNEQFF	2
CASSFDPQETQYF	2
CASSLLRTNTEAFF	2
CASSLAGTDTQYF	2
CASSLAMTGRAADTQYF	2
CASSLGDREQTQYF	2
CASSSLNQPQHF	2
CASSSSGQGASDEQYF	2
CASSLFGGSSGANVLTF	2
CASSPSGVGRLNTEAFF	2
CASSPRQKTTYEQYF	2
CASSPTGGDYEQYF	2
CASSRHSAGLGTEAFF	2
CASSRDRDPNSPLHF	2
CASSQDLRSGSYNEQFF	2
CASSARAASGANVLTF	2
CASSAQGAIADTQYF	2
CASSTRDIKKLFF	2
CASRTSGSWGGGDEQFF	2
CASRMGTSGTGELFF	2
CASSLAGSSTEAFF	2
CASSLGPRNEKLFF	2
CASSLDWRETQYF	2
CASSLRGQGRDTEAFF	2
CASSQDFRADTQYF	2
CSAAPSGGSASGANVLTF	2
CSARWPGPTTQYF	2
CSARGVWDEQFF	2
CSVGRAPVTGELFF	2
FASSQVLSEGGF	1
SASSSYRDGDEQFF	1
CVSGTSGTYEQYF	1
CVSSFRGTGTDTQYF	1
CASERDTDTQYF	1
CALRPPYGGLGETQYF	1
CATGSGLVWYNEQFF	1
CASSPGQGHSTYEQYF	1
CASGLVRGEAPHGYTF	1
CASGLVRTGDNTGELFF	1
CASGLVIGQGNNEQFF	1
CASGLAEVDEQFF	1
CASGLGQTLQETQYF	1
CASGLMTSGNNEQFF	1
CASGLTQSGEQFF	1
CASGSGALSSGSTQFF	1
CASGSGGRKDTQYF	1
CASGYGSGDTQYF	1
CASGAGTSGYNEQFF	1
CASGTKPLLAGAGEQFF	1
CASGYRIANTGELFF	1
CASGPNITGTYIGELFF	1
CASGEQGETQYF	1
CASSFSVTGELFF	1
CASSFTSGYNEQFF	1
CASSLNSYTDTQYF	1
CASSLVGTGPWIYFSNEQFF	1
CASSLARSSEQYF	1
CASSLGQGSHEQYF	1
CASSLGATYEQYF	1
CASSLEGAPTDTQYF	1
CASSLRTTDTQYF	1
CASSLRLGDTQYF	1
CASSLNRNHYNEQFF	1
CASSSSSGRSDEQFF	1
CASSSSQGSGELFF	1
CASSSSSYNEQFF	1
CASSSITYNEQFF	1
CASSSSAGGIGEQFF	1
CASSSPPGGSETQYF	1
CASSSNFGTPTFQETQYF	1
CASSPGTSGSHEQYF	1
CASSPNLGFYEQYF	1
CASSPNGGLSTDTQYF	1
CASSRDWHTDTQYF	1
CASSRTSGTDTQYF	1
CASSAMSAGVETQYF	1
CASSAGLASYNEQFF	1
CASSETGGPYNEQFF	1
CASSTLTPGQGTGELFF	1
CASSTLETQYF	1
CAFDGYGYTF	1
CAFPGQETQYF	1
CAFQGHFTGELFF	1
CAFRGLYGYTF	1
CALVPENIQYF	1
CALGRGTDTQYF	1
CASWDLGEQYF	1
CASQSGTAYNEQFF	1
CASLRSVLAGVHGGELFF	1
CASLGIQTYEQYF	1
CASRGPRGIVTDTQYF	1
CASRRQGGTGELFF	1
CASQGLASQETQYF	1
CASGTGMPQETQYF	1
CASGRGRERRETQYF	1
CASRQGGTDTQYF	1
CASRTGATDTQYF	1
CASRTSGKSDTQYF	1
CASWGNYGYTF	1
CASQSPTSGYNEQFF	1
CASGSGGRSYNEQFF	1
CASEGLVPYEQYF	1
CASSLYASGRVSSYEQYF	1
CASRGGQGHQPQHF	1
CASKGLALSYNEQFF	1
CASKWGGRFYNEQFF	1
CACLDRGIIF	1
CACECGAGASNEQYF	1
CACTGGDEQFF	1
CACSRGTQETQYF	1
CAWSVVTEAFF	1
CAWSPGQGYRWYEQYF	1
CAWCGSRTGGFADHQPQHF	1
CAWLRAGLFTDTQYF	1
CAWPRQALANYGYTF	1
CAWHLAQIGEQFF	1
CAWVYSGGYTGELFF	1
CAWGRQTNTEAFF	1
CAWGQGDYEQYF	1
CAWGTNNYEQYF	1
CAWGTLRRGEQYF	1
CAWISPGQGPYEQYF	1
CAWITAYNTEAFF	1
CAWTSGRIPYNEQFF	1
CAWTATGVYGYTF	1
CAWTGRALAGELFF	1
CAWTYNRVSYEQYF	1
CAWTGQGIDTQYF	1
CAWSFDGTDTQYF	1
CAWSFGQGDQPQHF	1
CAWSSLNEQFF	1
CAWSYPYEQYF	1
CAWSYGTWSGYTF	1
CAWSYGQGSDNEQFF	1
CAWSLGLAADTQYF	1
CAWSPGPRTDTQYF	1
CAWSPSLSGYNEQFF	1
CAWSPPDRSFGYTF	1
CAWSPDYEQYF	1
CAWSPNYNEQFF	1
CAWSPARTSLKRIDF	1
CAWSPGDNQPQHF	1
CAWSPTGTGINEQFF	1
CAWSRDSNQPQHF	1
CAWSRLAGRGTQYF	1
CAWSQTGANTEAFF	1
CAWSQLYEQYF	1
CAWSQQGLRNQPQHF	1
CAWSQKAGMSKQYF	1
CAWSVPGVGSNQPQHF	1
CAWSVITNSYEQYF	1
CAWSVNRGPGGYEQFF	1
CAWSVWGGTEAFF	1
CAWSVRMHSGPFSYEQYF	1
CAWSVRSYRENNEQFF	1
CAWSVGNTDTQYF	1
CAWSVGSYQPQHF	1
CAWSVDGYSPLHF	1
CAWSVDGTYKNIQYF	1
CAWSVRPNQPQHF	1
CAWSVFRGITEAFF	1
CAWSVSGVEQFF	1
CAWSVLTGETEAFF	1
CAWSVPRDRGWQPQHF	1
CAWSVRPQFF	1
CAWSVRARGTDTQYF	1
CAWSVRRGDEQYF	1
CAWSVGDRSYEQYF	1
CAWSVGTGLLTGELFF	1
CAWSVGRGAYEQYF	1
CAWSVGTSGYSSYNEQFF	1
CAWSVETNTEAFF	1
CAWSVMGSGYTF	1
CAWSVTETQYF	1
CAWSVSFEEKLFF	1
CAWSVSGRSVDEQFF	1
CAWSVRSGGIEKLFF	1
CAWSVRNYEQYF	1
CAWSAGVTEAFF	1
CAWSAGTAYGYTF	1
CAWSAGTGFTDTQYF	1
CAWSGGSLLETQYF	1
CAWSGVSGNEQFF	1
CAWSGGYLELFF	1
CAWSGQDSYEQYF	1
CAWSGGRHSYEQYF	1
CAWSEGAVPEAFF	1
CAWSIGLGETQYF	1
CAWSTDRNTEAFF	1
CAWSTTDTQYF	1
CAWSTGLAGAADTQYF	1
CAWSTGSGGNTIYF	1
CAWSREGEQFF	1
CAWSNTRGGNQPQHF	1
CAWSNGRFYEQYF	1
CAWSPEQYF	1
CAWSPTTGELFF	1
CAWSQTGTGGLPQHF	1
CAWSVLAGAEADEQYF	1
CAWSASDIQYF	1
CAWSAGAGGPIDTQYF	1
CAWSDRGNTEAFF	1
CAWSEGVHSTDTQYF	1
CAWSTDTQYF	1
CAWRLGPLSYEQYF	1
CAWRLSGGGRTTEAFF	1
CAWRPSVRDTGELFF	1
CAWRPTGISSSYEQYF	1
CAWRASGTGLDTQYF	1
CAWREGQGMRGYTF	1
CAWRTLRGTDTQYF	1
CAWRSGDTQYF	1
CAWRKTGENYEQYF	1
CAWRAGESYEQYF	1
CAWRGARNTIYF	1
CAWNGGLNTEAFF	1
CAWNLNRNTIYF	1
CAWNPRLASTYEQYF	1
CAWNGQAVSPLHF	1
CAWKSGSSYNEQFF	1
CAWKKGTEAFF	1
CAWKPGWTYGYTF	1
CAWKGQYEQYF	1
CAYDSANEKLFF	1
CALDPRNTEAFF	1
CAPPGDGGTGELFF	1
CAPHRGGDTQYF	1
CARHDRGVTDTQYF	1
CARRGGGGTQYF	1
CARAGANNEQFF	1
CAQGTRANVLTF	1
CAVGGLGAYEQYF	1
CAVSASEVYEQYF	1
CAVAAGSGDTQYF	1
CAVSGSDEQFF	1
CAVREDSYNSPLHF	1
CAAGTGGVRSTGELFF	1
CAAKGLAEPTGELFF	1
CAAGPDDTQYF	1
CAAGGTAGDGYTF	1
CAAADQLAGYNEQFF	1
CAAGGTLTGELFF	1
CAATAGSTDTQYF	1
CAGHRGDQETQYF	1
CAGQNYGYTF	1
CAGGTGFSYEQYF	1
CAGRDPAYNEQFF	1
CAGRVGETQYF	1
CAGSAGENTEAFF	1
CAGSGTGGEKLFF	1
CAGGLAGLNEQFF	1
CAGGQGAYEQYF	1
CAGEGENHPYEQYF	1
CAGTSGREGYNEQFF	1
CAGSRNSGIFGELFF	1
CAGSRVAYNEQFF	1
CAGSDRGTLNTGELFF	1
CAGREGRSYGYTF	1
CAGRVGNEQFF	1
CAGTSGSYNEQFF	1
CAGTGAISGANVLTF	1
CADKTDTGELFF	1
CAEKNRDSGIMSTEAFF	1
CAISNRDGYTF	1
CAIGPGQGETQYF	1
CAIDNSGSEYEQYF	1
CAITDRGPGETQYF	1
CAIRLAGGSRNEQFF	1
CAIFRLGQTSGNTIYF	1
CAILAVGKETQYF	1
CAISDSGGFTDTQYF	1
CAISAREREDTQYF	1
CAIWSGSGANVLTF	1
CAILVGARSTGELFF	1
CAIPRGQGTDTQYF	1
CAIRGRLAGEQYF	1
CAIRDGDYNEQFF	1
CAIRQGQVDTQYF	1
CAIRQGANVLTF	1
CAIAGGTFYNEQFF	1
CAIGGSSNQPQHF	1
CAIGRSTYAYGADTQYF	1
CAIGLAAYNEQFF	1
CAIDPYGLQQFF	1
CAIETGVEQYF	1
CAIMEGQANTEAFF	1
CAITPSGGYEQYF	1
CAITPEEGTGELFF	1
CAITGTITLNEQFF	1
CAITEGSYTDTQYF	1
CAITTGSYNEQFF	1
CAISLGRADTDTQYF	1
CAISSRESGDTEAFF	1
CAISSGGSTDTQYF	1
CAISSGTSTDTQYF	1
CAISSSGTSTDTQYF	1
CAISPGTSGSETQYF	1
CAISPGLAGEKNTGELFF	1
CAISPEDGIQETQYF	1
CAISHPIQVLNTEAFF	1
CAISVWDSGTSTDTQYF	1
CAISVGGDTQYF	1
CAISVTPTYEQYF	1
CAISVHNEQFF	1
CAISASYGTGGETQYF	1
CAISAPNTDTQYF	1
CAISARDRVSYEQYF	1
CAISAGGKETQYF	1
CAISAGAGYEQYF	1
CAISAAGDTEAFF	1
CAISAGPPSTDTQYF	1
CAISAGDLAGAGTDTQYF	1
CAISAGTGGSEQYF	1
CAISGGLAATYEQYF	1
CAISGGTSGANNEQFF	1
CAISGVDTEAFF	1
CAISGSGDEQFF	1
CAISGAGESEQYF	1
CAISGGKETQYF	1
CAISGGGSTDTQYF	1
CAISGGGETQYF	1
CAISGGARETQYF	1
CAISGGTGQGYEQYF	1
CAISGGLAGEAYEQYF	1
CAISGETGTSGETQYF	1
CAISGTSGREETQYF	1
CAISGTSGRQVTQYF	1
CAISGTSGNVYEQYF	1
CAISGTLSGSTDTQYF	1
CAISGSSGTEETQYF	1
CAISGWRSYSYEQYF	1
CAISGQGEQYF	1
CAISGQGLGTDTQYF	1
CAISGGSQETQYF	1
CAISGEGHTDTQYF	1
CAISDPGESKNIQYF	1
CAISDRGLNTEAFF	1
CAISDHPGRAGELFF	1
CAISDGGFYNEQFF	1
CAISDGGPDLSIAKNIQYF	1
CAISDDSENTIYF	1
CAISDIAGETDTQYF	1
CAISDTSGGGEQYF	1
CAISDTGETYEQYF	1
CAISDRVTADNSPLHF	1
CAISDRTSENTGELFF	1
CAISDLGQGVGEQYF	1
CAISDSKGSYEQYF	1
CAISDWGGDAYNEQFF	1
CAISDLLASVKGQFF	1
CAISDLRTSGRAGFSYEQYF	1
CAISDPPAGTQETQYF	1
CAISDPGDSSYEQYF	1
CAISDPGRATYEQYF	1
CAISDPDRDAEAFF	1
CAISDPGQGLAKNIQYF	1
CAISDPGQGVDTQYF	1
CAISDPISLPYGYTF	1
CAISDGTSGSADTQYF	1
CAISDETGESYNEQFF	1
CAISDEGVSSYEQYF	1
CAISDTSYEQYF	1
CAISDTTDSRTDTQYF	1
CAISEFSDNSYNEQFF	1
CAISEFPAKSSYEQYF	1
CAISESWPGGGYEQYF	1
CAISESPGVNEQFF	1
CAISESQGRDNEQFF	1
CAISESGSGNIRDNEQFF	1
CAISESSGSSEQYF	1
CAISESWGPNTGELFF	1
CAISESAYPGEQYF	1
CAISESGVEQPQHF	1
CAISESGGGEQYF	1
CAISESSKGDYGYTF	1
CAISESVLAYEQYF	1
CAISESGSGKETQYF	1
CAISESGLGRGVNIQYF	1
CAISESGRNNEKLFF	1
CAISESGSSSYEQYF	1
CAISESGLRTSGSYEQYF	1
CAISESDKGGAGTQYF	1
CAISESEEGEVYYEQYF	1
CAISESIASGANQETQYF	1
CAISESTGGVLANEKLFF	1
CAISESTVTALGTQYF	1
CAISESTGRGETQYF	1
CAISESSVSRPGEQYF	1
CAISESRMSSGNGEQFF	1
CAISESSRTGQFF	1
CAISESGVSYNEQFF	1
CAISESGGTLEQYF	1
CAISESERGKETQYF	1
CAISEWVNQPQHF	1
CAISEWTAGAETQYF	1
CAISEYLGANSPLHF	1
CAISELNPSTDTQYF	1
CAISEPAGVGETQYF	1
CAISEPGLAGEEAGELFF	1
CAISERGSTDTQYF	1
CAISERDSSYEQYF	1
CAISERTASSYEQYF	1
CAISEQGGGDQPQHF	1
CAISEVASGRRDEQYF	1
CAISEVFSTDTQYF	1
CAISEARLAGVYEQYF	1
CAISEAGSGSGTQYF	1
CAISEATSGSYEQYF	1
CAISEGSGANVLTF	1
CAISEGAPVGGSTDTQYF	1
CAISEGAASGVLYNEQFF	1
CAISEGTPAYEQYF	1
CAISEGTGGPPYEQYF	1
CAISEINEQFF	1
CAISETSGRLTDTQYF	1
CAISETRLYEQYF	1
CAISETQGTGELFF	1
CAISETDTQYF	1
CAISETGPGANVLTF	1
CAISESVRGKHEQYF	1
CAISENGGETQYF	1
CAISENNNNEQFF	1
CAISESGAEQFF	1
CAISESGQGLETQYF	1
CAISEWAVQSQPQHF	1
CAISELANQETQYF	1
CAISEGRENIQYF	1
CAISEGLSGSYHEQYF	1
CAISEGAGETQYF	1
CAISEGTSGTDTQYF	1
CAISEGTRAAGTYNEQFF	1
CAISEGTGGGYTF	1
CAISEGTGTEKLFF	1
CAISEGQGRFNEQFF	1
CAISEGAKETQYF	1
CAISEDGTGFPSTF	1
CAISEELAGQFF	1
CAISEEQIQETQYF	1
CAISETSVSYEQYF	1
CAISETVGFWDTGELFF	1
CAISEKPKYEQYF	1
CAISTRDRATDTQYF	1
CAISTGTGTYEQYF	1
CAISLGSGGASGAYNEQFF	1
CAISPVIGTQSYEQYF	1
CAISRTGWEQPQHF	1
CAISRDSTETQYF	1
CAISQGDEQYF	1
CAISATGLGGSTDTQYF	1
CAISARGGRNTEAFF	1
CAISASGTEQYF	1
CAISGGVNEQFF	1
CAISGTSGRRAGELFF	1
CAISGTQKETQYF	1
CAISGTGVTYEQYF	1
CAISGTGEVGIQYF	1
CAISGQGSYNEQFF	1
CAISGNRENTGELFF	1
CAISDRVTKRTGNTIYF	1
CAISEGDRSSYEQYF	1
CAIRPSIAGGGSYEQYF	1
CAIRVEGLAVYNEQFF	1
CAIRGSYEQYF	1
CAIRGLAGDESNEQFF	1
CAIRDDRGNQPQHF	1
CAIRDTYEQFF	1
CAIRDSTDTQYF	1
CAIRDREEIEETQYF	1
CAIREREGRGNIQYF	1
CAIRRVSGANVLTF	1
CAIRRTSGDNEQFF	1
CAIRRTGQEQFF	1
CAIRRQGDDQPQHF	1
CAIRRRQGFYEQYF	1
CAIRAPGQGSYEQYF	1
CAIRAGSGGDIQYF	1
CAIRGASGAYNEQFF	1
CAIRTGTGAREAFF	1
CAIRTELAVTYEQYF	1
CAIKPGNSYEQYF	1
CAIKTSVTDTQYF	1
CAIKRDSNTDTQYF	1
CAMRRGAYNEQFF	1
CAISAAEAKQYQETQYF	1
CAISTGGDEKLFF	1
CAIAKNSNNEQFF	1
CAIRGQVYGYTF	1
CAIKGQLDQPQHF	1
CATLDRRTDTQYF	1
CATSQTGVTYEQYF	1
CATWTSGNGETQYF	1
CATLGEANTGELFF	1
CATLTGQRSNQPQHF	1
CATLPSGSYNEQFF	1
CATPTSNSPRELFF	1
CATRDSFYEQYF	1
CATAWGRQETQYF	1
CATIRPGSDTQYF	1
CATTLGQDRPSNEQFF	1
CATSRDQETQYF	1
CATRPSGSFYNEQFF	1
CATRGWLAGFIETQYF	1
CATRGGSGELFF	1
CATRFWWNTEAFF	1
CATFRWSIYYEQYF	1
CATSFRESNYGYTF	1
CATSPPHNEQFF	1
CATSSAKEMGTDTQYF	1
CATSLRGRETQYF	1
CATSLKGQNLAKNIQYF	1
CATSPSGSSYNEQFF	1
CATSQPSGSANYNEQFF	1
CATSGTTPGTQYF	1
CATSGTGTSYEQYF	1
CATSDRVDAKTQYF	1
CATSNVGTLNTEAFF	1
CATSYGILSTDTQYF	1
CATSGQGTYEQYF	1
CATSTGQYNQPQHF	1
CATSYSADTQYF	1
CATWGLAGDEQYF	1
CATLPGLAGEDEQYF	1
CATLMDRNNEQFF	1
CATLRLGSYNEQFF	1
CATLGRSYEQYF	1
CATLDRGAYNEQFF	1
CATLRGANTGELFF	1
CATRRDFQETQYF	1
CATRASGPYNEQFF	1
CATRAGPNTGELFF	1
CATRGGGAGETQYF	1
CATRDFQETQYF	1
CATRDSLNIQYF	1
CATRDRGRNEQFF	1
CATRSRVGEQFF	1
CATRAGPYNEQFF	1
CATHRAGANEQFF	1
CATHQGVGTGELFF	1
CATQPVGAGGDEQFF	1
CATQREGYNEQFF	1
CATQVSGFFGRSYNEQFF	1
CATQGIHTGELFF	1
CATQGGVDSGNTIYF	1
CATQDFDEQFF	1
CATQRRERNEQFF	1
CATQRSWSYEQYF	1
CATQGQANTGELFF	1
CATQRTSGNYEQYF	1
CATVRDAGVETQYF	1
CATAAGQTGNTGELFF	1
CATAGTANTGELFF	1
CATARNNEQFF	1
CATAPGAGDTQYF	1
CATAAGRAGETQYF	1
CATATSGRISDTQYF	1
CATALGPRGEQFF	1
CATAPTSGSYNEQFF	1
CATGGSGQETQYF	1
CATGEVNQETQYF	1
CATGLSGSYEQYF	1
CATGPNRADTQYF	1
CATGVADSYNEQFF	1
CATGARRLAGGEQFF	1
CATGELTSGSYEQYF	1
CATGTTGSNEQFF	1
CATGTSGRPAETQYF	1
CATGRTGSYNEQFF	1
CATGLAGVEQYF	1
CATGPPGDRATDTQYF	1
CATGQGAQGNEQFF	1
CATGQGPNTEAFF	1
CATGQDQTGELFF	1
CATGGKTSSLPHEQFF	1
CATGTGTDTQYF	1
CATDLGRNLHEQYF	1
CATDRGVGYEQYF	1
CATEAFGSLSYNEQFF	1
CATEGLAGSLEQYF	1
CATERRQGATEGNTEAFF	1
CATIARSSYNEQFF	1
CATMGGLYNEQFF	1
CATMGEGLNEQYF	1
CATMTVTEAFF	1
CATMKGVHYNEQFF	1
CATTPRQGTEGDEQFF	1
CATTPNRVGYGYTF	1
CATTRTGAQETQYF	1
CATTEENTIYF	1
CATTRGGVGVNYEQYF	1
CATSSSAGGWQSGTDTQYF	1
CATSSLPGDSSYNEQFF	1
CATSSHGRGTDTQYF	1
CATSSARNSYNEQFF	1
CATSSGSSTDTQYF	1
CATSSTTVYTPTDTQYF	1
CATSSTGLTQETQYF	1
CATSWTGGLSGELFF	1
CATSLTSPKFNEQFF	1
CATSPSQPPYEQYF	1
CATSPGHNEQFF	1
CATSRAGGPEDEQFF	1
CATSRGNEQFF	1
CATSRDYQETQYF	1
CATSRWTRGQETQYF	1
CATSHSELNTGELFF	1
CATSVPGTSGLNEQFF	1
CATSVPTGISTDTQYF	1
CATSVLGQGASNDEQFF	1
CATSVQNTGELFF	1
CATSVSQQETQYF	1
CATSASRVTDTQYF	1
CATSARPQSPQYF	1
CATSAGGRYNEQFF	1
CATSAGTGGKNEQFF	1
CATSAGLAGENEQFF	1
CATSATYTDTQYF	1
CATSATATTYNEQFF	1
CATSAPKDRASTDTQYF	1
CATSAPWYRDDEQFF	1
CATSAPTGMAYNEQFF	1
CATSARETSYNEQFF	1
CATSAGYEQYF	1
CATSAIGGAGNQPQHF	1
CATSAFQPETQYF	1
CATSAGWGTDTQYF	1
CATSATSGRGYNEQFF	1
CATSAPGLAGATQYF	1
CATSAGVSDEQYF	1
CATSGYRGPMNTGELFF	1
CATSGRQERGIYEQYF	1
CATSGQALGNEQFF	1
CATSGQVANTGELFF	1
CATSGEGLAGSTDTQYF	1
CATSGLDIDNEQFF	1
CATSGGTSGRETQYF	1
CATSGREGRETQYF	1
CATSGREAYNEQFF	1
CATSGGPLLPGLYNEQFF	1
CATSGGRGPSGELFF	1
CATSGGTSGRINEQFF	1
CATSGERAGELFF	1
CATSGKTGLGSYNEQFF	1
CATSGLGLALPEASTDTQYF	1
CATSGLAYNEQFF	1
CATSGLTSGGNNEQFF	1
CATSGRRGTSTDTQYF	1
CATSGRVRAETQYF	1
CATSGVGGEQYF	1
CATSGKESASGDRDEQFF	1
CATSDFFSSNEQFF	1
CATSDFLAGTYNEQFF	1
CATSDFSWDEQFF	1
CATSDFSAAGPVSKETQYF	1
CATSDFSDTQYF	1
CATSDFSGHEQFF	1
CATSDFWDTQYF	1
CATSDFPRSNEQFF	1
CATSDFPDAGGEKQYF	1
CATSDFRGTGELFF	1
CATSDFGRSSYNEQFF	1
CATSDFGVAGELFF	1
CATSDFGAAYNEQFF	1
CATSDFPTGPETQYF	1
CATSDFQLDTGELFF	1
CATSDFVAGSYEQYF	1
CATSDFGGRTDTQYF	1
CATSDFGGTSTDTQYF	1
CATSDFEGGAYNEQFF	1
CATSDFIPGGPGEQFF	1
CATSDFRSNMAFF	1
CATSDLSRGGSYNEQFF	1
CATSDLSGLAKNIQYF	1
CATSDLWKRECRETQYF	1
CATSDLLAGGLDEQFF	1
CATSDLPLAGAYNEQFF	1
CATSDLPGGAKGQRVGVNNEQFF	1
CATSDLRDEQFF	1
CATSDLRDRVGPDTQYF	1
CATSDLRGQGFNTEAFF	1
CATSDLRGGAYNEQFF	1
CATSDLQGGTYNEQFF	1
CATSDLVTGDEQFF	1
CATSDLAGTGGFNEQFF	1
CATSDLGLDTQYF	1
CATSDLGGAGETQYF	1
CATSDLGGRGQHLYNEQFF	1
CATSDLGDYNEQFF	1
CATSDLGDPYEQYF	1
CATSDLGAPNTGELFF	1
CATSDLGAGEGDTDTQYF	1
CATSDLGGDSSGETQYF	1
CATSDLGGPDKETQYF	1
CATSDLTRNQPQHF	1
CATSDLTSGRAHEQFF	1
CATSDLRGSAQFF	1
CATSDLRSGSSYNEQFF	1
CATSDLRQGDTGELFF	1
CATSDLKGETQYF	1
CATSDLLAGGPNEQFF	1
CATSDLVTDTQYF	1
CATSDLAGRNTGELFF	1
CATSDLGLEGTDTQYF	1
CATSDLGLGVGELFF	1
CATSDLGRDLNEQFF	1
CATSDLGREIGEQFF	1
CATSDLGNEQFF	1
CATSDLTGGPYNEQFF	1
CATSDSRGLRGQQYF	1
CATSDSIINTGELFF	1
CATSDSREADTQYF	1
CATSDSYKTGVYGYTF	1
CATSDSLAGPDTGELFF	1
CATSDSPPDTAESSYNEQFF	1
CATSDSGTSGIQDTQYF	1
CATSDSGTSGRNEQFF	1
CATSDSGTSSGTGELFF	1
CATSDSTGQGYEQFF	1
CATSDSRGTVETQYF	1
CATSDSWDSSNQPQHF	1
CATSDSWDNSYNEQFF	1
CATSDSPGPNWVDTGELFF	1
CATSDSRQGADNEQFF	1
CATSDSASGSYEQYF	1
CATSDSGTGVYEQYF	1
CATSDSGLPMFF	1
CATSDSSLRGETQYF	1
CATSDSWVNNEQFF	1
CATSDSRSGQYNEQFF	1
CATSDWSLAGGSGELFF	1
CATSDWSAGPIAGRQFF	1
CATSDWDRGTDTQYF	1
CATSDWTPDGIDEQFF	1
CATSDWNTSGKDEQYF	1
CATSDYYRGRQFF	1
CATSDYRAKLAGGDTQYF	1
CATSDYGYGSRSKEQFF	1
CATSDYDSSGTQYF	1
CATSDLYNEQFF	1
CATSDLRRGLTSNTGELFF	1
CATSDLRTSGSRDEQFF	1
CATSDLGLDTGELFF	1
CATSDPETGELFF	1
CATSDPTRTGGGEQYF	1
CATSDPTGVDNEQFF	1
CATSDPSGKNEQFF	1
CATSDPLLREQFF	1
CATSDPASGGYNEQFF	1
CATSDPGNTGELFF	1
CATSDPGRAETQYF	1
CATSDPTSGSSYNEQFF	1
CATSDPDEMVTDTQYF	1
CATSDPDRGRFSGELFF	1
CATSDPPTSPDTQYF	1
CATSDPRVRDEQYF	1
CATSDPALSTDTQYF	1
CATSDPTTGANYNEQFF	1
CATSDRPGQTKTGELFF	1
CATSDRRDRSRSGANVLTF	1
CATSDHTGVREQYF	1
CATSDHRLAGNTDTQYF	1
CATSDHRTGLRQETQYF	1
CATSDHRGSTGELFF	1
CATSDQTVNGELFF	1
CATSDQRDRGRPGELFF	1
CATSDVRGPGETQYF	1
CATSDVSGGTSRSQYF	1
CATSDASVQETQYF	1
CATSDARSADSNQPQHF	1
CATSDAGTGAYEQYF	1
CATSDAGLAGRGEQYF	1
CATSDATSPNTGELFF	1
CATSDAGVADTQYF	1
CATSDGGLPHNEQFF	1
CATSDGGTHYNEQFF	1
CATSDGREQYF	1
CATSDDRGFHEQFF	1
CATSDIRAGANVLTF	1
CATSDMGGLTGELFF	1
CATSDITTGELFF	1
CATSDTTSGYEQFF	1
CATSDSVEGNEQFF	1
CATSDRVGRTDTQYF	1
CATSDNGQGALYNEQFF	1
CATSDKRNDYNEQFF	1
CATSDLGAEGNEQFF	1
CATSDLGLAANEQFF	1
CATSDSGTGWTDTQYF	1
CATSDSGTGGLNEQFF	1
CATSDSGRTTGNTIYF	1
CATSDSLAGGTNTGELFF	1
CATSDSTGTSSYNEQFF	1
CATSDSGTSGETQYF	1
CATSDSGLAGGRFYNEQFF	1
CATSDYGTGDTGELFF	1
CATSDLDRGTDTQYF	1
CATSDLPSGAYNEQFF	1
CATSDPPTDTQYF	1
CATSDPSGRRADTQYF	1
CATSDPFGGRSTDTQYF	1
CATSDPLGQGRADTQYF	1
CATSDPPAGEQYF	1
CATSDPTRGTQETQYF	1
CATSDPRTSGSEQFF	1
CATSDPAGGSYEQYF	1
CATSDPGQGDSGANVLTF	1
CATSDPGGGLDEQFF	1
CATSDPTENQETQYF	1
CATSDPTAMGTGELFF	1
CATSDPLDRTYSYNEQFF	1
CATSDPSSVGTDTQYF	1
CATSDPQDRVHQETQYF	1
CATSDPTWNTGELFF	1
CATSDRGLAYTGELFF	1
CATSDRGLGTETQYF	1
CATSDRDRGLETQYF	1
CATSDRTPPYNEQFF	1
CATSDHSQQEQFF	1
CATSDHTDTQYF	1
CATSDQQGDPFF	1
CATSDGSDTGELFF	1
CATSDDIAGGPDTQYF	1
CATSDDGLNTEAFF	1
CATSDIFLFTDTQYF	1
CATSDTGTSGSNEQFF	1
CATSDTGAGGPGETQYF	1
CATSDTGQGAHNEQFF	1
CATSDRLSDTQYF	1
CATSDRLAGGRNEQFF	1
CATSDNQETQYF	1
CATSDNGQIGRTQYF	1
CATSEAGSSYEQYF	1
CATSEAGALFDEQFF	1
CATSEGLLDTQYF	1
CATSEGGVYNEQFF	1
CATSEDTWDTQYF	1
CATSEMRSSSYNEQFF	1
CATSETTSSIETQYF	1
CATSERGRKRESKDTQYF	1
CATSERRRAGDTDTQYF	1
CATSENTGELFF	1
CATSELRASGYNEQFF	1
CATSELPGLSTDTQYF	1
CATSEPSGGRETQYF	1
CATSEPIKGQNEQFF	1
CATSEPQAGSSYNEQFF	1
CATSEPQGPEQFF	1
CATSERTGTDTQYF	1
CATSEQTYNEQFF	1
CATSEGRDLTSDTQYF	1
CATSEGGYGYTF	1
CATSETKRGQETQYF	1
CATSETTGSEQYF	1
CATSERIGAGELFF	1
CATSIGGTGELFF	1
CATSTSGRAQVREQFF	1
CATSTRDSSTGELFF	1
CATSSSRVGTGELFF	1
CATSRPFGLSNEQFF	1
CATSKTSGIAEQFF	1
CATSKPDRGHQETQYF	1
CATSLGTSANNEQFF	1
CATSLPGTEETQYF	1
CATSLQNNQPQHF	1
CATSLVGGYEQYF	1
CATSSLDGNEQFF	1
CATSSLLRDEQYF	1
CATSSQRGTEQETQYF	1
CATSSKDRDGNEQFF	1
CATSSRDRGSEQYF	1
CATSSGGTWASSRNTQYF	1
CATSWGQAEYYEQYF	1
CATSYTSGSLSRQYF	1
CATSYRTSGSEQYF	1
CATSYRSRNTEAFF	1
CATSLSRSTDTQYF	1
CATSLAGRGDYGYTF	1
CATSLGQTNTGELFF	1
CATSPGANVLTF	1
CATSPWTSSSDTQYF	1
CATSPLSGKSLGYTF	1
CATSPPGERIFDTGELFF	1
CATSPADTQYF	1
CATSPGRLGQPQHF	1
CATSPFNTDTQYF	1
CATSPGQETYEQYF	1
CATSPSSGYYEQYF	1
CATSPGQDTDTQYF	1
CATSRDWLLDEQFF	1
CATSRPGSEEQYF	1
CATSRGQGISGNTIYF	1
CATSRGTSTDTQYF	1
CATSRDRVGYEQFF	1
CATSRDRGQDTQYF	1
CATSRGPKETQYF	1
CATSRGQGEGLYNEQFF	1
CATSRILSNQPQHF	1
CATSRRTSGYEQYF	1
CATSHFRGGSEQFF	1
CATSHAGGGTDTQYF	1
CATSQTKLRRIDRNEQFF	1
CATSQADRGRETQYF	1
CATSVQRGGADTQYF	1
CATSVDRGAWPQHF	1
CATSARGTSGWNEQFF	1
CATSAGGYEQYF	1
CATSAWGQGGETQYF	1
CATSAQRLQETQYF	1
CATSARGYSGANVLTF	1
CATSARLAGGLGDEQFF	1
CATSGTRYYEQYF	1
CATSGPRRQGHHGQFF	1
CATSGRAQETQYF	1
CATSGGWETQYF	1
CATSGGEGAYEQYF	1
CATSGIQETQYF	1
CATSGIKNTGELFF	1
CATSGTSGSYEQYF	1
CATSGKGSSYNEQFF	1
CATSGSSGRGSDTQYF	1
CATSGRSGKVLHNEQFF	1
CATSGQGRNQPQHF	1
CATSGGQVYEQYF	1
CATSGTNTGELFF	1
CATSGRTGATDTQYF	1
CATSDRDYPEEQYF	1
CATSDAGAITDTQYF	1
CATSDRQSNNEQFF	1
CATSDRDRGPETQYF	1
CATSDGQEETQYF	1
CATSEARDRAPNYGYTF	1
CATSEGALNTGELFF	1
CATSERSASGQYF	1
CATSIGTRTDTQYF	1
CATSIGSGGETQYF	1
CATSIRHQPRSSGIGELFF	1
CATSMGRPTSTDTQYF	1
CATSIYSGIGNEQFF	1
CATSIQGGFGTDTQYF	1
CATSIGTFEAFF	1
CATSIGTNTGELFF	1
CATSIRQGYSNQPQHF	1
CATSTAGEGANEQYF	1
CATSTDSGTDTQYF	1
CATSTDALTGRFGNTIYF	1
CATSTRRRAGLGNEQFF	1
CATSTRTGGLNQPQHF	1
CATSTGTGATYEQYF	1
CATSTQRERFGELFF	1
CATSTRLADTQYF	1
CATSTGVLGQGIDEQFF	1
CATSTGTGDDSNQPQHF	1
CATSTGQGLETQYF	1
CATSTSLAGGGTGELFF	1
CATSSLLTTPYEQYF	1
CATSSPPGGLNTGELFF	1
CATSSRRAYEQYF	1
CATSSRIAGELFF	1
CATSSGAYEQYF	1
CATSSGGIRSANTGELFF	1
CATSSGTGDTDTQYF	1
CATSSRGGMNTEAFF	1
CATSSKSRGDQPQHF	1
CATSSLQGNEQYF	1
CATSSSSGSLNEQYF	1
CATSSSGRGNEQYF	1
CATSSYGVSTDTQYF	1
CATSSLYEQYF	1
CATSSLLSQPQHF	1
CATSSLAKNIQYF	1
CATSSPPGQGQPQHF	1
CATSSPSRNGQYF	1
CATSSPGTSSKNIQYF	1
CATSSPTGEHQETQYF	1
CATSSRRGGFGELFF	1
CATSSRDTVTHQPQHF	1
CATSSHRGNEQFF	1
CATSSVGGTYNEQFF	1
CATSSAPRTASYEQYF	1
CATSSGVSNQPQHF	1
CATSSTGTGTLYEQYF	1
CATSSRTSGNEQYF	1
CATSSKFGTGRNEQFF	1
CATSRSNWVTSPRRNEQFF	1
CATSRPAGAGTDTQYF	1
CATSRPEAPEQFF	1
CATSRPGEQFF	1
CATSRREGRYEQYF	1
CATSRVRQPTETQYF	1
CATSRAGYLSGNTIYF	1
CATSRGWTGSYEQYF	1
CATSRGLAGGPTGELFF	1
CATSRGGNTGELFF	1
CATSRGGLAGSQETQYF	1
CATSRGGDFHEQYF	1
CATSRGTSGFYEQYF	1
CATSRDEPDSSGTKVDTQYF	1
CATSRDSGTGADEQFF	1
CATSRDRDRNSPLHF	1
CATSRDTSGTSYNEQFF	1
CATSRETSGSYEQYF	1
CATSRTSEVYEQYF	1
CATSRTNEVVFGTQYF	1
CATSRTSGQGAYEQYF	1
CATSRRQGNIDTQYF	1
CATSRRLAGGHNEQFF	1
CATSRKGELYNEQFF	1
CATSRKRDTGELFF	1
CATSRSGWGYSNQPQHF	1
CATSRSGDSYEQYF	1
CATSRYLTGDPSTDTQYF	1
CATSRYTLQATDTQYF	1
CATSRYRGLADNEQFF	1
CATSRLPPGDSNQPQHF	1
CATSRLAGNTGELFF	1
CATSRPIAAGADTQYF	1
CATSRPLAGGFGQETQYF	1
CATSRPRGLSTDTQYF	1
CATSRPSGQTAKNIQYF	1
CATSRPNPGQGNNEQFF	1
CATSRRQALAKNIQYF	1
CATSRRTGEYEQYF	1
CATSRRLAGEDEQFF	1
CATSRHGSRNEQFF	1
CATSRHREDEQFF	1
CATSRQGPGDEQFF	1
CATSRQGGNAAFF	1
CATSRQGDAVYEQYF	1
CATSRQGFGQPQHF	1
CATSRVPGPIYEQYF	1
CATSRVPAGGAVETQYF	1
CATSRVRTSGNEQYF	1
CATSRVGGGEQYF	1
CATSRVSGSTDTQYF	1
CATSRVRGLAGYNEQFF	1
CATSRVRILKYQETQYF	1
CATSRVGVGADTQYF	1
CATSRVTSGRNEQFF	1
CATSRVVGRAGNEQFF	1
CATSRVGEGPNTDTQYF	1
CATSRVLSAEETQYF	1
CATSRVLRVSGANVLTF	1
CATSRVATSGTPTDTQYF	1
CATSRVGINYGYTF	1
CATSRVGDSTNEKLFF	1
CATSRAFRLAVTIGELFF	1
CATSRAGQSYNEQFF	1
CATSRAFGRDRSYEQYF	1
CATSRASNGPSYEQYF	1
CATSRALPIGWGLMTDTQYF	1
CATSRAPGTYEQYF	1
CATSRARTPVETQYF	1
CATSRAPVGDEQFF	1
CATSRAVNTEAFF	1
CATSRARFYEQYF	1
CATSRAMGLEWGYEQYF	1
CATSRGLGRGRATNEKLFF	1
CATSRGSSGRAYEQYF	1
CATSRGSGNEQFF	1
CATSRGLLETQYF	1
CATSRGPGQGEQYF	1
CATSRGRRGGAYEQYF	1
CATSRGAGQGPDTQYF	1
CATSRGGGSTDTQYF	1
CATSRGGNNEQFF	1
CATSRGRDSSSYNEQFF	1
CATSRGLSSGNTIYF	1
CATSRGLAGEIGTDTQYF	1
CATSRGAGSSPSTDTQYF	1
CATSRGDREGQYNEQFF	1
CATSRGTVPEQFF	1
CATSRGLAGGPQFF	1
CATSRGPGAYNEQFF	1
CATSRGVSGDYNEQFF	1
CATSRGVGAYNEQFF	1
CATSRGASGRYNEQFF	1
CATSRGAKRNNEQFF	1
CATSRGGLAVYEQYF	1
CATSRGESDTQYF	1
CATSRGTEETQYF	1
CATSRGTSGDTQYF	1
CATSRGTGETQYF	1
CATSRGTVGETQYF	1
CATSRGTGTYEQYF	1
CATSRGRTQYF	1
CATSRGSTDGTQYF	1
CATSRGLGTQETQYF	1
CATSRGLAGTKNIQYF	1
CATSRGQDSYEQYF	1
CATSRGGTGELFF	1
CATSRGGGSRKPEQFF	1
CATSRGDSRTGELFF	1
CATSRGDRGRQPQHF	1
CATSRGTRDYEQYF	1
CATSRDFGFWETQYF	1
CATSRDFRGSNEQFF	1
CATSRDLASPSYEQYF	1
CATSRDLAGVETQYF	1
CATSRDLGTSGYYEQYF	1
CATSRDLAKNIQYF	1
CATSRDLAGGYNEQFF	1
CATSRDLGKNIQYF	1
CATSRDSGVQETQYF	1
CATSRDSLASRTTEQFF	1
CATSRDSRVYGELFF	1
CATSRDSTQETQYF	1
CATSRDSRAEIQPQHF	1
CATSRDSVSYEQYF	1
CATSRDWSENQPQHF	1
CATSRDWAVDGETQYF	1
CATSRDYYYEQYF	1
CATSRDLFSGRTDTQYF	1
CATSRDLSGYSYEQYF	1
CATSRDLVSWGEQFF	1
CATSRDLEQGRGDEQFF	1
CATSRDLEETQYF	1
CATSRDLIRVSYNEQFF	1
CATSRDLAGAGTDTQYF	1
CATSRDPGVKQYF	1
CATSRDPGGVPQHF	1
CATSRDPAGLNTEAFF	1
CATSRDRGSQAKGTQYF	1
CATSRDRLRAYEQYF	1
CATSRDRQTQYF	1
CATSRDRAGGRYEQYF	1
CATSRDRADSYEQYF	1
CATSRDRGYQETQYF	1
CATSRDRGGNEQFF	1
CATSRDRGGYNEQFF	1
CATSRDRDGYNEQFF	1
CATSRDREGPNTGELFF	1
CATSRDRSTLYQPQHF	1
CATSRDRGTKNIQYF	1
CATSRDQFPDTQYF	1
CATSRDQPGYEQYF	1
CATSRDQLEQFF	1
CATSRDGPGLAGGDTQYF	1
CATSRDGVPITDTQYF	1
CATSRDGFLVLAGTDTQYF	1
CATSRDGRQGGVDTQYF	1
CATSRDGREYF	1
CATSRDGRERGTDTQYF	1
CATSRDGGQGFADTQYF	1
CATSRDEARNQPQHF	1
CATSRDIAGGTGELFF	1
CATSRDIGAGGMVAKNIQYF	1
CATSRDTPTGELFF	1
CATSRDTRGNIQYF	1
CATSRDTQGWGEQYF	1
CATSRDSGTIGQETQYF	1
CATSRDSMVATGELFF	1
CATSRDSTYEQYF	1
CATSRDSGRAWEQYF	1
CATSRDRGETQYF	1
CATSRDRGPGELFF	1
CATSRDRDRGFHEQYF	1
CATSRDRNPLHQPQHF	1
CATSRDNRLAGSAGFF	1
CATSRDNGRARNEQFF	1
CATSRDKAGANIQYF	1
CATSRDKSWGRSDTQYF	1
CATSRDYPLGEQYF	1
CATSRDPSYNEQFF	1
CATSRDPEKAGVDYNEQFF	1
CATSRDPNTGELFF	1
CATSRDRTGVYEQYF	1
CATSRDRPTGVRNEQFF	1
CATSRDRHLNTEAFF	1
CATSRDRANEQFF	1
CATSRDGVLKNIQYF	1
CATSRDGSYNEQFF	1
CATSRDGGIYNEQFF	1
CATSRDDVGSYEQYF	1
CATSRDEGAVGRDTQYF	1
CATSRDTGAYEQYF	1
CATSRDRGPPQHF	1
CATSRDRGSGANVLTF	1
CATSRDRGQSYEQYF	1
CATSRDRNQETQYF	1
CATSRDNRGPDTQYF	1
CATSREPFPGGYEQYF	1
CATSREVSSSYNEQFF	1
CATSREVISSYNEQFF	1
CATSREASDTQYF	1
CATSREAFQETQYF	1
CATSREAGGRETQYF	1
CATSREGLAGGYEQYF	1
CATSREGRRVPDTQYF	1
CATSREGDRVITGELFF	1
CATSREGTGGRETQYF	1
CATSREGLAGEAEQYF	1
CATSREGETQYF	1
CATSRERQGNEQFF	1
CATSRELAPTTQYF	1
CATSREREGSNEQFF	1
CATSREASGAFVLTF	1
CATSREAGAYEQYF	1
CATSREGPTSSSYNEQFF	1
CATSREGTQRNTEAFF	1
CATSREGYRGSETQYF	1
CATSREGLAGNYEQYF	1
CATSREIGQGNEKLFF	1
CATSREMSGTYSRRDTQYF	1
CATSREMGGGRTDTQYF	1
CATSRETGESNEQFF	1
CATSRESSSYEQYF	1
CATSREKPITDTQYF	1
CATSREKEAGGRTGELFF	1
CATSREKRSSYEQYF	1
CATSRIAGALTDTQYF	1
CATSRINSRTDTQYF	1
CATSRTLREETQYF	1
CATSRTSRPRRGETQYF	1
CATSRTGTGGELFF	1
CATSRSGAENIQYF	1
CATSRRNSYEQYF	1
CATSRNPGYTNTGELFF	1
CATSRNGRTDTQYF	1
CATSRKTSGFSEQYF	1
CATSNPGHGGLYEQYF	1
CATSNAGDGTDTQYF	1
CATSNRDRFYEQYF	1
CATSKGAAETQYF	1
CATSKGQGAFTEAFF	1
CATSKRLGDTGELFF	1
CATSKIAGPYEQYF	1
CATRSGGLNEQFF	1
CATRRERTDTQYF	1
CATRAGGRNTDTQYF	1
CATRGPWEAGELFF	1
CATRGPGEADTQYF	1
CATRGSGLASETQYF	1
CATRGKGSYNEQFF	1
CATRGQATGELFF	1
CATRELGELFF	1
CATREGVTDTQYF	1
CATREAGTGELFF	1
CATRTGTENTEAFF	1
CATRTALVNEQFF	1
CATRRLAGASSYNEQFF	1
CATRFADTQYF	1
CATRLTGVLYEQYF	1
CATRLAGAVSGELFF	1
CATRPQSGGTQYF	1
CATRPQGAGSNEKLFF	1
CATRPGLAGHEQYF	1
CATRRGKNIQYF	1
CATRGSLNTGELFF	1
CATRGGPGDTQYF	1
CATRDAASGAWPYEQYF	1
CATRDMDSYEQFF	1
CATRILPSIAKNIQYF	1
CATNMDRGETQYF	1
CATKSPSLSGAGYEQYF	1
CATKWAGQDKNIQYF	1
CATKGRSYNEQFF	1
CATKGLAGIQETQYF	1
CATKGGRSNQPQHF	1
CATKRTSGLQETQYF	1
CATKGLLAASSYEQYF	1
CATKDPSYEQYF	1
CATSDRSEQFF	1
CATSGQGGYEQYF	1
CATLGGGNEQFF	1
CATRDGLQQYF	1
CATRQGAYNEQFF	1
CATAGTGAYEQYF	1
CATYQGYEQYF	1
CATRAGGSRSYNEQFF	1
CATQGQLNEKLFF	1
CATVLGGSDTQYF	1
CATAGVLPPYEQYF	1
CATADRGRTGELFF	1
CATGPLDSYEQYF	1
CATGTSYEQYF	1
CATGLAGVPGELFF	1
CATGHRGPQHF	1
CATMSPGTRGQYF	1
CATTITDTQYF	1
CATSGGFETQYF	1
CATSQGIGYTGELFF	1
CATRSGTDTQYF	1
CATRDPGANVLTF	1
CASFDPGQGQETQYF	1
CASFPLAGAPSNEQFF	1
CASFDSPVRTDTQYF	1
CASLDRGMNTGELFF	1
CASLTTGNSYEQYF	1
CASSIRLGETQYF	1
CASSSGPDRANTGELFF	1
CASSRDYGYTF	1
CASSQRGNEQFF	1
CASSGSPNEKLFF	1
CASSGPNTGELFF	1
CASSTSNSYNEQFF	1
CASCRASGSSYNEQFF	1
CASCGDINTGGPNRTSGSYEQYF	1
CASWLAGIHEQYF	1
CASWQDNSNQPQHF	1
CASYPIRRGVDADTQYF	1
CASYRDRAYNEQFF	1
CASPSRQMTGELFF	1
CASRHGSNEKLFF	1
CASRETGDKNIQYF	1
CASRQAGDWTGELFF	1
CASRQETQYF	1
CASRLGDTEAFF	1
CASRIVLAAYNEQFF	1
CASHPSDRDEQYF	1
CASHGGTGFSYEQYF	1
CASHSGFTDTQYF	1
CASHREGYEQYF	1
CASQGAGTRADTQYF	1
CASVRTGNTEAFF	1
CASVLGGYQETQYF	1
CASVPGRMNTEAFF	1
CASVRTGGKDEQFF	1
CASAFDMVKTQYF	1
CASAPADKYEQYF	1
CASATGQGLHEQYF	1
CASALGQPFTGELFF	1
CASGSASYNEQFF	1
CASGLSYEQYF	1
CASGPPAETQYF	1
CASGGTYEQYF	1
CASGPTGNTGELFF	1
CASGGGSPLHF	1
CASGDRGDEQFF	1
CASGTTLGDIQYF	1
CASGPTPSYEQYF	1
CASGQGPLGRQPQHF	1
CASGAPVEAFF	1
CASGGGPYEQYF	1
CASDLGGGTEAFF	1
CASEDRGNQPQHF	1
CASISGTSDEQFF	1
CASIGLFANTGELFF	1
CASIGTSGSYNEQFF	1
CASIEGQGDGYTF	1
CASITSGVYNEQFF	1
CASITGNGDGYTF	1
CASIRTGVGVGELFF	1
CASIPTSLIQETQYF	1
CASIGTGSVTGANVLTF	1
CASMVFQAGELFF	1
CASMERSTGELFF	1
CASMKQGEAYEQYF	1
CASTPRWREDQPQHF	1
CASTPGTTYEQYF	1
CASTGLAGDLPYNEQFF	1
CASTNTGELFF	1
CASTPQRSTDTQYF	1
CASTPGSGMYNEQFF	1
CASTPRLLRNGQPQHF	1
CASTPGATGVGTEAFF	1
CASTPGLAGTDTQYF	1
CASTPGGTYNEQFF	1
CASTPDPQGNYEQYF	1
CASTPHGNEKLFF	1
CASTHTGNTGELFF	1
CASTQRGLVNPGELFF	1
CASTVTGTGEYEQYF	1
CASTEGQLKWGNQPQHF	1
CASTSSLLEQFF	1
CASTSPWGQGRFEQFF	1
CASTRQGEDNGYTF	1
CASTKRVADSYEQYF	1
CASTRPDDEKLFF	1
CASSFRDPQEAFF	1
CASSFGTGEYEQYF	1
CASSLDRATEAFF	1
CASSLRQMDEQYF	1
CASSLRGEQFF	1
CASSSLGTGAYEQYF	1
CASSSHYSDYNEQFF	1
CASSSGTGAYEQYF	1
CASSSGSSYEQYF	1
CASSSPQAGVYEQYF	1
CASSSRDALDTIYF	1
CASSWAGSQPQHF	1
CASSWTSGSQFF	1
CASSWTGNTEAFF	1
CASSWRGPDTQYF	1
CASSYRSTYEQYF	1
CASSLPGLEGEQFF	1
CASSLGRTEAFF	1
CASSLNDRGWNEQFF	1
CASSLSLDSEQFF	1
CASSLYLREGNEQFF	1
CASSLKDNEQFF	1
CASSLAASSYNEQFF	1
CASSPLSRGISNQPQHF	1
CASSPVLADYNEQFF	1
CASSPSSAYTEAFF	1
CASSPLGQAYQPQHF	1
CASSPPGASGKGEQFF	1
CASSPRQGRIDQPQHF	1
CASSPARLSYIGNEQFF	1
CASSPTGVYYGYTF	1
CASSPRQVQETQYF	1
CASSPGATNTGELFF	1
CASSRQVGWDTQYF	1
CASSRLAGVGPTGELFF	1
CASSHIAKNIQYF	1
CASSVGGRMREQFF	1
CASSVGTSGNTGELFF	1
CASSVGTGMRGYTF	1
CASSVNSYEQYF	1
CASSVRGNQPQHF	1
CASSVGHGQPQHF	1
CASSVGQQLSTYEQYF	1
CASSVLEPTGELFF	1
CASSVEGNEQFF	1
CASSVKDANQPQHF	1
CASSAHYYF	1
CASSAGTSSDEQFF	1
CASSATPSGSYNEQFF	1
CASSAGDSNQPQHF	1
CASSATGTTNTDTQYF	1
CASSARLSTDTQYF	1
CASSGGLGKGGNQPQHF	1
CASSGRGLAEAFF	1
CASSGGHKNTEAFF	1
CASSGKQGHSYEQYF	1
CASSGQGSTGELFF	1
CASSDDRRSRNEKLFF	1
CASSDDRGARRDTQYF	1
CASSDRAWEQFF	1
CASSDRTANTEAFF	1
CASSEWSVGKETQYF	1
CASSEIASSYNEQFF	1
CASSIFLAGDNEQFF	1
CASSIFPLAGNHEQYF	1
CASSIFGGGPDNEQFF	1
CASSISYNEQFF	1
CASSISQKMNTEAFF	1
CASSISGGNQPQHF	1
CASSISAGGQPQHF	1
CASSISSGPWGDTQYF	1
CASSILAGNSYEQYF	1
CASSIAGGFSGANVLTF	1
CASSIGSGLYNEQFF	1
CASSIGSGGNEQFF	1
CASSIGGGPNEQFF	1
CASSIGIAGGRFGRNEQFF	1
CASSIMFGQGRYGSNQPQHF	1
CASSIILADNEQFF	1
CASSITDDQETQYF	1
CASSISDRHYETQYF	1
CASSISSGSYNEQFF	1
CASSIWAASNQPQHF	1
CASSIPGFLYGYTF	1
CASSIQAVSNQPQHF	1
CASSIGVGGGTEAFF	1
CASSIGTGSYEQYF	1
CASSIGTILNEQFF	1
CASSIGLTRNQPQHF	1
CASSIGYYGYTF	1
CASSIGGEGAGYTF	1
CASSIIRDTYTEAFF	1
CASSIMGMNTEAFF	1
CASSIMGLAGGGDTQYF	1
CASSIMGLNNEQFF	1
CASSITAPPAIIPYEQYF	1
CASSITGTGGKGYTF	1
CASSIRAAGELFF	1
CASSIRTGGATGELFF	1
CASSMSGFNIQYF	1
CASSMLYKFTGELFF	1
CASSMPDRYAEAFF	1
CASSMPLGTYRTDTQYF	1
CASSMVGGSSYNEQFF	1
CASSMASGGGSIQYF	1
CASSMAGYNEQFF	1
CASSMAYSNQPQHF	1
CASSMGSGGILHNEQFF	1
CASSMGQGQPQHF	1
CASSMIREGLLNEQFF	1
CASSMIGASNQPQHF	1
CASSMTAGSYEQYF	1
CASSMTSGADTQYF	1
CASSMTITYEQYF	1
CASSMTSYNEQFF	1
CASSMTVYNEQFF	1
CASSMSGSHYEQFF	1
CASSMRNRGANEQFF	1
CASSMRPTNTEAFF	1
CASSILGYEQYF	1
CASSILTSLTSNQPQHF	1
CASSISGHFYGYTF	1
CASSISNYGYTF	1
CASSIWGPGGVLSYTEQFF	1
CASSIYTRRERYGNQPQHF	1
CASSILGTGDLEQFF	1
CASSILGTGETQYF	1
CASSIRYSSQETQYF	1
CASSIRGSKRSNQPQHF	1
CASSIQWNTEAFF	1
CASSIQLAGPYEQYF	1
CASSIVRGTGATQYF	1
CASSIVGRSNQPQHF	1
CASSIVGEGRPEAFF	1
CASSIVDSYEQYF	1
CASSIVVGRYGYTF	1
CASSIVATGAYNEQFF	1
CASSIVAGEYEQYF	1
CASSIAGGAKNIQYF	1
CASSIALNTEAFF	1
CASSIAIANYGYTF	1
CASSIGPGKVRDTQYF	1
CASSIGGAGVEQFF	1
CASSIGGADEQYF	1
CASSIGLAGVGEQFF	1
CASSIGTWQFF	1
CASSIGYGTFSYEQYF	1
CASSIGQYNEQFF	1
CASSIGASGAYEQYF	1
CASSIGARMNTEAFF	1
CASSIDLETANYNEQFF	1
CASSIDLDSNQPQHF	1
CASSIDPGRSYYEQYF	1
CASSIDQGAKTEAFF	1
CASSIDGTSGTYEQYF	1
CASSIDSGAYNEQFF	1
CASSIDTYEQYF	1
CASSIELGAYGYTF	1
CASSIEPSGTIYNEQFF	1
CASSIEGISLQFADTQYF	1
CASSIEGTVYEQYF	1
CASSIEQGPTEAFF	1
CASSIEGGGNQPQHF	1
CASSIIAGNYEQYF	1
CASSISSGRYRPGELFF	1
CASSIRQYNEQFF	1
CASSINGDTQYF	1
CASSTPGQGDEKLFF	1
CASSTGRYPKTEAFF	1
CASSTPRTNTEAFF	1
CASSTPGETGELFF	1
CASSTVAGGNNEQFF	1
CASSTALAGVNEQFF	1
CASSTASGTFTGELFF	1
CASSTAGQGNYGYTF	1
CASSTGSLGGSYEQYF	1
CASSTGTVPSDEKLFF	1
CASSTSGIYTDTQYF	1
CASSTRAFGQTSEQYF	1
CASSTRGYQETQYF	1
CASSTWTGVNEQFF	1
CASSTAGTGVNYGYTF	1
CASSTGLGGDTQYF	1
CASSSWRPTTDTQYF	1
CASSSLRLQGEGNQPQHF	1
CASSSPGQGTYNEQFF	1
CASSRRNEQFF	1
CASSRGSGTSYNEQFF	1
CASSRGHQPQHF	1
CASSRGLAGELNEQFF	1
CASSRILDQPQHF	1
CASSRLSGGGNEQFF	1
CASSNGSAYNEQFF	1
CASSNTGSGANVLTF	1
CASSNGKETGELFF	1
CASSNGLAGAGEQFF	1
CASSNSYEQYF	1
CASSKAAEAFF	1
CASSKQGTNQPQHF	1
CASSKGTGAHNEQFF	1
CASSKTGTGGFYEQYF	1
CASSFSDTYQPQHF	1
CASSFYGSHGYTF	1
CASSSWDTNTEAFF	1
CASSSGGAYGYTF	1
CASSLSRGTGGPQHF	1
CASSLSSAISYEQYF	1
CASSPGGGPYNEQFF	1
CASSPGTGAYEQYF	1
CASSPGTESYEQYF	1
CASSPEGGWETQYF	1
CASSPTSGRRNEQFF	1
CASSPRGGTEAFF	1
CASSRAPGDQPQHF	1
CASSRTVVTSGANVLTF	1
CASSRGSGAKNIQYF	1
CASSQAGSAHTQYF	1
CASSVFSGRDYEQYF	1
CASSGDYNEQFF	1
CASSIATSGYNEQFF	1
CASSIEGGSYEQYF	1
CASSIMDGHATDTQYF	1
CASSTRLDNNEQFF	1
CASSRQGGYEQYF	1
CASSNPSGGLYNEQFF	1
CASSKQDGIGTEAFF	1
CASRPGAANYGYTF	1
CASRHPGTGSGNTIYF	1
CASRARSGSTDEQFF	1
CASRASGSHEQYF	1
CASRAQGASYSNQPQHF	1
CASRGDRKGEKLFF	1
CASRGTSGYPKETQYF	1
CASRGTAGSFAGELFF	1
CASRITGTRSTDTQYF	1
CASRTTGDHTEAFF	1
CASRTPTTSGANVLTF	1
CASRTGVPSNTQYF	1
CASRSGRMTDTQYF	1
CASRSSGGQSSKDYGYTF	1
CASRSLGTSIYGNQPQHF	1
CASRSGLNTIYF	1
CASRGLAGFDTQYF	1
CASRIKTGAGELFF	1
CASNNLGVSNQPQHF	1
CASNKEGEELFF	1
CASNKAGIHNEQFF	1
CASNKGLAYNEQFF	1
CASNFRTGDYGYTF	1
CASNPDRLNTEAFF	1
CASNERTGTYNEQFF	1
CASKAADTDTQYF	1
CASKEDREVDTQYF	1
CASKRGPTDTQYF	1
CASKPLERTTGELFF	1
CASKDDLSNTGELFF	1
CASKERGSYEQYF	1
CASFYGRPYNEQFF	1
CASFPLAGNTQYF	1
CASFGQWETQYF	1
CASFSGSPYNEQFF	1
CASFPYRGDSGRPNEQFF	1
CASFREAYEQYF	1
CASFDSKQDTEAFF	1
CASFDQGQYF	1
CASFTGLAEGGETQYF	1
CASFRTGGGTDTQYF	1
CASFRRAGTEAFF	1
CASLLTGDVNEQFF	1
CASLRDSPYEQYF	1
CASLDNINTGELFF	1
CASLLTDTQYF	1
CASLPGQGVDTQYF	1
CASLAPNTNEQFF	1
CASLRAVKTTDTQYF	1
CASSSGANVLTF	1
CASSLTGERDEQYF	1
CASSLTGENGYTF	1
CASSPGVAGVETQYF	1
CASSPGSSGHEQFF	1
CASSPTSAAYEQYF	1
CASSRYATNEKLFF	1
CASSRTSGSYEQYF	1
CASSHRGLYEQFF	1
CASSQDLVTDTQYF	1
CASSQNGGGYNEQFF	1
CASSDRTGGGEKLFF	1
CASSMSGGINEQFF	1
CASSTGTGDYNEQFF	1
CASSTEGMRYEQYF	1
CASSFLGSGYNEQFF	1
CASSFGTGNNEQFF	1
CASSFMLDTQYF	1
CASSLGGEGLQETQYF	1
CASSLGMDLAGRSYNEQFF	1
CASSLRGGQRRSEQYF	1
CASSWDRGYEQYF	1
CASSYAAPDTQYF	1
CASSLAVTDLSEQYF	1
CASSLGGGNYGYTF	1
CASSLKDLYNEQFF	1
CASSLSRGMSSYNEQFF	1
CASSPSTGKVNEQFF	1
CASSPPGQGQETQYF	1
CASSPREAVRPETQYF	1
CASSPPGQANQPQHF	1
CASSPASDSIRSYNEQFF	1
CASSPGSYNEKLFF	1
CASSPGRLAGDEWNEQFF	1
CASSRRTSGSAYEQYF	1
CASSRGGEQYF	1
CASSRDTYSTTDTQYF	1
CASSRDRGQEKLFF	1
CASSRDNYNEQFF	1
CASSRDRYNEQFF	1
CASSHINEQFF	1
CASSHREVNTEAFF	1
CASSQNVPGDEQFF	1
CASSQGIVGEQYF	1
CASSASGLYNEQFF	1
CASSGIAGIAYEQYF	1
CASSGTGALNYGYTF	1
CASSGRFISDTQYF	1
CASSGRGTGTDTQYF	1
CASSDTEKDEQFF	1
CASSDREVFYEQYF	1
CASSTEVADTQYF	1
CASSSLSYNEQFF	1
CASSSNRGQETQYF	1
CASSPGTSGPWGSQYF	1
CASSPTSGSGTQYF	1
CASSPGARAETQYF	1
CASSPTPTPSGNTIYF	1
CASSPGLAGARNEQFF	1
CASSPGQGTYEQYF	1
CASSRLSTDTQYF	1
CASSRDRGRISIWGYTF	1
CASSQLRGSPYEQYF	1
CASSGGDNEQFF	1
CASSGLAGSNEQFF	1
CASSDRGQNTGELFF	1
CASSDNEQFF	1
CASSTGISGSNEQFF	1
CASSFGGELFF	1
CASSSRGQSSGNTIYF	1
CASSSQGTYEQYF	1
CASSSQGWYYEQYF	1
CASSSQLQNTEAFF	1
CASSSAPYEQYF	1
CASSSGTGLYEQYF	1
CASSSGRANAGEQFF	1
CASSSGPRTPYEQYF	1
CASSSTSGSVDEQFF	1
CASSSDRASSGNTIYF	1
CASSSTSSEKLFF	1
CASSSRLAGNPEQYF	1
CASSSATGPQPQHF	1
CASSWGPGDYNSPLHF	1
CASSYEAGGPYEQYF	1
CASSYTGVGANVLTF	1
CASSLFFRDGGTDTQYF	1
CASSLSKNAGANVLTF	1
CASSLPTDTQYF	1
CASSLQGSEQYF	1
CASSLGRLQETQYF	1
CASSLDSPGDQPQHF	1
CASSLSGDPGPSSYNEQFF	1
CASSLSETGMNQETQYF	1
CASSLQVTGELFF	1
CASSLQNMGYNEQFF	1
CASSLDRGDQTQYF	1
CASSLSGYEQFF	1
CASSLRDTEAFF	1
CASSLGLVGLYNEQFF	1
CASSLRTSLDEQFF	1
CASSLPQGADYGYTF	1
CASSLRPQGGNTEAFF	1
CASSLALSGSAEAFF	1
CASSLEADEYEQYF	1
CASSLTTATSRSDEQFF	1
CASSLNRDTEAFF	1
CASSPFNGKNTGELFF	1
CASSPSLTDTQYF	1
CASSPSLAWDEQFF	1
CASSPSGSTDTQYF	1
CASSPSREQPQHF	1
CASSPYFGENQPQHF	1
CASSPYTTEETQYF	1
CASSPLLAGFNEQFF	1
CASSPPGGGEETQYF	1
CASSPPGLADPYEQYF	1
CASSPPDRAGDTQYF	1
CASSPRGGLRTYEQYF	1
CASSPQPGFFYNEQFF	1
CASSPQGTGELFF	1
CASSPQDRGVEKLFF	1
CASSPQKTPSYEQYF	1
CASSPVASSYEQYF	1
CASSPATGSLAGSYEQYF	1
CASSPASGGGIRGQYF	1
CASSPGGGAYNEQFF	1
CASSPGMPTSTDTQYF	1
CASSPGDTARRDQPQHF	1
CASSPGRQGGYTF	1
CASSPDRETRDTQYF	1
CASSPILSGYAEQFF	1
CASSPSRDIGAFF	1
CASSPFPGQLTDTQYF	1
CASSPSYTGTGTDTQYF	1
CASSPSSGTHYGYTF	1
CASSPSAGTASDVLTF	1
CASSPYQETQYF	1
CASSPLGRGLNGYTF	1
CASSPLPNTGELFF	1
CASSPLEGGEQYF	1
CASSPLANTEAFF	1
CASSPLDSPSTDTQYF	1
CASSPLAGGEETQYF	1
CASSPLGQRIQETQYF	1
CASSPPTGSSYEQYF	1
CASSPPGTVLEQYF	1
CASSPPEEGPERKTQYF	1
CASSPPTGTYEQYF	1
CASSPPGGGNEQFF	1
CASSPRSLIGDEQYF	1
CASSPRDSYNEQFF	1
CASSPRSLAVQETQYF	1
CASSPQAGVGTEAFF	1
CASSPQDRAYEQYF	1
CASSPAGLSNQPQHF	1
CASSPGGVRRDTQYF	1
CASSPGDTDTQYF	1
CASSPGTAREETQYF	1
CASSPGTNEKLFF	1
CASSPGTGGFQPQHF	1
CASSPGTGGEAFF	1
CASSPGTGNRYEQYF	1
CASSPGRLDGYTF	1
CASSPGQNQPQHF	1
CASSPDAGYVADTQYF	1
CASSPDRVFQYF	1
CASSPDRVSGNTIYF	1
CASSPERTGYRQPQHF	1
CASSPMTSANTGELFF	1
CASSPIQGRRETQYF	1
CASSPTLDTYEQYF	1
CASSPSQGETQYF	1
CASSPSRGEGVEDTQYF	1
CASSPNLSNQPQHF	1
CASSPNQGPGYEQYF	1
CASSPKAVAFYEQYF	1
CASSPFRAGGIYNEQFF	1
CASSPFAAPEADEQFF	1
CASSPLLAGEQYF	1
CASSPSSGLSSYNEQFF	1
CASSPSPDTQYF	1
CASSPYQETQYF	1
CASSPLPSPGSGEKLFF	1
CASSPPSGRPHTDTQYF	1
CASSPPYSNTEAFF	1
CASSPPGSAYEQYF	1
CASSPRGGRSSGETQYF	1
CASSPQGTGELFF	1
CASSPQEQGAYNSPLHF	1
CASSPVLARTQYF	1
CASSPVRPNTNYNEQFF	1
CASSPVEISYEQYF	1
CASSPVREGSQPQHF	1
CASSPVNLDDISYNEQFF	1
CASSPGPRDNEQFF	1
CASSPGFPDTQYF	1
CASSPGHTDEKLFF	1
CASSPGGRNYGYTF	1
CASSPGGQPNEKLFF	1
CASSPGIRDIQYF	1
CASSPGTANTGELFF	1
CASSPGSSGDIQYF	1
CASSPGRNTGELFF	1
CASSPGQGNQPQHF	1
CASSPGQGNEKLFF	1
CASSPGQIVTDTQYF	1
CASSPGQDTEAFF	1
CASSPDSYNEQFF	1
CASSPDYAIRDEQYF	1
CASSPELAGADTQYF	1
CASSPETIHEQYF	1
CASSPETGRGPQHF	1
CASSPEQETQYF	1
CASSPEKRDNYEQYF	1
CASSPIQGGYEQYF	1
CASSPITELETQYF	1
CASSPTSGIDTQYF	1
CASSPTLRTDYNEQFF	1
CASSPTGGGVYEQYF	1
CASSPTGSLSGANVLTF	1
CASSPTGGDDIQYF	1
CASSPTGGESYNEQFF	1
CASSPTGDLQPQHF	1
CASSPTGNTEAFF	1
CASSPTDFSYEQYF	1
CASSPSQYEQFF	1
CASSPRGEGYGYTF	1
CASSPRSSGSFNEQFF	1
CASSPKTREKETQYF	1
CASSPKTGDRETQYF	1
CASSPFSASRTGELFF	1
CASSPFMGLAVSEQFF	1
CASSPLASVNEQFF	1
CASSPSPGGLNTQYF	1
CASSPSPDRENEQYF	1
CASSPSGTRPYEQYF	1
CASSPSDHPGRELFF	1
CASSPSADQETQYF	1
CASSPSGTNYEQYF	1
CASSPSGYSYNEQFF	1
CASSPSTGRTGELFF	1
CASSPSNRAANTGELFF	1
CASSPSPEGGELFF	1
CASSPSAGLAYEQYF	1
CASSPSGGTGNTIYF	1
CASSPWVAGVQETQYF	1
CASSPWGDFAEAFF	1
CASSPYLGSYNEQFF	1
CASSPLLAGGPSTDTQYF	1
CASSPLGQQNTEAFF	1
CASSPLGGSYNEQFF	1
CASSPLGDGSYEQYF	1
CASSPLIEQYF	1
CASSPLTDRIYGYTF	1
CASSPLTDNSPLHF	1
CASSPLREGGYTF	1
CASSPLVSSKDEQFF	1
CASSPLGEVPGRETQYF	1
CASSPLGPGYTGELFF	1
CASSPLTGTGERGSPLHF	1
CASSPLVTMNTEAFF	1
CASSPLGQSNTGELFF	1
CASSPLNPTSFHEQFF	1
CASSPLKGEAFF	1
CASSPPSGKETQYF	1
CASSPPSTSEQFF	1
CASSPPLTEAFF	1
CASSPPGLSSSYEQYF	1
CASSPPSLGEKLFF	1
CASSPPLAISSYNEQFF	1
CASSPPPSGRGNEQFF	1
CASSPPPSGRRNIQYF	1
CASSPPVSRDTQYF	1
CASSPPASLLAGEADTQYF	1
CASSPPAGPAYEQYF	1
CASSPPGQGLTNEKLFF	1
CASSPPGTRAYNEQFF	1
CASSPPGTGGHEQYF	1
CASSPPGSSRGSPLHF	1
CASSPPDRATGELFF	1
CASSPPWGTGIDNEQFF	1
CASSPPPDSDDTQYF	1
CASSPPPQGTFGNEQFF	1
CASSPPRLANNNEQFF	1
CASSPPRPLNEQYF	1
CASSPPRRGILPNEQFF	1
CASSPPAAHWAFF	1
CASSPPARSTDTQYF	1
CASSPPGGNEQFF	1
CASSPPGTETQYF	1
CASSPPGLAGATGELFF	1
CASSPPGAAGRMNEQFF	1
CASSPPGAGVIDTQYF	1
CASSPPGEASGWGRLFF	1
CASSPPDKYNEQFF	1
CASSPPEAGGTYEQYF	1
CASSPPEGSVYGYTF	1
CASSPPSPGQGSDTQYF	1
CASSPPSVTGDTQYF	1
CASSPPRASTDTQYF	1
CASSPPRGNIQYF	1
CASSPPSAGNTEAFF	1
CASSPPQGAIYEQYF	1
CASSPPGSLDEKLFF	1
CASSPPGHSGETQYF	1
CASSPPGVGSGNTIYF	1
CASSPPGGRMNYEQYF	1
CASSPPTRGFYNEQFF	1
CASSPRSILDLSGANVLTF	1
CASSPRSSSSGTYNEQFF	1
CASSPRLQNEQFF	1
CASSPRPVIEADTQYF	1
CASSPRPNMGTSLNEQFF	1
CASSPRPASPSSYNEQFF	1
CASSPRGSNTEAFF	1
CASSPRGQGLVAYEQYF	1
CASSPRDRQETQYF	1
CASSPREDTDTGELFF	1
CASSPRISGGDTEAFF	1
CASSPRTSGSWTDTQYF	1
CASSPRTDPNTGELFF	1
CASSPRSRHEETQYF	1
CASSPRKGPSTDTQYF	1
CASSPRRDTANEKLFF	1
CASSPQQGYQETQYF	1
CASSPQVMGENTEAFF	1
CASSPQVAGGFSYEQYF	1
CASSPQVGEQYF	1
CASSPQAGPSDEQYF	1
CASSPQGLSYEQYF	1
CASSPQGQISGNTIYF	1
CASSPQGDSYGYTF	1
CASSPQGIGEKLFF	1
CASSPQRGGETQYF	1
CASSPQETQYF	1
CASSPVLNRGGEQFF	1
CASSPALGQGPTDEQFF	1
CASSPAQDTQYF	1
CASSPAGLAGGNNEQFF	1
CASSPAGAPYSEQYF	1
CASSPGAVRSEQFF	1
CASSPGERELYEQYF	1
CASSPGQNQAFF	1
CASSPGGYYEQYF	1
CASSPGTYEQYF	1
CASSPGTSGTIEQYF	1
CASSPGTAYNSPLHF	1
CASSPGTEEQYF	1
CASSPGTLDSPLHF	1
CASSPGTAYGYTF	1
CASSPGTRGVSAEQFF	1
CASSPGVLSAEAFF	1
CASSPGNTIYF	1
CASSPGKGRELFF	1
CASSPDGLNTEAFF	1
CASSPDRGLNTEAFF	1
CASSPDRGRQETQYF	1
CASSPEGYYGYTF	1
CASSPEGLANYNEQFF	1
CASSPEEETQYF	1
CASSPEQVDEQYF	1
CASSPEGAYGYTF	1
CASSPETSGRAWNEQFF	1
CASSPETVEKLFF	1
CASSPILPRGNEQYF	1
CASSPTSGRPGEQFF	1
CASSPTSGRDEQFF	1
CASSPTNPGAGIPYEQYF	1
CASSPTPGLDEQFF	1
CASSPTGTGSYEQYF	1
CASSPTAGTGHYEQYF	1
CASSPTGGKNSPLHF	1
CASSPSLSGSSYEQYF	1
CASSPSRTAVNTEAFF	1
CASSPSGGGSYEQYF	1
CASSPRTSGSRNTQYF	1
CASSPRNLGITDTQYF	1
CASSPNHRSYEQYF	1
CASSPNYEQYF	1
CASSPKAGGFAGAATDTQYF	1
CASSRQGQGGEQYF	1
CASSRGQPNTEAFF	1
CASSRSGPGPNEQFF	1
CASSRLQGHGEKLFF	1
CASSRGRDNEQYF	1
CASSRGATEAFF	1
CASSRDRQETQYF	1
CASSRTGAYNSPLHF	1
CASSRGSTNTGELFF	1
CASSRGGNYGYTF	1
CASSRGTEETQYF	1
CASSRTGTNYEQYF	1
CASSHRTSGSTDTQYF	1
CASSHRDEEDTQYF	1
CASSQRWEAETQYF	1
CASSQQTTNEKLFF	1
CASSQGNTEAFF	1
CASSQGQTSHQPQHF	1
CASSQLNQETQYF	1
CASSQQGWAGPPPGEQYF	1
CASSQGSAREQYF	1
CASSQGLVSYEQYF	1
CASSVTPSSTYEQYF	1
CASSARQGVNTGELFF	1
CASSARAGGTYNEQFF	1
CASSALTGDQETQYF	1
CASSAQSNTEAFF	1
CASSARASEYNEQFF	1
CASSGRTSGSNEQFF	1
CASSGGSSYNEQFF	1
CASSGFDTGELFF	1
CASSGLDGANVLTF	1
CASSGGSYNEQFF	1
CASSDVGSTEAFF	1
CASSDGNTIYF	1
CASSDSYEQYF	1
CASSELPGQGSYEQYF	1
CASSEYTGTGSYGYTF	1
CASSEGLPGTYEQYF	1
CASSEGLADNEQFF	1
CASSENRDDGYTF	1
CASSELSNGINTEAFF	1
CASSMGLATRMDTQYF	1
CASSILAGNYNEQFF	1
CASSTLTTSRWDTQYF	1
CASSTGTDTQYF	1
CASSTTEGGISYNEQFF	1
CASSTATGGSYGYTF	1
CASSTGQGKTQETQYF	1
CASSTGLPGTYEQYF	1
CASSRVAASTDTQYF	1
CASSRIAANTGELFF	1
CASSRQRSYEQYF	1
CASCSSGLAGYNEQFF	1
CASCSGRARTGELFF	1
CASCNGRAPLAKNIQYF	1
CASCLPGHQTSGYTGELFF	1
CASCLSGTYEQYF	1
CASCLTLGTEAFF	1
CASWRQGYSEQFF	1
CASWGLAGGWETQYF	1
CASWDLLAATDTQYF	1
CASWTSGSYNEQFF	1
CASWTGGEETQYF	1
CASWRGYEQFF	1
CASYHDGGTGELFF	1
CASLAGPSGANVLTF	1
CASLPRGYEQYF	1
CASLGQEETQYF	1
CASLTPSGSREQYF	1
CASLPGRGRGRNGELFF	1
CASLPERGTDTQYF	1
CASLPGQTDTQYF	1
CASLAVDTQYF	1
CASLGGAVYNEQFF	1
CASLRLAGSTDTQYF	1
CASPNSGAPQDTQYF	1
CASPPTGQGEQYF	1
CASPQGAVTGELFF	1
CASPRLAGGPRDTQYF	1
CASPTATNTGELFF	1
CASRSTGEADTQYF	1
CASRPTDTQYF	1
CASRPPVSYEQYF	1
CASRDYAGGPGELFF	1
CASRDSGRATGELFF	1
CASRSSSGDTQYF	1
CASRLGTSRTSTDTQYF	1
CASRRIAGVNEQFF	1
CASRRGQVSYEQYF	1
CASRAQQETQYF	1
CASRGVWGEEQETQYF	1
CASRGRPYEQYF	1
CASRTDPVFTTEAFF	1
CASRRKGVGETPEAFF	1
CASRASETYEQYF	1
CASRAWAGANVLTF	1
CASRGASANEQYF	1
CASRGRLNQPQHF	1
CASRGQGYHEQYF	1
CASRGELISYEQYF	1
CASRDISYNEQFF	1
CASRDRPSPISNQPQHF	1
CASRTSGASEQYF	1
CASRTGEQETQYF	1
CASRLAGHNNEQFF	1
CASRPGGLNSAEQYF	1
CASRVVPSANTGELFF	1
CASRGRGRTGELFF	1
CASRTYRDHEQYF	1
CASRTSGGFDGELFF	1
CASHSNRPGYTEAFF	1
CASHWGLAGVFYEQYF	1
CASHDTRQGGTEAFF	1
CASHKEAYLTDTQYF	1
CASHWGASNEQFF	1
CASHYRRAALGTDTQYF	1
CASHRAGAYNEQFF	1
CASHARQGNTGELFF	1
CASHSLSGSSYEQYF	1
CASHRSRNEKLFF	1
CASHNPGPQGDTQYF	1
CASQSGASYNEQFF	1
CASQGTSGEWNEQFF	1
CASQEGPSYNEQFF	1
CASQTSLLWNEQFF	1
CASQRLSEQFF	1
CASQLAGSTGELFF	1
CASQPGTGTIGELFF	1
CASQGPQLTDTQYF	1
CASQEGTTDTQYF	1
CASQSGSSYNEQFF	1
CASVSQYHTDTQYF	1
CASVLRRDRTRGEQFF	1
CASVPGDTGELFF	1
CASVRWGVATDTQYF	1
CASVPPGTRRVNEQFF	1
CASVGAYEQYF	1
CASVENSYTGELFF	1
CASVKGRELFF	1
CASVPDRSSSYNEQFF	1
CASVAYSYNEQFF	1
CASVDLTGGGSTGELFF	1
CASAGQAGETQYF	1
CASATQGQGAGGELFF	1
CASAFQERGWDTDTQYF	1
CASALATTSTDTQYF	1
CASAPIGSSYNEQFF	1
CASAPGLPNTGELFF	1
CASARDGPGGEQFF	1
CASARTSASYEQYF	1
CASAHADTGREQYF	1
CASAQLAGLVSYEQYF	1
CASAQSHFYGELFF	1
CASAGTGGDKSEQYF	1
CASAGTEQETQYF	1
CASADRDLLNTEAFF	1
CASAEATGQYF	1
CASARGLHTYNEQFF	1
CASARTSGNNEQFF	1
CASAPLRTDTQYF	1
CASAPLRGIKETQYF	1
CASAPRTGGRYEQYF	1
CASARGLGTGEHNEQFF	1
CASAQGAYQPQHF	1
CASAASPDGRRGTQYF	1
CASAASSYNEQFF	1
CASAGRGVNIQYF	1
CASADGGPQETQYF	1
CASATSYTDTQYF	1
CASARGGGNTGELFF	1
CASAPRSGTASFSGANVLTF	1
CASAPGYTGELFF	1
CASAGGGPDTQYF	1
CASADPTRTGGVKQYF	1
CASGSGTPSYEQYF	1
CASGSNYEQYF	1
CASGPPLAGKKFNEQFF	1
CASGRDWSAYEQYF	1
CASGHRHRAMGTQYF	1
CASGGEGETQYF	1
CASGGSGRGFGKQETQYF	1
CASGGGFYEQYF	1
CASGGWEQYF	1
CASGGLDTGELFF	1
CASGGVGQSEAFF	1
CASGRDRVSYEQYF	1
CASGKTSGDTDTQYF	1
CASGYQRDRGRRNTEAFF	1
CASGLRQGTDNEQFF	1
CASGPSGDTQYF	1
CASGPGIGLQFF	1
CASGPGQGFSDTQYF	1
CASGRDIPSYEQYF	1
CASGRDSGLWTEAFF	1
CASGQIMNTEAFF	1
CASGGEWTGFDNEQFF	1
CASGGRPNTGELFF	1
CASGDGYTF	1
CASGTSGSSDTQYF	1
CASGTTDTQYF	1
CASGSLYEQYF	1
CASGKLADLPNEQFF	1
CASGLLSNQPQHF	1
CASGPSYNEQFF	1
CASGPGLGYNEQFF	1
CASGPDRGDTGELFF	1
CASGPRGIVSYEQYF	1
CASGRAASNQPQHF	1
CASGRIKDREETQYF	1
CASGRAGGADTQYF	1
CASGVAGANVLTF	1
CASGASVTNTGELFF	1
CASGADPAGAYEQYF	1
CASGAIPESAEAFF	1
CASGGAGETQYF	1
CASGGNEQFF	1
CASGGLAGDRQFF	1
CASGDSYEQYF	1
CASGDTAGGETQYF	1
CASGDQIAGEDEQFF	1
CASGEVYEQYF	1
CASGEFNEQFF	1
CASGILAGGPNEQYF	1
CASGTSGSTDTQYF	1
CASGTSGSKNTGELFF	1
CASGTALGAGELFF	1
CASGTGFYNEQFF	1
CASGTGYSYEQYF	1
CASGRSSGRSETQYF	1
CASGRGYEKLFF	1
CASGRTDYEQYF	1
CASGLKGGRETQYF	1
CASGSGTSGSGQFF	1
CASGWGDSYNEQFF	1
CASGYPGLASYEQYF	1
CASGYDPGRRNTEAFF	1
CASGLQETQYF	1
CASGLAGAYNEQFF	1
CASGPDIQYF	1
CASGRRFGTQYF	1
CASGRTGANVLTF	1
CASGRLNAGEQYF	1
CASGQLGGDTQYF	1
CASGAGTPPGYF	1
CASGGPRDTQYF	1
CASGDNRGLGEQYF	1
CASGESGSSYNEQFF	1
CASGTASAYEQYF	1
CASGTGTGKGREQYF	1
CASGSGGGPPTDTQYF	1
CASGRDRGSYEQYF	1
CASGRQGRNTGELFF	1
CASGNRGTSYNEQFF	1
CASDPSGTRSNEQFF	1
CASDRDRNSPLHF	1
CASDGTRGRGLYNEQFF	1
CASDGTSGSLGNEQFF	1
CASDGTGGRGYTF	1
CASDNRLAGGENIQYF	1
CASDPSGYNEQFF	1
CASDHLGGTDTQYF	1
CASDQGLAASYEQYF	1
CASESSAVVEQYF	1
CASELAGGDTQYF	1
CASEAVGTLPRSTDTQYF	1
CASEAGGTFYEQYF	1
CASEGARNTIYF	1
CASEDRAEKLFF	1
CASEDRPPTGELFF	1
CASETASNSPLHF	1
CASESWSGGVNEQFF	1
CASEFRDYFNEQFF	1
CASEHGRYQETQYF	1
CASEKIAGRGDEQFF	1
CASISVRARYNEQFF	1
CASISDRGLDEQFF	1
CASIWAGGNTDTQYF	1
CASIWTGDAEAFF	1
CASIPDWGAGNTGELFF	1
CASIPGQGVSGSYYNEQFF	1
CASIHRGPKETQYF	1
CASIHREEGTGELFF	1
CASIQAPAGNNEQFF	1
CASIQITRGGGSKNEQFF	1
CASIVGTSGNEQFF	1
CASIEETNTEAFF	1
CASIRQRDYNEQFF	1
CASIRGADQETQYF	1
CASIRESPYNEQFF	1
CASIKDRGNYEQYF	1
CASISSGRAGEQFF	1
CASIWPQETQYF	1
CASIWREINEQFF	1
CASILSGSFIQETQYF	1
CASILSGGRSQETQYF	1
CASILGGGSGELFF	1
CASIPSRADSSSYEQYF	1
CASIPVRGAGDLRYNEQFF	1
CASIPGWGIQETQYF	1
CASIPGTGGVDTEAFF	1
CASIPVSFSYEQYF	1
CASIPGQVATNEKLFF	1
CASIPTGSIYEQYF	1
CASIRGGRQETQYF	1
CASIRTDTQYF	1
CASIRGRGSGYTF	1
CASIRGNGNTIYF	1
CASIRRGSSYNEQFF	1
CASIVDGELFF	1
CASIGGREQETQYF	1
CASIGTSGTNEQFF	1
CASIGGYEQYF	1
CASIDRVGSYNEQFF	1
CASITGGGETQYF	1
CASISHVTWDLTNSGANVLTF	1
CASIRRGGQPEEQYF	1
CASIKGGNTDTQYF	1
CASMFGAGRDTQYF	1
CASMSATSGRARYEQYF	1
CASMWTGKLAVSQETQYF	1
CASMLFAGVREQYF	1
CASMPGNEQFF	1
CASMREAGNEQYF	1
CASMRVIAGANVLTF	1
CASMVRDRANYEQYF	1
CASMVAGAGETQYF	1
CASMVGGTQETQYF	1
CASMGLAGVNEQFF	1
CASMGPDRVGNSPLHF	1
CASMDRGGTGYEQYF	1
CASMDRYYEQYF	1
CASMTPTGVLYGYTF	1
CASMTGPNTGELFF	1
CASMKGLAGGETQYF	1
CASIPSGTSWNEQFF	1
CASIPRGSSRGGELFF	1
CASIPGLAGSYEQYF	1
CASIPAANTGELFF	1
CASIGQGPYEQFF	1
CASIGVHQETQYF	1
CASTSRTAHRRETQYF	1
CASTSGNRAEQYF	1
CASTSNGRPGGTQYF	1
CASTSEGGETQYF	1
CASTWGQFTDTQYF	1
CASTLETSGMPSF	1
CASTLELGASGRNEQFF	1
CASTLTGAGDIQYF	1
CASTLGANNEQFF	1
CASTPSYNEQFF	1
CASTPRGRGSSYEQYF	1
CASTPLGPGTQYF	1
CASTPGGPTGELFF	1
CASTPAGGLLYEQYF	1
CASTPGPRSYEQYF	1
CASTPDSYAYNEQFF	1
CASTPTSGSEQFF	1
CASTRTGLDTEAFF	1
CASTREAGEQFF	1
CASTQTTYTDTQYF	1
CASTQGGSGRALLEQYF	1
CASTGTSGRPDTQYF	1
CASTGLAGTGELFF	1
CASTGQGVLTYQETQYF	1
CASTGQGAVQYF	1
CASTDALGGYEQYF	1
CASTDRGPWAYKETQYF	1
CASTMDRASRYEQYF	1
CASTTSGGREQFF	1
CASTTGQGYNEQFF	1
CASTSGSSYNEQFF	1
CASTRGEDNTQYF	1
CASTNSAWEQFF	1
CASTKDRGIGETQYF	1
CASTKDREQYF	1
CASTLGGLTYEQYF	1
CASTLGTTGAFTDTQYF	1
CASTLDSVADTQYF	1
CASTLTGGDQPQHF	1
CASTLTGNEQYF	1
CASTLLHRGMGDTGELFF	1
CASTLHPYEQYF	1
CASTLMGTDTQYF	1
CASTSRGDGYNEQFF	1
CASTSGLGETQYF	1
CASTSTGGSSYNEQFF	1
CASTSRQGSTEAFF	1
CASTSLGQPYEQYF	1
CASTSPQASTGDEQYF	1
CASTSPGGDQETQYF	1
CASTSGTGSYEQYF	1
CASTSKAGVDTQYF	1
CASTSQLGDTQYF	1
CASTSDALSWTEAFF	1
CASTSTWWGNTEAFF	1
CASTSQTGASGANVLTF	1
CASTSNVGSGELFF	1
CASTWGLAGGEMINEQFF	1
CASTWSGTSSYEQYF	1
CASTYTGAAGEQYF	1
CASTYRGQENTGELFF	1
CASTYQGALSTDTQYF	1
CASTYGRATDTQYF	1
CASTYSANNEQFF	1
CASTLYPRGPNTGELFF	1
CASTLRAGADTQYF	1
CASTLTGQGYNEQFF	1
CASTLSGTYEQYF	1
CASTLASGRGDTQYF	1
CASTLTLADNEQFF	1
CASTLSRGRPSGANVLTF	1
CASTLAYWAGELFF	1
CASTLAGLVYNEQFF	1
CASTLAGTGGVRGNEQFF	1
CASTLGLAGGGEQFF	1
CASTLTGRGETQYF	1
CASTLNYNEQFF	1
CASTLPGDLTDTQYF	1
CASTLRDRVSEQFF	1
CASTLVRGGLGNTEAFF	1
CASTLAEAFF	1
CASTLAGGLIYEQYF	1
CASTLGGGYNEQFF	1
CASTLTGLEYEQYF	1
CASTPFTGASTDTQYF	1
CASTPLLRDHLSPEQFF	1
CASTPLPGLRRDEQFF	1
CASTPPMNTEAFF	1
CASTPRWAVEAQYF	1
CASTPRDWRGGSEQFF	1
CASTPTTIAGGGKQFF	1
CASTPWGFSANTGELFF	1
CASTPPGLETQYF	1
CASTPVADSEGAYEQYF	1
CASTPVGVNEQFF	1
CASTPAVPGNEQFF	1
CASTPGRGVWETQYF	1
CASTPTVPKGDTQYF	1
CASTPTTGSSYNEQFF	1
CASTPRQETQYF	1
CASTPFEGRMPSTDTQYF	1
CASTPFEPTGELFF	1
CASTPHSDPLEQYF	1
CASTPGEETQYF	1
CASTPGRGIVGSPLHF	1
CASTPGLAGGPVRNEQFF	1
CASTPGLAGSGELFF	1
CASTPGLANSYEQYF	1
CASTPGQGPGKNIQYF	1
CASTPDRSYEQYF	1
CASTPDRARQETQYF	1
CASTPDRFPYEQYF	1
CASTPISRGNNEQFF	1
CASTPTTPTYNEQFF	1
CASTPTHSYEQYF	1
CASTPTGSSYEQYF	1
CASTPLVNNYEQYF	1
CASTPLAGDEQFF	1
CASTPVAGTNEQFF	1
CASTPGTGRSSGYTF	1
CASTPGRGSPYEQYF	1
CASTPTGYGETQYF	1
CASTPTGAGETQYF	1
CASTRFPLTDTQYF	1
CASTRSGSYGYTF	1
CASTRGLGRDSYEQYF	1
CASTRGRIDNEQFF	1
CASTRGGSIDTQYF	1
CASTRDFMNTEAFF	1
CASTRDIQETQYF	1
CASTRDRGFETQYF	1
CASTRSGLLSPNEQFF	1
CASTRLTAQETQYF	1
CASTRLAGLTDEQFF	1
CASTRHGFSDEQFF	1
CASTRGAAYEQYF	1
CASTRILDTQYF	1
CASTRIPGSEQYF	1
CASTHSPGQGAYEQYF	1
CASTQFQGLTDTQYF	1
CASTQSGLNNEQFF	1
CASTQRQKNTEAFF	1
CASTQGGSEQYF	1
CASTQEGDGGYEQYF	1
CASTQMGSQETQYF	1
CASTQTRAGGPTGELFF	1
CASTQRAVGYEQYF	1
CASTQRASLIYSTDTQYF	1
CASTQDTYFVTGELFF	1
CASTQEIGLAGETGELFF	1
CASTQEGLAGGDLETQYF	1
CASTQTGADEKLFF	1
CASTQTGDTIYF	1
CASTQSQNTEAFF	1
CASTVGLSGANVLTF	1
CASTVMGGTGELFF	1
CASTVPGLAGGDEQYF	1
CASTAYSGSTDTQYF	1
CASTALGGEQFF	1
CASTASGYNEQFF	1
CASTASGRDEQYF	1
CASTALPNEQFF	1
CASTAPAPAYNEQFF	1
CASTAVTYNEQFF	1
CASTAGTSNTDTQYF	1
CASTAGTSLTDTQYF	1
CASTAGLADRNNEQFF	1
CASTASNTQVAFF	1
CASTATGVLETQYF	1
CASTARSGWSTEAFF	1
CASTGGGGTEAFF	1
CASTGWGIYGYTF	1
CASTGLAGGSYEQYF	1
CASTGAQTYNEQFF	1
CASTGGNTEAFF	1
CASTGGAYTDTQYF	1
CASTGTGGTGELFF	1
CASTGLAGYEQYF	1
CASTGLAGQSGANVLTF	1
CASTDGLAGGYTQYF	1
CASTDRGTVETQYF	1
CASTDRGSYNEQFF	1
CASTDNYNEQFF	1
CASTDNNNEQFF	1
CASTEGDTQYF	1
CASTEDRGYNSPLHF	1
CASTERWLAGFGEYNEQFF	1
CASTEGLDSSYEQYF	1
CASTIGYEAFF	1
CASTIHKAYEQYF	1
CASTMGRKNTEAFF	1
CASTMTWGGTDTQYF	1
CASTIQGAYNEQFF	1
CASTIQGQETQYF	1
CASTTWRDQKDNEQFF	1
CASTTGATNTQYF	1
CASTTSGGNTDTQYF	1
CASTTRLAGTRGAKNIQYF	1
CASTTWQGAHEQYF	1
CASTTGGETQYF	1
CASTTGTTANTGELFF	1
CASTTGLAEFGEQYF	1
CASTTDYTDTQYF	1
CASTTLAGLTDTQYF	1
CASTSGSGYEQYF	1
CASTRTSPSAGELFF	1
CASTRQGESNEQFF	1
CASTNGQRNQPQHF	1
CASTNPPQREYNEQFF	1
CASTNGGMTYEQYF	1
CASTNGQGGGSSRFF	1
CASTNRVQEQFF	1
CASTKRDRVYYNEQFF	1
CASTKSRDSLAKNIQYF	1
CASTKTGLAGRGEQFF	1
CASTFAESSYNEQFF	1
CASTSGTGTTDTQYF	1
CASTSTGGFSYEQYF	1
CASTSKTINTGELFF	1
CASTWTSGRIVSEQFF	1
CASTPGRRAYEQFF	1
CASTPGLAGQIPYEQYF	1
CASTPGLTYEQYF	1
CASTPTGGLNTMYF	1
CASTPGGPYGYTF	1
CASTRGRANTGELFF	1
CASTRTSRGETQYF	1
CASTAVQETQYF	1
CASTAGNLGEYEQYF	1
CASTAGEPGTGELFF	1
CASTAPSYGAGELFF	1
CASTGLAFEQFF	1
CASTGQGFYEQYF	1
CASTEEGDQETQYF	1
CASTIGAGGRLEQYF	1
CASTTSTTTYEQFF	1
CASTRTMTSGGIGEQYF	1
CASTFHSPVTDTQYF	1
CASTSTDRGDSPLHF	1
CASTYSGGTEAFF	1
CASTLAGGGRDEQFF	1
CASTPGLADTGELFF	1
CASTPNLGTLNTEAFF	1
CASTRTSDSHTDTQYF	1
CASTVSSYEQYF	1
CASTAGGYEQYF	1
CASTGPKNIQYF	1
CASTGGGYEQYF	1
CASTGEGTEAFF	1
CASTGTRYEQYF	1
CASTGSNEQFF	1
CASTDFSYEQYF	1
CASTDYNEQFF	1
CASTEQQNTEAFF	1
CASTERDSLTDTQYF	1
CASTITRGPYEQYF	1
CASTTLPGQLNQPQHF	1
CASTSWNEQFF	1
CASTSGGWGEQFF	1
CASTRGLAESTDTQYF	1
CASTRRGLAQIYEQYF	1
CASTNPGGGRYNEQFF	1
CASSFFRGDEQFF	1
CASSFFAGIYNEQFF	1
CASSFFGTGQETQYF	1
CASSFFTGTGLALAGVSFF	1
CASSFLAGRTQYF	1
CASSFLGAHSYNEQFF	1
CASSFLLGQGADEQFF	1
CASSFLDRGRFHEQYF	1
CASSFSSGHSPLHF	1
CASSFSSLHYEQYF	1
CASSFSYEQYF	1
CASSFSPSGYEQYF	1
CASSFSPPPDTQYF	1
CASSFSLGSLTQYF	1
CASSFSVETEAFF	1
CASSFSGLAGATGELFF	1
CASSFSQTYEQYF	1
CASSFSGGLQETQYF	1
CASSFSTSGYEQYF	1
CASSFWQVGETQYF	1
CASSFWGTNEKLFF	1
CASSFYPSGKNTDTQYF	1
CASSFYQGVDEQFF	1
CASSFYGETDQETQYF	1
CASSFYPDLGRLPYEQYF	1
CASSFLSRPYNEQFF	1
CASSFLSRATDTQYF	1
CASSFLSIYEQYF	1
CASSFLAHRATDTQYF	1
CASSFLVYNEQFF	1
CASSFLAGDNEQFF	1
CASSFLANEQFF	1
CASSFLGVNTGELFF	1
CASSFPLTNYGYTF	1
CASSFPSGTSYNEQFF	1
CASSFPLRGKNIQYF	1
CASSFPPDTQYF	1
CASSFPDGTGELFF	1
CASSFRRLRGEQYF	1
CASSFRGPPNTGELFF	1
CASSFRQGVHEQYF	1
CASSFRGSGELFF	1
CASSFRGGTGELFF	1
CASSFRISYEQYF	1
CASSFRTSGINNEQFF	1
CASSFRKTSQETQYF	1
CASSFRPQETQYF	1
CASSFHSGSYEQYF	1
CASSFHNEETQYF	1
CASSFQGNTIYF	1
CASSFQENTEAFF	1
CASSFQGTSGYEQYF	1
CASSFVIDTQYF	1
CASSFVVWRNSTDTQYF	1
CASSFVNEQFF	1
CASSFVRGETQYF	1
CASSFVAGSSYEQYF	1
CASSFVGGYYEQYF	1
CASSFASTPGGSNQPQHF	1
CASSFAGAGYTF	1
CASSFAGSNQPQHF	1
CASSFAGFQPQHF	1
CASSFAGQDEQYF	1
CASSFAGGRPGQYF	1
CASSFAGGGAYGYTF	1
CASSFAAGVSYEQYF	1
CASSFAGHSYEQYF	1
CASSFGRWTSSTDTQYF	1
CASSFGGLAAATDTQYF	1
CASSFGRSNQPQHF	1
CASSFGLAGGPGELFF	1
CASSFGLKGAGGYTF	1
CASSFGLAGKGNEQFF	1
CASSFGVSYEQYF	1
CASSFGAAETQYF	1
CASSFGGLSYEQYF	1
CASSFGGPWTQETQYF	1
CASSFGEDEQYF	1
CASSFGTTTGELFF	1
CASSFGTSGFDEQFF	1
CASSFGTQETQYF	1
CASSFGTGLEQYF	1
CASSFGTGKETQYF	1
CASSFGNRGTDEQFF	1
CASSFGLVLATDTQYF	1
CASSFGLANYNEQFF	1
CASSFGQGQTDTQYF	1
CASSFGQLNQPQHF	1
CASSFGGNDQPQHF	1
CASSFGDSARLLYEQYF	1
CASSFDIGAADTQYF	1
CASSFEWESTEAFF	1
CASSFEQSYEQYF	1
CASSFEAGAAQQFF	1
CASSFIPNGRYYEQYF	1
CASSFIPRAGGSYNEQFF	1
CASSFMAGGPVLPGTDTQYF	1
CASSFILAASNEQFF	1
CASSFIAGGEQYF	1
CASSFIANQPQHF	1
CASSFTWDRGKETQYF	1
CASSFTTTSYNEQFF	1
CASSFTRPSGTDTQYF	1
CASSFTPARGRRTNEKLFF	1
CASSFTPPGANVLTF	1
CASSFTGGITSTDTQYF	1
CASSFTEGGELFF	1
CASSFTTGELFF	1
CASSFTSGDGTQYF	1
CASSFTGGSKNIQYF	1
CASSFTGQNSYEQYF	1
CASSFTGSYEQYF	1
CASSFTGGPQETQYF	1
CASSFTGGEQYEQYF	1
CASSFSLAGSYNEQFF	1
CASSFSSRRVYNEQFF	1
CASSFSWNQPQHF	1
CASSFSGIEFF	1
CASSFSGSSYNEQFF	1
CASSFSGRYNTQYF	1
CASSFSGRVQETQYF	1
CASSFSGRGKTQYF	1
CASSFSGRTDTQYF	1
CASSFSSQETQYF	1
CASSFRQVHYEQYF	1
CASSFRAMEETQYF	1
CASSFRTGSPGANVLTF	1
CASSFRSTDTQYF	1
CASSFRPTYEQYF	1
CASSFRGRGLWGQPQHF	1
CASSFREAGEQYF	1
CASSFNWGARENYQETQYF	1
CASSFNRDGEKLFF	1
CASSFNNEQFF	1
CASSFKDYHSNQPQHF	1
CASSFKLAGPNEQFF	1
CASSFFYGTNDIYEQYF	1
CASSFFPRQWPGVINGELFF	1
CASSFLFWRNTGELFF	1
CASSFSWQGAYEQYF	1
CASSFSLLLAKNIQYF	1
CASSFSSGGNNEQFF	1
CASSFSPTRNIQYF	1
CASSFSAGGSETQYF	1
CASSFSGAYEQYF	1
CASSFSGLWQETQYF	1
CASSFSITSGRNEQFF	1
CASSFSSGTGSYEQYF	1
CASSFSGAAFF	1
CASSFSKLAGEDTQYF	1
CASSFWLTMGDEQYF	1
CASSFWAGPNTGELFF	1
CASSFYGRDIPQETQYF	1
CASSFLGYEQYF	1
CASSFLGTSGYEQYF	1
CASSFLRTADTQYF	1
CASSFLDGRVSDTQYF	1
CASSFLAANTGELFF	1
CASSFLAGQETQYF	1
CASSFLAGPSTDTQYF	1
CASSFLAGGETQYF	1
CASSFLGESTDTQYF	1
CASSFPIGDTQYF	1
CASSFPSRPDTQYF	1
CASSFPYTDTQYF	1
CASSFPPPGGGYEQYF	1
CASSFPGGIETQYF	1
CASSFPGPPLPGELFF	1
CASSFPGAEQYF	1
CASSFPGTGALYEQYF	1
CASSFPTSSSSYNEQFF	1
CASSFPGALYEQYF	1
CASSFPGLAENTGELFF	1
CASSFPNRGETQYF	1
CASSFRSYNEQFF	1
CASSFRAGEQFF	1
CASSFRLAGPTDEQFF	1
CASSFRVSYEQYF	1
CASSFRAEGVEAFF	1
CASSFRGRSSYEQYF	1
CASSFRGLAGPLTYNEQFF	1
CASSFRDGSYNEQFF	1
CASSFRDSNSPLHF	1
CASSFRTGLQETQYF	1
CASSFRLAGGGDTQYF	1
CASSFRQGAGETQYF	1
CASSFRITNTGELFF	1
CASSFHETGGTEAFF	1
CASSFQRGEQYF	1
CASSFQRMRADTQYF	1
CASSFQGQGETQYF	1
CASSFQGAMADTQYF	1
CASSFQGAAKNIQYF	1
CASSFQGNSGANVLTF	1
CASSFQDTEKNIQYF	1
CASSFVLAESSTDTQYF	1
CASSFVGTGNTYEQYF	1
CASSFVHYNEQFF	1
CASSFVQYGQPQHF	1
CASSFVAGLGEQFF	1
CASSFASGNEQYF	1
CASSFALTSGEENTGELFF	1
CASSFAGTYEQYF	1
CASSFAGTGDNEQFF	1
CASSFAAAQETQYF	1
CASSFAGSYEQFF	1
CASSFGQEPTYEQYF	1
CASSFGQETQYF	1
CASSFGLEQYF	1
CASSFGGSEYEQYF	1
CASSFGGGGSNQPQHF	1
CASSFGTDTQYF	1
CASSFGLLQETQYF	1
CASSFGHNEQFF	1
CASSFGQGPYEQYF	1
CASSFGGVKNIQYF	1
CASSFGGGTQYF	1
CASSFGGRVNIQYF	1
CASSFGIAGGADTQYF	1
CASSFGTPQVYEQYF	1
CASSFGTGAGELFF	1
CASSFGTATYEQYF	1
CASSFGTASITGELFF	1
CASSFGTGYEQYF	1
CASSFGTGVETQYF	1
CASSFGTGATHEQFF	1
CASSFGLAGGPVRNIQYF	1
CASSFGLAGETQYF	1
CASSFGLTEYNEQFF	1
CASSFGPQLAGTTDTQYF	1
CASSFGRLALTYEQYF	1
CASSFGQYNEQFF	1
CASSFGQHSYEQYF	1
CASSFGQMNTEAFF	1
CASSFGGAGTEAFF	1
CASSFGGDGEAFF	1
CASSFGGNGETQYF	1
CASSFGSFNEQFF	1
CASSFDSDPFYEQYF	1
CASSFDASSYEQYF	1
CASSFDSGSSYNEQFF	1
CASSFDRTYNEQFF	1
CASSFDGTEETQYF	1
CASSFDRSDFYEQYF	1
CASSFDRAVEQFF	1
CASSFDRGTQETQYF	1
CASSFDRTVSEQYF	1
CASSFEYTGELFF	1
CASSFERNTEAFF	1
CASSFIDRGQETQYF	1
CASSFMDRVAGEQYF	1
CASSFMTSRNEQFF	1
CASSFMTGQETQYF	1
CASSFIRKGNTEAFF	1
CASSFIDRGYTF	1
CASSFTRDRKLFF	1
CASSFTSGDYEQYF	1
CASSFTSGSAYNEQFF	1
CASSFTAGSEKLFF	1
CASSFTGGLPDTQYF	1
CASSFTGAYGETQYF	1
CASSFTEINIQYF	1
CASSFSLDTQYF	1
CASSFSDTQYF	1
CASSFSHSNEQFF	1
CASSFSGSGETQYF	1
CASSFRPGGSRETQYF	1
CASSFRVGEILNEQFF	1
CASSFRVDTQYF	1
CASSFRAHRSSGSYEQYF	1
CASSFRGREQYF	1
CASSFRGGYTGELFF	1
CASSFRTSGRRNEQYF	1
CASSFRSNQPQHF	1
CASSFNSGYETQYF	1
CASSFNSGKSSYNEQFF	1
CASSFNRDRDQPQHF	1
CASSFKSYNEQFF	1
CASSFKGSPEAFF	1
CASSLFSAGSYEQYF	1
CASSLLGSVNTGELFF	1
CASSLLTESRQYF	1
CASSLLAGRTDTQYF	1
CASSLLGGGEQFF	1
CASSLSERNTEAFF	1
CASSLSGGAADTQYF	1
CASSLSREPYEQYF	1
CASSLSVIKTQYF	1
CASSLSGTYEQYF	1
CASSLSIYEQYF	1
CASSLWGGAQETQYF	1
CASSLWTSGGRAYEQYF	1
CASSLWSQLYGYTF	1
CASSLYSGRTYDEQYF	1
CASSLYRDTQYF	1
CASSLLSTDTQYF	1
CASSLLELRHEQYF	1
CASSLLQGTGANVLTF	1
CASSLLAGAREQYF	1
CASSLPSFDVSEQFF	1
CASSLPGLNTEAFF	1
CASSLPGPPYF	1
CASSLPGANSYEQYF	1
CASSLRGSLSNF	1
CASSLREGPTDTQYF	1
CASSLRESSYNEQFF	1
CASSLRYSQGSEQYF	1
CASSLQGGDEQFF	1
CASSLQGGEKLFF	1
CASSLQIIQGSATGELFF	1
CASSLVSGRETQYF	1
CASSLVWPSSYNEQFF	1
CASSLVGQGVQPQHF	1
CASSLVETGTSTDTQYF	1
CASSLVTGETQYF	1
CASSLVGIRQPQHF	1
CASSLVGGRSYEQYF	1
CASSLVRGGETQYF	1
CASSLVQRTDTQYF	1
CASSLVASDNEKLFF	1
CASSLVGLNTEAFF	1
CASSLVGIPGNTIYF	1
CASSLVFANTGELFF	1
CASSLVGGSGREQYF	1
CASSLASDTEQFF	1
CASSLALGTLKNIQYF	1
CASSLAPGGEQFF	1
CASSLAGQGYEQYF	1
CASSLAGRGSYEQYF	1
CASSLAGALNEQFF	1
CASSLAGGSYNEQFF	1
CASSLAGSSYNEQFF	1
CASSLAANYGYTF	1
CASSLAGSYNEQFF	1
CASSLAGSMETQYF	1
CASSLAGGGEQFF	1
CASSLGPTGQPQHF	1
CASSLGSYNEQFF	1
CASSLGFEQYF	1
CASSLGLGGETQYF	1
CASSLGLGRTGELFF	1
CASSLGSGAETQYF	1
CASSLGSTDTQYF	1
CASSLGLADEQYF	1
CASSLGPVSYTF	1
CASSLGQGPNEQFF	1
CASSLGQETQYF	1
CASSLGGYIAKNIQYF	1
CASSLGGTTFSYEQYF	1
CASSLGGSVTGELFF	1
CASSLGGRSNQPQHF	1
CASSLGGGAQETQYF	1
CASSLGGTYEQYF	1
CASSLGDTYEQYF	1
CASSLGIGGAREQYF	1
CASSLGTSGYEQYF	1
CASSLGTGELFF	1
CASSLGTGWYF	1
CASSLGTNSYEQYF	1
CASSLGTNYEQYF	1
CASSLGRGTDTQYF	1
CASSLGLLLNTGELFF	1
CASSLGLAGSQETQYF	1
CASSLGLGINEQFF	1
CASSLGPTDTQYF	1
CASSLGQGAGTDTQYF	1
CASSLGQRAGTDTQYF	1
CASSLGQRYEQYF	1
CASSLGGPPDTQYF	1
CASSLGGTGYYEQYF	1
CASSLGGRQPQHF	1
CASSLGDRPNRETQYF	1
CASSLGIGVAEQFF	1
CASSLDSYTEAFF	1
CASSLDSTDTQYF	1
CASSLDRGLDEQYF	1
CASSLDRGREQFF	1
CASSLEGFYNEQFF	1
CASSLIGLAGVGGFF	1
CASSLIGGYEQYF	1
CASSLMPGTEQYF	1
CASSLMGVGEQFF	1
CASSLMGQGPSEAFF	1
CASSLMRPDRAKNIQYF	1
CASSLTLAGAGNEQFF	1
CASSLTTLPGNEQFF	1
CASSLTSLGPDTQYF	1
CASSLTSGSYEQYF	1
CASSLTSGTYNEQFF	1
CASSLTSGSVNEQFF	1
CASSLTGSPAEQYF	1
CASSLTREQFF	1
CASSLTGPAKNIQYF	1
CASSLSPTNTGELFF	1
CASSLSGGELFF	1
CASSLSSTTGELFF	1
CASSLSGMREEQFF	1
CASSLSRGNSYEQYF	1
CASSLRSLAVYEQYF	1
CASSLRLAGAEQFF	1
CASSLRREQYF	1
CASSLRGLAGGFYEQYF	1
CASSLRGYEQYF	1
CASSLRLAGELSYEQYF	1
CASSLRPQETQYF	1
CASSLNAGGPLEQFF	1
CASSLNGITDTQYF	1
CASSLKVGGTTYEQYF	1
CASSLKTPDYEQYF	1
CASSLFLGGTYEQYF	1
CASSLFPRGGYNEQFF	1
CASSLFPWETQYF	1
CASSLFPDTQYF	1
CASSLFPTDIQYF	1
CASSLFPFSGNTIYF	1
CASSLFRGYNEQFF	1
CASSLFQGAKNIQYF	1
CASSLFAGWADTQYF	1
CASSLFIAASSTDTQYF	1
CASSLFTDRGVKTQYF	1
CASSLFFREFGANVLTF	1
CASSLFSVGAGVYEQYF	1
CASSLFQVFSYEQYF	1
CASSLFAGVTYNEQFF	1
CASSLFGPSAGELFF	1
CASSLFGGRAEQYF	1
CASSLFGGRNYEQYF	1
CASSLFGSGEQFF	1
CASSLFRGYEQYF	1
CASSLLQGSWTSLYNEQFF	1
CASSLLVAGIYNEQFF	1
CASSLLASAYNEQFF	1
CASSLLGYTGELFF	1
CASSLLGLVSLYEQYF	1
CASSLLGGYNEQFF	1
CASSLLGGGRTQYF	1
CASSLLGSGETQYF	1
CASSLLDGTGGYEQYF	1
CASSLLERGVLGTQYF	1
CASSLLTGRQFF	1
CASSLLPADTQYF	1
CASSLLVDRRYNEQFF	1
CASSLLGTSGFTDTQYF	1
CASSLLGNARADTQYF	1
CASSLSLVDTQYF	1
CASSLSPTYEQYF	1
CASSLSHSLGEQYF	1
CASSLSGAIGTGELFF	1
CASSLSGGQETQYF	1
CASSLSGPKGNEQFF	1
CASSLSSGGYNEQFF	1
CASSLSRGTGIETQYF	1
CASSLSSGLAIYNEQFF	1
CASSLSLVGTSLYEQYF	1
CASSLSLSYEQYF	1
CASSLSLSPRGTQYF	1
CASSLSLAATYEQYF	1
CASSLSLAGDTQYF	1
CASSLSPAGIYNEQFF	1
CASSLSRLAGGNTQYF	1
CASSLSRAQGEQYF	1
CASSLSVVAGAGETQYF	1
CASSLSASGWGNEQFF	1
CASSLSAGNEQYF	1
CASSLSGGDGELFF	1
CASSLSGTGIGYNEQFF	1
CASSLSDPYNEQFF	1
CASSLSNSYEQYF	1
CASSLSLLEGPQDTQYF	1
CASSLSSVTEETQYF	1
CASSLSSGGTETQYF	1
CASSLSSGGEIGYTF	1
CASSLSSDTQYF	1
CASSLSLLNEQFF	1
CASSLSPGAHSPLHF	1
CASSLSRGTGGSYEQYF	1
CASSLSREPLF	1
CASSLSVSSEGLNEQFF	1
CASSLSAAYYNSPLHF	1
CASSLSGRTGSYEQYF	1
CASSLSGGTFVEQYF	1
CASSLSGAYEQYF	1
CASSLSGGPGDTQYF	1
CASSLSGGGPGEKLFF	1
CASSLSGRLADHYEQYF	1
CASSLSGHRGEGYTF	1
CASSLSGQGSSNVLTF	1
CASSLSTSGHNEQFF	1
CASSLSTSGANVLTF	1
CASSLSTTNEQYF	1
CASSLSTVYEQYF	1
CASSLSSLGASYEQYF	1
CASSLSRGNEQFF	1
CASSLSRPSYNEQFF	1
CASSLSYNEQFF	1
CASSLSAGGLYNEQFF	1
CASSLSANNEQFF	1
CASSLSGRGEQYF	1
CASSLSGTYEQYF	1
CASSLSGSGANVLTF	1
CASSLSGRDSYEQYF	1
CASSLWFGSSYEQYF	1
CASSLWLGLEQYF	1
CASSLWLGASYEQYF	1
CASSLWQGAYEQYF	1
CASSLWASGQETQYF	1
CASSLWAGDRGSSSEAFF	1
CASSLWGLAVNTGELFF	1
CASSLWGVHEQYF	1
CASSLWGAEAFF	1
CASSLWGAAQYF	1
CASSLWDPSGSSSYEQYF	1
CASSLWDRGNEQYF	1
CASSLWTPIQFYNEQFF	1
CASSLWTSGRVADTQYF	1
CASSLWTPGQAGYYEQYF	1
CASSLWSGPGTF	1
CASSLWNRGRGNEQFF	1
CASSLYQGGEKLFF	1
CASSLYTGTDEQYF	1
CASSLYLAGLDEQYF	1
CASSLYPGPGTEAFF	1
CASSLYRGTTYEQYF	1
CASSLYQTGEETQYF	1
CASSLYGYTQYF	1
CASSLYGGRWEETQYF	1
CASSLYGDSGANVLTF	1
CASSLYGLAEGSTDTQYF	1
CASSLYDPSTSGAADTQYF	1
CASSLYRGRGEQYF	1
CASSLLSGGDKNIQYF	1
CASSLLLAGEADTQYF	1
CASSLLPPYEQYF	1
CASSLLFRGRELYTDTQYF	1
CASSLLVSRRTDTQYF	1
CASSLLAALAGGPETQYF	1
CASSLLDRAHEQYF	1
CASSLLTGATMEQYF	1
CASSLLGALGELFF	1
CASSLLGANEQFF	1
CASSLLREQYF	1
CASSLLAPSETGELFF	1
CASSLLAGFIDTQYF	1
CASSLLAGGLNTGELFF	1
CASSLLAGEGDTQYF	1
CASSLLGATDTQYF	1
CASSLPLHSYNEQFF	1
CASSLPSGADTEAFF	1
CASSLPGTSGINEQFF	1
CASSLPPDSSYNEQFF	1
CASSLPPQTPTTQYF	1
CASSLPASQETQYF	1
CASSLPGEQPQHF	1
CASSLPGRPTDTQYF	1
CASSLPDRRSYEQYF	1
CASSLPIYSMDNYGYTF	1
CASSLPRGGYEQYF	1
CASSLPGLAGVYEQYF	1
CASSLPGPGELFF	1
CASSLPTGYSSYEQYF	1
CASSLPAKGGGPNYSNQPQHF	1
CASSLRPSGMRGDTQYF	1
CASSLRDNQPQHF	1
CASSLRSGGIDTQYF	1
CASSLRLAGEQFF	1
CASSLRPYNEQFF	1
CASSLRANYNEQFF	1
CASSLRAGGADTQYF	1
CASSLRGGRRTDTQYF	1
CASSLRGGHTEAFF	1
CASSLRGTKGYTF	1
CASSLREERQPQHF	1
CASSLRLDTYEQYF	1
CASSLRVTGSYEQYF	1
CASSLRGSYEQYF	1
CASSLHLAGVADTQYF	1
CASSLHPRYEQYF	1
CASSLHRRGSYNSPLHF	1
CASSLHGAGELFF	1
CASSLHRGQYNEQFF	1
CASSLQGRELFF	1
CASSLQGPNTGELFF	1
CASSLQGRENTGELFF	1
CASSLQGAHNEQFF	1
CASSLQDQETQYF	1
CASSLQSNQPQHF	1
CASSLQSQMMTGGRNTGELFF	1
CASSLVFREGGNEQFF	1
CASSLVPSSTDTQYF	1
CASSLVGGSWDYEQFF	1
CASSLVGASYEQYF	1
CASSLVGGVSYEQYF	1
CASSLVGGRTGELFF	1
CASSLVGDNQPQHF	1
CASSLVGMAGELFF	1
CASSLVTFYEQYF	1
CASSLVSGSSTDTQYF	1
CASSLVSGRGELFF	1
CASSLVWSYNEQFF	1
CASSLVLSRRNEQFF	1
CASSLVPNEQFF	1
CASSLVQGAGELFF	1
CASSLVAGVTDTQYF	1
CASSLVGLALNTGELFF	1
CASSLVSYSSYNEQFF	1
CASSLVRGRGETQYF	1
CASSLVVWGRSPLHF	1
CASSLVVAGGPTLIEQFF	1
CASSLVASTLYEQYF	1
CASSLVASLGSYEQYF	1
CASSLVGSGEPYQETQYF	1
CASSLVGDLADTQYF	1
CASSLVGTSTDTQYF	1
CASSLVGNEQFF	1
CASSLVMGNSYEQYF	1
CASSLVTYEQYF	1
CASSLVTGGRGTDTQYF	1
CASSLVWQETQYF	1
CASSLVPGNEQFF	1
CASSLVPDRGTYEQYF	1
CASSLVAAGASYNEQFF	1
CASSLVGGEQYF	1
CASSLVGSSNQPQHF	1
CASSLVGGASDTQYF	1
CASSLVGGEQYF	1
CASSLARRVFHEKLFF	1
CASSLATGAFPSGANVLTF	1
CASSLASSSYNEQFF	1
CASSLASGRSYEQYF	1
CASSLASTDTQYF	1
CASSLANGNEQFF	1
CASSLANGDEQYF	1
CASSLAPGTAKNIQYF	1
CASSLAPTSGPLYNEQFF	1
CASSLAAGTYEQYF	1
CASSLAGTGRVEQYF	1
CASSLAGSGTTDTQYF	1
CASSLAGQGDQPQHF	1
CASSLATGGRDTQYF	1
CASSLASRLTQYF	1
CASSLALVDSGANVLTF	1
CASSLALHTRDMEGDTQYF	1
CASSLALSSYNEQFF	1
CASSLALRGGAPQHF	1
CASSLAPSGRRELFF	1
CASSLAPHLPSYNEQFF	1
CASSLARLAGGEQYF	1
CASSLARVNNEQFF	1
CASSLAQGARYEQYF	1
CASSLAAGTGGKEQYF	1
CASSLAGRGEQFF	1
CASSLAGRMRETQYF	1
CASSLAGWSSYNEQFF	1
CASSLAGLAAEGEQFF	1
CASSLAGLEGLTDTQYF	1
CASSLAGQRNTEAFF	1
CASSLAGGHNEQFF	1
CASSLAGGTSFTDTQYF	1
CASSLAGEVDNEQFF	1
CASSLAISSNEQFF	1
CASSLATSGTGVNNEQFF	1
CASSLANGGDTQYF	1
CASSLALAAYNEQFF	1
CASSLAVGEAFF	1
CASSLAGVGIYEQYF	1
CASSLAGANQPQHF	1
CASSLAGGMSETQYF	1
CASSLAGGSDYNEQFF	1
CASSLAGTSSYEQYF	1
CASSLGFGGRETQYF	1
CASSLGWGQDTDTQYF	1
CASSLGLSSYNEQFF	1
CASSLGPISYNEQFF	1
CASSLGQEYEQYF	1
CASSLGVNTGELFF	1
CASSLGARVLNSPLHF	1
CASSLGAGLSGANVLTF	1
CASSLGADNEQFF	1
CASSLGGLALAGELFF	1
CASSLGIGDQPQHF	1
CASSLGSGKVDYEQYF	1
CASSLGSYNEQFF	1
CASSLGSWLETQYF	1
CASSLGPKRERANEQFF	1
CASSLGQFGYNEQFF	1
CASSLGAVSYNEQFF	1
CASSLGGLAGGPGETQYF	1
CASSLGGTSGRIEQFF	1
CASSLGGSLPYNEQFF	1
CASSLGGRGIEQYF	1
CASSLGISYEQYF	1
CASSLGTSGYPQETQYF	1
CASSLGTATYTF	1
CASSLGRVGYEQYF	1
CASSLGRENYGYTF	1
CASSLGWVYEQYF	1
CASSLGYEQYF	1
CASSLGLAGYEQYF	1
CASSLGLAGQETQYF	1
CASSLGPAGVFYEQYF	1
CASSLGPETEAFF	1
CASSLGRTDTQYF	1
CASSLGRDETQYF	1
CASSLGRDTNTGELFF	1
CASSLGRERLNEQFF	1
CASSLGREISIIAKNIQYF	1
CASSLGQGYEQYF	1
CASSLGQGAYEQYF	1
CASSLGAGGPVEQFF	1
CASSLGADTQYF	1
CASSLGAGRGNEQFF	1
CASSLGGSGYEQYF	1
CASSLGGLNQPQHF	1
CASSLGGSSYNEQFF	1
CASSLGGPYNEQFF	1
CASSLGGVADTQYF	1
CASSLGGVAYNEQFF	1
CASSLGGAGANVLTF	1
CASSLGGGRDTEAFF	1
CASSLGGTQYF	1
CASSLGGRGSYNEQFF	1
CASSLGDSPRGYTF	1
CASSLGDSHARYEQYF	1
CASSLGDRYTDTQYF	1
CASSLGDRGLGANVLTF	1
CASSLGESYEQYF	1
CASSLGEGFYNEQFF	1
CASSLGESNEQFF	1
CASSLGTTGGETQYF	1
CASSLGTSGSYEQYF	1
CASSLGTAGVSLEQYF	1
CASSLGTGAYEQYF	1
CASSLGSSYEQYF	1
CASSLGLHYEQYF	1
CASSLGWLAPQTYEQYF	1
CASSLGLSYEQYF	1
CASSLGLAMGNEQFF	1
CASSLGLANEQFF	1
CASSLGLAGAFYEQYF	1
CASSLGPVNTEAFF	1
CASSLGQGSYEQYF	1
CASSLGQGTTEAFF	1
CASSLGQGVTYEQFF	1
CASSLGQNYEQYF	1
CASSLGASSYEQYF	1
CASSLGGTGLQETQYF	1
CASSLGGSRAYEQYF	1
CASSLGGLPAPRF	1
CASSLGTGGGETQYF	1
CASSLGSARTDTQYF	1
CASSLDVGTYEQYF	1
CASSLDGWLFLNEQFF	1
CASSLDYNEQFF	1
CASSLDLSSYNEQFF	1
CASSLDPGLNTGELFF	1
CASSLDPGPGYEQYF	1
CASSLDQGAYNEQFF	1
CASSLDGGSNEQFF	1
CASSLDGTRLRDTQYF	1
CASSLDGEVPSYNEQFF	1
CASSLDNQETQYF	1
CASSLELRYEQYF	1
CASSLERDGDEQFF	1
CASSLEGITHEQYF	1
CASSLEGALLNEQFF	1
CASSLEGSNEQFF	1
CASSLEPTGELFF	1
CASSLEQGRNHNEQFF	1
CASSLEGGEGNQPQHF	1
CASSLEDYGYTF	1
CASSLIRQGLGTDTQYF	1
CASSLIRTEEQYF	1
CASSLIAPRTSGYEQYF	1
CASSLIRTEGEAFF	1
CASSLIAAYNEQFF	1
CASSLIGFQETQYF	1
CASSLMVGETQYF	1
CASSLMTSGRRADTQYF	1
CASSLIPLGNEQFF	1
CASSLIGGMIDTQYF	1
CASSLIGGLAGVGTDTQYF	1
CASSLIGGGYEQYF	1
CASSLTSGYEQYF	1
CASSLTSGVYNEQFF	1
CASSLTSGTSTDTQYF	1
CASSLTSGRDEQYF	1
CASSLTSGKETQYF	1
CASSLTNEKLFF	1
CASSLTLGGETQYF	1
CASSLTPSGSYEQYF	1
CASSLTQGIETQYF	1
CASSLTGGRTYEQYF	1
CASSLTGVSEGEQFF	1
CASSLTGGLAKNIQYF	1
CASSLTDTQYF	1
CASSLTEAEAFF	1
CASSLTTGLLDEQYF	1
CASSLTSGSFEQYF	1
CASSLTPGQGIYEQYF	1
CASSLTAGEGSYNEQFF	1
CASSLTGGSSYEQYF	1
CASSLTGGTYEQYF	1
CASSLTGQSSTDTQYF	1
CASSLSLTGPYEQYF	1
CASSLSGSTDTQYF	1
CASSLSPAADYEQYF	1
CASSLSSGSNEQFF	1
CASSLSRGSADTQYF	1
CASSLRWASTDTQYF	1
CASSLRQPGEYNSPLHF	1
CASSLRQGGTEAFF	1
CASSLRAGRSYEQYF	1
CASSLRGPYEQYF	1
CASSLRGARTDTQYF	1
CASSLRGGRRYNEQFF	1
CASSLRGTSGTHYEQYF	1
CASSLRGTRGLAKNIQYF	1
CASSLRGQTYEQYF	1
CASSLRDPIYNEQFF	1
CASSLRMGVAETQYF	1
CASSLRSGLATEQYF	1
CASSLRYSSYNEQFF	1
CASSLRLAGEADNEQFF	1
CASSLRRNTYEQYF	1
CASSLRGGLEQYF	1
CASSLRTNTEAFF	1
CASSLNLGLAGGEQYF	1
CASSLNSWDRNTGELFF	1
CASSLNAGAEQFF	1
CASSLNYGGGTGELFF	1
CASSLNLVVSKNIQYF	1
CASSLNPGDEQYF	1
CASSLNRDRLPYEQYF	1
CASSLNQGHTGELFF	1
CASSLNRGRQPQHF	1
CASSLKVGRETQYF	1
CASSLKGNEQYF	1
CASSLKGAFF	1
CASSLKTHITDTQYF	1
CASSLKPGQGASTDTQYF	1
CASSSLALTDGTQYF	1
CASSSLKSGGEQYF	1
CASSSSGLAGGASYNEQFF	1
CASSSSPLEQYF	1
CASSSSAGGLGNEQFF	1
CASSSWRGNEQFF	1
CASSSPGGFSVHEQYF	1
CASSSPGTGIAGELFF	1
CASSSPPWDTQYF	1
CASSSPTGIAGVLQFF	1
CASSSPRTSGRYEQYF	1
CASSSRQGLKYF	1
CASSSQGAQSHEQYF	1
CASSSQDSSGDYNEQFF	1
CASSSASGANVLTF	1
CASSSGANVLTF	1
CASSSGKGADTQYF	1
CASSSDRRRETQYF	1
CASSSEGWYEQYF	1
CASSSIQGLGPGEQYF	1
CASSSIPGNEQFF	1
CASSSTGGGDTQYF	1
CASSSTGYEQYF	1
CASSSSGSLKTQYF	1
CASSSRWSNVGELFF	1
CASSSNIGRGGVQFF	1
CASSSFSFRTSGREETQYF	1
CASSSFPSGGYEQYF	1
CASSSLLNNEQYF	1
CASSSLAGAVWEQYF	1
CASSSSPPTGGQETQYF	1
CASSSSRGESSYEQYF	1
CASSSSGTPYEQYF	1
CASSSSDSSYQPQHF	1
CASSSSRLPGFELFF	1
CASSSSGVPSQETQYF	1
CASSSSGGSSYEQYF	1
CASSSWAPGEESPLHF	1
CASSSWTSGTDTQYF	1
CASSSWTRSSYEQYF	1
CASSSYWLAGDYSGANVLTF	1
CASSSYTDTQYF	1
CASSSYSGSGYNEQFF	1
CASSSLNQPQHF	1
CASSSLPPAGANVLTF	1
CASSSLRGTSGTYNEQFF	1
CASSSLEGMDEQYF	1
CASSSLVGSRSYNEQFF	1
CASSSLRLAAPRGITDTQYF	1
CASSSLPVGRARNEQFF	1
CASSSLPTGFYGYTF	1
CASSSLAGGGNEQFF	1
CASSSLGGINQPQHF	1
CASSSLTSGRTYF	1
CASSSPFDPDTQYF	1
CASSSPPRLGWDTDTQYF	1
CASSSPGPANTGELFF	1
CASSSPIRSF	1
CASSSPWVGSYNSPLHF	1
CASSSPLERDGGNEQFF	1
CASSSPPGPDNEQFF	1
CASSSPRLAGPGELFF	1
CASSSPRGQGLGGPYEQYF	1
CASSSPRLAGVGDTGELFF	1
CASSSPRGSSYNSPLHF	1
CASSSPQSGTYEQYF	1
CASSSPAQYF	1
CASSSPATDTQYF	1
CASSSPGHPSYEQYF	1
CASSSPDSFRETQYF	1
CASSSPDRGSDEQYF	1
CASSSPPNEVYEQYF	1
CASSSPRGPGTNTGELFF	1
CASSSPGGTEAFF	1
CASSSPGLGTDTQYF	1
CASSSPELADYEQYF	1
CASSSRGPTFGGPF	1
CASSSRSYEQYF	1
CASSSRRGLRAGPIYEQYF	1
CASSSRKAGGHTEQYF	1
CASSSRGLAERGETQYF	1
CASSSRGPGGAGYGYTF	1
CASSSRGPEGTYEQYF	1
CASSSRDSTYEQYF	1
CASSSRDRVGDTQYF	1
CASSSRTEFNEQFF	1
CASSSRLAGVYEQYF	1
CASSSRQSGYEQYF	1
CASSSRAGVRNIQYF	1
CASSSRGGGTDEQFF	1
CASSSRTLDRPEGSYEQYF	1
CASSSHSGTVVGQFF	1
CASSSHRGVPGRRGQRGNEQFF	1
CASSSHGTSGLNEQFF	1
CASSSHEQYF	1
CASSSQSGQRNTIYF	1
CASSSQREQETQYF	1
CASSSVLGVNTEAFF	1
CASSSVAAGEQYF	1
CASSSAGANVLTF	1
CASSSAGQVNQPQHF	1
CASSSGRSYNEQFF	1
CASSSGRGHGNEQFF	1
CASSSGSSGSEQETQYF	1
CASSSGSQETQYF	1
CASSSGAGELFF	1
CASSSGGSEQYF	1
CASSSGGEQYF	1
CASSSGTSGPNEQFF	1
CASSSGTSGRAGLETQYF	1
CASSSGTSGYNEQFF	1
CASSSGTSETNEQFF	1
CASSSGTSEPNEQFF	1
CASSSGTQLQETQYF	1
CASSSGTVNEKLFF	1
CASSSGTAGETQYF	1
CASSSGQQETQYF	1
CASSSGQGLYEQYF	1
CASSSGQGADTQYF	1
CASSSGQTGELFF	1
CASSSGTGELFF	1
CASSSGTEKFF	1
CASSSDTGGEQYF	1
CASSSDRGLGNTIYF	1
CASSSIMNTEAFF	1
CASSSMGGGETQYF	1
CASSSIRPGTTYEQYF	1
CASSSIAASSYEQYF	1
CASSSTSGSGSNQPQHF	1
CASSSTSWVTGELFF	1
CASSSTRGSRTGELFF	1
CASSSTGTGGYEQYF	1
CASSSTDGRSSGEKLFF	1
CASSSTTGGIQYF	1
CASSSTGGRNEQYF	1
CASSSTGSEQYF	1
CASSSRDRSGDTQYF	1
CASSSRTGLNEQFF	1
CASSSRFQGREQYF	1
CASSSRPGLAASYEQYF	1
CASSSRQGFPGELFF	1
CASSSNSPLHF	1
CASSSNWKSKNIQYF	1
CASSSNVPGQDSKQYF	1
CASSSKDRGRGSTDTQYF	1
CASSSLAGREQFF	1
CASSSSPGQGASGELFF	1
CASSSSYTDTQYF	1
CASSSSGTSGRNEQFF	1
CASSSSRTSGGYNEQFF	1
CASSSSGSKTQYF	1
CASSSWGGSLYTDTQYF	1
CASSSYTDTQYF	1
CASSSLPAPGTRGYEQYF	1
CASSSLAWDYNEQFF	1
CASSSPRDHDYTGELFF	1
CASSSPVETQYF	1
CASSSRPGELFF	1
CASSSRGAATYNEQFF	1
CASSSQQGYEQFF	1
CASSSVRAGGQFEQYF	1
CASSSASYEQYF	1
CASSSGFYEQYF	1
CASSSGGSVTGELFF	1
CASSSGGRSYEQYF	1
CASSSGPYYEQYF	1
CASSSGVQQYF	1
CASSSGTIQETQYF	1
CASSSGLVEYEQYF	1
CASSSGLAGEDEQFF	1
CASSSGRGSREQYF	1
CASSSGQRYNEQFF	1
CASSSDYKNIQYF	1
CASSSDDGANVLTF	1
CASSSDDRVDIQYF	1
CASSSDRGSYEQYF	1
CASSSDREMWHYGYTF	1
CASSSETDPYEQYF	1
CASSSIYEQYF	1
CASSSMTGGKGSEGTDTQYF	1
CASSSTSGSYEQYF	1
CASSSTVLTGANSGNTIYF	1
CASSSTLQLQFF	1
CASSSTHQNIQYF	1
CASSSTGAGELFF	1
CASSSTGGLAGSSYEQYF	1
CASSSTGFNYGYTF	1
CASSSSGSKHEQYF	1
CASSSRTSGRDTQYF	1
CASSSRQGGQYF	1
CASSSNTGELFF	1
CASSSNRESYNEQFF	1
CASSSLGGRAINEQFF	1
CASSSSLNRAQETQYF	1
CASSSSLYNEQFF	1
CASSSSTDTQYF	1
CASSSSQGALETQYF	1
CASSSSGVAQETQYF	1
CASSSSRSKGYEQYF	1
CASSSYWGPYNEQFF	1
CASSSLAGYEQYF	1
CASSSLAGTTYNEQFF	1
CASSSLAGADEQYF	1
CASSSLAGEQETQYF	1
CASSSLASSYNEQFF	1
CASSSPSGVNTGELFF	1
CASSSPVGPPNQPQHF	1
CASSSPGDYGYTF	1
CASSSPMGQGRYSYNEQFF	1
CASSSRAVSYSGANVLTF	1
CASSSRTGLEETQYF	1
CASSSRTGVSGANVLTF	1
CASSSQGFTGELFF	1
CASSSQGPWTSGRYHTGELFF	1
CASSSQGDEQFF	1
CASSSAQRSGVFSSYEQYF	1
CASSSAGTSGLLEQYF	1
CASSSGWNEQFF	1
CASSSGYGTDTQYF	1
CASSSGYTEAFF	1
CASSSGVANYGYTF	1
CASSSGGTDTQYF	1
CASSSGGLGSYNEQFF	1
CASSSGEETQYF	1
CASSSGTHSYEQYF	1
CASSSGSATDTQYF	1
CASSSGLAVSTDTQYF	1
CASSSDRGADEQYF	1
CASSSDRGGTGELFF	1
CASSSDRNTGELFF	1
CASSSEGHGVGTQYF	1
CASSSEGLAGGKETQYF	1
CASSSEETQYF	1
CASSSIPGQGSF	1
CASSSTVSSYEQYF	1
CASSSTGEWYEQYF	1
CASSSSSGADTQYF	1
CASSSSQGADTQYF	1
CASSSSGRAINEQFF	1
CASSSRGQADTQYF	1
CASSSRQGTDTQYF	1
CASSSNPGENQPQHF	1
CASSSNLRRDRAYNEQFF	1
CASSSNTGELFF	1
CASSSNRVNEQYF	1
CASSCEGQGKDEQYF	1
CASSWLAGVEQFF	1
CASSWLAGGPLNEQYF	1
CASSWLETQYF	1
CASSWRQAYEQYF	1
CASSWRDAYNEQFF	1
CASSWRTGYSNQPQHF	1
CASSWQGPYNEQFF	1
CASSWVRGNNEQFF	1
CASSWVLRGREETQYF	1
CASSWASGGYTF	1
CASSWAASGRAWEQYF	1
CASSWAGPPQQFF	1
CASSWGGLGNEQFF	1
CASSWGQGDNEQYF	1
CASSWGQGRYEQFF	1
CASSWGQNTGELFF	1
CASSWGAGSTEAFF	1
CASSWGDRARRGETQYF	1
CASSWGEQETQYF	1
CASSWGTSGNNEQFF	1
CASSWGTGRGTQYF	1
CASSWGRNQETQYF	1
CASSWGNNEQFF	1
CASSWGLLRDEQFF	1
CASSWGLAREQFF	1
CASSWGLGAETQYF	1
CASSWGQGGSYEQYF	1
CASSWGGGGTYEQYF	1
CASSWDLEDDEQFF	1
CASSWDSETGELFF	1
CASSWDLLLYNEQFF	1
CASSWDGTNYGYTF	1
CASSWDTTGELFF	1
CASSWDTKTYEQYF	1
CASSWDRAARGYTF	1
CASSWELGRNIQYF	1
CASSWERETTDTQYF	1
CASSWEADTQYF	1
CASSWETQETQYF	1
CASSWTSGVTDTQYF	1
CASSWTSGSGDEQFF	1
CASSWTSGSSYEQYF	1
CASSWTGELFF	1
CASSWSGTYEQYF	1
CASSYFPLIDHNEQFF	1
CASSYFRVGYEQYF	1
CASSYSGPAKTYEQYF	1
CASSYSYEQYF	1
CASSYSADTQYF	1
CASSYSIGELFF	1
CASSYSNSCPYEQYF	1
CASSYWESGANVLTF	1
CASSYYRKLSYEQYF	1
CASSYLNTGELFF	1
CASSYLGRLEGYNEQFF	1
CASSYLLSGGNEQFF	1
CASSYPPGTAGRTEAFF	1
CASSYPYRSSGANVLTF	1
CASSYPPEDRKETQYF	1
CASSYRFLDEQFF	1
CASSYRTGNYGYTF	1
CASSYRSSGRAETQYF	1
CASSYRQGANVLVPSGNTIYF	1
CASSYQVFGYEQYF	1
CASSYATGAGNEQFF	1
CASSYGGGPQETQYF	1
CASSYGASGTYEQYF	1
CASSYGGNSPLHF	1
CASSYGDSPEAFF	1
CASSYGTVNEQYF	1
CASSYGLAGETQYF	1
CASSYGRYEQYF	1
CASSYISGTRRTQYF	1
CASSYIASGSYEQYF	1
CASSYTSGVADTQYF	1
CASSYTSGSTDTQYF	1
CASSYTYPNSPTDTQYF	1
CASSYTASGPDTQYF	1
CASSYTGGNEQFF	1
CASSYTGEPGYNEQFF	1
CASSYSGRGYTDTQYF	1
CASSYRWGNEQFF	1
CASSYNLAGVFTQYF	1
CASSYNYEQYF	1
CASSYKGASNTGELFF	1
CASSYFGRGRTEAFF	1
CASSYFRDRPNQPQHF	1
CASSYFTLAGQEQFF	1
CASSYLSYEQYF	1
CASSYLASGSYEQYF	1
CASSYLALGTEAFF	1
CASSYLGQETQYF	1
CASSYLTSGYEQYF	1
CASSYLTGGLGSGELFF	1
CASSYLAGPDTDTQYF	1
CASSYLAGGNDEQYF	1
CASSYSSSLAGDNEQFF	1
CASSYSSRYNEQFF	1
CASSYSLGLFPEAFF	1
CASSYSHRYNEQFF	1
CASSYSGTYEQYF	1
CASSYSGGTYNEQFF	1
CASSYSISGLAGGPGGELFF	1
CASSYSTSGSYEQYF	1
CASSYSTGANVLTF	1
CASSYSSGSYQETQYF	1
CASSYSSGRTYNEQFF	1
CASSYSSGKRDF	1
CASSYSRTSDEQYF	1
CASSYSRRNEQFF	1
CASSYSNRVANEKLFF	1
CASSYSLSYEQYF	1
CASSYSSGIGSPLHF	1
CASSYSYSPRDRVWYNEQFF	1
CASSYSLSKLGNTIYF	1
CASSYSPGYIQYF	1
CASSYSRSTDTQYF	1
CASSYSRESFTDTQYF	1
CASSYSQQGNTYEQYF	1
CASSYSVNEQFF	1
CASSYSADPGHGYTF	1
CASSYSGGEQYF	1
CASSYSGGGTDTQYF	1
CASSYSGTSGSHSETQYF	1
CASSYSGTSGYNEQFF	1
CASSYSGTSIWEQYF	1
CASSYSGTLGETQYF	1
CASSYSGLGNIGELFF	1
CASSYSGLPTDTQYF	1
CASSYSEANTGELFF	1
CASSYSETTTYEQYF	1
CASSYSEHMTSYEQYF	1
CASSYSTGELFF	1
CASSYSTGTEPRDFQETQYF	1
CASSYSTINEQFF	1
CASSYSSSGPVRETQYF	1
CASSYSRVADTQYF	1
CASSYSRGTDTQYF	1
CASSYSFNYGYTF	1
CASSYSLLAGKDTYEQYF	1
CASSYSSSYNEQFF	1
CASSYSSGLAKNIQYF	1
CASSYSSGGDEQYF	1
CASSYSLSYEQYF	1
CASSYSLSVRAIAREEQFF	1
CASSYSLAENTGELFF	1
CASSYSPSGSYEQYF	1
CASSYSRTRYNEQFF	1
CASSYSQGLAHNEQFF	1
CASSYSQTGLNTEAFF	1
CASSYSVASGRYEQYF	1
CASSYSAPSYEQYF	1
CASSYSAGLDGYTF	1
CASSYSGRATGELFF	1
CASSYSGNGARGTDTQYF	1
CASSYSGPVGGELFF	1
CASSYSGRRQPQHF	1
CASSYSGGAQTGELFF	1
CASSYSGGRGYEQFF	1
CASSYSGDLEFF	1
CASSYSGDHTDTQYF	1
CASSYSGTSVQETQYF	1
CASSYSGTKGGAFF	1
CASSYSGSGWGETQYF	1
CASSYSGLAGEQYF	1
CASSYSGLGSEQFF	1
CASSYSGQLFQETQYF	1
CASSYSDRPHEQYF	1
CASSYSDETQYF	1
CASSYSDRLNTEAFF	1
CASSYSDRGYEQYF	1
CASSYSDRGTDTQYF	1
CASSYSDRGRDTQYF	1
CASSYSDNTGELFF	1
CASSYSEGADYGYTF	1
CASSYSEITDTQYF	1
CASSYSIYGGSNYEQYF	1
CASSYSIHLTGGTEAFF	1
CASSYSIGWTGDGYTF	1
CASSYSITSGETQYF	1
CASSYSITPESGIYTGELFF	1
CASSYSMLLAGDEQFF	1
CASSYSTSGPGELFF	1
CASSYSTDSFYNEQFF	1
CASSYSTSFNTGELFF	1
CASSYSTSGRYYEQYF	1
CASSYSTSGYHEQYF	1
CASSYSTSEDPKNIQYF	1
CASSYSTNGLAAYEQYF	1
CASSYSTPGTGRGDTQYF	1
CASSYSTAQETQYF	1
CASSYSTRNTGELFF	1
CASSYSTGGTDTQYF	1
CASSYSSSAYEQYF	1
CASSYSSTIPGELFF	1
CASSYSSSGSYEQYF	1
CASSYSSRLSNYGYTF	1
CASSYSSKTSSETQYF	1
CASSYSSFLGDTQYF	1
CASSYSSQHQETQYF	1
CASSYSRPLDSPEMQPRDSPLHF	1
CASSYSRAYEQYF	1
CASSYSRGYKSSYEQYF	1
CASSYSRGAADEQFF	1
CASSYSRGDVNEQYF	1
CASSYSRLAGEQFF	1
CASSYSRGGGSSYEQYF	1
CASSYSRIDVQIHSTDTQYF	1
CASSYSRRGARTDTQYF	1
CASSYSNLGWLFF	1
CASSYSNGEQFF	1
CASSYSNGLAGNNEQFF	1
CASSYSNSYEQYF	1
CASSYSNRHVGELFF	1
CASSYSKQAGNTIYF	1
CASSYSKIAQETQYF	1
CASSYSSGTGAYEQYF	1
CASSYSSGSTYEQYF	1
CASSYSPRVGDSIDEQYF	1
CASSYSGLAGDTQYF	1
CASSYSGPPRGTEAFF	1
CASSYSGREPYNEQFF	1
CASSYSDRANSPLHF	1
CASSYSDRSYEQYF	1
CASSYSEGLDNEQFF	1
CASSYSEGLPYEQYF	1
CASSYWSGDPLYNEQFF	1
CASSYWTSGNDEQYF	1
CASSYYREGNEQFF	1
CASSYYGQPNTEAFF	1
CASSYYGGEQYF	1
CASSYLPPSGRYTDTQYF	1
CASSYLGPGGSNTGELFF	1
CASSYLAERETQYF	1
CASSYLGQQLDTQYF	1
CASSYLGSSYNEQFF	1
CASSYLRSTDTQYF	1
CASSYLGGEQYF	1
CASSYLTRGEEDEQFF	1
CASSYPSNEQFF	1
CASSYPGEQYF	1
CASSYPGRGSTNTGELFF	1
CASSYPRSRGETQYF	1
CASSYPLGGRSYNEQFF	1
CASSYPLPGNSNQPQHF	1
CASSYPLTSGRNEQFF	1
CASSYPGPGTLNNEQFF	1
CASSYPGTAIQYF	1
CASSYPDREANYGYTF	1
CASSYPEEVVETQYF	1
CASSYPRNEQYF	1
CASSYPLAGGPGDTQYF	1
CASSYPETSGSSYEQYF	1
CASSYPMGGSQEDTQYF	1
CASSYPETQYF	1
CASSYRLAGVGTGELFF	1
CASSYRVTSVETQYF	1
CASSYRLTGTYNEQFF	1
CASSYRGAEETQYF	1
CASSYRGYEQYF	1
CASSYRDSRETQYF	1
CASSYRTGPMTIYEQYF	1
CASSYRTGAIETQYF	1
CASSYRGSRVAEGYTF	1
CASSYRGLAGGLYEQYF	1
CASSYHILAGLLYEQYF	1
CASSYQTSGYNEQFF	1
CASSYQTSSEQYF	1
CASSYQSLTPDYEQYF	1
CASSYQQGEREQYF	1
CASSYQVRGADTQYF	1
CASSYVGGTSGSREQFF	1
CASSYVAGTSGPGRDIQYF	1
CASSYVRDGSGELFF	1
CASSYVGSEQYF	1
CASSYVLAGGRYTQYF	1
CASSYAGQKDNEKLFF	1
CASSYADPSSGNTIYF	1
CASSYAADYNEQFF	1
CASSYAAPLAGAQFF	1
CASSYAGGNYGYTF	1
CASSYAGSLTDTQYF	1
CASSYGRSGANVLTF	1
CASSYGRQGANYGYTF	1
CASSYGQVASLETQYF	1
CASSYGGGTYEQYF	1
CASSYGGTRSYEQYF	1
CASSYGTGTGGRDQPQHF	1
CASSYGSGGGYTF	1
CASSYGGEGREQYF	1
CASSYGEEGGETQYF	1
CASSYGRGSTPLHF	1
CASSYGLGLYEQYF	1
CASSYGSTDTQYF	1
CASSYGSGNTGELFF	1
CASSYGLAGALSTDTQYF	1
CASSYGLAGARSYNEQFF	1
CASSYGRYSNTGELFF	1
CASSYGHGELFF	1
CASSYGQGSSYEQYF	1
CASSYGQTQYF	1
CASSYGQAGEQYF	1
CASSYGARPNTGELFF	1
CASSYGAGASYEQYF	1
CASSYGAESTDTQYF	1
CASSYGAAYNEQFF	1
CASSYGGLIHEQYF	1
CASSYGGQGRYEQYF	1
CASSYGDRESEKLFF	1
CASSYGTSANEQFF	1
CASSYGTSGYNEQFF	1
CASSYGTSGSGNEQFF	1
CASSYGTSGSSDEQFF	1
CASSYGTGGNYEQYF	1
CASSYGSSNTGELFF	1
CASSYGRATDTQYF	1
CASSYGFGQLSSYEQYF	1
CASSYGSAGAGYNEQFF	1
CASSYGSVASEQFF	1
CASSYGLAAQEQYF	1
CASSYGLAGTQVTYEQYF	1
CASSYGRLNTEAFF	1
CASSYGRTSSYEQYF	1
CASSYGQETQYF	1
CASSYGAGGYNEQFF	1
CASSYGDTGELFF	1
CASSYGMVGGRTEQFF	1
CASSYDPGHLNTEAFF	1
CASSYDRANTEAFF	1
CASSYDHGLNTQYF	1
CASSYDDTQYF	1
CASSYDILGTGELFF	1
CASSYDLLGELFF	1
CASSYDREETQYF	1
CASSYDQGSYEQYF	1
CASSYDGQGSDTQYF	1
CASSYDRGSTGELFF	1
CASSYDRGGEQFF	1
CASSYDRGQETQYF	1
CASSYEAATQYF	1
CASSYEGNEQFF	1
CASSYEIGTSLMTNTGELFF	1
CASSYELAGGTTPYNEQFF	1
CASSYEAGGHHLSYEQYF	1
CASSYEGTTDTQYF	1
CASSYISSADTQYF	1
CASSYIGTSTDTQYF	1
CASSYMAEETQYF	1
CASSYMDGTGEGLRDTEAFF	1
CASSYMITDTQYF	1
CASSYMTGPETQYF	1
CASSYIDKYNEQFF	1
CASSYTSGTYDEQYF	1
CASSYTWGDTQYF	1
CASSYTSGRASTGELFF	1
CASSYTARHSPLHF	1
CASSYTGTSTDTQYF	1
CASSYTDSSYNEQFF	1
CASSYTRQETQYF	1
CASSYTGPETQYF	1
CASSYTGSYEQYF	1
CASSYTKLAGGFWEQYF	1
CASSYSSGTGAYGYTF	1
CASSYSSGANVLTF	1
CASSYSAGPAAQYF	1
CASSYSGRAGEQYF	1
CASSYSETQYF	1
CASSYRLEGNQPQHF	1
CASSYRVNSPLHF	1
CASSYRAPYNEQFF	1
CASSYRGSSGANVLTF	1
CASSYRGSGETQYF	1
CASSYRGGNQPQHF	1
CASSYRDRGSYEQYF	1
CASSYRETSYNEQFF	1
CASSYRRDTQYF	1
CASSYRVSGQGIGYEQYF	1
CASSYRATYPYNEQFF	1
CASSYNPGQPTYEQYF	1
CASSYNGGHDSPLHF	1
CASSYNQQRESRNEQFF	1
CASSYKAAAHPYEQYF	1
CASSYKGGNIQYF	1
CASSYKTQNTHREQFF	1
CASSLSPGLSYEQYF	1
CASSLSHSGRRRIEQYF	1
CASSLSTRRGSYEQYF	1
CASSLPNLRNEQFF	1
CASSLRETQYF	1
CASSLALGSPEAFF	1
CASSLIAQTYNEQFF	1
CASSLSGHTDTQYF	1
CASSLSGSNTGELFF	1
CASSLSRVATDTQYF	1
CASSLSGLVNEQFF	1
CASSLWTDGYEQYF	1
CASSLLGTDTQYF	1
CASSLPSLSYNEQFF	1
CASSLPSRERGSYEQYF	1
CASSLPPPRDTGELFF	1
CASSLRGGAGDTQYF	1
CASSLRDRGRETQYF	1
CASSLRDTQYF	1
CASSLQGLGEAFF	1
CASSLQGAGEEDTQYF	1
CASSLQTGEAGGPRYF	1
CASSLQETQYF	1
CASSLGGSSYNEQFF	1
CASSLGISHGAFF	1
CASSLGTLSDTQYF	1
CASSLGTGGQYF	1
CASSLGRPQETQYF	1
CASSLGDTQYF	1
CASSLDGTYEQYF	1
CASSLDRVYEQFF	1
CASSLISGAGANVLTF	1
CASSLTSGRSSGELFF	1
CASSLTGTGRPYIQYF	1
CASSLTRDRGRETQYF	1
CASSLTAGGTDTQYF	1
CASSLTGAYEQYF	1
CASSLRENTGELFF	1
CASSLRGTGAPGELFF	1
CASSLKIAGGVDTQYF	1
CASSLPRLEQFF	1
CASSLPGTYEQYF	1
CASSLRETKATYEQYF	1
CASSLGTQLRAVF	1
CASSLGPSLGTGLTYEQYF	1
CASSLGLRDTQYF	1
CASSLGGHNQPQHF	1
CASSLGLAGAQETQYF	1
CASSLGHRDSTDTQYF	1
CASSLDGYNEQFF	1
CASSLTPPGQGSYNEQFF	1
CASSLTSGEYNEQFF	1
CASSLTWTGSPLSGANVLTF	1
CASSLRRPGLAGGSNEQFF	1
CASSLLGQGINYGYTF	1
CASSLSDTGGGNEKLFF	1
CASSLYISYEQYF	1
CASSLLGTSYNEQFF	1
CASSLLAGTRNEQFF	1
CASSLLEVGTDTQYF	1
CASSLPGNEQFF	1
CASSLPSTGLLNTEAFF	1
CASSLRLAGVSEQYF	1
CASSLRPPAEPSEQFF	1
CASSLQGSKNIQYF	1
CASSLQTPVAAKNIQYF	1
CASSLAGGSTDTQYF	1
CASSLGSGREEETQYF	1
CASSLGKQYF	1
CASSLGLAGSSYNEQFF	1
CASSLDLLNEQYF	1
CASSLDGNTGELFF	1
CASSLDRGSYNEQFF	1
CASSLEVVLLSTDTQYF	1
CASSLEAGEGTDTQYF	1
CASSLIPGAKNIQYF	1
CASSLTGLINEQFF	1
CASSLTGFGETQYF	1
CASSLSGEQYF	1
CASSLRPPELFF	1
CASSLRTSGTGPNEQFF	1
CASSLRPREQYF	1
CASSPFLTDTQYF	1
CASSPSAGGIQYF	1
CASSPWGYYEQYF	1
CASSPLLLAGGPVSTDTQYF	1
CASSPPGSGFTGELFF	1
CASSPPKPNTEAFF	1
CASSPPGPFF	1
CASSPRLAAGELFF	1
CASSPRGDQPQHF	1
CASSPQGSYEQYF	1
CASSPQEPYNEQFF	1
CASSPQTENTEAFF	1
CASSPVRVQETQYF	1
CASSPGWGRSEETQYF	1
CASSPGLAYSTDTQYF	1
CASSPGLADYNEQFF	1
CASSPDRGIYEQYF	1
CASSPISGHPTDTQYF	1
CASSPTPSGPSTDTQYF	1
CASSPTGNTEAFF	1
CASSPTTGRYSPLHF	1
CASSPSPYGGAGNEQFF	1
CASSPSGSSYNEQFF	1
CASSPRPRSSTDTQYF	1
CASSPNRGLGAYEQYF	1
CASSPFGGETQYF	1
CASSPLDSSDTQYF	1
CASSPLAGRNNEQFF	1
CASSPLAGGNNEQFF	1
CASSPSSGEYQETQYF	1
CASSPSSGTGPNEQFF	1
CASSPSFLAGGGRHEQYF	1
CASSPSPYEANEKLFF	1
CASSPSVGDRGYHEQYF	1
CASSPSSAEQYF	1
CASSPSSTNQETQYF	1
CASSPSASGGRHIQYF	1
CASSPSAGHLYNEQFF	1
CASSPSGLAGGLGNEQFF	1
CASSPSTISEQYF	1
CASSPSTSGSETQYF	1
CASSPSLGATGELFF	1
CASSPWAVKAEAFF	1
CASSPWGKGTYEQYF	1
CASSPWGAESYEQYF	1
CASSPWEGWTSGSTTPLSSYNEQFF	1
CASSPWTANTGELFF	1
CASSPWTAKNIQYF	1
CASSPYRQVGSNEQFF	1
CASSPYGAHTDTQYF	1
CASSPYDRDTQYF	1
CASSPLVGPWAQYF	1
CASSPLRSRSTDTQYF	1
CASSPLGGRGIDNEQFF	1
CASSPLDTSGANVLTF	1
CASSPLTSGTGELFF	1
CASSPLLAPTDTQYF	1
CASSPLSRGELDNEQFF	1
CASSPLNNRGQNTEAFF	1
CASSPPGYFTYEQYF	1
CASSPPTERTALEQYF	1
CASSPPRDRGFYEQYF	1
CASSPPREHSYEQYF	1
CASSPPGTGAREQYF	1
CASSPPWTGVLAGDTGELFF	1
CASSPPGVRGQYF	1
CASSPPGLPGLNEQFF	1
CASSPPGTTGELFF	1
CASSPPNTGELFF	1
CASSPPTGALNYGYTF	1
CASSPRRTGTLEQYF	1
CASSPRKQLPGELFF	1
CASSPRGTSGRGGELFF	1
CASSPRRGTGASYEQYF	1
CASSPRFTGSTDTQYF	1
CASSPRYYNEQFF	1
CASSPRDLTLPSTGELFF	1
CASSPRDRGDEKLFF	1
CASSPREGGDTQYF	1
CASSPRTSGFSYEQYF	1
CASSPRTSGAYEQYF	1
CASSPRTGALLDEQYF	1
CASSPRRETGELFF	1
CASSPRWNTGELFF	1
CASSPRLAGGSYEQYF	1
CASSPRQVVAGEQYF	1
CASSPRQGARSEQYF	1
CASSPHRAVQETQYF	1
CASSPQLLAGLYEQYF	1
CASSPQRAEQFF	1
CASSPQAGTIANEQFF	1
CASSPQTSGSRDTQYF	1
CASSPQTGGAYEQYF	1
CASSPQKREQYF	1
CASSPQSHPSYEQYF	1
CASSPVQGGNIQYF	1
CASSPVALAGVYYNEQFF	1
CASSPVTGADTDTQYF	1
CASSPVLAGGPYEQYF	1
CASSPVAALPYEQYF	1
CASSPAFGQTNTGELFF	1
CASSPAYEQYF	1
CASSPARGTLNEQFF	1
CASSPAGGSGANVLTF	1
CASSPAGTSGRGEQFF	1
CASSPAGTGANVLTF	1
CASSPARKGDQPQHF	1
CASSPAGTSSSYEQYF	1
CASSPATTVSYNEQFF	1
CASSPGSLQETQYF	1
CASSPGLNTGELFF	1
CASSPGGLLEQYF	1
CASSPGVARYEQYF	1
CASSPGADVETQYF	1
CASSPGTTVREQYF	1
CASSPGTSAKGEQFF	1
CASSPGTSGSADTQYF	1
CASSPGTPAYNEQFF	1
CASSPGTATYEQYF	1
CASSPGTGRTQYF	1
CASSPGRGFYNEQFF	1
CASSPGLPPETQYF	1
CASSPGLAGYNEQFF	1
CASSPGLAGDPFNEQFF	1
CASSPGQGQTQYF	1
CASSPGQTQETQYF	1
CASSPGVAGGTDTQYF	1
CASSPDFYEQYF	1
CASSPDTSEQYF	1
CASSPDRAGNSPLHF	1
CASSPDRRQETQYF	1
CASSPDRKNKNIQYF	1
CASSPESNEQFF	1
CASSPEAASMGTDTQYF	1
CASSPESYEQYF	1
CASSPIRWSEQFF	1
CASSPILAEQETQYF	1
CASSPTSGRPYEQYF	1
CASSPTSGLRGDTQYF	1
CASSPTGVYEQYF	1
CASSPTGTYNSPLHF	1
CASSPTGVREQFF	1
CASSPTTSDNEQFF	1
CASSPTGGSGANVLTF	1
CASSPTGRTYEQYF	1
CASSPRGPTYEQYF	1
CASSPRDIGPGELFF	1
CASSPRTSVYNEQFF	1
CASSPRLSPETQYF	1
CASSPNGLFTQYF	1
CASSPLHSYEQYF	1
CASSPSGANYEQYF	1
CASSPYPSLAGESDTQYF	1
CASSPLGQKETQYF	1
CASSPPPSATNEKLFF	1
CASSPPWSRGGEETQYF	1
CASSPPWTGGHEQFF	1
CASSPPVGQWDNEQFF	1
CASSPPAGGGWAYEQYF	1
CASSPPGGLREQFF	1
CASSPPGSGRNYGYTF	1
CASSPRLDSPYGYTF	1
CASSPRAPFLDTQYF	1
CASSPRLAGRHEQYF	1
CASSPRQGSYEQYF	1
CASSPHGGYNEQFF	1
CASSPHDTGELFF	1
CASSPAGTDTQYF	1
CASSPARTYEQYF	1
CASSPGGGDYQQFF	1
CASSPGYTDTQYF	1
CASSPGAFYNEQFF	1
CASSPGGTDTQYF	1
CASSPGGETQYF	1
CASSPGTSGHYEQYF	1
CASSPGLSPYEQYF	1
CASSPGLAGGQETQYF	1
CASSPGLAGGLYF	1
CASSPGLAGDTQYF	1
CASSPGLEYNEQFF	1
CASSPGPYYNEQFF	1
CASSPGQGIEGYTF	1
CASSPGQGTEQYF	1
CASSPGQGMNIQYF	1
CASSPGQSTDTQYF	1
CASSPGQNYEQYF	1
CASSPGVRSGKQPQHF	1
CASSPDLEQETQYF	1
CASSPDRTGELFF	1
CASSPDTYNEQFF	1
CASSPDSGSTYEQYF	1
CASSPDRSTDTQYF	1
CASSPEVYQPQHF	1
CASSPEVMPEAFF	1
CASSPMGSSGGDTQYF	1
CASSPTAGTPLAKNIQYF	1
CASSPTSGRSRWHEQYF	1
CASSPTLTSGSTEQFF	1
CASSPTQETQYF	1
CASSPTAYEQYF	1
CASSPTANTGELFF	1
CASSPTGYEQYF	1
CASSPTGNSYEQYF	1
CASSPTGGDAGELFF	1
CASSPSSAHEQYF	1
CASSPRVNSPLHF	1
CASSPRELAKNIQYF	1
CASSPRTSGTNEQFF	1
CASSPRLAGYHEQFF	1
CASSPSDRAYEQYF	1
CASSPSTGDLFYGYTF	1
CASSPSQGATSYEQYF	1
CASSPWTSGSDEQFF	1
CASSPWTGTGGWEQYF	1
CASSPLGTVGRYEQYF	1
CASSPLAEIYEQYF	1
CASSPPSPGELFF	1
CASSPPLGLGPGFMQQYF	1
CASSPPPSTDTQYF	1
CASSPPPNYEQYF	1
CASSPPLSSPLHF	1
CASSPPFTDTQYF	1
CASSPPQGFKETQYF	1
CASSPRDFYNEQFF	1
CASSPRDGSTPEQYF	1
CASSPRTGRRATNEKLFF	1
CASSPHKSSYNEQFF	1
CASSPQYNEQFF	1
CASSPQGLTEAFF	1
CASSPQGGAKNIQYF	1
CASSPQETQYF	1
CASSPARVWGTDTQYF	1
CASSPAGQSYEQYF	1
CASSPAGRSYEQYF	1
CASSPAGGPTQYF	1
CASSPADTTSYEQYF	1
CASSPGPGKRYRYF	1
CASSPGQGNTGELFF	1
CASSPGTDTQYF	1
CASSPGQNTGELFF	1
CASSPGVGQETQYF	1
CASSPGTDQVQPQHF	1
CASSPGRGLAGGSSYNEQFF	1
CASSPGLAYQETQYF	1
CASSPDRVSSTFF	1
CASSPDRGPKTQYF	1
CASSPTSNEQFF	1
CASSPTSGVYNEQFF	1
CASSPTLSWTARNQPQHF	1
CASSPTGGFLQYF	1
CASSPTGLAGETQYF	1
CASSPTTSGSEQYF	1
CASSPSGSGYNEQFF	1
CASSPSTDTQYF	1
CASSPSRGRETQYF	1
CASSPRGEPQHF	1
CASSPRLAGVYNEQFF	1
CASSPRQVGVPQETQYF	1
CASSPNTDEQFF	1
CASSPNPGQGAQVNEQFF	1
CASSPNGPSGYNEQFF	1
CASSRPRGGQETQYF	1
CASSRTSGTASSYNEQFF	1
CASSRTDRFKNIQYF	1
CASSRLDRGEQYF	1
CASSRLAGGPDTQYF	1
CASSRPGPQETQYF	1
CASSRVIIDEQFF	1
CASSRVNTGELFF	1
CASSRGLAGGGETQYF	1
CASSRTGTGGAQFF	1
CASSRLNYEQYF	1
CASSRRSGANVLTF	1
CASSRRPAGVYEQYF	1
CASSRAVTYNEQFF	1
CASSRGRGYTF	1
CASSRGGTADNEQFF	1
CASSRGPGPQHF	1
CASSRGVAGRAVGDTQYF	1
CASSRGTKRGYTDTQYF	1
CASSRGLAETYEQYF	1
CASSRGPAVPLVSKNIQYF	1
CASSRGHTNYGYTF	1
CASSRGQARGEQYF	1
CASSRGQGAPNEQFF	1
CASSRDSVLYEQYF	1
CASSRDYTYEQYF	1
CASSRDRGSREQYF	1
CASSRDSSTDTQYF	1
CASSRDRAAYEQYF	1
CASSRDRGTSPLHF	1
CASSRDRGLDTQYF	1
CASSRDREREQYF	1
CASSRDRNTEAFF	1
CASSREGRTDTQYF	1
CASSRTSGSIEQFF	1
CASSRTPQETQYF	1
CASSRTGGGGRQTTDTQYF	1
CASSRTGGTDTQYF	1
CASSRTGDYTEAFF	1
CASSRKGFSSYEQYF	1
CASSRLAGGINEQFF	1
CASSRSLSFYEQYF	1
CASSRYPLAGTGELFF	1
CASSRLGYEQYF	1
CASSRLASLTYEQYF	1
CASSRLAVSTDTQYF	1
CASSRLAGGLMETQYF	1
CASSRPGLTRWAYNEQFF	1
CASSRRDRGLTEAFF	1
CASSRRTSFTDTQYF	1
CASSRQFQETQYF	1
CASSRQGYAGELFF	1
CASSRQGLQETQYF	1
CASSRQGDNEQFF	1
CASSHYIAGEGDTQYF	1
CASSHYSGFVKNIQYF	1
CASSHLADPTDTQYF	1
CASSHGPYEQYF	1
CASSHDPRLAGGPRAQDTQYF	1
CASSHTTSGRTDTQYF	1
CASSHSSGRPGELFF	1
CASSHSGGGLAGATGELFF	1
CASSHLLAVIYNEQFF	1
CASSHPTSGGELFF	1
CASSHPFSGRATDTQYF	1
CASSHRALGAFF	1
CASSHGLANEQFF	1
CASSHGELAGGIEETQYF	1
CASSHGTRNTGELFF	1
CASSHGTGFFEQYF	1
CASSHGTGSADTQYF	1
CASSHGTGHSTDTQYF	1
CASSHGTESYEQYF	1
CASSHGSGSFLEQYF	1
CASSHDPHRAYNSPLHF	1
CASSHMEGYEQYF	1
CASSHTGYIQYF	1
CASSHRSGANVLTF	1
CASSHRVLDSYNEQFF	1
CASSHKQGTGELFF	1
CASSQLAGGYNEQFF	1
CASSQPGGSYNEQFF	1
CASSQRGEETQYF	1
CASSQREGPYEQYF	1
CASSQAIDTYNEQFF	1
CASSQAAGGDTSTDTQYF	1
CASSQGRLAGAFSYEQYF	1
CASSQGAGTQHF	1
CASSQGILRNEQYF	1
CASSQGTSGTQQQYF	1
CASSQGRGAGSYNEQFF	1
CASSQGLAARYGELFF	1
CASSQDVVPYYEQYF	1
CASSQDRIHTEAFF	1
CASSQTGGDSNEQFF	1
CASSQTGGEQYF	1
CASSQFTGLRQETQYF	1
CASSQLRGTGTGELFF	1
CASSQLGLNTGELFF	1
CASSQPLLQHEQYF	1
CASSQPQGAKSTDTQYF	1
CASSQRDRGTDTQYF	1
CASSQQGIRNTGELFF	1
CASSQQGSNTDTQYF	1
CASSQVAAGLDQETQYF	1
CASSQGGSYNEQFF	1
CASSQGPASGANVLTF	1
CASSQDRVYEQYF	1
CASSQIGQAQETQYF	1
CASSQIAGGVTGELFF	1
CASSQTRLAGVHNEQFF	1
CASSQTAGGEQFF	1
CASSQTDRSHNEQFF	1
CASSQTQGKNSPLHF	1
CASSQSLAGTYEQYF	1
CASSQRRGGVPETQYF	1
CASSQNRGGEQFF	1
CASSVSGGPFREQFF	1
CASSVSTGESSYEQYF	1
CASSVPGSGRANTGELFF	1
CASSVQASYEQYF	1
CASSVQGGTSSGANVLTF	1
CASSVQAQSSYNEQFF	1
CASSVAGQGAQYF	1
CASSVGYLYNEQFF	1
CASSVGEAGELFF	1
CASSVDTGELFF	1
CASSVEVSDTQYF	1
CASSVMIEQYF	1
CASSVIAFVDTQYF	1
CASSVTQLLSHEQFF	1
CASSVTGPPSEQYF	1
CASSVTGTRGAYEQYF	1
CASSVTGDGSYEQYF	1
CASSVSSGNEQFF	1
CASSVSPDGTAYEQYF	1
CASSVSTGSPTDTQYF	1
CASSVPLAGTSYNEQFF	1
CASSVPAETQYF	1
CASSVPGSGIETQYF	1
CASSVRETQYF	1
CASSVQAGSHYEQYF	1
CASSVAGVSYEQYF	1
CASSVGAVGELFF	1
CASSVRVSGANVLTF	1
CASSVLGSTDTQYF	1
CASSVRILGADTQYF	1
CASSVVQASYNEQFF	1
CASSVASTDTQYF	1
CASSVAADQETQYF	1
CASSVGPGPNTEAFF	1
CASSVGKDTQYF	1
CASSVGLGSYNEQFF	1
CASSVDYEQYF	1
CASSVDRSSSYEQYF	1
CASSVIGQETQYF	1
CASSVTSGRGDTQYF	1
CASSVTRSTDTQYF	1
CASSVRVATVYEQYF	1
CASSVRSGRQGDTQYF	1
CASSVKRASTDTQYF	1
CASSVCELAASYEQYF	1
CASSVLAGDGTDTQYF	1
CASSVRSKDTQYF	1
CASSVRLAGGIKTQYF	1
CASSVQGVGYGYTF	1
CASSVQGIGNQPQHF	1
CASSVQGGNYEQYF	1
CASSVASGANEYF	1
CASSVADTQYF	1
CASSVGTSGLKRSYEQYF	1
CASSVGHTDTQYF	1
CASSVGTGAYEQYF	1
CASSVGFPTDTQYF	1
CASSVGLYNEQFF	1
CASSVGQYYEQYF	1
CASSVGQGVMETQYF	1
CASSVDLRKASTGELFF	1
CASSVDLAVGTDTQYF	1
CASSVDYEQYF	1
CASSVIDEQYF	1
CASSVRREAETQYF	1
CASSVRGVSYNEQFF	1
CASSVRLAGADTQYF	1
CASSVRQGQGADTQYF	1
CASSAFDRGNYEQYF	1
CASSASTGRGYEQYF	1
CASSASPGGAGYNEQFF	1
CASSAPEGTGELFF	1
CASSAPPGQGGSPLHF	1
CASSAHRLPYEQYF	1
CASSAGPYTGELFF	1
CASSATVTYEQYF	1
CASSATGYNQPQHF	1
CASSARGREQFF	1
CASSASSGTYSYEQYF	1
CASSASSGELNTEAFF	1
CASSALDEQFF	1
CASSALSSGSRDTQYF	1
CASSALTSSYNEQFF	1
CASSAPGHNEQFF	1
CASSAPGTKSEQYF	1
CASSARRLSRGTTDTQYF	1
CASSARVPSYNEQFF	1
CASSARGVMNTEAFF	1
CASSARDRPLGDTQYF	1
CASSARLAGPYPYNEQFF	1
CASSARQVQSSYNEQFF	1
CASSAHRDYEQYF	1
CASSAAGAETQYF	1
CASSAATVTDTQYF	1
CASSAGAASQETQYF	1
CASSAGGDTQYF	1
CASSAGESAGYTDTQYF	1
CASSAGTTGDQPQHF	1
CASSAGTAYGYTF	1
CASSASVYEQYF	1
CASSARGSPDYTF	1
CASSASYEQYF	1
CASSASGTGVFHEQYF	1
CASSAWGGDYSYEQYF	1
CASSAPPGLAGETGELFF	1
CASSAQGAGYEQYF	1
CASSAQGGDQPQHF	1
CASSAASGIDEQYF	1
CASSAASNTGELFF	1
CASSAAAGDGYEQYF	1
CASSAGYNEQFF	1
CASSAGPVNTGELFF	1
CASSADRPGTQYF	1
CASSAIGPRRNEQFF	1
CASSAIRVSNQPQHF	1
CASSATVPANVLTF	1
CASSALGQPQHF	1
CASSASRTAISDIQYF	1
CASSALRLLQETQYF	1
CASSARGQGFKETQYF	1
CASSAAGRDTQYF	1
CASSAAGPTSYEQYF	1
CASSAAGGQDTQYF	1
CASSAGPYTGELFF	1
CASSAGLFGEQYF	1
CASSADRALSYEQYF	1
CASSAELGYTDTQYF	1
CASSAMASSYNEQFF	1
CASSATGLANTDTQYF	1
CASSARTGTLIETQYF	1
CASSANNEQFF	1
CASSGLGLYGYTF	1
CASSGPAYEQYF	1
CASSGVYGKRDALYNEQFF	1
CASSGGRQETQYF	1
CASSGGRGPNEKLFF	1
CASSGIRYEQYF	1
CASSGIAGGDTGELFF	1
CASSGTGLGVYEQYF	1
CASSGLGDTGELFF	1
CASSGLGTDTQYF	1
CASSGPHRDGGYEQYF	1
CASSGRTGGNQPQHF	1
CASSGQQTSGVSYEQYF	1
CASSGADTQYF	1
CASSGGTVSYNSPLHF	1
CASSGGTGSNQPQHF	1
CASSGGQGHQPQHF	1
CASSGRQGEAAGANVLTF	1
CASSGFAGANVLTF	1
CASSGLVNEQFF	1
CASSGLTLNTEAFF	1
CASSGSGANVLTF	1
CASSGSTGTYEQYF	1
CASSGYRQPQHF	1
CASSGRSILATGGQETQYF	1
CASSGRDRSYEQYF	1
CASSGVGGTSTDTQYF	1
CASSGAGRHEQYF	1
CASSGGSTDTQYF	1
CASSGGIGPRDTQYF	1
CASSGGRGGEQYF	1
CASSGGIPKSSNYGYTF	1
CASSGGLGEISTDTQYF	1
CASSGGPAPDTQYF	1
CASSGGQGAYNEQFF	1
CASSGGTSADTQYF	1
CASSGGLAGSHEQYF	1
CASSGGRTTNEKLFF	1
CASSGDGGYEYEQYF	1
CASSGDIHAYNEQFF	1
CASSGDRGTGELFF	1
CASSGIWRSTDTQYF	1
CASSGTSSGANVLTF	1
CASSGTSGSGDTQYF	1
CASSGTSGEYNEQFF	1
CASSGTSGRAYTDTQYF	1
CASSGTSGRAYNEQFF	1
CASSGTSGRHEQYF	1
CASSGTVGGTYEQYF	1
CASSGTGTGETEAFF	1
CASSGTSSSYEQYF	1
CASSGTVREQFF	1
CASSGTAPEQYF	1
CASSGTGGDTGELFF	1
CASSGTGLAKNIQYF	1
CASSGTGGNTEAFF	1
CASSGSWVGRRSSDVTKNIQYF	1
CASSGREGQYEQYF	1
CASSGNPAGYYNEQFF	1
CASSGFRGRYEQYF	1
CASSGLQRGSNQPQHF	1
CASSGYRGTNYGYTF	1
CASSGLTSRYTGELFF	1
CASSGLAGSYYQETQYF	1
CASSGPSGDEQFF	1
CASSGRQGAYNEQFF	1
CASSGRSYEQYF	1
CASSGQGEGYTF	1
CASSGQGKVYEQYF	1
CASSGQGAYSHGYTF	1
CASSGQIEETQYF	1
CASSGVVGETQYF	1
CASSGAGAAGELFF	1
CASSGAGDAYNEQFF	1
CASSGAGEDGNEQFF	1
CASSGGLPHTDTQYF	1
CASSGGGAASYEQYF	1
CASSGEYQPQHF	1
CASSGSRQGYSSDTQYF	1
CASSGRERVTDTQYF	1
CASSGNLQGQETQYF	1
CASSGNLADTSYEQYF	1
CASSDFRGQVKNIQYF	1
CASSDFGGAYNEQFF	1
CASSDLEGLEEETQYF	1
CASSDSAGTSGGPWTQYF	1
CASSDSSSLRVQYF	1
CASSDSLAGEVDTQYF	1
CASSDWGDYKNKNIQYF	1
CASSDYQTGMNTEAFF	1
CASSDYWVQFF	1
CASSDYWSTDTQYF	1
CASSDLSTDTQYF	1
CASSDLVADTQYF	1
CASSDLAGSSYEQYF	1
CASSDPGTSGNEQFF	1
CASSDPGTRTGELFF	1
CASSDPGTGTYEQYF	1
CASSDRWAATDTQYF	1
CASSDRALQETQYF	1
CASSDRGRQPQHF	1
CASSDRGSGTGELFF	1
CASSDRGPEAFF	1
CASSDRTAYLYF	1
CASSDRTRSYNEQFF	1
CASSDRKKDWDNEQFF	1
CASSDRLAGKDEQFF	1
CASSDRGSLYNEQFF	1
CASSDHGDSSYEQYF	1
CASSDQGSSYEQYF	1
CASSDVGLSYEQYF	1
CASSDGRRSYEQYF	1
CASSDGLAGASYNEQFF	1
CASSDDSLFYEQYF	1
CASSDDRGRDTGELFF	1
CASSDERNQETQYF	1
CASSDIGGKDTQYF	1
CASSDTRGAYNEQFF	1
CASSDTGGEETQYF	1
CASSDSRESTDTQYF	1
CASSDSGRDYEQYF	1
CASSDSEQETQYF	1
CASSDRPASSYEQYF	1
CASSDRQEDQPQHF	1
CASSDNWGNTEAFF	1
CASSDKGTGTSGRDNEQFF	1
CASSDKMQGEQFF	1
CASSDFTGTSFGDTQYF	1
CASSDLTRTSTDTQYF	1
CASSDSLNNEQFF	1
CASSDSGTSIDEQFF	1
CASSDSSGRADTQYF	1
CASSDSSTHEQFF	1
CASSDSPTSATDTQYF	1
CASSDSPASGNTIYF	1
CASSDSGTSDHNEQFF	1
CASSDSASGIDTGELFF	1
CASSDSGDSYNEQFF	1
CASSDSDRSEQFF	1
CASSDSEQVDEQFF	1
CASSDSITDTQYF	1
CASSDSTGGTYNEQFF	1
CASSDSTGGPSDTQYF	1
CASSDSLRLAPYNEQFF	1
CASSDSLAGYNEQFF	1
CASSDSQGTYNEQFF	1
CASSDSAGGSTDTQYF	1
CASSDSAGEEYNEQFF	1
CASSDSGADNEQFF	1
CASSDSEGAGNEQFF	1
CASSDSSGETDTQYF	1
CASSDWDGYEQYF	1
CASSDWTSVTGELFF	1
CASSDLEEDIRRQFPRSRRTEAFF	1
CASSDLAGVGEQFF	1
CASSDPRHEQYF	1
CASSDPGLAGGIDNEQFF	1
CASSDPRGLMGGTYEQYF	1
CASSDPGLAGSYNEQFF	1
CASSDPGQGLYEQYF	1
CASSDRGSSYNEQFF	1
CASSDRTHRRKNIQYF	1
CASSDRTSIETQYF	1
CASSDRNTGELFF	1
CASSDRAGPYEQYF	1
CASSDRGTPGNEQFF	1
CASSDHEMKGNTGELFF	1
CASSDHRGSLQETQYF	1
CASSDHRDADTQYF	1
CASSDQGGGDTEAFF	1
CASSDQTSGRDSGTQYF	1
CASSDVGAGVNEQFF	1
CASSDAGGPDTQYF	1
CASSDARQGDYEQYF	1
CASSDGAVGSNEQFF	1
CASSDGSMYEQYF	1
CASSDGRDYSNEQFF	1
CASSDGGGLTDTQYF	1
CASSDGQGVETQYF	1
CASSDGGAGELFF	1
CASSDGGGLWFF	1
CASSDGTANTEAFF	1
CASSDGLYTGELFF	1
CASSDGQSYEQYF	1
CASSDGQGFTQETQYF	1
CASSDGQNTDTQYF	1
CASSDDLGNGGTQYF	1
CASSDDRWNEQFF	1
CASSDEVGGQPQHF	1
CASSDEAETQYF	1
CASSDILAGYNEQFF	1
CASSDILVGIGYEQYF	1
CASSDTYPGTSETDTQYF	1
CASSDTGGKADTQYF	1
CASSDTYEKLFF	1
CASSDTEYNEQFF	1
CASSDSSSGRATDTQYF	1
CASSDSGGTDTQYF	1
CASSDRVDEQYF	1
CASSDRARETQYF	1
CASSDRGQNIQYF	1
CASSDRGLLDEQYF	1
CASSDRGDQPQHF	1
CASSDRLADNEQFF	1
CASSDRRGLTYNEQFF	1
CASSDKGAIIGNTIYF	1
CASSEFRNYEQYF	1
CASSELWGYSNQPQHF	1
CASSELGRYEQYF	1
CASSESYEQYF	1
CASSELAEGGKTQYF	1
CASSEPHGGGEQYF	1
CASSEPGQGALEQFF	1
CASSEPGERAYEQYF	1
CASSEVGGSETQYF	1
CASSEVEGDTQYF	1
CASSEAGTSGNTYEQFF	1
CASSEAGGSSDTQYF	1
CASSEGSDRVYEQYF	1
CASSEGYEQYF	1
CASSEGGSSYNEQFF	1
CASSEGDRGNNEQFF	1
CASSEGQGSTDTQYF	1
CASSEGEGAATNEKLFF	1
CASSEDGTSGELFF	1
CASSEDGPLNTEAFF	1
CASSEDTSGYTGELFF	1
CASSEDTGELFF	1
CASSEETSGPPYNEQFF	1
CASSEENYFSYEQYF	1
CASSEIHWGLAKNIQYF	1
CASSETSGEQETQYF	1
CASSETSGLIYNEQFF	1
CASSETSGTTDTQYF	1
CASSETRDGTQYF	1
CASSETVNTEAFF	1
CASSETGVGYEQYF	1
CASSETEFKPETQYF	1
CASSESGDLAGELFF	1
CASSESNGAYNEQFF	1
CASSEKADTQYF	1
CASSEKTGSSYEQYF	1
CASSEKGGDRRMGYTF	1
CASSEFSGGYEQYF	1
CASSEFQASHFLYF	1
CASSEFRASGTGELFF	1
CASSEFQSGRFSYEQYF	1
CASSEFGAREYQYF	1
CASSEFEGANIQYF	1
CASSELARYEQYF	1
CASSELGQGAGGYTF	1
CASSELAASYNEQFF	1
CASSELGSGETQYF	1
CASSELGQTNTGELFF	1
CASSELKGGETQYF	1
CASSESSSRVYEQYF	1
CASSESRWLRTSGRSYEQYF	1
CASSESAGGNEDTQYF	1
CASSESGTGGQTQYF	1
CASSESGRTSGEQYF	1
CASSESAASQETQYF	1
CASSESGRLRCEQFF	1
CASSESGLGWSNEQFF	1
CASSESGESDTQYF	1
CASSESTSGGHEQYF	1
CASSESRHNEQFF	1
CASSESRAGTPRDF	1
CASSESLGPMFYEQYF	1
CASSESGVSYEQYF	1
CASSESRSRETQYF	1
CASSESNTGELFF	1
CASSEWRGESYEQYF	1
CASSEWRESQETQYF	1
CASSEWASPGEQYF	1
CASSEWAVNNEQFF	1
CASSEWGETQYF	1
CASSEWGGETDTQYF	1
CASSEWDLSYEQYF	1
CASSEWTSGNNYEQYF	1
CASSEWSRSETQYF	1
CASSEYFGAGELFF	1
CASSEYYQKDYEQYF	1
CASSEYRASGLPSYNEQFF	1
CASSEYWEEGEQYF	1
CASSEYRGSTDTQYF	1
CASSELWGQGANIQYF	1
CASSELPSGSGEQYF	1
CASSELDILDNEQFF	1
CASSELISYGEQYF	1
CASSELRDSNQPQHF	1
CASSELLGPGEKLFF	1
CASSELLAITDTQYF	1
CASSELALSSTDTQYF	1
CASSELAGSPFYNEQFF	1
CASSEPLYEQYF	1
CASSEPSEQYF	1
CASSEPPGTSSADTQYF	1
CASSEPPGSTQYF	1
CASSEPRLAVPKGEQFF	1
CASSEPGTGIGNTIYF	1
CASSEPGDQPQHF	1
CASSERHREETQYF	1
CASSERRPYEQYF	1
CASSERLRAHIQYF	1
CASSERERELFF	1
CASSEHWEGRPEQYF	1
CASSEHGQGIETQYF	1
CASSEHRDWDTEAFF	1
CASSEQQPISYNEQFF	1
CASSEQASSGANVLTF	1
CASSEQDYQETQYF	1
CASSEQTGSNQPQHF	1
CASSEVRGNILNQPQHF	1
CASSEVGEATEQFF	1
CASSEVSGVGGELFF	1
CASSEVPQSSYEQYF	1
CASSEVRAGGFF	1
CASSEVSGGGSEQFF	1
CASSEVRPLSWGITSGSYEQYF	1
CASSEALSGATEAFF	1
CASSEAYRGDTQYF	1
CASSEALAGGPSTDTQYF	1
CASSEAPYEQYF	1
CASSEAHPDLYQPQHF	1
CASSEATWDSPLEFF	1
CASSEASPTDTQYF	1
CASSEAYEQYF	1
CASSEALLEGTQYF	1
CASSEALKNIQYF	1
CASSEAPGLALAYEQYF	1
CASSEAPGLAVNTQYF	1
CASSEAGTYLYEQYF	1
CASSEAFGTSYGYTF	1
CASSEAWGAETQYF	1
CASSEALWTSSAYEQYF	1
CASSEALLDTQYF	1
CASSEALPGHRSYNEQFF	1
CASSEALVRGYTF	1
CASSEALVYMTSYEQYF	1
CASSEARLAGRYYEQYF	1
CASSEAQANTGELFF	1
CASSEAASGIGNEQFF	1
CASSEAASGANVLTF	1
CASSEAATGGTDTQYF	1
CASSEAGTLRETQYF	1
CASSEAEETQYF	1
CASSEASGTYNEQFF	1
CASSEASAIESPLHF	1
CASSEAASNQPQHF	1
CASSEAGNEQFF	1
CASSEAGPNNEQFF	1
CASSEAGLAGVGRRFETQYF	1
CASSEAGAYEQYF	1
CASSEAGNDYNEQFF	1
CASSEAEGEATGIDGYTF	1
CASSEATGPHEQYF	1
CASSEARFTNEQFF	1
CASSEANSPDTQYF	1
CASSEGWGYEQYF	1
CASSEGPRLAGNNEQFF	1
CASSEGRGYEQYF	1
CASSEGSGRLDEQFF	1
CASSEGWTINEQFF	1
CASSEGYTF	1
CASSEGPAGEKLFF	1
CASSEGHKREWCEQFF	1
CASSEGGAPYEQYF	1
CASSEGYTGELFF	1
CASSEGLFPYNEQFF	1
CASSEGRQRLKNEQFF	1
CASSEGQGAYGYTF	1
CASSEGVSGTSDTQYF	1
CASSEGASGRTVHEQFF	1
CASSEGGQGAYEQYF	1
CASSEGDRRAIYEQYF	1
CASSEGEGHYNEQFF	1
CASSEGEGSPNRYEQYF	1
CASSEGETQYF	1
CASSEGIAKNIQYF	1
CASSEGTSGTRAHEQYF	1
CASSEGTSGSTGELFF	1
CASSEGTSGRAENEQFF	1
CASSEGKLAGIHEQFF	1
CASSEGLAGKLSYNEQFF	1
CASSEGLAGGYEQYF	1
CASSEGLADHNEQFF	1
CASSEGAGDPWETQYF	1
CASSEDSGRAKNEQFF	1
CASSEDLAGAFRTDTQYF	1
CASSEDRYNEQFF	1
CASSEDVGYGGESETQYF	1
CASSEDSAGPYEQYF	1
CASSEEQGGPGELFF	1
CASSEEAVGELFF	1
CASSEEAGGAHNEQFF	1
CASSEEGYNSPLHF	1
CASSEEGTSSYEQYF	1
CASSEEEGAGNQPQHF	1
CASSEEEDWNYNEQFF	1
CASSEESSSYEQYF	1
CASSEEKTSGFPGTQYF	1
CASSEELGRNTEAFF	1
CASSEEPSGANVLTF	1
CASSEEQGPYEQYF	1
CASSEEVATNEKLFF	1
CASSEMLRQPQHF	1
CASSEMAGLEYNEQFF	1
CASSEMGVGSYEQYF	1
CASSEMDGTSYGYTF	1
CASSEMTGIITDTQYF	1
CASSEIGLAYEQYF	1
CASSEIGTPKRGSYNEQFF	1
CASSETTGSTGELFF	1
CASSETSGGHNEQFF	1
CASSETSGSINEQFF	1
CASSETSREKLFF	1
CASSETSDYGYTF	1
CASSETPLRETQYF	1
CASSETGGQPQHF	1
CASSESGDPTGGNWETQYF	1
CASSESGTDHF	1
CASSERAGGGAEQFF	1
CASSERGSGNTIYF	1
CASSERGGSPEQYF	1
CASSERSGTPDTQYF	1
CASSERGGGSYEQYF	1
CASSENGYSRGGGELFF	1
CASSENGDRGPDEQFF	1
CASSEKGGSSYEQYF	1
CASSEKTGGEGGAEAFF	1
CASSIPGQRGETQYF	1
CASSIGQPSSAQYF	1
CASSITGTGRHEQYF	1
CASSISATYEQYF	1
CASSISGSQETQYF	1
CASSILAGGPSYEQYF	1
CASSILGTGGVMSDTQYF	1
CASSIGTVKETQYF	1
CASSIGLAGGTDTQYF	1
CASSIGQGYEKLFF	1
CASSISGSTDTQYF	1
CASSIRTGGRENIQYF	1
CASSIRLAGGPRAETQYF	1
CASSIRQAGTDTQYF	1
CASSINGLAGEQFF	1
CASSIKLSGAPSYEQYF	1
CASSMTSGRPYTDTQYF	1
CASSILAGGFNEQFF	1
CASSIHRGAGETQYF	1
CASSIQRTTDTQYF	1
CASSIVSDTQYF	1
CASSIALSSYEQYF	1
CASSIGRGNEQFF	1
CASSIDRDRGYTF	1
CASSIRLAGDEQYF	1
CASSIRTGPTDTQYF	1
CASSIKAAATDTQYF	1
CASSTSLAGADTQYF	1
CASSTRVSSYGYTF	1
CASSTVPGGGYNEQFF	1
CASSTTHAGETQYF	1
CASSTSGYNEQFF	1
CASSTSGVQETQYF	1
CASSTSGDQQETQYF	1
CASSTSGRAAEQFF	1
CASSTKGTTIDEQFF	1
CASSTSGRTYEQYF	1
CASSTYNEQFF	1
CASSTLAGGREETQYF	1
CASSTLGASSYNEQFF	1
CASSTPEGNEQFF	1
CASSTPGASSYNEQFF	1
CASSTPGQGLVTQYF	1
CASSTPPRDLNTDTQYF	1
CASSTPGRVQFF	1
CASSTPGLAGEAVDTQYF	1
CASSTRLNEQFF	1
CASSTRWLQETQYF	1
CASSTRGGPGEQYF	1
CASSTRQVQETQYF	1
CASSTAGTYNEQFF	1
CASSTGPSSSYNEQFF	1
CASSTGPRASSYEQYF	1
CASSTGTGWRGGETQYF	1
CASSTGTGVEQYF	1
CASSTGTGGPDTQYF	1
CASSTDPTGTSGRGSYNEQFF	1
CASSTERTPSYNEQFF	1
CASSTTGGGTDTQYF	1
CASSTRQGAGYEQYF	1
CASSTNSGSAYEQYF	1
CASSTNTGELFF	1
CASSTKPYNEQFF	1
CASSTAGITDTQYF	1
CASSTGGNPTDTQYF	1
CASSTGLADYEQYF	1
CASSTERTSGSFF	1
CASSTTGRPQETQYF	1
CASSTTGGGSTDTQYF	1
CASSTRNGRSYEQYF	1
CASSTFYRGRISPLHF	1
CASSTFRTSGNSYEQYF	1
CASSTLPGTGSSYEQYF	1
CASSTPRTGGSYEQYF	1
CASSTPVAGGPDTQYF	1
CASSTAGYNEQFF	1
CASSTGRRANEQFF	1
CASSTDRNTGELFF	1
CASSTIGLGGNEQFF	1
CASSTNRAGSRFYEQYF	1
CASSTKGLAGAYEQYF	1
CASSTKFVNTEAFF	1
CASSSRIPGTGEGELFF	1
CASSSGGSSNNEQFF	1
CASSSSGLSTDTQYF	1
CASSSPSGRSYEQYF	1
CASSSQRDTDTQYF	1
CASSSGRAGELFF	1
CASSRLSGRQETQYF	1
CASSRPSPGELFF	1
CASSRGNTGELFF	1
CASSRDIQETQYF	1
CASSRDRGISYEQYF	1
CASSRQGFSYEQYF	1
CASSRQGPYNEQFF	1
CASSRQGTYEQYF	1
CASSRTNTGELFF	1
CASSNFREGSDEQYF	1
CASSNSGTIYEQYF	1
CASSNSGGAGDTQYF	1
CASSNRQGSTGELFF	1
CASSNAPGVNEQFF	1
CASSNRKGNEQFF	1
CASSNPGLAGWNEQFF	1
CASSNPGLVDEQYF	1
CASSNRDSKTGELFF	1
CASSNQGQGGNQPQHF	1
CASSNGLSGATDTQYF	1
CASSNTRYGYTF	1
CASSNSWAQETQYF	1
CASSNKWGRELFF	1
CASSKYAWTGSYEQYF	1
CASSKPGLADNEQFF	1
CASSKREGPADTQYF	1
CASSKDRNSDTQYF	1
CASSKLARTDTQYF	1
CASSKLAGIQETQYF	1
CASSKPERGYNEQFF	1
CASSKGYSNQPQHF	1
CASSKGTGVADTQYF	1
CASSKTFLGSYNEQFF	1
CASSKTGSSYNEQFF	1
CASSKSGRPSNEQFF	1
CASSKSGNYNEQFF	1
CASSFFPGAGELFF	1
CASSFFAGVGSNEQFF	1
CASSFFGPTDYEQYF	1
CASSFFSTDTQYF	1
CASSFFPSYEQYF	1
CASSFFPAGGPRDTQYF	1
CASSFFRVSSYNEQFF	1
CASSFFGRGSYEQYF	1
CASSFFRTSGRSGELFF	1
CASSFLSGSMDTQYF	1
CASSFLLGLAGGSDTQYF	1
CASSFLPGQGIGNQPQHF	1
CASSFLAGVTDTQYF	1
CASSFSRTDTQYF	1
CASSFSYRHLPYEQYF	1
CASSFSADTQYF	1
CASSFSGRYEQYF	1
CASSFSGAMNTEAFF	1
CASSFSGTGLHEQYF	1
CASSFSSGLYNEQFF	1
CASSFSRANTEAFF	1
CASSFSVSRLGGGNTEAFF	1
CASSFSGGGSDTQYF	1
CASSFSTGPDTQYF	1
CASSFSANQPQHF	1
CASSFSAGPYNEQFF	1
CASSFSTLLAGKETQYF	1
CASSFWLAGGYEQYF	1
CASSFYPRQTQYF	1
CASSFYASSSYEQYF	1
CASSFLYNEKLFF	1
CASSFLREGPGETQYF	1
CASSFLHGMKGEQYF	1
CASSFLQGQETQYF	1
CASSFLTGKETQYF	1
CASSFLQGANMNEQFF	1
CASSFLAGGPYEQYF	1
CASSFPRRSGSETQYF	1
CASSFPSGTYNEQFF	1
CASSFPRNDTGPPYEQYF	1
CASSFPAGTRSSYNEQFF	1
CASSFPRGANTEAFF	1
CASSFPVGPRETQYF	1
CASSFPAQEPTGELFF	1
CASSFPARTARTDHYSYEQYF	1
CASSFPGLGRGNEQFF	1
CASSFPGLADNEQFF	1
CASSFPGQGYEQYF	1
CASSFPADEQYF	1
CASSFRLGAGGNTIYF	1
CASSFRLSGANVLTF	1
CASSFRQYEQFF	1
CASSFRSGAVKETQYF	1
CASSFRPTYEQYF	1
CASSFRASGPLEQFF	1
CASSFREAYYNEQFF	1
CASSFRTGGRGLLTYNEQFF	1
CASSFRSGLGSPDTGELFF	1
CASSFRRLMNTEAFF	1
CASSFHRNTGELFF	1
CASSFQLIGQGRADTQYF	1
CASSFQPGQSRGEQFF	1
CASSFQARAEDEQFF	1
CASSFQGAAGELFF	1
CASSFQGLAATGELFF	1
CASSFQGSEQYF	1
CASSFQDYGYTF	1
CASSFQQGGPEQYF	1
CASSFQDTQYF	1
CASSFVRTSDDGNEQFF	1
CASSFVGDEQYF	1
CASSFVIRQASSPDTQYF	1
CASSFVPPWEQFF	1
CASSFVRLAGGEQFF	1
CASSFVQTYEQYF	1
CASSFVLSGELFF	1
CASSFVQGFDEQFF	1
CASSFVAGSQETQYF	1
CASSFVADSTYEQYF	1
CASSFASGSAYNEQFF	1
CASSFAGLAASDTQYF	1
CASSFASGVETQYF	1
CASSFAGTYEQYF	1
CASSFAGAGSTDTQYF	1
CASSFAAQSSYEQYF	1
CASSFAGAGDEQFF	1
CASSFAGDWDEQYF	1
CASSFAMETQYF	1
CASSFGLLQTIAKNIQYF	1
CASSFGGVETQYF	1
CASSFGRVTDTQYF	1
CASSFGLSTDTQYF	1
CASSFGPPDTQYF	1
CASSFGPGPLLMGTEAFF	1
CASSFGQTNNEQFF	1
CASSFGGSANTQYF	1
CASSFGRAGEQYF	1
CASSFGSNEQFF	1
CASSFGLPDTQYF	1
CASSFGLGRDTQYF	1
CASSFGASGSYEQYF	1
CASSFGATLDTQYF	1
CASSFGARASGSRGSYEQYF	1
CASSFGAEETQYF	1
CASSFGGLGSPLHF	1
CASSFGGSYEQYF	1
CASSFGGAHEQFF	1
CASSFGDTYQETQYF	1
CASSFGEDARGEQFF	1
CASSFGTSHGNIQYF	1
CASSFGTLDQPQHF	1
CASSFGTGGLSEQFF	1
CASSFGTEGYHEQYF	1
CASSFGSRTYNEQFF	1
CASSFGLAGGPSLNEQFF	1
CASSFGLTNEQFF	1
CASSFGQGYNEQFF	1
CASSFGGYPYNEQFF	1
CASSFGDTLYNEQFF	1
CASSFGTSGRGTGELFF	1
CASSFGRRYEQFF	1
CASSFDHEQYF	1
CASSFDQTYEQYF	1
CASSFEAYEQYF	1
CASSFEGGNIQYF	1
CASSFETSGRSPYEQYF	1
CASSFILAGSSYNEQFF	1
CASSFIRGKVYNEQFF	1
CASSFIRSPGYEQYF	1
CASSFIAGGRDEQFF	1
CASSFTSTDTQYF	1
CASSFTQSSYEQYF	1
CASSFTLAGVYNEQFF	1
CASSFTGDFSGANVLTF	1
CASSFTAGYNEQFF	1
CASSFTAGVDTGELFF	1
CASSFTGVYNEQFF	1
CASSFTGATSYEQYF	1
CASSFTGERETQYF	1
CASSFTGNHEQYF	1
CASSFSLLTSGSPGELFF	1
CASSFSLAGEETQYF	1
CASSFSTSGFYEQYF	1
CASSFSSTTRSYNEQFF	1
CASSFSSYEQYF	1
CASSFSQGVAFF	1
CASSFSGWARNEQFF	1
CASSFSGRAVEQYF	1
CASSFSGRETDTQYF	1
CASSFSETGSYEQYF	1
CASSFRLRGGTEAFF	1
CASSFRPTQGGIGYEQYF	1
CASSFRGTGTNEQYF	1
CASSFRDSEQFF	1
CASSFREGLYEQYF	1
CASSFRIRTSGRAYEQYF	1
CASSFRTSTDTQYF	1
CASSFRWGTGETQYF	1
CASSFRLAGGPMVTDTQYF	1
CASSFRLAGNEQYF	1
CASSFRGSNTGELFF	1
CASSFNSRKETQYF	1
CASSFNYNEQFF	1
CASSFNTDTQYF	1
CASSFKSGQGLLYEQYF	1
CASSFKPGPGTDTQYF	1
CASSFKETQYF	1
CASSFFSGSPGELFF	1
CASSFFLAWPDTQYF	1
CASSFFRAGAGEQFF	1
CASSFFREIEQYF	1
CASSFLPYEQYF	1
CASSFLAGGIDEQYF	1
CASSFSAVLNTGELFF	1
CASSFSFEGNEQYF	1
CASSFSADTQYF	1
CASSFSAVKWGEQFF	1
CASSFSRGSYNEQFF	1
CASSFSSHTGELFF	1
CASSFSRDRVHEQFF	1
CASSFSRSYEQYF	1
CASSFSVGRPTYNEQFF	1
CASSFSADSYEQYF	1
CASSFSTSGRIYEQYF	1
CASSFSTGGQPQHF	1
CASSFSYRQGLYSSEGTQYF	1
CASSFSGFEQYF	1
CASSFSGVPYEQYF	1
CASSFWGGNSYNEQFF	1
CASSFWGGDTGELFF	1
CASSFWDALGSEQFF	1
CASSFYRDHTDTQYF	1
CASSFYGQGANYGYTF	1
CASSFYGANTGELFF	1
CASSFLRGNTGELFF	1
CASSFLREVHEQYF	1
CASSFLLYEQYF	1
CASSFLVAGDNEQFF	1
CASSFLTLRNTEAFF	1
CASSFLRESSPDTQYF	1
CASSFLVPGTSGSYEQYF	1
CASSFLDGTISYEQYF	1
CASSFLDRDQETQYF	1
CASSFPSDTQYF	1
CASSFPPLQTQYF	1
CASSFPMSAALASYEQYF	1
CASSFPSGGNEQFF	1
CASSFPAGGYNEQFF	1
CASSFPGEVEETQYF	1
CASSFPGTSVRSYNEQFF	1
CASSFPRGSQETQYF	1
CASSFPPHDYEQYF	1
CASSFPVGVTYQETQYF	1
CASSFPGQNEETQYF	1
CASSFPGQRGEETQYF	1
CASSFPGAGKRYNEQFF	1
CASSFPTANTGELFF	1
CASSFPPGGEEQFF	1
CASSFPGTYEQYF	1
CASSFPGNYEQYF	1
CASSFPSYEQYF	1
CASSFRRTSAQETQYF	1
CASSFRRPTTGELFF	1
CASSFRGEQYF	1
CASSFRGSYEQYF	1
CASSFRLASLQETQYF	1
CASSFRVAAHYNEQFF	1
CASSFRAERTDTQYF	1
CASSFRGDQPQHF	1
CASSFRGQSRGMYEQYF	1
CASSFRGGQETQYF	1
CASSFRGEGTEAFF	1
CASSFRDYLNNEQFF	1
CASSFRDRGNEQYF	1
CASSFRDRGSYEQYF	1
CASSFRMVANTGELFF	1
CASSFRRTNEKLFF	1
CASSFRLAGDPNEQFF	1
CASSFRQGRNYEQYF	1
CASSFRGGHEDSSYEQYF	1
CASSFHYRDFNEQFF	1
CASSFHGTPYEQYF	1
CASSFHGLALYEQYF	1
CASSFHRGSGTDTQYF	1
CASSFHRGKGYTF	1
CASSFQLNQPQHF	1
CASSFQPGDYEQYF	1
CASSFQGVWVSYNEQFF	1
CASSFQGSNTEAFF	1
CASSFQRTSGDTDTQYF	1
CASSFQGQDHSYEQYF	1
CASSFVGTSGSGAREQYF	1
CASSFVWETQYF	1
CASSFVPYEQYF	1
CASSFVTGGAYEQYF	1
CASSFALAAYEQYF	1
CASSFALAGVGMDTQYF	1
CASSFAGLAGGERDTQYF	1
CASSFASGSTDTQYF	1
CASSFAQKNEQFF	1
CASSFAGPGEQYF	1
CASSFAGDLTDTQYF	1
CASSFAGSYEQYF	1
CASSFAGREQFF	1
CASSFAGTGNTIYF	1
CASSFAGNQPQHF	1
CASSFGWVGGWQETQYF	1
CASSFGMTTGGSAEEKLFF	1
CASSFGSRETQYF	1
CASSFGSGRAHEQYF	1
CASSFGREQFF	1
CASSFGVETQYF	1
CASSFGAGGELFF	1
CASSFGGRGTDTQYF	1
CASSFGGRNGETQYF	1
CASSFGIKSDTQYF	1
CASSFGFNYGYTF	1
CASSFGSSYNEQFF	1
CASSFGLLNTGELFF	1
CASSFGLRPLGETQYF	1
CASSFGLAGALNNEQFF	1
CASSFGPTYEQYF	1
CASSFGVAISEQFF	1
CASSFGGTQPYNEQFF	1
CASSFGGLAGDTQYF	1
CASSFGDEEKLFF	1
CASSFGDSEYEQYF	1
CASSFGTSSSYNEQFF	1
CASSFGTSFRQGYEQYF	1
CASSFGTSGENYEQYF	1
CASSFGTSSTYEQYF	1
CASSFGTMFYNEQFF	1
CASSFGTKGPEQYF	1
CASSFGTRPDTQYF	1
CASSFGTAETDTQYF	1
CASSFGTASNQPQHF	1
CASSFGTGISYEQYF	1
CASSFGSLFPNEQFF	1
CASSFGKSYNEQFF	1
CASSFGLGTDTQYF	1
CASSFGLSRGTDTQYF	1
CASSFGLAGGTGELFF	1
CASSFGLAGAEQFF	1
CASSFGLAGKNEQFF	1
CASSFGLAVGGDTQYF	1
CASSFGPSDIQYF	1
CASSFGHGGQETQYF	1
CASSFGHLPQYF	1
CASSFGQYSYEQYF	1
CASSFGQGYEQYF	1
CASSFGQGPCSF	1
CASSFGQGAYTGELFF	1
CASSFGQTMNTEAFF	1
CASSFGGLLREQYF	1
CASSFGDNSGRQEQFF	1
CASSFDYYEQYF	1
CASSFDYTDTQYF	1
CASSFDGQSHSNQPQHF	1
CASSFDLNTGELFF	1
CASSFDSQGTQYF	1
CASSFDPTLLKHF	1
CASSFDGSLYEQYF	1
CASSFDGRYSTEAFF	1
CASSFDGVEQFF	1
CASSFERRGTGNTGELFF	1
CASSFEQAGETQYF	1
CASSFEVLGTGGNEQFF	1
CASSFEGGNEQFF	1
CASSFISSYEQYF	1
CASSFIPPGSGTSGRAGYNEQFF	1
CASSFMGDYNEQFF	1
CASSFMGQGLGGETQYF	1
CASSFIRNDYEQYF	1
CASSFIAGGLNEQFF	1
CASSFTGETQYF	1
CASSFTSGAYNEQFF	1
CASSFTYGRYEQFF	1
CASSFTRVPSAFYNEQFF	1
CASSFTRREDYYGYTF	1
CASSFTGTTEAFF	1
CASSFTGTGETQYF	1
CASSFTTGVDEQYF	1
CASSFTVSGANVLTF	1
CASSFTGFETQYF	1
CASSFTTTGTATQYF	1
CASSFTTLGPSRWEDTQYF	1
CASSFTRLAEYNEQFF	1
CASSFTVTDTQYF	1
CASSFTGGGSDTQYF	1
CASSFTGGSYEKLFF	1
CASSFSTSQETQYF	1
CASSFSGGSYNEQFF	1
CASSFSTGELFF	1
CASSFRGETQYF	1
CASSFRDGETQYF	1
CASSFRNERQYF	1
CASSFRRGTGELFF	1
CASSFRQGAYNEQFF	1
CASSFRDRGAGELFF	1
CASSFRTSQVAYEQYF	1
CASSFRRDPYEQYF	1
CASSFNWDRLNTGELFF	1
CASSFNIGDRNTGELFF	1
CASSFNLGEGRNEQFF	1
CASSFNLGSGANVLTF	1
CASSFNRGPTTDTQYF	1
CASSF	1
CASSLFSAGVNDEQYF	1
CASSLFLGNTQYF	1
CASSLFLAETYEQYF	1
CASSLFVVDEQFF	1
CASSLFTETQYF	1
CASSLFPSGSSYNEQFF	1
CASSLFVTGGTGELFF	1
CASSLFARPKGYTF	1
CASSLFDRDTYNEQFF	1
CASSLFTSGRMNEQFF	1
CASSLFRGADEQFF	1
CASSLLGFGLAGGPDEQYF	1
CASSLLGTAYNEQFF	1
CASSLLGQSYNEQFF	1
CASSLLTGAYTDTQYF	1
CASSLLQREAQETQYF	1
CASSLLANTGYEQYF	1
CASSLLAWGVTDTQYF	1
CASSLLAPQGNEQFF	1
CASSLLGQGGSEAFF	1
CASSLSAGWETQYF	1
CASSLSGIYNEQFF	1
CASSLSFGGDTQYF	1
CASSLSRGPSDEQFF	1
CASSLSATSGGEQFF	1
CASSLSAVNNEQFF	1
CASSLSGGRARVYNEQFF	1
CASSLSGRQPQHF	1
CASSLWPTAYEQYF	1
CASSLWAGGKNNEQFF	1
CASSLWGTGELFF	1
CASSLWDRSSEQFF	1
CASSLWDNEQFF	1
CASSLWELRQGYGYTF	1
CASSLWEMNTEAFF	1
CASSLWTSGSDEQFF	1
CASSLWTGGRDEQFF	1
CASSLWTGNLKETQYF	1
CASSLYQRFTPYNEQFF	1
CASSLYTQGSLTSETYNEQFF	1
CASSLYSGIYNEQFF	1
CASSLYTDTQYF	1
CASSLLLRDSVMNTEAFF	1
CASSLLPSAYEQYF	1
CASSLLARGLYETQYF	1
CASSLLGRAFYEQYF	1
CASSLLERPGSEQYF	1
CASSLLRMGQETQYF	1
CASSLLATSGQAGNEQFF	1
CASSLLTSRGNEQFF	1
CASSLPYNEQFF	1
CASSLPGRTIREQYF	1
CASSLPGIETQYF	1
CASSLPGDHYGYTF	1
CASSLPSSGQETQYF	1
CASSLPGTDTQYF	1
CASSLPGNTEAFF	1
CASSLRSGSSNEQFF	1
CASSLRTTNEKLFF	1
CASSLRLVILAGWGEQFF	1
CASSLRVGVTDTQYF	1
CASSLRGPASDTQYF	1
CASSLRDSPLHF	1
CASSLRFSYEQYF	1
CASSLRREGYNEQFF	1
CASSLHTSRETQYF	1
CASSLHPGLAAKNIQYF	1
CASSLHTDTQYF	1
CASSLHRGWELFF	1
CASSLQRLNYNEQFF	1
CASSLQAYNEQFF	1
CASSLQAIYEQYF	1
CASSLQARLNTEAFF	1
CASSLQGFYEQYF	1
CASSLQGAYEQYF	1
CASSLQTNQETQYF	1
CASSLVSVKNTEAFF	1
CASSLVSGQNYEQYF	1
CASSLVLAGFSEQYF	1
CASSLVLGGKETQYF	1
CASSLVAAGGPDTQYF	1
CASSLVWGYNEQFF	1
CASSLVLGKTQYF	1
CASSLVLRGYNEQFF	1
CASSLVRETQYF	1
CASSLVANSNQPQHF	1
CASSLVAERVETQYF	1
CASSLVGRQETQYF	1
CASSLVGTGGEKLFF	1
CASSLVAALYNEQFF	1
CASSLVGSNTEAFF	1
CASSLVGLSYNEQFF	1
CASSLVGTRLINEQFF	1
CASSLVGLEETQYF	1
CASSLVGRANEQFF	1
CASSLVDRGGSPLHF	1
CASSLVTAEQYF	1
CASSLVTGETQYF	1
CASSLVRSTGELFF	1
CASSLVRGGSSEQYF	1
CASSLVLSRYFGANVLTF	1
CASSLVPGQETQYF	1
CASSLVRNGYTF	1
CASSLVQRNTGELFF	1
CASSLVAGSSYEQYF	1
CASSLVAGNIGSYEQYF	1
CASSLVGRRADEQFF	1
CASSLVGAYGYTF	1
CASSLVGGQGLNTGELFF	1
CASSLVGRAYNEQFF	1
CASSLVGGSVDEQFF	1
CASSLVTSGYEQYF	1
CASSLALAGLTDTQYF	1
CASSLASGTDTQYF	1
CASSLASSGTDTQYF	1
CASSLAYTGETQYF	1
CASSLAPGGGETQYF	1
CASSLAASGRSTDTQYF	1
CASSLATSNEQFF	1
CASSLASGRYYEQYF	1
CASSLAFTDTQYF	1
CASSLALVEGGISGANVLTF	1
CASSLASGGRNEQFF	1
CASSLAWGQETQYF	1
CASSLAWGGSTTYEQYF	1
CASSLAPSGPTGDEQFF	1
CASSLAPVGDTQYF	1
CASSLAVGTEAFF	1
CASSLAVAVYNEQFF	1
CASSLAAQGSNSPLHF	1
CASSLAGHTQYF	1
CASSLAGTQETQYF	1
CASSLAGYEQYF	1
CASSLAGQEKLFF	1
CASSLAGGAKAYEQYF	1
CASSLADNQETQYF	1
CASSLAIGDSPEAFF	1
CASSLATAGNTGELFF	1
CASSLATQGDEQFF	1
CASSLASEGESQYF	1
CASSLAFETQYF	1
CASSLAQGHEQFF	1
CASSLAQENYGYTF	1
CASSLAAWAGASGFSQYF	1
CASSLAAGLGELFF	1
CASSLAGLANEQFF	1
CASSLAGPNYGYTF	1
CASSLAGRTGELFF	1
CASSLAGVLYEQFF	1
CASSLADNEQFF	1
CASSLATGFLYNEQFF	1
CASSLAASYEQYF	1
CASSLAGAGSYEQYF	1
CASSLAIDKEQFF	1
CASSLGFSETYNEQFF	1
CASSLGFGTGTHNEQFF	1
CASSLGSEVGETQYF	1
CASSLGSDTQYF	1
CASSLGLAGLTADTQYF	1
CASSLGPSGAEQYF	1
CASSLGRGSQFF	1
CASSLGVGDTQYF	1
CASSLGASQEYF	1
CASSLGASNQPQHF	1
CASSLGSGTDTQYF	1
CASSLGRRTGGYEQYF	1
CASSLGPGQVTQETQYF	1
CASSLGPDPTYEQYF	1
CASSLGRGYEQYF	1
CASSLGQQGVTYEQYF	1
CASSLGGSALADTQYF	1
CASSLGGTKDTQYF	1
CASSLGGRSLDTQYF	1
CASSLGGRGRTDTQYF	1
CASSLGDRGLYEQYF	1
CASSLGTEAFF	1
CASSLGLGEQFF	1
CASSLGWNTEAFF	1
CASSLGLAASYEQYF	1
CASSLGPVGGFYEQYF	1
CASSLGPSGLDNEQFF	1
CASSLGPGAGRNYEQYF	1
CASSLGREFYNEQFF	1
CASSLGQFSGTSSSYEQYF	1
CASSLGQGGDSQPQHF	1
CASSLGVTYEQYF	1
CASSLGVSGVRGTDTQYF	1
CASSLGVGSYEQYF	1
CASSLGVNEQFF	1
CASSLGVATSTDTQYF	1
CASSLGAIYGYTF	1
CASSLGAGTGELFF	1
CASSLGGSSNEQFF	1
CASSLGGIYEQYF	1
CASSLGGPGDTQYF	1
CASSLGGTVDTQYF	1
CASSLGGTGMADTQYF	1
CASSLGGSSYNEQFF	1
CASSLGGSYNEQFF	1
CASSLGDRGSYEQYF	1
CASSLGMAGGFFYEQYF	1
CASSLGTSGLSEQFF	1
CASSLGTSGRLQETQYF	1
CASSLGTSNEQYF	1
CASSLGTLGTGELFF	1
CASSLGTSSYNEQFF	1
CASSLGTFSYEQYF	1
CASSLGTVSYGYTF	1
CASSLGTGVDTQYF	1
CASSLGSTHEQYF	1
CASSLGSSSYNEQFF	1
CASSLGLQNTEAFF	1
CASSLGLVTTEQFF	1
CASSLGLAGGPYTQYF	1
CASSLGLAGGRRSYEQFF	1
CASSLGLAGEYEQYF	1
CASSLGLADTDTQYF	1
CASSLGLNNEQFF	1
CASSLGPGPYEQYF	1
CASSLGRLGLARDEQFF	1
CASSLGHGRTDTQYF	1
CASSLGQSYEQYF	1
CASSLGQGLYNEQFF	1
CASSLGQGSGELFF	1
CASSLGQGAFEQYF	1
CASSLGQGANYEQYF	1
CASSLGQGDWLAETQYF	1
CASSLGQSTYEQYF	1
CASSLGQNTGELFF	1
CASSLGQAKNIQYF	1
CASSLGGAQETQYF	1
CASSLGRGEQYF	1
CASSLDYRDRANNEQFF	1
CASSLDLTNYNEQFF	1
CASSLDPGQGIQTDTQYF	1
CASSLDREETQYF	1
CASSLDRRYEQYF	1
CASSLDGQGRTVEQYF	1
CASSLDEPYNEQFF	1
CASSLDMTVIPYEQYF	1
CASSLDSTDTQYF	1
CASSLDNSPLHF	1
CASSLDNTQYF	1
CASSLDLGLAEETQYF	1
CASSLDSGANVLTF	1
CASSLDWGTAVEQYF	1
CASSLDPRTYAGNTIYF	1
CASSLDPANTEAFF	1
CASSLDRTYEQYF	1
CASSLDGGNSNQPQHF	1
CASSLDGGVSQPQHF	1
CASSLDIQETQYF	1
CASSLDSTNYGYTF	1
CASSLDRGHEQYF	1
CASSLDRGRDQPQHF	1
CASSLDRGNYGYTF	1
CASSLDRGLSYNEQFF	1
CASSLDRGGTEAFF	1
CASSLDRYSYEQYF	1
CASSLDRVSYEQYF	1
CASSLELAGNTGELFF	1
CASSLEPNTGELFF	1
CASSLEVRNEQFF	1
CASSLEASGIPYEQYF	1
CASSLEATDTQYF	1
CASSLEAGHNEQFF	1
CASSLEGRGREQYF	1
CASSLEGLAAYNEQFF	1
CASSLEGQGPYVRETQYF	1
CASSLEDRLSGNTIYF	1
CASSLEEPGGFYNEQFF	1
CASSLETSRYTYEQYF	1
CASSLETSEGETQYF	1
CASSLESTASGQFF	1
CASSLESGTSGRVYEQYF	1
CASSLERGQETQYF	1
CASSLEGYNEQFF	1
CASSLEGVGDEQYF	1
CASSLEGGRAEAFF	1
CASSLEGISGSREQFF	1
CASSLEGQEYDEQYF	1
CASSLETGLMTEAFF	1
CASSLENSLHEQYF	1
CASSLIAPEQYF	1
CASSLIDLTPNTGELFF	1
CASSLIRRRSSYNEQFF	1
CASSLMSAEQFF	1
CASSLMLAATDTQYF	1
CASSLMVGNQPQHF	1
CASSLMGGGSTDTQYF	1
CASSLMTGPSGANVLTF	1
CASSLMKRSQETQYF	1
CASSLIGSFDTGELFF	1
CASSLTAGPNEKLFF	1
CASSLTIQETQYF	1
CASSLTSGIYEQYF	1
CASSLTSGTANEQFF	1
CASSLTSGRLDTQYF	1
CASSLTSGSYEQYF	1
CASSLTVMGEQYF	1
CASSLTALGGRTNEQFF	1
CASSLTADEQFF	1
CASSLTAGGPYNEQFF	1
CASSLTDTGIDTQYF	1
CASSLTESKSYEQYF	1
CASSLTVNTGELFF	1
CASSLTGVSYNSPLHF	1
CASSLTGVGETQYF	1
CASSLTGGQETQYF	1
CASSLTGGAGGANVLTF	1
CASSLTGGADTIYF	1
CASSLTGEETQYF	1
CASSLTDRTRPEQFF	1
CASSLSLAGDEQFF	1
CASSLSPSLNTEAFF	1
CASSLSSQGTGELFF	1
CASSLSRVSYEQYF	1
CASSLSSGLGGETQYF	1
CASSLSWLDGYSTDTQYF	1
CASSLSPGEQYF	1
CASSLSPTGGGDEQFF	1
CASSLSGSQETQYF	1
CASSLSGVNYGYTF	1
CASSLSGRARNEQFF	1
CASSLSGRAYEQYF	1
CASSLSTDTQYF	1
CASSLRSANSYNEQFF	1
CASSLRPSGANVLTF	1
CASSLRGSSAGANVLTF	1
CASSLRGQGEQFF	1
CASSLRGGSTDTQYF	1
CASSLRGQGGYEQYF	1
CASSLRDRASYEQYF	1
CASSLRDRASYEQYF	1
CASSLRLQETQYF	1
CASSLRLAGLSSYEQYF	1
CASSLRLAGGRALGTDTQYF	1
CASSLRQENNEQFF	1
CASSLNLDSYQPQHF	1
CASSLNPGGVGRTGNTIYF	1
CASSLNAGPTYEQYF	1
CASSLNRQRYNEKLFF	1
CASSLNVGTGPNEKLFF	1
CASSLNGIDEQYF	1
CASSLNGRAYEQYF	1
CASSLNTRGADTQYF	1
CASSLKSQALTEAFF	1
CASSLKSSGDIQYF	1
CASSLKGGKYGYTF	1
CASSLKIARLDTGELFF	1
CASSLKTYEQYF	1
CASSLFSSGETQYF	1
CASSLFWRDRGASRSDTQYF	1
CASSLFLGLTYEQYF	1
CASSLFAGGYNEQFF	1
CASSLFAAGSSYEQYF	1
CASSLFDPRTGRLVPNTEAFF	1
CASSLFVASGNNEQFF	1
CASSLFSGSYEQYF	1
CASSLLLKEQFF	1
CASSLLYGDYEQYF	1
CASSLLASGRGGEFF	1
CASSLLAEGAQYF	1
CASSLLAGGDTQYF	1
CASSLLGREQYF	1
CASSLLGPRQYF	1
CASSLLGAAKNIQYF	1
CASSLLGARSYNEQFF	1
CASSLLGGNTGELFF	1
CASSLLGESNQPQHF	1
CASSLLGQGHEQYF	1
CASSLLDRGNEQFF	1
CASSLLIAGGGETQYF	1
CASSLLKEYNEQFF	1
CASSLLLTSGSYNEQFF	1
CASSLLSEGIPQPQHF	1
CASSLLLAVSTDTQYF	1
CASSLLRETGELFF	1
CASSLLVGYEQYF	1
CASSLLAREQYF	1
CASSLLAGVRLEQYF	1
CASSLLAGDTYEQYF	1
CASSLLGTGELFF	1
CASSLLGWDEQFF	1
CASSLLGQSYNEQFF	1
CASSLLGQGGADTQYF	1
CASSLLGTSGSYEQYF	1
CASSLLNDYEQYF	1
CASSLLNTGELFF	1
CASSLLKRRREETQYF	1
CASSLSLPSEQYF	1
CASSLSPGLAGVEYF	1
CASSLSQADTQYF	1
CASSLSVGYEQYF	1
CASSLSVNEQFF	1
CASSLSGGTPRSYEQYF	1
CASSLSGFVGEQFF	1
CASSLSGGPFHEQYF	1
CASSLSGYEQYF	1
CASSLSGAGDAEQYF	1
CASSLSSGLYNEQFF	1
CASSLSSGYYNEQFF	1
CASSLSSGSGDTQYF	1
CASSLSSGSSPYEQYF	1
CASSLSNRAYNEQFF	1
CASSLSLGRVLHNEQFF	1
CASSLSLTVYTYEQYF	1
CASSLSLYNEQFF	1
CASSLSPSGFDEQYF	1
CASSLSPPPSQEQFF	1
CASSLSPRLVRADTQYF	1
CASSLSPGMNTEAFF	1
CASSLSHSDPPQYF	1
CASSLSGSATDTQYF	1
CASSLSGLAGRGFF	1
CASSLSGAYEQYF	1
CASSLSDEQFF	1
CASSLSRADTQYF	1
CASSLSLNIQYF	1
CASSLSSWGLYNEQFF	1
CASSLSPVYNEQFF	1
CASSLSPDRVHEQFF	1
CASSLSREPDTQYF	1
CASSLSAGGPYNEQFF	1
CASSLSGGEKLFF	1
CASSLSGEYLEQFF	1
CASSLSTGEAEQFF	1
CASSLSRDRVIRTDTQYF	1
CASSLSKALYNEQFF	1
CASSLSPLYEQYF	1
CASSLSRTTSTDTQYF	1
CASSLSRSRANVLTF	1
CASSLSAGGELFF	1
CASSLSGLGGSYNEQFF	1
CASSLSGGNEQFF	1
CASSLSTGTINEQFF	1
CASSLWWPKREGGGYEQYF	1
CASSLWWEGPTDTQYF	1
CASSLWREFSDTQYF	1
CASSLWHQGYEQYF	1
CASSLWQNTGELFF	1
CASSLWVQGISEKLFF	1
CASSLWAVQETQYF	1
CASSLWGSGNQPQHF	1
CASSLWGRKNIQYF	1
CASSLWGGRTDTQYF	1
CASSLWGTSGNTDTQYF	1
CASSLWGLQGQETQYF	1
CASSLWGNEQFF	1
CASSLWDGHEQFF	1
CASSLWTTNTGELFF	1
CASSLWKETQYF	1
CASSLYQGSTDTQYF	1
CASSLYGRELADTQYF	1
CASSLYGTDSSYNEQFF	1
CASSLYSYEQYF	1
CASSLYSVGLAGNNEQFF	1
CASSLYPSGHEQYF	1
CASSLYPGRSYEQYF	1
CASSLYVSDTQYF	1
CASSLYVGSSYNEQFF	1
CASSLYGGSYTYEQYF	1
CASSLYGFSNQETQYF	1
CASSLYGRGYTF	1
CASSLYGNDQETQYF	1
CASSLYETSGRYEQYF	1
CASSLYTHEQYF	1
CASSLYTDTQYF	1
CASSLYSGRASSYEQYF	1
CASSLYRYDEQFF	1
CASSLYRTDTQYF	1
CASSLYNEQFF	1
CASSLLSTVKDIQYF	1
CASSLLLGQETQYF	1
CASSLLRPSGYTDTQYF	1
CASSLLRVSGTEAFF	1
CASSLLRDTKNTGELFF	1
CASSLLWREWGKNIQYF	1
CASSLLASGELFF	1
CASSLLGYEQYF	1
CASSLLGGQEETQYF	1
CASSLLGLHQETQYF	1
CASSLLIFDTGELFF	1
CASSLLSGGARETQYF	1
CASSLLRLAGGHRVSDTQYF	1
CASSLLLSGELFF	1
CASSLLLYNEQFF	1
CASSLLLAGPNEQFF	1
CASSLLLAGGSVSLRTQYF	1
CASSLLAGFGETQYF	1
CASSLLAGVSDTQYF	1
CASSLLAGATDTQYF	1
CASSLLAGGRVNEQFF	1
CASSLLAGGTEQYF	1
CASSLLAESYEQYF	1
CASSLLGGRDGSYEQYF	1
CASSLLSGRGTKNIQYF	1
CASSLPSPPSDTQYF	1
CASSLPLAGALSYEQYF	1
CASSLPGDTQYF	1
CASSLPSGSTSYNEQFF	1
CASSLPKGTYNEQFF	1
CASSLPPPGAYEQYF	1
CASSLPPRGNEQFF	1
CASSLPPNEQFF	1
CASSLPPGLTTGELFF	1
CASSLPRPGQGNTGELFF	1
CASSLPRGQGEQYF	1
CASSLPRTSGRATYNEQFF	1
CASSLPRSQKAGDSGYNEQFF	1
CASSLPRLAGGEYDSADTQYF	1
CASSLPRGGLETSVLSYNEQFF	1
CASSLPGGRETQYF	1
CASSLPGTSGNEQFF	1
CASSLPILGEQGADTEAFF	1
CASSLPPWKNTEAFF	1
CASSLPRGQGGNEQFF	1
CASSLPVPSTDRAFYNEQFF	1
CASSLPGLTYEQYF	1
CASSLPGQGPPTGELFF	1
CASSLPGVTYNEQFF	1
CASSLPISDPGTDTQYF	1
CASSLPTSGYSSYEQYF	1
CASSLPTREGTYNEQFF	1
CASSLPRTTTGELFF	1
CASSLPLSGLALSTDTQYF	1
CASSLRSGELFF	1
CASSLRSGTAGPDTQYF	1
CASSLRLAGLNEQFF	1
CASSLRYEQYF	1
CASSLRRFQETQYF	1
CASSLRLASSTDTQYF	1
CASSLRPGSSETQYF	1
CASSLRPGQAEQYF	1
CASSLRVTSTSGELFF	1
CASSLRARQNIQYF	1
CASSLRAGPGEQFF	1
CASSLRGSSDTQYF	1
CASSLRGAGPRVGYEQYF	1
CASSLRDQEQYF	1
CASSLREWEETQYF	1
CASSLRTGPYYGYTF	1
CASSLRSESFDTQYF	1
CASSLRYPSGSSDEQFF	1
CASSLRLAGITDTQYF	1
CASSLRPDEQFF	1
CASSLRPGGNEQFF	1
CASSLRQYNEQFF	1
CASSLRQGAYNEQFF	1
CASSLRVHEQFF	1
CASSLRGGRRTDTQYF	1
CASSLHSITDTQYF	1
CASSLHPRDRIYEQYF	1
CASSLHQGTGGTDTQYF	1
CASSLHYEQYF	1
CASSLHLLGETDTQYF	1
CASSLHLAGFSYEQYF	1
CASSLHRTGSETQYF	1
CASSLHTGTPQFF	1
CASSLQREGNEQFF	1
CASSLQASGRPWDTQYF	1
CASSLQGDTQYF	1
CASSLQGETQYF	1
CASSLQGEDTQYF	1
CASSLQGPSNTGELFF	1
CASSLQGRDPDTQYF	1
CASSLQGVETQYF	1
CASSLQGAYEQYF	1
CASSLQGAQETQYF	1
CASSLQGGSYEQYF	1
CASSLQGSSYNEQFF	1
CASSLQGRGEQFF	1
CASSLQGLVTDTQYF	1
CASSLQGEFTEAFF	1
CASSLQGMGNAYEQYF	1
CASSLQRGWRETQYF	1
CASSLQWPGELFF	1
CASSLQVVVSEQYF	1
CASSLQAQVGMPQHF	1
CASSLQAGVRNIQYF	1
CASSLQAGGVDTQYF	1
CASSLQETGELFF	1
CASSLQTEAFF	1
CASSLQTASSSYNEQFF	1
CASSLVSLAGTYEQYF	1
CASSLVSRANEQFF	1
CASSLVSNTGELFF	1
CASSLVSAGGWGYNEQFF	1
CASSLVSGGSYNSPLHF	1
CASSLVWFSGRVAEQFF	1
CASSLVLGGLAGGPGDNEQFF	1
CASSLVLSGNTGELFF	1
CASSLVLGETQYF	1
CASSLVPSGSNEQFF	1
CASSLVPSGRGDTQYF	1
CASSLVPSTDYPVEQFF	1
CASSLVPPSYEQYF	1
CASSLVPGELFF	1
CASSLVPPGPDTQYF	1
CASSLVRGSTDTQYF	1
CASSLVRRGRDTEAFF	1
CASSLVRGSETQYF	1
CASSLVRRGHTGELFF	1
CASSLVRLVTDTQYF	1
CASSLVRGARGTEAFF	1
CASSLVHYSGFSYNEQFF	1
CASSLVHGSETQYF	1
CASSLVHTGELFF	1
CASSLVQVWDTQYF	1
CASSLVAAGSEQYF	1
CASSLVAGGGIEQFF	1
CASSLVASPAGELFF	1
CASSLVGTESYQPQHF	1
CASSLVGGSGYEQYF	1
CASSLVGGRESDTQYF	1
CASSLVGGKRDTQYF	1
CASSLVGTRLAEEDGRQFF	1
CASSLVGAGVYEQYF	1
CASSLVGTRYNEQFF	1
CASSLVGTNEQFF	1
CASSLVGTGWETEAFF	1
CASSLVGFEQYF	1
CASSLVGQGTSGANVLTF	1
CASSLVTGRGPLNEQFF	1
CASSLVTGRTDTQYF	1
CASSLVTGKNIQYF	1
CASSLVFSGRSGEGPREQYF	1
CASSLVLRGSYEQYF	1
CASSLVLGTLHF	1
CASSLVSGPETDTQYF	1
CASSLVSYEQYF	1
CASSLVSGNEQYF	1
CASSLVLNPSRDTQYF	1
CASSLVLAGTDTQYF	1
CASSLVPLGREGTDTQYF	1
CASSLVPEGANNEQFF	1
CASSLVPTKETQYF	1
CASSLVPRWERIGTGELFF	1
CASSLVPGEADTQYF	1
CASSLVPGKEQYF	1
CASSLVQGYEQYF	1
CASSLVQIPQETQYF	1
CASSLVVASGTDTQYF	1
CASSLVVAGHNYEQYF	1
CASSLVVTGGPSTDTQYF	1
CASSLVAQGGAETQYF	1
CASSLVAGDVYNEQFF	1
CASSLVGSGYTF	1
CASSLVGSINEQFF	1
CASSLVGRASYEQYF	1
CASSLVGREVHEQFF	1
CASSLVGAGEKLFF	1
CASSLVGGLLYEQYF	1
CASSLVGGVPYEQYF	1
CASSLVGIQETQYF	1
CASSLVGLGGGHNEQFF	1
CASSLVGRDEQYF	1
CASSLVDFSWDTQYF	1
CASSLVDTQYF	1
CASSLVITGELFF	1
CASSLVTSGSAYNEQFF	1
CASSLVRGADTGELFF	1
CASSLVRGQYF	1
CASSLVRTLNIQYF	1
CASSLVRSSYEQYF	1
CASSLVNEQFF	1
CASSLVLAGDSYNEQFF	1
CASSLVSILWEQYF	1
CASSLVSSGRPNTGELFF	1
CASSLVSRFNEQFF	1
CASSLVSYRGPEIEQYF	1
CASSLVSAGKETQYF	1
CASSLVSGTGELFF	1
CASSLVYSSYEQYF	1
CASSLVYGGDYEQYF	1
CASSLVLRTSGAYEQYF	1
CASSLVPFPSSGANVLTF	1
CASSLVPGEGEQYF	1
CASSLVRYNEQFF	1
CASSLVRGANEQYF	1
CASSLVRDTYEQYF	1
CASSLVRTSFDEQFF	1
CASSLVRGVLFF	1
CASSLVQVATDTQYF	1
CASSLVVQGTDTQYF	1
CASSLVVWGPGETQYF	1
CASSLVVDTQYF	1
CASSLVARGTEAFF	1
CASSLVASGLLEQYF	1
CASSLVARERQYF	1
CASSLVAAGVWYEQYF	1
CASSLVATSGKQETQYF	1
CASSLVAEYEQYF	1
CASSLVGLGSYNEQFF	1
CASSLVGAGGGEETQYF	1
CASSLVGEQETQYF	1
CASSLVGRGTDTDTQYF	1
CASSLVGDHLYEQYF	1
CASSLVGTSGPGEQYF	1
CASSLVGTPSTDTQYF	1
CASSLVGTGISEQFF	1
CASSLVGSGPYEQYF	1
CASSLVGRAYNSPLHF	1
CASSLVGQVTDEQYF	1
CASSLVGQGNTIYF	1
CASSLVDPEQYF	1
CASSLVEVDTQYF	1
CASSLVTTAYNEQFF	1
CASSLVTSTNTGELFF	1
CASSLVTSGYNEQFF	1
CASSLVTSGRAYEQYF	1
CASSLVTSGGGKIF	1
CASSLVTSYEQYF	1
CASSLVTGTDTQYF	1
CASSLVSGRARETQYF	1
CASSLVRVLESPLHF	1
CASSLVKLAAEQFF	1
CASSLVFSLTDTQYF	1
CASSLVSVGSSYEQYF	1
CASSLVSGELFF	1
CASSLVSSRVKLFF	1
CASSLVPNEQFF	1
CASSLVQGLRNSGANVLTF	1
CASSLVVHEQYF	1
CASSLVVFAETQYF	1
CASSLVVYEQFF	1
CASSLVVGSDRFYEQYF	1
CASSLVASGNTYEQYF	1
CASSLVAASSYNEQFF	1
CASSLVAGFDEQYF	1
CASSLVAGGSSYEQYF	1
CASSLVADSQETQYF	1
CASSLVAGGETGELFF	1
CASSLVGLAGGDTQYF	1
CASSLVGPARNEQFF	1
CASSLVGREGYNEQFF	1
CASSLVGEQFF	1
CASSLVGGGGEQFF	1
CASSLVGRENEQYF	1
CASSLVGSKGDTQYF	1
CASSLVGWGEAFF	1
CASSLVGRNQETQYF	1
CASSLVGVTQYF	1
CASSLVGGNTGELFF	1
CASSLVGTGNYEQYF	1
CASSLVGWGRSYNEQFF	1
CASSLVGPVAGELFF	1
CASSLVGGLAGGYEQFF	1
CASSLVGKLYNSPLHF	1
CASSLVDRLAAQYF	1
CASSLVTSSGEQYF	1
CASSLVTLAGNNEQYF	1
CASSLVTGRASPGELFF	1
CASSLVRGYTDTQYF	1
CASSLVRGNSEQFF	1
CASSLVRGLAYEQYF	1
CASSLAFLSGDTQYF	1
CASSLASGLVRDEQFF	1
CASSLASDGRYSNQPQHF	1
CASSLASGLLTYEQYF	1
CASSLALFYEQYF	1
CASSLALAGVSGGEQFF	1
CASSLALAGGNIQYF	1
CASSLAPATDTQYF	1
CASSLAPGPQETQYF	1
CASSLARTEQFF	1
CASSLAAGPHNEQFF	1
CASSLAALAGAYEQYF	1
CASSLAGRAWYNEQFF	1
CASSLAGRGRSGANVLTF	1
CASSLAGADTQYF	1
CASSLAGGQRYNEQFF	1
CASSLAGTSGRGETQYF	1
CASSLAGGRADNEQFF	1
CASSLADPLRFF	1
CASSLAERLSSYNEQFF	1
CASSLAMTSGRAQSNEQFF	1
CASSLATSGTDTQYF	1
CASSLATSGRNEQYF	1
CASSLATNTGELFF	1
CASSLASRPEQYF	1
CASSLASGSRYEQYF	1
CASSLASGTYNEQFF	1
CASSLASGRAYWQFF	1
CASSLASGRAPYEQYF	1
CASSLASGNSNEQFF	1
CASSLALVRTGELFF	1
CASSLALVTGDYEQYF	1
CASSLALAGSDTQYF	1
CASSLASYEQYF	1
CASSLASPGLAGERFF	1
CASSLASNTQYF	1
CASSLASKAGFIYEQYF	1
CASSLAWLTEAFF	1
CASSLAWGNNSPLHF	1
CASSLAYSSYEQYF	1
CASSLALVGAAQETQYF	1
CASSLALRGEQFF	1
CASSLALSGRAGDTQYF	1
CASSLALAGGYNEQFF	1
CASSLALAGTDTQYF	1
CASSLAPRSPYEQYF	1
CASSLAPPGQQETQYF	1
CASSLARTGSTDTQYF	1
CASSLARTSGRVGNNEQFF	1
CASSLARRNVPTDTQYF	1
CASSLAHWNPKETQYF	1
CASSLAQFSDTQYF	1
CASSLAAPNEQFF	1
CASSLAASDRGNEQFF	1
CASSLAAGRSYNEQFF	1
CASSLAAGGYEQYF	1
CASSLAGGEQFF	1
CASSLAGGTNQPQHF	1
CASSLAGVEGTDTQYF	1
CASSLAGELFF	1
CASSLAGTSGSYEQYF	1
CASSLAGTGVFNEQFF	1
CASSLAGTGSPYEQYF	1
CASSLAGTGNTEAFF	1
CASSLAGTEAYEQYF	1
CASSLAGSTETQYF	1
CASSLADPRNEQFF	1
CASSLADSRYEQYF	1
CASSLAISGRGTDTQYF	1
CASSLATGSSYEQYF	1
CASSLASSPWETQYF	1
CASSLARPPNEQFF	1
CASSLARAGNTEAFF	1
CASSLARGATGELFF	1
CASSLARQETQYF	1
CASSLAFSGTKTQYF	1
CASSLAFGGESYEQYF	1
CASSLAFGYPEQFF	1
CASSLAFNPGLAGVGNEQFF	1
CASSLALQGETQYF	1
CASSLALAGSTVRNEQFF	1
CASSLASGGPEYEQFF	1
CASSLASGGRSSYNEQFF	1
CASSLASGIYGYTF	1
CASSLASGPAETQYF	1
CASSLAWQGNGNEQFF	1
CASSLAWTVNEQFF	1
CASSLALLASRRGEQYF	1
CASSLALGGRDRELFF	1
CASSLALLPSEQFF	1
CASSLALQGGLLSYEQYF	1
CASSLALGNEQFF	1
CASSLALGTAYNQPQHF	1
CASSLALAGSSYNEQFF	1
CASSLALQGGQNTEAFF	1
CASSLALAGETQYF	1
CASSLALGNEQFF	1
CASSLALRETQYF	1
CASSLAPTTNYGYTF	1
CASSLAPGLAGDRTDTQYF	1
CASSLAPGQGDEQFF	1
CASSLARGTSGSLDTQYF	1
CASSLARRDETQYF	1
CASSLARSGQETQYF	1
CASSLARRLPHYEQYF	1
CASSLARDRASGGYNEQFF	1
CASSLARTSGYANTGELFF	1
CASSLARWGRSSEAFF	1
CASSLARAGAGANVLTF	1
CASSLARGTYEQYF	1
CASSLAHTDSRDTEAFF	1
CASSLAHRGDSYEQYF	1
CASSLAQSGGWADTQYF	1
CASSLAQGYGTQYF	1
CASSLAVLAGNEQFF	1
CASSLAASGRNEQFF	1
CASSLAADPSTDTQYF	1
CASSLAADPRDRGRGAYNEQFF	1
CASSLAAGTGEQYF	1
CASSLAAGGSGANVLTF	1
CASSLAGYNEQFF	1
CASSLAGQDKAGELFF	1
CASSLAGSPQETQYF	1
CASSLAGSYTGELFF	1
CASSLAGTYSNQPQHF	1
CASSLAGRKETQYF	1
CASSLAGRSTDTQYF	1
CASSLAGSPYEQYF	1
CASSLAGPYEQYF	1
CASSLAGGTDTQYF	1
CASSLAGTRGASTDTQYF	1
CASSLAGTSSTDTQYF	1
CASSLAGTGANIQYF	1
CASSLAGRAINEQFF	1
CASSLAGRLAGRETQYF	1
CASSLAGNTGELFF	1
CASSLAGSGGNEQFF	1
CASSLAGPNNEQFF	1
CASSLAGRPFF	1
CASSLAGQGQGDTQYF	1
CASSLAGQIEQYF	1
CASSLAGVYEQYF	1
CASSLAGAEQYF	1
CASSLAGATTDTQYF	1
CASSLAGADYNEQFF	1
CASSLAGANTGELFF	1
CASSLAGGTYNEQFF	1
CASSLAGGFTDTQYF	1
CASSLAGGLNEQFF	1
CASSLAGGPRETQYF	1
CASSLAGGPTRAEQFF	1
CASSLAGGSVYEQYF	1
CASSLAGDTDTQYF	1
CASSLAGELYTQYF	1
CASSLAGEVDTQYF	1
CASSLAGMGTFQETQYF	1
CASSLADGAGGVTDTQYF	1
CASSLADGYEQYF	1
CASSLAEAHYEQYF	1
CASSLAEGLGQETQYF	1
CASSLAETGDTDTQYF	1
CASSLAEGLNTGELFF	1
CASSLAIRRFFPGELFF	1
CASSLAMYVNTEAFF	1
CASSLAMGVKDEQFF	1
CASSLAMETQYF	1
CASSLATSGSSGELFF	1
CASSLATLASYEQYF	1
CASSLATGFSNQPQHF	1
CASSLATGGEDTEAFF	1
CASSLASSGTHEQYF	1
CASSLASTSGETQYF	1
CASSLASRYNEQFF	1
CASSLASQGRNEQFF	1
CASSLASGGNTIYF	1
CASSLARGNTGELFF	1
CASSLARTGPTLYNEQFF	1
CASSLARIAGGLPSSYNEQFF	1
CASSLAKDSSQYF	1
CASSLAKLAGSYNEQFF	1
CASSLAFTETQYF	1
CASSLASSSYNEQFF	1
CASSLASGSSYNEQFF	1
CASSLAYSGGNEQFF	1
CASSLALQRYEQYF	1
CASSLALAGGTDTQYF	1
CASSLAPGRSTDTQYF	1
CASSLARGSISEQYF	1
CASSLAQGQETQYF	1
CASSLAQGARHEQYF	1
CASSLAQGNTEAFF	1
CASSLAQGTGGTQYF	1
CASSLAARQFF	1
CASSLAAGAYEQYF	1
CASSLAAGAQNEQFF	1
CASSLAAGGSSYNEQFF	1
CASSLAGPQETQYF	1
CASSLAGGAGTDTQYF	1
CASSLAGTEAFF	1
CASSLAGTSGANVLTF	1
CASSLAGLEPQHF	1
CASSLAGSSSYEQYF	1
CASSLAGASPYEQYF	1
CASSLAGGFEQFF	1
CASSLAGGLASAAYEQYF	1
CASSLAGGGETQYF	1
CASSLAGQGIVYEQYF	1
CASSLAGGNEQFF	1
CASSLAIGRAYSYNEQFF	1
CASSLAIGVRAYREFF	1
CASSLGFYGLAGAGDYEQYF	1
CASSLGLETQYF	1
CASSLGSPEQYF	1
CASSLGSGGRTSRYNEQFF	1
CASSLGSPLHF	1
CASSLGSNSYNEQFF	1
CASSLGYNEQFF	1
CASSLGLRGQETQYF	1
CASSLGLAGSYEQYF	1
CASSLGLAGGYEQYF	1
CASSLGLAGGPLRTDTQYF	1
CASSLGLGEQFF	1
CASSLGLEWETQYF	1
CASSLGPGRETQYF	1
CASSLGPAGGYYEQYF	1
CASSLGRQGGSYNEQFF	1
CASSLGRDGEQFF	1
CASSLGRAGGQTQYF	1
CASSLGQPSSPLHF	1
CASSLGVAASGRGETQYF	1
CASSLGVTSTEQYF	1
CASSLGAGLPYEQYF	1
CASSLGAGGTDTQYF	1
CASSLGAGYIYEQYF	1
CASSLGGRAFF	1
CASSLGGQDYNEQFF	1
CASSLGGGLYEQYF	1
CASSLGGTRLDTQYF	1
CASSLGGTRTDTQYF	1
CASSLGGREQYF	1
CASSLGDRRQETQYF	1
CASSLGSGSEQFF	1
CASSLGSPNEQFF	1
CASSLGSNEQFF	1
CASSLGLEETQYF	1
CASSLGSEQYF	1
CASSLGSGPYNEQFF	1
CASSLGYGPYEQYF	1
CASSLGYQETQYF	1
CASSLGLTSGMGTTDTQYF	1
CASSLGLAADTQYF	1
CASSLGLAGGPGEQFF	1
CASSLGPGRYNEQFF	1
CASSLGPTLAWEQYF	1
CASSLGPGQVLTYGYTF	1
CASSLGRGWRPTAYNEQFF	1
CASSLGRREQYF	1
CASSLGRRSSYNEQFF	1
CASSLGRAKETQYF	1
CASSLGRGADYEQYF	1
CASSLGRKTYEQYF	1
CASSLGQWGEKLFF	1
CASSLGQWGTDTQYF	1
CASSLGQETQYF	1
CASSLGVGTSFSEQFF	1
CASSLGAGEQFF	1
CASSLGANYEQYF	1
CASSLGADQPQHF	1
CASSLGGGTDTQYF	1
CASSLGGSGRGDTQYF	1
CASSLGGAEQFF	1
CASSLGGGYWYEQYF	1
CASSLGGGNTGELFF	1
CASSLGDQPQHF	1
CASSLGIVAGELFF	1
CASSLGTSGRVAKNIQYF	1
CASSLGSLNSYEQYF	1
CASSLGRGRLREQYF	1
CASSLGNGDTQYF	1
CASSLGNEQFF	1
CASSLGNRGYEQFF	1
CASSLGSRGLDYNEQFF	1
CASSLGSGGPGEQYF	1
CASSLGWLGQGNGQFF	1
CASSLGWDGSNTGELFF	1
CASSLGWTGAYNEQFF	1
CASSLGYSGTSYEQYF	1
CASSLGYYNEQFF	1
CASSLGLWSRSRYEQYF	1
CASSLGLGPYNEQFF	1
CASSLGLMGTDTQYF	1
CASSLGLARRETQYF	1
CASSLGLAASTDTQYF	1
CASSLGLAANIQYF	1
CASSLGLAGGYEQYF	1
CASSLGLAGGQPYEQYF	1
CASSLGLAGETQYF	1
CASSLGLGGLNEQFF	1
CASSLGPYQPQHF	1
CASSLGRNLAKNIQYF	1
CASSLGRGEQYF	1
CASSLGRGTYEQYF	1
CASSLGQFSSYEQYF	1
CASSLGQYTEAFF	1
CASSLGQALDTQYF	1
CASSLGQASSGNTIYF	1
CASSLGQGQTYEQYF	1
CASSLGVRWSTDTQYF	1
CASSLGVQGEQYF	1
CASSLGVGGPETQYF	1
CASSLGVGNTEAFF	1
CASSLGVAGSYEQYF	1
CASSLGVAGAAETQYF	1
CASSLGVGVADTQYF	1
CASSLGASGVYNEQFF	1
CASSLGASGMLIQETQYF	1
CASSLGASGMAYNEQFF	1
CASSLGASGRSGELFF	1
CASSLGASGNYNEQFF	1
CASSLGADNEQFF	1
CASSLGASRNEKLFF	1
CASSLGAGAPDTQYF	1
CASSLGARAYEQYF	1
CASSLGGAGGNEQFF	1
CASSLGGSGSWNEQFF	1
CASSLGGSGANVLTF	1
CASSLGGQETQYF	1
CASSLGGGRGETQYF	1
CASSLGGIGELFF	1
CASSLGGSSEQYF	1
CASSLGGWNTEAFF	1
CASSLGGPETQYF	1
CASSLGGVNEQFF	1
CASSLGGGPIGETQYF	1
CASSLGGDNEQFF	1
CASSLGGEQFF	1
CASSLGGISSLSLYSYNEQFF	1
CASSLGGTSGIVETQYF	1
CASSLGGTGKEHYGYTF	1
CASSLGGSSYNEQFF	1
CASSLGGSLYEQYF	1
CASSLGGSGRTDTQYF	1
CASSLGGSRYEQFF	1
CASSLGGLAENTGELFF	1
CASSLGGLSTGELFF	1
CASSLGGPTTDTQYF	1
CASSLGGQGAWETQYF	1
CASSLGGQGSNQPQHF	1
CASSLGDPPGLAGAYPTGEQYF	1
CASSLGDEATQYF	1
CASSLGDRSYEQYF	1
CASSLGDRGYEQYF	1
CASSLGDRNTGELFF	1
CASSLGEGEQFF	1
CASSLGIHPNEQFF	1
CASSLGMAGGGNTQYF	1
CASSLGTHPIETQYF	1
CASSLGTTQETQYF	1
CASSLGTSFYEQFF	1
CASSLGTSGLNEQFF	1
CASSLGTSRETQYF	1
CASSLGTSVHNEQFF	1
CASSLGTSGPYNEQFF	1
CASSLGTSGANEQFF	1
CASSLGTSGAYTQYF	1
CASSLGTSGISGGEQFF	1
CASSLGTSGTYEQYF	1
CASSLGTSGSYEQFF	1
CASSLGTASANYGYTF	1
CASSLGTNTEAFF	1
CASSLGTNNEQFF	1
CASSLGTETQYF	1
CASSLGTVSYNEQFF	1
CASSLGTVDTQYF	1
CASSLGTAYEQYF	1
CASSLGTGSNQPQHF	1
CASSLGTGYMNTEAFF	1
CASSLGTGRTDTQYF	1
CASSLGTGGGYEQYF	1
CASSLGTGRYNEQFF	1
CASSLGTGRAYEQYF	1
CASSLGTGNPYNEQFF	1
CASSLGTDYEQYF	1
CASSLGTTYEQYF	1
CASSLGSPNEQFF	1
CASSLGSGSSYNEQFF	1
CASSLGSRGQETQYF	1
CASSLGRAPFSYEQYF	1
CASSLGRGLAGYEQYF	1
CASSLGRPYEQYF	1
CASSLGRAGGPLGEQFF	1
CASSLGFGQETQYF	1
CASSLGLAGVTDTQYF	1
CASSLGLLAGGPSIF	1
CASSLGSNEQFF	1
CASSLGWSSYEQYF	1
CASSLGYTQYF	1
CASSLGYEQYF	1
CASSLGLIEGGRYETQYF	1
CASSLGLQGNTEAFF	1
CASSLGLAGYEQYF	1
CASSLGLAGVYEQYF	1
CASSLGLAGESYEQYF	1
CASSLGLAGYEQYF	1
CASSLGLETEQFF	1
CASSLGPHRELFF	1
CASSLGPGGSQETQYF	1
CASSLGPSSYNEQFF	1
CASSLGRGTSGSYYEQYF	1
CASSLGRYNEQFF	1
CASSLGRPYNSPLHF	1
CASSLGRVTSGRNEQFF	1
CASSLGRASGRASNEQFF	1
CASSLGRQGVFTEAFF	1
CASSLGRAAWEQFF	1
CASSLGRSPYNEQFF	1
CASSLGQWRNYGYTF	1
CASSLGQLNQPQHF	1
CASSLGQPSYEQYF	1
CASSLGQPTEAFF	1
CASSLGQASYEQYF	1
CASSLGQAGENNEQFF	1
CASSLGQGGTGELFF	1
CASSLGQGAAYEQYF	1
CASSLGQGGTEAFF	1
CASSLGQGTSQYF	1
CASSLGQNTGELFF	1
CASSLGQLAGSSYNEQFF	1
CASSLGASGTYEQYF	1
CASSLGALGGGRGSNEQFF	1
CASSLGAGGYEQYF	1
CASSLGAGAAYEQYF	1
CASSLGGYNQPQHF	1
CASSLGGVRDTQYF	1
CASSLGGGVNQPQHF	1
CASSLGGLVQETQYF	1
CASSLGGSAWETQYF	1
CASSLGGWADTQYF	1
CASSLGGRGGDTQYF	1
CASSLGGIQETQYF	1
CASSLGGTSGRAYEQYF	1
CASSLGGTGLYGYTF	1
CASSLGGRYEQYF	1
CASSLGGRGETQYF	1
CASSLGGQGKISYEQYF	1
CASSLGGQNDNEQFF	1
CASSLGGVLAGVGTDTQYF	1
CASSLGDSETQYF	1
CASSLGDKNPYTQYF	1
CASSLGESSYNEQFF	1
CASSLGILNEQFF	1
CASSLGIIAHNEQFF	1
CASSLGTWGDTQYF	1
CASSLGTSGRLYEQYF	1
CASSLGRGTIDEQFF	1
CASSLGREGRQFF	1
CASSLDLGTSPYEQYF	1
CASSLDLTSGRGEQFF	1
CASSLDSGGRQFF	1
CASSLDSRGVYEQYF	1
CASSLDSWYEQYF	1
CASSLDSGYTDTQYF	1
CASSLDSNNEQFF	1
CASSLDSRGLRSYNEQFF	1
CASSLDWGQGAYNEQFF	1
CASSLDYGNTIYF	1
CASSLDYRDSAYEQYF	1
CASSLDLFQREGTDTQYF	1
CASSLDLVSGGFTDTQYF	1
CASSLDLASGQETQYF	1
CASSLDLRGVMDTGELFF	1
CASSLDPSGSPYEQYF	1
CASSLDPGPPDTQYF	1
CASSLDPGLAALAKNIQYF	1
CASSLDPGLAENIQYF	1
CASSLDPTPKTQYF	1
CASSLDPRARELFF	1
CASSLDPVIKTQYF	1
CASSLDPGSEQYF	1
CASSLDRSGGHNEQFF	1
CASSLDRGRNIDEQFF	1
CASSLDRSDTQYF	1
CASSLDRGGSTDTQYF	1
CASSLDRDNGELFF	1
CASSLDREWATEAFF	1
CASSLDHRLAGVRADTQYF	1
CASSLDHGLAVSGELFF	1
CASSLDQGAALGGTQYF	1
CASSLDQTSYEQYF	1
CASSLDVSAEDTQYF	1
CASSLDVLAPSTDTQYF	1
CASSLDVGRSNEQFF	1
CASSLDVISEAFF	1
CASSLDVGGTEAFF	1
CASSLDAGKNIQYF	1
CASSLDAQRDSYNEQFF	1
CASSLDAVNNEQFF	1
CASSLDGTDQQYF	1
CASSLDGGRAPYEQYF	1
CASSLDGGRIYNEQFF	1
CASSLDGGRIAKNIQYF	1
CASSLDGRGNEQFF	1
CASSLDGRTYEQYF	1
CASSLDGWNIQYF	1
CASSLDGRETDTQYF	1
CASSLDGVNTDTQYF	1
CASSLDGGAYEQYF	1
CASSLDGMREQYF	1
CASSLDGTSEIYEQYF	1
CASSLDGTYNEQFF	1
CASSLDGTEYGEAFF	1
CASSLDGGVREQYF	1
CASSLDGEGRGRFF	1
CASSLDEYEQYF	1
CASSLDTGRGELFF	1
CASSLDTTGPETQYF	1
CASSLDTSGRAGGRETQYF	1
CASSLDSVGTSGSGEQFF	1
CASSLDSGGGANVLTF	1
CASSLDSLADTYEQYF	1
CASSLDSGRSYEQYF	1
CASSLDNEQFF	1
CASSLDNREGEYF	1
CASSLDFPTYEQYF	1
CASSLDYGELFF	1
CASSLDLLTGELFF	1
CASSLDPNQPQHF	1
CASSLDPVGKTQYF	1
CASSLDPGTSGHSYNEQFF	1
CASSLDPGSSYEQYF	1
CASSLDRSAGAGTGELFF	1
CASSLDRDSWANVLTF	1
CASSLDHRELFF	1
CASSLDAGWSQETQYF	1
CASSLDASYEQYF	1
CASSLDGETQYF	1
CASSLDGGSADEQFF	1
CASSLDGNTDTQYF	1
CASSLDGLAGDNYEQYF	1
CASSLDGPGYTF	1
CASSLDGRGYEQYF	1
CASSLDGAYNEQFF	1
CASSLDGADTQYF	1
CASSLDGTGAYNEQFF	1
CASSLDGTDTQYF	1
CASSLDGRPDTQYF	1
CASSLDDYQETQYF	1
CASSLDERDPGISTDTQYF	1
CASSLDESRHEQYF	1
CASSLDIGYSPTDTQYF	1
CASSLDTYNEQFF	1
CASSLDTRTGELFF	1
CASSLDSKETQYF	1
CASSLDRVKNEQFF	1
CASSLDRGREQYF	1
CASSLDRGRTDTQYF	1
CASSLDRGTYEQYF	1
CASSLDRDNQPQHF	1
CASSLDRENSYEQYF	1
CASSLDRNTEAFF	1
CASSLEFLLRESSYNEQFF	1
CASSLEFPGTGFAGELFF	1
CASSLEYGSTDTQYF	1
CASSLEYRDQETQYF	1
CASSLEPSGSYEQYF	1
CASSLEPGPEETQYF	1
CASSLERGRRSKNIQYF	1
CASSLERGGYNEQFF	1
CASSLEQRNVATDTQYF	1
CASSLEQGADTQYF	1
CASSLEQGQGTYEQYF	1
CASSLEVGAGGLNTGELFF	1
CASSLEVTSYNEQFF	1
CASSLEVGALYNEQFF	1
CASSLEATPDPQYF	1
CASSLEAGPPPGTQYF	1
CASSLEAYSYNEQFF	1
CASSLEALTSYNEQFF	1
CASSLEAGASYEQYF	1
CASSLEAGEGEQFF	1
CASSLEATTKGQFF	1
CASSLEANTGELFF	1
CASSLEGCSGANVLTF	1
CASSLEGWADTQYF	1
CASSLEGPQSQYF	1
CASSLEGRGNEQFF	1
CASSLEGGTMAYEQYF	1
CASSLEGTNSYQETQYF	1
CASSLEGLAVNTGELFF	1
CASSLEGGTEQYF	1
CASSLEGDGAFEQYF	1
CASSLEGDRAMNTEAFF	1
CASSLEGTGRHEQYF	1
CASSLEGTGAYEQYF	1
CASSLEGNTEAFF	1
CASSLEGTYEQYF	1
CASSLEGSHEQYF	1
CASSLEGNSPLHF	1
CASSLEDAKNIQYF	1
CASSLEDSSGRPHF	1
CASSLEDRANYGYTF	1
CASSLEEVQDTQYF	1
CASSLEEISGNIQYF	1
CASSLEILQPTDTQYF	1
CASSLETGGFLGEQFF	1
CASSLERASGRYADTQYF	1
CASSLERDHEQFF	1
CASSLERTGLYEQYF	1
CASSLENSYEQYF	1
CASSLESAYEQYF	1
CASSLEWLNEAFF	1
CASSLELVDEQYF	1
CASSLELARQETQYF	1
CASSLELAGGTDTQYF	1
CASSLELAGVGETQYF	1
CASSLELAGVYEQYF	1
CASSLEPPSSGPNEQFF	1
CASSLEPGGEKLFF	1
CASSLERDSLYEQYF	1
CASSLEQGQFF	1
CASSLEQGAVSYEQYF	1
CASSLEQGEDTQYF	1
CASSLEVPAYNEQFF	1
CASSLEVAVEGTDTQYF	1
CASSLEVAGGPRNEQFF	1
CASSLEAVHSYEQYF	1
CASSLEAGSSREQFF	1
CASSLEAGGPNEQFF	1
CASSLEAGEETQYF	1
CASSLEAGVRYGYTF	1
CASSLEGSGRAGEQYF	1
CASSLEGPSQGTYEQYF	1
CASSLEGGYEQFF	1
CASSLEGDPSYNEQFF	1
CASSLEGTYPTGELFF	1
CASSLEGTEQFF	1
CASSLEGLAAGELFF	1
CASSLEGQGADTQYF	1
CASSLEERVPEQYF	1
CASSLETGELFF	1
CASSLESGRLTDTQYF	1
CASSLERTGVNEQFF	1
CASSLENTQETQYF	1
CASSLIFSRNEQFF	1
CASSLILGTYNEQFF	1
CASSLIPAPDTQYF	1
CASSLIQGAVGTGELFF	1
CASSLIGTYNEQFF	1
CASSLIGTGAHEQFF	1
CASSLIGNEQFF	1
CASSLISQDTDSTDTQYF	1
CASSLISGRTDTQYF	1
CASSLILDTDTQYF	1
CASSLISGANVLTF	1
CASSLIPQETQYF	1
CASSLITSGYNEQFF	1
CASSLITDNEQFF	1
CASSLITDTQYF	1
CASSLMSGTSGRAEQFF	1
CASSLMLAGEEQFF	1
CASSLMPATSGGGEQFF	1
CASSLMAGTESNTQYF	1
CASSLMGQSNEKLFF	1
CASSLMGQVQETQYF	1
CASSLMGAAYNEQFF	1
CASSLMGGSTDTQYF	1
CASSLMGGHEQYF	1
CASSLMGRGTSGRYEQYF	1
CASSLMGQGAEQYF	1
CASSLMGQGDYEQYF	1
CASSLMGQEIDTQYF	1
CASSLMGGLKYNEQFF	1
CASSLMGENEQFF	1
CASSLMDSDTGELFF	1
CASSLMTNYEQFF	1
CASSLMTTENEKLFF	1
CASSLISSAHNEQFF	1
CASSLISSGSFADTQYF	1
CASSLILLQFF	1
CASSLILGRNQPQHF	1
CASSLIHDLPEQYF	1
CASSLIQGYEQYF	1
CASSLIQDSPRDWQFF	1
CASSLIGGETQYF	1
CASSLIGGTGANVLTF	1
CASSLIGTGGETQYF	1
CASSLIGKTDTQYF	1
CASSLIDSSRPSRSYEQYF	1
CASSLITSGSDTQYF	1
CASSLIRAGELFF	1
CASSLTSTSGSPGELFF	1
CASSLTLAKPYEQYF	1
CASSLTPGTSGKGETQYF	1
CASSLTGASTDTQYF	1
CASSLTGQGGTEAFF	1
CASSLTGELFF	1
CASSLTGGGNEQFF	1
CASSLTIDEQFF	1
CASSLTMSIGGTQYF	1
CASSLTMTGTGELFF	1
CASSLTSGDYNEQFF	1
CASSLTSGTYNEQFF	1
CASSLTSGTKPKSTDTQYF	1
CASSLTSGRAGTDTQYF	1
CASSLTSGKTGELFF	1
CASSLTSTDTQYF	1
CASSLTRQSYEQYF	1
CASSLTSYNEQFF	1
CASSLTLPNTGELFF	1
CASSLTLAPTDTQYF	1
CASSLTPRLADSTDTQYF	1
CASSLTPAGNSYNEQFF	1
CASSLTPGRLETQYF	1
CASSLTRTAHSGNTIYF	1
CASSLTHRWEGSTDTQYF	1
CASSLTVGSYYNEQFF	1
CASSLTVNTGELFF	1
CASSLTGTISDEQYF	1
CASSLTGTSGSWQYF	1
CASSLTGLAGVADTQYF	1
CASSLTGENTDTQYF	1
CASSLTEDSLNTEAFF	1
CASSLTRDAGELFF	1
CASSLTRDHEQYF	1
CASSLTFVPGATEAFF	1
CASSLTFADTQYF	1
CASSLTLGREQFF	1
CASSLTWTSASTGELFF	1
CASSLTVEGELFF	1
CASSLTVPTDTQYF	1
CASSLTVAGAVEQFF	1
CASSLTADSYEQYF	1
CASSLTGWDPSYEQYF	1
CASSLTGARDEQFF	1
CASSLTGRVYEQYF	1
CASSLTGQVLNNEQFF	1
CASSLTGATTGELFF	1
CASSLTRTGAGRDTQYF	1
CASSLTRSTDTQYF	1
CASSLTKLAGADTQYF	1
CASSLTLAHYNEQFF	1
CASSLTPGSDTQYF	1
CASSLTADYYEQYF	1
CASSLTGSASEYYGYTF	1
CASSLTGFLDEQYF	1
CASSLTGANTDTQYF	1
CASSLTGGVKTQYF	1
CASSLTGGGYEQYF	1
CASSLTSRLAKNIQYF	1
CASSLTSMVDTQYF	1
CASSLTRTSVAQYF	1
CASSLSFRPPAFF	1
CASSLSSAPGLNF	1
CASSLSLAGTGANVLTF	1
CASSLSPGSSYNEQFF	1
CASSLSQLAGTEPSQETQYF	1
CASSLSQFQETQYF	1
CASSLSAGEGTDTQYF	1
CASSLSGRGNYEQYF	1
CASSLSGGTPTDTQYF	1
CASSLSGGNIQYF	1
CASSLSGTGASGTLEQFF	1
CASSLSRADSGNTIYF	1
CASSLSPLNSYNEQFF	1
CASSLSRDRGFYEQYF	1
CASSLSRTSTDTQYF	1
CASSLSVASGYTYEQYF	1
CASSLSAGGGETQYF	1
CASSLSGGTGKDEQYF	1
CASSLSGGAGEKLFF	1
CASSLSGISTDTQYF	1
CASSLSGSSYNEQFF	1
CASSLSGPYEQYF	1
CASSLSRGGHQPQHF	1
CASSLSRSSYNEQFF	1
CASSLRSSGANVLTF	1
CASSLRSSGDTQYF	1
CASSLRWGQGYNEQFF	1
CASSLRLRNTGELFF	1
CASSLRLAAYNEQFF	1
CASSLRLAGVGDTQYF	1
CASSLRLAVYEQYF	1
CASSLRQGATGELFF	1
CASSLRASGSYEQYF	1
CASSLRAAGETSNNEQFF	1
CASSLRASGRSSAGELFF	1
CASSLRGGNGADTQYF	1
CASSLRGYGTDTQYF	1
CASSLRGQVFTGELFF	1
CASSLRGGSAKQETQYF	1
CASSLRGSTDTQYF	1
CASSLRGSSGRLGDTQYF	1
CASSLRGYEQYF	1
CASSLRGVLDTPTDTQYF	1
CASSLRGGADTEAFF	1
CASSLRGVGKNIQYF	1
CASSLRDSYYEQYF	1
CASSLRDSNEQYF	1
CASSLRTSGVYEQFF	1
CASSLRTSGTTDTQYF	1
CASSLRRIAGDNEQFF	1
CASSLRLAGYTGELFF	1
CASSLRLAGSSYNEQFF	1
CASSLRLAGKGYEQYF	1
CASSLRLAGARNEQFF	1
CASSLRLAGAGETQYF	1
CASSLRLAGGYINEQFF	1
CASSLRRYNEQFF	1
CASSLRQLGTDTQYF	1
CASSLRAVSSTDTQYF	1
CASSLRGGLGAYEQYF	1
CASSLREGLEQYF	1
CASSLRISGRSSYNEQFF	1
CASSLRTAEETQYF	1
CASSLNPKSGQGTDTQYF	1
CASSLNQGVREQYF	1
CASSLNAGVTGELFF	1
CASSLNMGELFF	1
CASSLNLVTRGYEQYF	1
CASSLNPPGSSWRAYNEQFF	1
CASSLNPGRPNEQFF	1
CASSLNPRLAGFYEQYF	1
CASSLNPGRQTQYF	1
CASSLNRAPSYNSPLHF	1
CASSLNGLRYEQYF	1
CASSLNDETEAFF	1
CASSLNTGGLDTQYF	1
CASSLNSFTEAFF	1
CASSLNSGSSYEQYF	1
CASSLNSGSSYNEQFF	1
CASSLNRAGEKLFF	1
CASSLNRGQETQYF	1
CASSLKSTHEQYF	1
CASSLKPGGGLPGELFF	1
CASSLKVAGGLNTGELFF	1
CASSLKADRLFQPQHF	1
CASSLKGVHTQYF	1
CASSLKRHQPGQGPADTQYF	1
CASSLKLAGHYNEQFF	1
CASSLKLAGAGELFF	1
CASSLKRITGELFF	1
CASSLKQGYQETQYF	1
CASSLKTRALSGRNQETQYF	1
CASSLKTGGYRQETQYF	1
CASSLKNEQYF	1
CASSSLAGGNDNEQFF	1
CASSSLAGGPYEQYF	1
CASSSSGGAPDTQYF	1
CASSSSTTGRRNGYTF	1
CASSSSPVGAGYEQYF	1
CASSSWLSPTYEQYF	1
CASSSWDGSLYEQYF	1
CASSSYGEAFF	1
CASSSYRARGYTF	1
CASSSLSGRAINNEQFF	1
CASSSLLQDLQETQYF	1
CASSSLGQTQYF	1
CASSSLAFYNEQFF	1
CASSSLAHTQETQYF	1
CASSSPAGGNEQFF	1
CASSSPGRSKGTQYF	1
CASSSPTGTSGSIGETQYF	1
CASSSPTGTRNEQFF	1
CASSSPLGNTEAFF	1
CASSSPGTTGELFF	1
CASSSPGIQETQYF	1
CASSSRGSVYEQYF	1
CASSSRAGYEKLFF	1
CASSSRKRDFINEQFF	1
CASSSRLAGRSYEQYF	1
CASSSRLAGGNEQFF	1
CASSSRQSHEQYF	1
CASSSQDRGGYTF	1
CASSSVSGSWNEQFF	1
CASSSVGSSGIFSSYNEQFF	1
CASSSVSSGDHYNEQFF	1
CASSSAGTGGTEAFF	1
CASSSAGTDYEQYF	1
CASSSAKVSGISYNEQFF	1
CASSSGTSGNEQFF	1
CASSSGLAGVYEQYF	1
CASSSGLAGGFGEQYF	1
CASSSEPGETNEKLFF	1
CASSSETDRGLKAFF	1
CASSSISGLAYNEQFF	1
CASSSTISGATDTQYF	1
CASSSTTTGEETQYF	1
CASSSTSGRAGNEQFF	1
CASSSTRLADPYNEQFF	1
CASSSTGTSPYEQYF	1
CASSSTGTSGRNEQFF	1
CASSSTGTGFHEQYF	1
CASSSTDRGSYNEQFF	1
CASSSTSTPYNSPLHF	1
CASSSTGLPGEQYF	1
CASSSSFQETQYF	1
CASSSSLGTGGTYEQYF	1
CASSSSLGLAGGPGEQFF	1
CASSSSPRETQYF	1
CASSSSAYTDTQYF	1
CASSSSGGRYNEQFF	1
CASSSSGGGENEQFF	1
CASSSSGSGETQYF	1
CASSSSGSSYNEQFF	1
CASSSSGRAWDEQFF	1
CASSSSGRAGGEQYF	1
CASSSSGRTNNEQFF	1
CASSSRGGAETQYF	1
CASSSKYRSSYNEQFF	1
CASSSFLGGAGANVLTF	1
CASSSFAGANEQFF	1
CASSSFGLAGGYYNEQFF	1
CASSSFAGGSTDTQYF	1
CASSSLAGTGEQYF	1
CASSSLAGVQNTGELFF	1
CASSSLGQEETQYF	1
CASSSSWDEQYF	1
CASSSSWRSTDTQYF	1
CASSSSRSEQYF	1
CASSSSGTPAYNEQFF	1
CASSSSGTGPSTDTQYF	1
CASSSSGTGAYNEQFF	1
CASSSSDRGVYEQYF	1
CASSSSREDGGNEQFF	1
CASSSSQGFSIYEQYF	1
CASSSSVTGPGEFF	1
CASSSSAGGPYEQYF	1
CASSSSGLGELFF	1
CASSSSNSGIQTQYF	1
CASSSWGSQTYEQYF	1
CASSSWDRDWETQYF	1
CASSSWTGGTGEQYF	1
CASSSWRAGYEQYF	1
CASSSYWGLAYEQYF	1
CASSSYALAGSDTQYF	1
CASSSYSGRFSYNEQFF	1
CASSSYRGRHYEQYF	1
CASSSLPDQYF	1
CASSSLRGYYGYTF	1
CASSSLDLGGETQYF	1
CASSSLTSDTQYF	1
CASSSLRGLARYEQYF	1
CASSSLQAFF	1
CASSSLGREQFF	1
CASSSLGLAGYSSYNEQFF	1
CASSSLNEQFF	1
CASSSLPPGQVQETQYF	1
CASSSLGSGSNTGELFF	1
CASSSLTTGELFF	1
CASSSLTGRQETQYF	1
CASSSLTGVSSYEQYF	1
CASSSLLANNEQFF	1
CASSSLAAYEQYF	1
CASSSLAGSYNEQFF	1
CASSSLRQGLMPSEKLFF	1
CASSSPLESSYNEQFF	1
CASSSPLHRQTEAFF	1
CASSSPPGLAGGGSYNEQFF	1
CASSSPPGQTLFF	1
CASSSPRAGLRNEQFF	1
CASSSPASGANVLTF	1
CASSSPGRGNTEAFF	1
CASSSPTRGPYEQYF	1
CASSSPSTDTQYF	1
CASSSPRAQETQYF	1
CASSSPFYTDYEQYF	1
CASSSPSLAKNIQYF	1
CASSSPLRDRAHEQYF	1
CASSSPLIPEAFF	1
CASSSPPTSANEQFF	1
CASSSPPGQGVYEQYF	1
CASSSPRTRGSPYEQYF	1
CASSSPQGLARGTDEQFF	1
CASSSPAAYEQYF	1
CASSSPGGGGPYEQYF	1
CASSSPGTTSYEQYF	1
CASSSPWRVDSGEQYF	1
CASSSPPYTGELFF	1
CASSSPPGGGTKQYF	1
CASSSPGGEQYF	1
CASSSPGQATPLGTYEQYF	1
CASSSPDGYNEQFF	1
CASSSPTSGGYNEQFF	1
CASSSPTSGGTDTQYF	1
CASSSPYRDTYEQYF	1
CASSSPGVARLDTQYF	1
CASSSPGGSTEAFF	1
CASSSPGTLQETQYF	1
CASSSPELAEGNEQFF	1
CASSSRIGKNYNEQFF	1
CASSSRSGNYNEQFF	1
CASSSRLRGNVYTF	1
CASSSRGWTNEKLFF	1
CASSSRGQETQYF	1
CASSSRGGASGSHEQFF	1
CASSSRTDTQYF	1
CASSSRRSSYNEQFF	1
CASSSRKLAGGNEQFF	1
CASSSRSYQETQYF	1
CASSSRSAGVPYEQYF	1
CASSSRRSQETQYF	1
CASSSRVAYEQYF	1
CASSSRARLNTEAFF	1
CASSSRGDRGSYEQYF	1
CASSSRGHPYNEQFF	1
CASSSRDSFYEQYF	1
CASSSRDSHTDTQYF	1
CASSSRDWKETQYF	1
CASSSRTSGRAFPNEQFF	1
CASSSRTSGRAYYNEQFF	1
CASSSRTNNNEQFF	1
CASSSRTTYEQYF	1
CASSSRPPGAGGFIEQFF	1
CASSSRQGYTGELFF	1
CASSSRQGGEQYF	1
CASSSRQGARETQYF	1
CASSSRQGEDTQYF	1
CASSSHSPGQGGDEQFF	1
CASSSHTSGSLNEQFF	1
CASSSHLRLAYNEQFF	1
CASSSHLSGHRSYNEQFF	1
CASSSHDGTADHEQYF	1
CASSSHSDRSGNTIYF	1
CASSSHRRGTGELFF	1
CASSSQRGMNEQFF	1
CASSSQVNTEAFF	1
CASSSQAGGRDNEQFF	1
CASSSQGLGTEAFF	1
CASSSQGGDYNEQFF	1
CASSSQTSGVMGFF	1
CASSSQLGITYNEQFF	1
CASSSQSGVETQYF	1
CASSSQLEQFF	1
CASSSQAGTSGSSYNEQFF	1
CASSSQAGTTDTQYF	1
CASSSQGVGVDTQYF	1
CASSSQGLAGKNIQYF	1
CASSSQEQGNEQFF	1
CASSSQMGTRTVEQYF	1
CASSSQTGTETQYF	1
CASSSQRTGRAGELFF	1
CASSSVPGGELFF	1
CASSSVDRVNNEQFF	1
CASSSVTYEQYF	1
CASSSVGGAMNTEAFF	1
CASSSVRVSNQPQHF	1
CASSSAFEGANGELFF	1
CASSSASGRRNEQFF	1
CASSSAPTLAGVSYNEQFF	1
CASSSAGTSGEEQYF	1
CASSSAGLAKNIQYF	1
CASSSAVNTEAFF	1
CASSSAGLDTQYF	1
CASSSGSGDGNEQFF	1
CASSSGPDSSYEQYF	1
CASSSGQQGKAFF	1
CASSSGQEPGGYTF	1
CASSSGSRTYEQYF	1
CASSSGSSYEQYF	1
CASSSGSYEQYF	1
CASSSGPTDGYTF	1
CASSSGGSSYNEQFF	1
CASSSGGRRTGLNTEAFF	1
CASSSGTLSTDTQYF	1
CASSSGTTGVTGELFF	1
CASSSGTSAYNEQFF	1
CASSSGTSGSGDTQYF	1
CASSSGTSGRASTDTQYF	1
CASSSGTSGRRTDTQYF	1
CASSSGTSGRRRDTQYF	1
CASSSGTSGKGLEQYF	1
CASSSGTRDNEQFF	1
CASSSGTNTKEQFF	1
CASSSGTYEQYF	1
CASSSGTEETQYF	1
CASSSGTQFF	1
CASSSGTAYEQYF	1
CASSSGTANLVSYEQYF	1
CASSSGTGANVLTF	1
CASSSGTGGFRGRPSYEQYF	1
CASSSGTEIYEQYF	1
CASSSGTENQPQHF	1
CASSSGRAVGNEQFF	1
CASSSGLHNEQFF	1
CASSSGLAGPQETQYF	1
CASSSGLAGSGPSEQFF	1
CASSSGLAGVEQYF	1
CASSSGHPSHYNEQFF	1
CASSSGQALYSGANVLTF	1
CASSSGQLSRSYNEQFF	1
CASSSGAGRTDTQYF	1
CASSSGGGNEQFF	1
CASSSGILAGASTDTQYF	1
CASSSDYEQFF	1
CASSSDLRRYEQYF	1
CASSSDQPQHF	1
CASSSDGASGTETQYF	1
CASSSDRGPGNTIYF	1
CASSSEVGTQETQYF	1
CASSSEGLARYNEQFF	1
CASSSEYNSPLHF	1
CASSSERSGHTEAFF	1
CASSSEAISEQFF	1
CASSSISYEQYF	1
CASSSIGTSGQETQYF	1
CASSSIWTSGRTDTQYF	1
CASSSITSGSGEQYF	1
CASSSTRVRGSSYNEQFF	1
CASSSTRAGGGEQYF	1
CASSSTSGGETQYF	1
CASSSTSGSQYEQYF	1
CASSSTSGRNEQFF	1
CASSSTLGGFYEQYF	1
CASSSTLTARTGELFF	1
CASSSTPRKRGLYPRDGELFF	1
CASSSTPGTGKETQYF	1
CASSSTRPEETQYF	1
CASSSTVDISYEQYF	1
CASSSTGVSYEQYF	1
CASSSTGTSRRVGRETQYF	1
CASSSTPGADTQYF	1
CASSSTVRAGGNTDTQYF	1
CASSSTLAGEQFF	1
CASSSTPAGLAGGRSVEQFF	1
CASSSTGGTDTQYF	1
CASSSTGGSSRDEQYF	1
CASSSTGGVTEAFF	1
CASSSTGGSETQYF	1
CASSSTGEGSYEQYF	1
CASSSSGLNTGELFF	1
CASSSSGANTGELFF	1
CASSSSSLANTGELFF	1
CASSSRLAGLNTGELFF	1
CASSSRRLDSYNEQFF	1
CASSSRRTGRSSGANVLTF	1
CASSSRVFGHEQYF	1
CASSSRGGEQYF	1
CASSSRGSTDTQYF	1
CASSSRGRNEQFF	1
CASSSRMGYEQYF	1
CASSSRTSRRYEQYF	1
CASSSRLAASTDTQYF	1
CASSSRGQNTEAFF	1
CASSSNYEQYF	1
CASSSNSVTQYF	1
CASSSKTGAGANVLTF	1
CASSSKASRGTGELFF	1
CASSSFASGIYTQYF	1
CASSSFPGTEAFF	1
CASSSLAGGPMETQYF	1
CASSSLAGTYEQYF	1
CASSSSLLAGRSTGELFF	1
CASSSWGTEQFF	1
CASSSWDRTEGYTF	1
CASSSWDGLASYNEQFF	1
CASSSWEETETQYF	1
CASSSWTSNDTQYF	1
CASSSWTGPYEQYF	1
CASSSYGANVLTF	1
CASSSYLMRGQNYGYTF	1
CASSSYVNEQFF	1
CASSSYRETGELFF	1
CASSSLAGGPDTQYF	1
CASSSLKPGRTGNTIYF	1
CASSSLGFGDIQYF	1
CASSSLTGKTYEQYF	1
CASSSLPRLRLAEYNEQFF	1
CASSSLRKREDGDSYEQYF	1
CASSSLAGTGSEQFF	1
CASSSPLAKNIQYF	1
CASSSPGPQTDTQYF	1
CASSSPETRTTASEQYF	1
CASSSPIDGMNTEAFF	1
CASSSRQTQYF	1
CASSSRAGTRGNEQFF	1
CASSSRYQETQYF	1
CASSSRRQAATDTQYF	1
CASSSREGQAETQYF	1
CASSSRFGQETQYF	1
CASSSRLGDKSTQYF	1
CASSSRLAGLGNEQFF	1
CASSSRLAGGQETQYF	1
CASSSHHLDGAATQYF	1
CASSSQAKRTDTQYF	1
CASSSQGVSEQFF	1
CASSSQIPPGRSYNEQFF	1
CASSSQDRVPVYGYTF	1
CASSSVGGNVLTF	1
CASSSVVWTSGSIYEQFF	1
CASSSAEFYNEQFF	1
CASSSGFETEAFF	1
CASSSGLAERETQYF	1
CASSSGPQKTQYF	1
CASSSGRGSTGNTIYF	1
CASSSGTGIGETQYF	1
CASSSGTGINGEQFF	1
CASSSGSGRGSTDTQYF	1
CASSSGRTALEQFF	1
CASSSGLYTGELFF	1
CASSSGLYNEQFF	1
CASSSGLVSTDTQYF	1
CASSSGLAVSYEQYF	1
CASSSGLAVYEQYF	1
CASSSGLAAYEQYF	1
CASSSGLAGGPKRQYF	1
CASSSGLAGGREQYF	1
CASSSGLAGVETQYF	1
CASSSGLAGGPYEQYF	1
CASSSGLGLSSTDTQYF	1
CASSSGLSDEQYF	1
CASSSGQYTDTQYF	1
CASSSGGTDTQYF	1
CASSSGEGGETQYF	1
CASSSGETQYF	1
CASSSDPYEQYF	1
CASSSDGYNEQFF	1
CASSSDGPYEQYF	1
CASSSDGTYEQYF	1
CASSSDSFPYEQYF	1
CASSSDSAYEQYF	1
CASSSDRGRETQYF	1
CASSSEGGWETQYF	1
CASSSEGASVTDTQYF	1
CASSSIGRALGNIQYF	1
CASSSINTGELFF	1
CASSSISGSNEQFF	1
CASSSIVTYGYTF	1
CASSSMSWSSRETQYF	1
CASSSMDDHQETQYF	1
CASSSMTSGSSGELFF	1
CASSSILADEQFF	1
CASSSTGVGNNEQFF	1
CASSSTSANTDTQYF	1
CASSSTSGSFYEQYF	1
CASSSTSGPDTQYF	1
CASSSTSGVYNEQFF	1
CASSSTSGSNEQFF	1
CASSSTSGRTNEQFF	1
CASSSTSGRYNEQFF	1
CASSSTRSYNEQFF	1
CASSSTPSQGPWQQYF	1
CASSSTAARVWGRKQFF	1
CASSSTGTPNEQFF	1
CASSSTGTGETQYF	1
CASSSTGQSEQFF	1
CASSSTGREQFF	1
CASSSTGSNTEAFF	1
CASSSTGGLSYEQYF	1
CASSSTGDSYEQYF	1
CASSSTGARREQYF	1
CASSSTGDYTGELFF	1
CASSSTDTQYF	1
CASSSTDTGELFF	1
CASSSTKGAYNEQFF	1
CASSSSGSSYEQYF	1
CASSSRVVRNEQYF	1
CASSSRDSYEQYF	1
CASSSRILSYEQYF	1
CASSSRRPNEQFF	1
CASSSRQTFGTQYF	1
CASSSSGLAEGYEQYF	1
CASSSSYRRTRAYEQYF	1
CASSSSRGSQGWAYNEQFF	1
CASSSSQGTGSYEQYF	1
CASSSWDTEAFF	1
CASSSYRDTLGETQYF	1
CASSSYRVTGELFF	1
CASSSYRGAGANVLTF	1
CASSSLSAGIAYNEQFF	1
CASSSLRQGTYEQYF	1
CASSSLGSGTGELFF	1
CASSSLAGDETQYF	1
CASSSPDEQYF	1
CASSSPTPTSGRALGETQYF	1
CASSSPGTLYEQYF	1
CASSSPDGSYEQYF	1
CASSSPRGHRSYEQYF	1
CASSSRRGTPQHF	1
CASSSRTDTQYF	1
CASSSRAFANTGELFF	1
CASSSRAVYEQYF	1
CASSSRTGLYGYTF	1
CASSSRSTSGTTDTQYF	1
CASSSRQGRGEQYF	1
CASSSHRGRQYYEQYF	1
CASSSQREGNNEQFF	1
CASSSQAIALYGYTF	1
CASSSQGSDTEAFF	1
CASSSQGWTDTQYF	1
CASSSQGVTDTQYF	1
CASSSQGSDTEAFF	1
CASSSQGYNEQFF	1
CASSSQAGSYNEQFF	1
CASSSQADRSDTQYF	1
CASSSVASSYNEQFF	1
CASSSVDSHEQYF	1
CASSSAGTSGNEQYF	1
CASSSAGGGNTQYF	1
CASSSATPETQYF	1
CASSSGGFGDNEQFF	1
CASSSGGRWDGELFF	1
CASSSGSLKQFF	1
CASSSGPSGMVEQFF	1
CASSSGVDTQYF	1
CASSSGVTGELFF	1
CASSSGIQTQYF	1
CASSSGTTSTDTQYF	1
CASSSGTPSTDTQYF	1
CASSSGLAATYEQYF	1
CASSSGLAGVWETQYF	1
CASSSGNTIYF	1
CASSSDHRAESF	1
CASSSDGQGWETQYF	1
CASSSDRDNTEAFF	1
CASSSEAVANIQYF	1
CASSSELAGYNEQFF	1
CASSSILTTDTQYF	1
CASSSIPRLAGVRAKNIQYF	1
CASSSIGETQYF	1
CASSSTSVSYEQYF	1
CASSSTPLAGGYNEQFF	1
CASSSTPRATEAFF	1
CASSSTQADTGELFF	1
CASSSTAGRGEQYF	1
CASSSTGRSYEQYF	1
CASSSTGQGNVEQYF	1
CASSSTGGGSYNEQFF	1
CASSSTGAWYEQYF	1
CASSSTGEQFF	1
CASSSSQKSLWEQYF	1
CASSSSGSPDTQYF	1
CASSSRGTGELFF	1
CASSSRTGIREYF	1
CASSSRTRLETQYF	1
CASSSRRLADGTDTQYF	1
CASSSRQTTNEKLFF	1
CASSSRGTVNTEAFF	1
CASSSNLEQYF	1
CASSSNGQGTTNIQYF	1
CASSSNDGTSPLKQYF	1
CASSSKRLAVRETQYF	1
CASSSKGGLAVGNEQFF	1
CASSWFAGDYNEQFF	1
CASSWWMGRGRETQYF	1
CASSWYNEQFF	1
CASSWLAGGGEQYF	1
CASSWLAGGWVTDTQYF	1
CASSWPRGTRFFEQYF	1
CASSWRDRPLDTQYF	1
CASSWRTSGILNEQFF	1
CASSWRLAGVNTQETQYF	1
CASSWRAGGPINEQYF	1
CASSWVQTYEQYF	1
CASSWAGGYEQYF	1
CASSWAGYEQYF	1
CASSWGSGSDSYEQYF	1
CASSWGSGRGTGELFF	1
CASSWGDYNEQFF	1
CASSWGRQGRETQYF	1
CASSWGGNLDTQYF	1
CASSWGDTPTSTDTQYF	1
CASSWGTSVIGELFF	1
CASSWGTGGAGYTF	1
CASSWGTGTLYEQYF	1
CASSWGRSTDTQYF	1
CASSWGLAVTDTQYF	1
CASSWGLAGPYNEQFF	1
CASSWGLAGGLGRADTQYF	1
CASSWGQPSSYNEQFF	1
CASSWGQHTEAFF	1
CASSWGQGSSEAFF	1
CASSWGQGAGYEQYF	1
CASSWGQGNTIYF	1
CASSWGQDSYEQYF	1
CASSWGQSYEQYF	1
CASSWGATYNEQFF	1
CASSWGGTDGLGEQFF	1
CASSWGRDYEQYF	1
CASSWDRGSPYEQYF	1
CASSWDGSSYEQYF	1
CASSWDRGIQYF	1
CASSWEWETGELFF	1
CASSWEGSSGQETQYF	1
CASSWTSGETTDTQYF	1
CASSWTSGRYEQFF	1
CASSWTGTGNREQYF	1
CASSWTTRANEQFF	1
CASSWTSFYEQYF	1
CASSWTLWTSTDTQYF	1
CASSWTGHSYEQYF	1
CASSWTGSQGYTF	1
CASSWTGSSSEAFF	1
CASSWRDRGDYEQYF	1
CASSWNRGEQYF	1
CASSYSPGNTQYF	1
CASSYSTSGETQYF	1
CASSYWAPYEQYF	1
CASSYLSDNYEQYF	1
CASSYPRTGLETQYF	1
CASSYPGAYEQYF	1
CASSYRISVAGGVRELFF	1
CASSYRQGENTEAFF	1
CASSYRGSEQYF	1
CASSYRGQPLEGEQYL	1
CASSYREEQEQFF	1
CASSYVAGANEQYF	1
CASSYGGSSSYNEQFF	1
CASSYGQGWTGELFF	1
CASSYGRADRSQYF	1
CASSYGLAGPNTGELFF	1
CASSYGGGAAREFF	1
CASSYDQGDYGYTF	1
CASSYDRGPSQDNSPLHF	1
CASSYEISGIGKTQYF	1
CASSYERGNEQFF	1
CASSYTSGRHEQYF	1
CASSYTGTSGSYEQFF	1
CASSYTGTYLGTQYF	1
CASSYTGFDTQYF	1
CASSYTGTPVFYNAYNEQFF	1
CASSYSGLAGGVRNEQFF	1
CASSYSGRVTDTQYF	1
CASSYRRTSRETQYF	1
CASSYNRDTQYF	1
CASSYKGTSGGSYNEQFF	1
CASSYLLKPYEQYF	1
CASSYWGAGTGELFF	1
CASSYYSGSSYNEQFF	1
CASSYLTGGSTDTQYF	1
CASSYLSGRMDEQYF	1
CASSYLLTGDKNIQYF	1
CASSYLGTGETTQYF	1
CASSYLPGLAESSYEQYF	1
CASSYPSGSSSYNEQFF	1
CASSYPPLAGVNEQFF	1
CASSYPQYF	1
CASSYPANEQYF	1
CASSYPGLADSSYNEQFF	1
CASSYPGGELFF	1
CASSYPSSGRGNEQFF	1
CASSYRASRGSSGSGVGELFF	1
CASSYRGAGNSPLHF	1
CASSYRDRGLWEQYF	1
CASSYRTGDEQYF	1
CASSYRKGLAIGELFF	1
CASSYRLGSDTQYF	1
CASSYRPGIEQFF	1
CASSYRRLGRSGELFF	1
CASSYHRTSGSPHEQYF	1
CASSYQAGTEPYNEQFF	1
CASSYQMGQGGQETQYF	1
CASSYQQGAGETQYF	1
CASSYGGVSYEQYF	1
CASSYGRGSDNEQFF	1
CASSYGAGHFYEQYF	1
CASSYGGPTDTQYF	1
CASSYGGQSNQPQHF	1
CASSYGTLVNEQFF	1
CASSYGTVITDTQYF	1
CASSYGTKGELFF	1
CASSYGSSGANVLTF	1
CASSYGNTQYF	1
CASSYGLADQETQYF	1
CASSYGLDGPDTQYF	1
CASSYGQTNTGELFF	1
CASSYITYEQYF	1
CASSYTSGRSTDTQYF	1
CASSYTGGPGHEQYF	1
CASSYTGVANYEQYF	1
CASSYTGDMRETQYF	1
CASSYSGAGAGYEQYF	1
CASSYRVFTGRPPKSYNEQFF	1
CASSYRGPGNEQFF	1
CASSYRGAYEQYF	1
CASSYRLGGGELFF	1
CASSYNMGWDGDEQYF	1
CASSLFSSTGELFF	1
CASSLLMKGAYEQYF	1
CASSLLAGGSEQYF	1
CASSLSSPHNEQFF	1
CASSLSWRNYEQYF	1
CASSLSGEGYEQYF	1
CASSLWTEGYEQYF	1
CASSLLGQQETQYF	1
CASSLLGPSTDTQYF	1
CASSLLRYEQYF	1
CASSLLVGETQYF	1
CASSLLTDRGTDTQYF	1
CASSLPGTLAGPNTGELFF	1
CASSLPGNRGQETQYF	1
CASSLPGPNYNEQFF	1
CASSLPGDQPQHF	1
CASSLRSTGELFF	1
CASSLRTGGEKLFF	1
CASSLQTGTSSYEQYF	1
CASSLVGRVDDQPQHF	1
CASSLATRYEQYF	1
CASSLALAGANTGELFF	1
CASSLGSGSAYEQYF	1
CASSLGAEPTYNEQFF	1
CASSLGGSSYEQYF	1
CASSLGGAYTDTQYF	1
CASSLGEGEQFF	1
CASSLGTSGRGAYEQYF	1
CASSLGLAVTTGELFF	1
CASSLGTQETQYF	1
CASSLDPRGPYEQYF	1
CASSLDRVGELFF	1
CASSLIKTSGLPVSYNEQFF	1
CASSLMQDAAYEQYF	1
CASSLMGLAGGNEQFF	1
CASSLTSSYNEQFF	1
CASSLTPGGETQYF	1
CASSLTGAGELFF	1
CASSLTGGKGNEQFF	1
CASSLTGGLDTQYF	1
CASSLSGPHYEQYF	1
CASSLSGSAYEQYF	1
CASSLSGRASNEQFF	1
CASSLRAYEQYF	1
CASSLNALRGEDSYEQYF	1
CASSLNAGARQETQYF	1
CASSLLAGLYNEQFF	1
CASSLSYNEQFF	1
CASSLSGTESSYEQYF	1
CASSLSSGNTGELFF	1
CASSLSGNEQFF	1
CASSLSSGVTYNEQFF	1
CASSLWLTDTQYF	1
CASSLWSGANVLTF	1
CASSLYRGTYEQYF	1
CASSLLLLAERNNEQFF	1
CASSLLRGNEQYF	1
CASSLLLAGGRETQYF	1
CASSLLKSSGGDTQYF	1
CASSLPRARAKNIQYF	1
CASSLPRTGGEDEQYF	1
CASSLPQTTGELFF	1
CASSLPPERGNEQFF	1
CASSLPGLKGGEAFF	1
CASSLPGQGPYEQYF	1
CASSLPIWTSGKGDEQFF	1
CASSLPTSGRANEQFF	1
CASSLPRAEQYF	1
CASSLPDTIQYF	1
CASSLRGWSQETQYF	1
CASSLRARNEQFF	1
CASSLRGPQETQYF	1
CASSLRGGGQGEETQYF	1
CASSLRDPRPFLLYEQYF	1
CASSLRDGYYEQYF	1
CASSLRDRDVLAGPDTQYF	1
CASSLRDRDIQYF	1
CASSLRDNGDTQYF	1
CASSLREGYEQYF	1
CASSLRTGEGGQFF	1
CASSLRTGEETQYF	1
CASSLHGSGSTDTQYF	1
CASSLQGRLAGGNEQFF	1
CASSLQETQYF	1
CASSLQSKNIQYF	1
CASSLQWTGAEYF	1
CASSLQQLYEQYF	1
CASSLVADLDEQFF	1
CASSLVGQPYEQYF	1
CASSLVSSGSYEQYF	1
CASSLVAGGPGDTQYF	1
CASSLASPLAPSSYNEQFF	1
CASSLASGANVLTF	1
CASSLARDILHF	1
CASSLAEGDGELFF	1
CASSLGMTGARGTEAFF	1
CASSLGAHSYNEQFF	1
CASSLGAGTGELFF	1
CASSLGGGTDTQYF	1
CASSLGREQYF	1
CASSLGRRELFF	1
CASSLGLAGQETQYF	1
CASSLGLAGATGELFF	1
CASSLGLAGASTGELFF	1
CASSLGLAAFNEQFF	1
CASSLGQARTDTQYF	1
CASSLGQGSSYNEQFF	1
CASSLGQGFHEQYF	1
CASSLGQDGYTF	1
CASSLDRKETQYF	1
CASSLILYGTDTQYF	1
CASSLIPGGAGDTQYF	1
CASSLIGGMNTEAFF	1
CASSLTRETQYF	1
CASSLTASGTDTQYF	1
CASSLTGAGGYNEQYF	1
CASSLSPGTANTEAFF	1
CASSLRGRHNEQFF	1
CASSLRGDEQFF	1
CASSLRTTSYEQYF	1
CASSLRTATGELFF	1
CASSLRQGADTQYF	1
CASSLNPHNIQYF	1
CASSLNPGTPYEEEQYF	1
CASSLKFSGGSYNEQFF	1
CASSLSLGGTTDTQYF	1
CASSLSGNEQFF	1
CASSLSWDGPYTGELFF	1
CASSLLAGMDTQYF	1
CASSLRSTGANTGELFF	1
CASSLRPGPPFGELFF	1
CASSLRGAQDEYEQYF	1
CASSLQGYTDTQYF	1
CASSLVGLAGDEQYF	1
CASSLVETQYF	1
CASSLASGRANEQFF	1
CASSLAPGDTQYF	1
CASSLAPGQENTGELFF	1
CASSLAGGEQYF	1
CASSLGHEQYF	1
CASSLGLGSGNTGELFF	1
CASSLGPSPYNEQFF	1
CASSLGGYQETQYF	1
CASSLGNYYEQYF	1
CASSLGSRGFANTGELFF	1
CASSLGLSSYEQYF	1
CASSLGLAGGKETQYF	1
CASSLGLAGGKEQFF	1
CASSLGQAIAGDEQFF	1
CASSLGQGNNEQFF	1
CASSLGQNTGELFF	1
CASSLGAYEQYF	1
CASSLGAGGSGELFF	1
CASSLDFYNEQFF	1
CASSLDPLGSYNEQFF	1
CASSLDGYSGANVLTF	1
CASSLDGQETQYF	1
CASSLDRGPDTQYF	1
CASSLDRGQSYEQYF	1
CASSLDREETQYF	1
CASSLDRSSYNEQFF	1
CASSLEGRQYF	1
CASSLEGLAGNSGELFF	1
CASSLMGEQFF	1
CASSLTSSYQETQYF	1
CASSLTSGSSETQYF	1
CASSLTRSGLGVQETQYF	1
CASSLTSGAGELFF	1
CASSLTLGLAGINEQFF	1
CASSLTLGAKNIQYF	1
CASSLTGYSPLHF	1
CASSLTGGGTDTQYF	1
CASSLTGSNQPQHF	1
CASSLSGSSYEQYF	1
CASSLSGGQDTQYF	1
CASSLRHNYEQYF	1
CASSLNGAGGELFF	1
CASSLNTGELFF	1
CASSLFFGWRVQETQYF	1
CASSLFLAGGPDTQYF	1
CASSLSRAIRTDTQYF	1
CASSLSTGITYEQYF	1
CASSLSSGRGRDNEQFF	1
CASSLLWTSNEQFF	1
CASSLLGGEYPGSEQYF	1
CASSLPRLAPGYNEQFF	1
CASSLPGRDEVHNEQFF	1
CASSLPPGTSGRAAKYF	1
CASSLPRTGLGEQFF	1
CASSLPGTLAYEQYF	1
CASSLPGGYEQYF	1
CASSLPKGLAGDNTGELFF	1
CASSLRTSGPYEQYF	1
CASSLHLATYEQYF	1
CASSLQAGLAGGWTGELFF	1
CASSLQGSHEQYF	1
CASSLQGYQETQYF	1
CASSLQGPSSTDTQYF	1
CASSLQGAYEQYF	1
CASSLQPNEQFF	1
CASSLVGNEQFF	1
CASSLVQETQYF	1
CASSLVGNEQFF	1
CASSLAAGELFF	1
CASSLARDTEQYF	1
CASSLARTGDTQYF	1
CASSLAQLVHEQFF	1
CASSLAGHYNEQFF	1
CASSLAGGTYNEQFF	1
CASSLAGLFSYNEQFF	1
CASSLAGVSYEQYF	1
CASSLAGAHEQYF	1
CASSLAGGFDEQYF	1
CASSLAGGRTGELFF	1
CASSLAEVSGSPGHEQYF	1
CASSLGGGNTEAFF	1
CASSLGSGRVNTQYF	1
CASSLGGTGGYEQYF	1
CASSLGQGAREETQYF	1
CASSLGGSGQETQYF	1
CASSLGGSSYNEQFF	1
CASSLGTSGSTDTQYF	1
CASSLGTYQPQHF	1
CASSLGLADNEQFF	1
CASSLGQFGDTQYF	1
CASSLDGPYGYTF	1
CASSLDGAAYEQYF	1
CASSLDRNNEQFF	1
CASSLEAGQETQYF	1
CASSLISYEQYF	1
CASSLMGTSGTINEQFF	1
CASSLMDRSTGELFF	1
CASSLTSNEQYF	1
CASSLTSETRDTQYF	1
CASSLTPGQTYEQYF	1
CASSLTVAGLWRYEQYF	1
CASSLTGTSYEQYF	1
CASSLTGTGGNEQYF	1
CASSLTGLAGYNEQFF	1
CASSLTIGADSYNEQFF	1
CASSLTNTDTQYF	1
CASSLTGSGKSGELFF	1
CASSLTGVLNYGYTF	1
CASSLTGTGELFF	1
CASSLTSGGKNEQFF	1
CASSLSAGTGTYEQYF	1
CASSLRGANVLTF	1
CASSLRDSTYEQYF	1
CASSLRLAGESEQFF	1
CASSLNTPGLAGGEQFF	1
CASSLNRASSEQYF	1
CASSLKLTSTDTQYF	1
CASSLKSGSLETQYF	1
CASSLKGALAYEQYF	1
CASSPFIGYEQYF	1
CASSPLKGMVAGGGWNEQFF	1
CASSPLAGGTSTDTQYF	1
CASSPSQGRQYF	1
CASSPSVASGRTDTQYF	1
CASSPSGLAGELFF	1
CASSPSDRGGSNEQFF	1
CASSPSTYEQYF	1
CASSPSGNYNEQFF	1
CASSPWGTPYEQYF	1
CASSPWGTDTQYF	1
CASSPWGQGEFTEAFF	1
CASSPWDRSYEQYF	1
CASSPWEERDTQYF	1
CASSPWTGNEQYF	1
CASSPYSSTDTQYF	1
CASSPYARDADTQYF	1
CASSPYSGRALDEQFF	1
CASSPYTDTQYF	1
CASSPLPGFARVTEAFF	1
CASSPLDRTAETQYF	1
CASSPLQGEGDNEQFF	1
CASSPLVGHETQYF	1
CASSPLQSSYNEQFF	1
CASSPLAGGPTDTQYF	1
CASSPLDTDTQYF	1
CASSPPGTRSYNEQFF	1
CASSPPGQGIGHEQFF	1
CASSPPKREALLDYEQYF	1
CASSPRRGGETQYF	1
CASSPRAGELFF	1
CASSPRTSAYNEQFF	1
CASSPRTGSSGTEAFF	1
CASSPRTGDDEQFF	1
CASSPRQGPYNEQFF	1
CASSPRAATSGYYNEQFF	1
CASSPRGETQYF	1
CASSPRIVRDTQYF	1
CASSPHRTSGRARTDTQYF	1
CASSPHLANEQFF	1
CASSPHGDRSNQPQHF	1
CASSPQGFSTDTQYF	1
CASSPQGAESDTQYF	1
CASSPQSTNEQFF	1
CASSPQRNIQYF	1
CASSPAGGKETQYF	1
CASSPALRGSGTDTQYF	1
CASSPALGNGYNEQFF	1
CASSPGVSYTYNEQFF	1
CASSPGVAGGPVTQYF	1
CASSPGFHNEQFF	1
CASSPGVAEKETQYF	1
CASSPGATYEQYF	1
CASSPGGETSGRASF	1
CASSPGGTIRNTEAFF	1
CASSPGGRPGELFF	1
CASSPGTSGTDTQYF	1
CASSPGPSGRAYEQYF	1
CASSPGPHNEQFF	1
CASSPGQGLYEQYF	1
CASSPGTLSYNEQFF	1
CASSPGSTTDTQYF	1
CASSPDRDRGYTF	1
CASSPEGLALDEQYF	1
CASSPIPDGASLEQYF	1
CASSPIREPGEQYF	1
CASSPIGPAWEQYF	1
CASSPIRLAGPQETQYF	1
CASSPILAYTDTQYF	1
CASSPITGGKTGELFF	1
CASSPTGDLLYEQYF	1
CASSPTSGIVLNNEQFF	1
CASSPTSGSGGNEQFF	1
CASSPTSGRARHEQYF	1
CASSPTSYEQYF	1
CASSPTWTAIVYQETQYF	1
CASSPTGTAQETQYF	1
CASSPTGTGYTDTQYF	1
CASSPTDTGAHSYEQYF	1
CASSPTPDTQYF	1
CASSPTGQGTYEQYF	1
CASSPTGLAAYEQYF	1
CASSPTTGFGTDTQYF	1
CASSPTGDEQFF	1
CASSPSPYGEGEGHEQFF	1
CASSPSGRGWGGYTF	1
CASSPSETGPNTEAFF	1
CASSPSKVVNTGELFF	1
CASSPSGSLYEQYF	1
CASSPSGRAFNEQFF	1
CASSPSGRGYNEQFF	1
CASSPSGRKETQYF	1
CASSPSGVQETQYF	1
CASSPSNHEQYF	1
CASSPRHGAAYEQYF	1
CASSPRTSGRAADTQYF	1
CASSPRTLNYGYTF	1
CASSPRTGGGYEQYF	1
CASSPRLVLAKNIQYF	1
CASSPRLAGVNEQFF	1
CASSPRLAGGGNEQFF	1
CASSPRRDRSDTQYF	1
CASSPRQGGTDTQYF	1
CASSPNGWGPSNEQFF	1
CASSPNNWRENEQYF	1
CASSPFGAGANLYEQYF	1
CASSPFLGRGETQYF	1
CASSPFRGSADTQYF	1
CASSPFAGTSSSSTDTQYF	1
CASSPLGGTGGYEQYF	1
CASSPLDAPGTDTQYF	1
CASSPLDRYGPQHF	1
CASSPLRGRQLADTQYF	1
CASSPLGSYEQYF	1
CASSPLTMTQYF	1
CASSPSGQGTYEQYF	1
CASSPSRGVFYEQYF	1
CASSPSSSDTQYF	1
CASSPSGAGAYEQYF	1
CASSPSTFGSADTQYF	1
CASSPSRKNIQYF	1
CASSPSSGLAGDEQYF	1
CASSPSLYSMSKNIQYF	1
CASSPSHREGNYNEQFF	1
CASSPSALGVAGELFF	1
CASSPSGGSETQYF	1
CASSPSGLAAYNEQFF	1
CASSPSGQGFYEQYF	1
CASSPSGSSYEQYF	1
CASSPSTGGGNIQYF	1
CASSPSSGLAVGELFF	1
CASSPSGSNQPQHF	1
CASSPSGDTQYF	1
CASSPSGMDSPLHF	1
CASSPSGMMNTEAFF	1
CASSPSGYYEQYF	1
CASSPCPLGPPCQETQYF	1
CASSPWVAGGVEQFF	1
CASSPWGSNEQFF	1
CASSPWGGFTDTQYF	1
CASSPWGGATYNEQFF	1
CASSPWDRILSYNEQFF	1
CASSPWDRDNSPLHF	1
CASSPWTGRTDWLFF	1
CASSPYTGEQYF	1
CASSPYSGYEQYF	1
CASSPYSGTSGGGVYF	1
CASSPYRGPETQYF	1
CASSPLGGTRRDNEQFF	1
CASSPLGEPTEAFF	1
CASSPLLGSYEQYF	1
CASSPLGGSNKATDTQYF	1
CASSPLGLAPNEQFF	1
CASSPLTTGELFF	1
CASSPLSPPTGETQYF	1
CASSPLLGIESGNTIYF	1
CASSPLGLADYNEQFF	1
CASSPLGGNEQFF	1
CASSPLQGRGFFPGDEQFF	1
CASSPLAGVTYEQYF	1
CASSPLAGAQNIQYF	1
CASSPLAGGNNEQFF	1
CASSPLAGGFSKNIQYF	1
CASSPLGTVEYF	1
CASSPLGTGLYEQYF	1
CASSPLTGLAGVQYF	1
CASSPPSGRGRVVRYEQYF	1
CASSPPQVRDTQYF	1
CASSPPSANTGELFF	1
CASSPPSGANVLTF	1
CASSPPWDRGGNEQFF	1
CASSPPLASYNEQFF	1
CASSPPRDTPYEQYF	1
CASSPPQSPNSEQFF	1
CASSPPEREGYNEQFF	1
CASSPPLSGSQTQYF	1
CASSPPAGGPDTQYF	1
CASSPPGLAGTGELFF	1
CASSPPGLRNEQYF	1
CASSPPGAGELFF	1
CASSPPGGQETQYF	1
CASSPPGGTGKLFF	1
CASSPPGTGDNEQFF	1
CASSPPGQTYEQYF	1
CASSPPTGEVDYNEQFF	1
CASSPPGVSTDTQYF	1
CASSPPTLYEQFF	1
CASSPRSDGYSYNEQFF	1
CASSPRWSSNTEAFF	1
CASSPRPVFGELFF	1
CASSPRQLTYGYTF	1
CASSPRGSGRNTGELFF	1
CASSPRGLGAYTDTQYF	1
CASSPRGILYGYTF	1
CASSPRSGSTYNEQFF	1
CASSPRLSLNYGYTF	1
CASSPRLATGGITYNSPLHF	1
CASSPRRGEADTQYF	1
CASSPRRSLSTDTQYF	1
CASSPRQGGTGELFF	1
CASSPRGAGETYEQYF	1
CASSPRGLAGSDTQYF	1
CASSPRGQGASEQYF	1
CASSPRDGGTSGNTIYF	1
CASSPRSGTYEQYF	1
CASSPRLAETYNEQFF	1
CASSPRVNTGELFF	1
CASSPRVLPYEQYF	1
CASSPRAGGLANEQYF	1
CASSPRAQLYEQYF	1
CASSPRGGRVYNEQFF	1
CASSPRGTYEQYF	1
CASSPRGVAGDRETQYF	1
CASSPRDLSYEQYF	1
CASSPRDSQSYNEQFF	1
CASSPRDRGRYEQYF	1
CASSPRDRGYEQYF	1
CASSPRDRGVTEAFF	1
CASSPRDRSSYEQYF	1
CASSPRTGGETQYF	1
CASSPRTSGWGNEQFF	1
CASSPRTSGYEQYF	1
CASSPRTSGRVEQFF	1
CASSPRTGGYNEQFF	1
CASSPRKESGELFF	1
CASSPRFYEQYF	1
CASSPRLAHYEQYF	1
CASSPRLSSYEQYF	1
CASSPRLSSYNEQFF	1
CASSPRPGAVHEQYF	1
CASSPRQGWGETQYF	1
CASSPRVGQETQYF	1
CASSPHWREGNPYEQYF	1
CASSPHRSYEQYF	1
CASSPHGAGAIRGANVLTF	1
CASSPHLAGSNEQFF	1
CASSPHPGFNGELFF	1
CASSPQPTFEQYF	1
CASSPQRVTGELFF	1
CASSPQGQAAYEQYF	1
CASSPQTGSTDTQYF	1
CASSPQSVAGGKNIQYF	1
CASSPQPLPNTGELFF	1
CASSPQVGPYNEQFF	1
CASSPQRTDTYEQYF	1
CASSPVFGFEETQYF	1
CASSPVLAQETQYF	1
CASSPVGLAGVPELYNEQFF	1
CASSPVGTKNYEQYF	1
CASSPVTYSYNEQFF	1
CASSPVTLTDTQYF	1
CASSPVSLQETQYF	1
CASSPVSGQYNEQFF	1
CASSPVPRALFVAEQYF	1
CASSPVARGEVNEQFF	1
CASSPVAGGPYEQYF	1
CASSPVGGSSYNEQFF	1
CASSPVGGHTEAFF	1
CASSPVGGSSYNEQFF	1
CASSPVAGGPTYEQYF	1
CASSPATRQAGVYEQYF	1
CASSPALGGTDTQYF	1
CASSPAPGGTGELFF	1
CASSPAGTSGRGTDTQYF	1
CASSPASVSYNEQFF	1
CASSPARNTEAFF	1
CASSPAFETQYF	1
CASSPARVSGIDEQYF	1
CASSPAGLRNTGELFF	1
CASSPGGETQYF	1
CASSPGGSVQETQYF	1
CASSPGFSGRAGTDTQYF	1
CASSPGSYNEQFF	1
CASSPGLAGTDTQYF	1
CASSPGGLVDYYNEQFF	1
CASSPGGQGNTGELFF	1
CASSPGFRGLGTDTQYF	1
CASSPGWKTYNEQFF	1
CASSPGLARNEQFF	1
CASSPGPRQGMNTEAFF	1
CASSPGRHYNEQFF	1
CASSPGQGPSYEQYF	1
CASSPGVRDRVYGYTF	1
CASSPGAGRTYEQYF	1
CASSPGGSYEQYF	1
CASSPGGLRSLNTEAFF	1
CASSPGGPREYEQYF	1
CASSPGGQVTQYF	1
CASSPGGARARNEQFF	1
CASSPGGQGETQYF	1
CASSPGGAGAYEQYF	1
CASSPGDSAGSEQFF	1
CASSPGDRVRGDDPYNEQFF	1
CASSPGDRGYEQYF	1
CASSPGTLSTDTQYF	1
CASSPGTTSLETQYF	1
CASSPGTSAGNEQFF	1
CASSPGTSGSYNEQFF	1
CASSPGTSGGNEQFF	1
CASSPGTSGIETQYF	1
CASSPGTSGSYEQYF	1
CASSPGTSDYNEQFF	1
CASSPGTSENYEQYF	1
CASSPGTRKNIQYF	1
CASSPGTRSTDTQYF	1
CASSPGTLNTEAFF	1
CASSPGTPEQYF	1
CASSPGTPSYEQYF	1
CASSPGTVKYNEQFF	1
CASSPGTGSYNEQFF	1
CASSPGTGGSETQYF	1
CASSPGTGDHFSGANVLTF	1
CASSPGTGIGEQYF	1
CASSPGTGRNTIYF	1
CASSPGTGAYNEQFF	1
CASSPGRAGSYEQFF	1
CASSPGSGPYNEQFF	1
CASSPGLLGGTEAFF	1
CASSPGLVGETQYF	1
CASSPGLAGVRLKETQYF	1
CASSPGLADLTDTQYF	1
CASSPGLGDYEQYF	1
CASSPGPGTQYNEQFF	1
CASSPGRHYEQYF	1
CASSPGQSDTQYF	1
CASSPGQHYEQYF	1
CASSPGQGSNQPQHF	1
CASSPGQSTDTQYF	1
CASSPGVSGSDTQYF	1
CASSPGAIQYF	1
CASSPGGRTYEQYF	1
CASSPGGSGANVLTF	1
CASSPGGGVSTYNEQFF	1
CASSPDYTDTQYF	1
CASSPDQETQYF	1
CASSPDFLWSWRETQYF	1
CASSPDWRGDNEQFF	1
CASSPDLDRDEQFF	1
CASSPDPGQVSYEQYF	1
CASSPDRETFF	1
CASSPDGRRGGTGELFF	1
CASSPDTSYEQYF	1
CASSPDSSGANVLTF	1
CASSPDSQETQYF	1
CASSPDRASGNNEQFF	1
CASSPDRGRYNEQFF	1
CASSPERGNEQFF	1
CASSPEVADFSYEQYF	1
CASSPEGGNTGELFF	1
CASSPEPRYEQYF	1
CASSPEGLTDTQYF	1
CASSPEIVADTQYF	1
CASSPISGKMHNEQFF	1
CASSPISGRYTDTQYF	1
CASSPIWTSASYEQYF	1
CASSPIAGNEQFF	1
CASSPIGGLNEQFF	1
CASSPMVAGGPDEQFF	1
CASSPMAAVAYEQYF	1
CASSPMETQYF	1
CASSPMTGGSYNEQFF	1
CASSPMSGSFNEQFF	1
CASSPMRGEQFF	1
CASSPIAGYTYEQYF	1
CASSPTSGRMDEQYF	1
CASSPTPGLAGVFNEQFF	1
CASSPTGDEAPLIGSADTQYF	1
CASSPTGTANTGELFF	1
CASSPTDPEETQYF	1
CASSPTSGRNLYNEQFF	1
CASSPTRSWIIDTGELFF	1
CASSPTAGPGTDTQYF	1
CASSPTGLSYEQYF	1
CASSPTSPFDEQYF	1
CASSPTGYEQYF	1
CASSPSSSGKAKNIQYF	1
CASSPSVASGRVGELFF	1
CASSPSVSGGYNEQFF	1
CASSPSRVNTEAFF	1
CASSPSSHEQFF	1
CASSPSLTYNEQFF	1
CASSPSGSPGEQYF	1
CASSPSTDTQYF	1
CASSPRVSVVYEQYF	1
CASSPRGHRIETQYF	1
CASSPRGGNEQFF	1
CASSPRGQAEAQYF	1
CASSPRGASEQYF	1
CASSPRDYSYEQYF	1
CASSPRTGNEQYF	1
CASSPRTGGNGDTEAFF	1
CASSPRSQNIQYF	1
CASSPRLAGGEDIQYF	1
CASSPRQGRGYEQYF	1
CASSPRAPPLFF	1
CASSPRGGLQYF	1
CASSPRTGGKAFYEQYF	1
CASSPRSTGELFF	1
CASSPNVGASSYNEQFF	1
CASSPNMGDRPYF	1
CASSPNIGPLAEQYF	1
CASSPNNRRTNEKLFF	1
CASSPNLNNEQFF	1
CASSPNRGQGRYGYTF	1
CASSPNRDTQYF	1
CASSPNGDTGELFF	1
CASSPNGGASEAFF	1
CASSPNGDYLQETQYF	1
CASSPNIAGAYNEQFF	1
CASSPNTGELFF	1
CASSPKPGQGPKSTQAEQYF	1
CASSPKTRTGGTGELFF	1
CASSPFPGQGAVGELFF	1
CASSPFAPSGANVLTF	1
CASSPFLAGGPNSPLHF	1
CASSPFQREFTDTQYF	1
CASSPLLARRTDTQYF	1
CASSPSSGGTYNEQFF	1
CASSPSSDTQYF	1
CASSPSGLINSPLHF	1
CASSPSTGQAQYF	1
CASSPWGQRTTDTQYF	1
CASSPWDRGTGELFF	1
CASSPLTSGSFHEQYF	1
CASSPLRNTGELFF	1
CASSPPSLAGGLRQFF	1
CASSPPHQPQHF	1
CASSPPPPFHSYNEQFF	1
CASSPPPGIENTGELFF	1
CASSPPGELFF	1
CASSPPGTGVYEQYF	1
CASSPPAGQGSRGEKLFF	1
CASSPRRLAGGADTQYF	1
CASSPRASKQFF	1
CASSPRAGLTDTQYF	1
CASSPRDSTSEQFF	1
CASSPREGAPGELFF	1
CASSPRTTTYEQYF	1
CASSPRTPGLNEQYF	1
CASSPRLVKDTQYF	1
CASSPRLAVSYNEQFF	1
CASSPRRISQETQYF	1
CASSPRRATRNIQYF	1
CASSPHPSRREGSYEQYF	1
CASSPHGDSVNTEAFF	1
CASSPQGGPSYEQYF	1
CASSPQDRAYEQYF	1
CASSPQSNSGRFGTDTQYF	1
CASSPVTRSSYNEQFF	1
CASSPVPGQGATEAFF	1
CASSPVVGGSRREQYF	1
CASSPVGGLGDEQYF	1
CASSPVVTALTQYF	1
CASSPVTGSGSDEQYF	1
CASSPAPWEWFF	1
CASSPAHLNIQYF	1
CASSPAGTGDGELFF	1
CASSPALLATDTQYF	1
CASSPAQNQETQYF	1
CASSPAGKSAKNIQYF	1
CASSPAEGRGNQPQHF	1
CASSPGNWDRSRSYEQYF	1
CASSPGYGYTF	1
CASSPGLGEQFF	1
CASSPGRYQETQYF	1
CASSPGVIHEQFF	1
CASSPGVNNEQFF	1
CASSPGASTGELFF	1
CASSPGGAIIYEQYF	1
CASSPGGEENIQYF	1
CASSPGGTGVPANTGELFF	1
CASSPGGRNEQYF	1
CASSPGDTSGHYEQYF	1
CASSPGDGLINEKLFF	1
CASSPGDRDFYNTDTQYF	1
CASSPGEVYQETQYF	1
CASSPGTEAFF	1
CASSPGTSGGGTDTQYF	1
CASSPGTSGSHEQFF	1
CASSPGTSGRVDEQYF	1
CASSPGTLAQETQYF	1
CASSPGTTYEQYF	1
CASSPGTGQSYNEQFF	1
CASSPGTGFFTDTQYF	1
CASSPGTGENTEAFF	1
CASSPGTEYNEQFF	1
CASSPGTEKYNEQFF	1
CASSPGSSGSVETQYF	1
CASSPGLLNTGELFF	1
CASSPGLTEDTQYF	1
CASSPGLYNEQFF	1
CASSPGLAVETQYF	1
CASSPGLAGYDSYEQYF	1
CASSPGLAGSGEQFF	1
CASSPGLAGVATQYF	1
CASSPGLAGVPYEQYF	1
CASSPGLAGVETQYF	1
CASSPGLAGADTQYF	1
CASSPGLAGGPKNQETQYF	1
CASSPGLAGGIETQYF	1
CASSPGLGETQYF	1
CASSPGLGYEQYF	1
CASSPGPANNEQFF	1
CASSPGRTSGANVLTF	1
CASSPGHLKGDTQYF	1
CASSPGQPNTEAFF	1
CASSPGQVGQTQYF	1
CASSPGQGGYGYTF	1
CASSPGQGYNEQFF	1
CASSPGQGVSGANVLTF	1
CASSPGQGVGANVLTF	1
CASSPGQGAYNEQFF	1
CASSPGQNYGYTF	1
CASSPGQILAASSYEQYF	1
CASSPDIERHEQFF	1
CASSPDLLGGELFF	1
CASSPDVSSYNEQFF	1
CASSPDGTDTQYF	1
CASSPDGANYGYTF	1
CASSPDDGRYEQYF	1
CASSPDSSMGEQYF	1
CASSPDRGNEQFF	1
CASSPDRGPETQYF	1
CASSPDRGSSGANVLTF	1
CASSPDRDYYEQYF	1
CASSPDRDYEQYF	1
CASSPERTYNEQFF	1
CASSPEGDTQYF	1
CASSPEGDFDEQFF	1
CASSPEGGQGASNEQFF	1
CASSPIVPGLAGGLDTGELFF	1
CASSPIGGRAIYEQYF	1
CASSPIRQGPGNIQYF	1
CASSPMGGRPYNEQFF	1
CASSPMTRRGYEQYF	1
CASSPMTGRYEQYF	1
CASSPIAGVPGELFF	1
CASSPTLAGGPHEQFF	1
CASSPTSGGTDTQYF	1
CASSPTSSRTDTQYF	1
CASSPTSRSSYEQYF	1
CASSPTSGSSYEQYF	1
CASSPTSGRASEQFF	1
CASSPTSGRAQDNEQFF	1
CASSPTSGRAGTDTQYF	1
CASSPTSGNFYEQYF	1
CASSPTLAGPYQQYF	1
CASSPTPSGSKNEQFF	1
CASSPTQVAGPGGNTIYF	1
CASSPTSGGNTYEQYF	1
CASSPTGGTDTQYF	1
CASSPTTSARAGELFF	1
CASSPTTGAYNSPLHF	1
CASSPTASGSGETQYF	1
CASSPTGALYNEQFF	1
CASSPTGGVGNEQFF	1
CASSPTGGREKLFF	1
CASSPTGTYNEQFF	1
CASSPTGTYEQYF	1
CASSPTDSDTQYF	1
CASSPSRQVNEQFF	1
CASSPSRGHVRETQYF	1
CASSPSYQETQYF	1
CASSPSGARYNEQFF	1
CASSPSGRAYEQYF	1
CASSPSETSLRNEQFF	1
CASSPSTSGAYEQYF	1
CASSPRGGTYNEQFF	1
CASSPRTGGGSDEQYF	1
CASSPRTGGTDTQYF	1
CASSPRLAGSNEQFF	1
CASSPRQGQKETQYF	1
CASSPRNQPQHF	1
CASSPNPPAGGNTGELFF	1
CASSPKLTGASANVLTF	1
CASSPLGRARETQYF	1
CASSPLETQYF	1
CASSPLARRQYF	1
CASSPSRVEQFF	1
CASSPSRTSGRSGNEQFF	1
CASSPSGTLPGELFF	1
CASSPSGTNTYEQYF	1
CASSPSTGAYNEQFF	1
CASSPSRNGLAGGGDTQYF	1
CASSPSVGRTAALRETQYF	1
CASSPSGGWTEAFF	1
CASSPSGGRFYEQYF	1
CASSPSGGAPPDTQYF	1
CASSPSGTINSPLHF	1
CASSPWSAGGPYEQYF	1
CASSPWARSGRVHNEQFF	1
CASSPYRSGANVLTF	1
CASSPYGRAGTQQYF	1
CASSPYSTETDTQYF	1
CASSPYPRMGPDGELFF	1
CASSPLKVRTDRGLFF	1
CASSPLGPTYEQYF	1
CASSPLAGTKERTDTQYF	1
CASSPLAGGPDTQYF	1
CASSPLGQGYNEQFF	1
CASSPPSTQAEQYF	1
CASSPPSQVSTDTQYF	1
CASSPPLPPDRRPNTGELFF	1
CASSPPPGTGELFF	1
CASSPPGGLNTGELFF	1
CASSPPGTISLHDEKLFF	1
CASSPPGLAGPHTQYF	1
CASSPPGRYRDTQYF	1
CASSPPTGPRYNEQFF	1
CASSPPTGTYEQYF	1
CASSPPGASPNEQFF	1
CASSPPGPSTDTQYF	1
CASSPPGPTSPYEQYF	1
CASSPPGRLFSQFF	1
CASSPPTLEGHYGYTF	1
CASSPRIEGFTIDTQYF	1
CASSPRGLAGGVSSYEQYF	1
CASSPRGGNTGELFF	1
CASSPRDGIAYEQYF	1
CASSPRTGSSYEQYF	1
CASSPRTSPGAQFF	1
CASSPRTGTRSEQFF	1
CASSPRPRGVQETQYF	1
CASSPRQTDTQYF	1
CASSPHAGQGLWEKLFF	1
CASSPQFTSGRAYNEQFF	1
CASSPQGFTEAFF	1
CASSPQGSLTGELFF	1
CASSPQGRQETQYF	1
CASSPQGAMGNEQFF	1
CASSPQGEDQPQHF	1
CASSPQEETQYF	1
CASSPVLGGGPNEQFF	1
CASSPVLAGGLGNEQFF	1
CASSPVGRAYNEQFF	1
CASSPVMVNYEQYF	1
CASSPVARRSTYEQYF	1
CASSPAMGLYNEQFF	1
CASSPAVGGEDTF	1
CASSPAGGSLYNEQFF	1
CASSPAGVRNEQFF	1
CASSPAGGPAKNIQYF	1
CASSPAFQGRRSYNSPLHF	1
CASSPGRWINEQFF	1
CASSPGRLAGVEDTQYF	1
CASSPGPSYEQYF	1
CASSPGGLAGIHEQYF	1
CASSPGTYNEQFF	1
CASSPGTTTGELFF	1
CASSPGSGLAGETQYF	1
CASSPGPPRVGTQYF	1
CASSPGVSTDTQYF	1
CASSPGGGRIYEQYF	1
CASSPGDRGANVLTF	1
CASSPGTSGRAGNEQFF	1
CASSPGTSGREDTQYF	1
CASSPGTGTEKLFF	1
CASSPGSSPATQYF	1
CASSPGRGIPGELFF	1
CASSPGLAGANEQFF	1
CASSPGLAGGTQETQYF	1
CASSPGLAGDETQYF	1
CASSPGLAGEQSYEQYF	1
CASSPGRVQETQYF	1
CASSPGRISGANVLTF	1
CASSPGHGANEQYF	1
CASSPGQGDSYEQYF	1
CASSPGQGSSYEQYF	1
CASSPGISGANVLTF	1
CASSPDPTGTYEQYF	1
CASSPDRAGANVLTF	1
CASSPERGGDTQYF	1
CASSPEAGEADTQYF	1
CASSPEGYEQYF	1
CASSPIQGAEAFF	1
CASSPIGTSGRAFGTDTQYF	1
CASSPMRLAHEQFF	1
CASSPTSHAGGTDTQYF	1
CASSPTSGRYNEQFF	1
CASSPTGTSGRRTYEQYF	1
CASSPTGTGVNEQFF	1
CASSPTSGRVHEQFF	1
CASSPTASDLNSYEQYF	1
CASSPTITDEQFF	1
CASSPTGRETQYF	1
CASSPSRGLAGYETQYF	1
CASSPSGSAGELFF	1
CASSPSGKGYNEQFF	1
CASSPSRMNNEQFF	1
CASSPRSRVGDTIYF	1
CASSPRSAVADIQYF	1
CASSPRGVAYNEQFF	1
CASSPRGAGGAHNEQFF	1
CASSPRGLPDEQYF	1
CASSPRTSGHSNTGELFF	1
CASSPRTSGKQFF	1
CASSPRTSSASTDTQYF	1
CASSPRTGSYEQYF	1
CASSPRLAGVGNEQFF	1
CASSPRDRGAYNEQFF	1
CASSPNVAGGTHEQYF	1
CASSPNTAKNIQYF	1
CASSPNSGSYEQYF	1
CASSPNRYEQYF	1
CASSPNGAYRDKWRSATNEKLFF	1
CASSPNGGAETQYF	1
CASSPKPSSNQPQHF	1
CASSPKISGIYNEQFF	1
CASSRLAGATQYF	1
CASSRLGGGMNTEAFF	1
CASSRSGTLEKGQFF	1
CASSRLTGEGGAFF	1
CASSRLGGAYEQYF	1
CASSRPGETQYF	1
CASSRPSTDTQYF	1
CASSRPGRSQLYGYTF	1
CASSRPGTGDYEQYF	1
CASSRPGTKSGANVLTF	1
CASSRPGLAAYNEQFF	1
CASSRPGQGDYNEQFF	1
CASSRRGGSGNEQFF	1
CASSRRGGEGYNEQFF	1
CASSRRISSAYNEQFF	1
CASSRQGGASGSQGWNEQFF	1
CASSRQGQETQYF	1
CASSRQETQYF	1
CASSRASGQDEQYF	1
CASSRGVAGFTDTQYF	1
CASSRGAEQYF	1
CASSRGRAYNEQFF	1
CASSRGQYGETQYF	1
CASSRDDVTGTSGSYNEQFF	1
CASSRDSGRVNEQYF	1
CASSRTSGGTDTQYF	1
CASSRTTVINNEQFF	1
CASSRTDGGDTQYF	1
CASSRSGEQFF	1
CASSRSRTEQFF	1
CASSRSGRNNEQFF	1
CASSRSGTISYEQYF	1
CASSRSGRTYEQYF	1
CASSRRLGVINEQFF	1
CASSRRLAGDTQYF	1
CASSRKREALSHEQYF	1
CASSRLGPSYEQYF	1
CASSRWLRGHQETQYF	1
CASSRYSRGTEAFF	1
CASSRLAGTGEKLFF	1
CASSRPGRGGGYGYTF	1
CASSRPTSGNTGELFF	1
CASSRRAGTDTQYF	1
CASSRRGQGAVEQYF	1
CASSRRDRVYNEQFF	1
CASSRRDKASYEQYF	1
CASSRRLVKETQYF	1
CASSRQHRVQSYNEQFF	1
CASSRVGAGVGEQYF	1
CASSRAPGTATYEQYF	1
CASSRAGGDNYGYTF	1
CASSRGLAGTDTQYF	1
CASSRGVAGAGELFF	1
CASSRGEGTQYF	1
CASSRGTPPFDEQFF	1
CASSRGTSALNTGELFF	1
CASSRGWLGTYEQYF	1
CASSRGPGTSGTQYF	1
CASSRGQKQETQYF	1
CASSRGRATSSYNEQFF	1
CASSRDYEQYF	1
CASSRDSATGELFF	1
CASSRDRGNWANEKLFF	1
CASSRDRDYEQYF	1
CASSREGTGRLNIQYF	1
CASSREGTSGIIQFF	1
CASSRTRWRERMGSYNEQFF	1
CASSRTDEQFF	1
CASSRTGASGETQYF	1
CASSRRGLAEPLNPYEQYF	1
CASSRRPQGGDIQYF	1
CASSRRRNEQFF	1
CASSRSGFVDEQFF	1
CASSRYASSGLQETQYF	1
CASSRYRDRSSYEQYF	1
CASSRLGGSSYEQYF	1
CASSRRRSIDGELFF	1
CASSRRDDRGTYEQYF	1
CASSRRQGAYEQYF	1
CASSRQGLAVDEQFF	1
CASSRVGDRGQVVQYF	1
CASSRVQETQYF	1
CASSRVGGIETQYF	1
CASSRVIGREETQYF	1
CASSRVHAGRETQYF	1
CASSRGGRGDYGYTF	1
CASSRGYTQYF	1
CASSRGAYEQYF	1
CASSRGAPYEQYF	1
CASSRGAPHNEQFF	1
CASSRGGSGSGGDTQYF	1
CASSRGDRSSYEQYF	1
CASSRGTMSYEQYF	1
CASSRGTATIETQYF	1
CASSRGTDNSYEQYF	1
CASSRGLAGVYQETQYF	1
CASSRGLAGGTYNEQFF	1
CASSRGLAGGMGTGELFF	1
CASSRGLAEYEQYF	1
CASSRGQGVTGELFF	1
CASSRGISGSTDTQYF	1
CASSRGTSGSDEQFF	1
CASSRDSGTYNEQFF	1
CASSRDLNNEQFF	1
CASSRDSSYNEQFF	1
CASSRDSNYEQYF	1
CASSRDYYTYEQYF	1
CASSRDYRTGELFF	1
CASSRDRDTQYF	1
CASSRDGATYGYTF	1
CASSRDGTSDETQYF	1
CASSRDGYEQYF	1
CASSRDSYYEQYF	1
CASSRDRLHLETQYF	1
CASSRDRVWETQYF	1
CASSRDRVYEQYF	1
CASSRDRVREQYF	1
CASSRDRADGELFF	1
CASSRDRAYEQYF	1
CASSRDRGQETQYF	1
CASSRDRGREQYF	1
CASSRDRTDTQYF	1
CASSRETSGSGTQYF	1
CASSRMTSGSFDTQYF	1
CASSRTVETQYF	1
CASSRTAGTSSEQYF	1
CASSRTSVPSSYNEQFF	1
CASSRTSGRTGELFF	1
CASSRTSGIPYEQYF	1
CASSRTSGTSDTQYF	1
CASSRTRARETQYF	1
CASSRTNTGELFF	1
CASSRTRPFYEQYF	1
CASSRTVSYEQYF	1
CASSRTGLSYEQYF	1
CASSRTGGSYNEQFF	1
CASSRTGGYNEQFF	1
CASSRTGEGAGELFF	1
CASSRTGTGELFF	1
CASSRTGSQPQHF	1
CASSRTGSTGELFF	1
CASSRTDRTQETQYF	1
CASSRTEGTEAFF	1
CASSRSGGISYNEQFF	1
CASSRRAGNTGELFF	1
CASSRRGPLSSGANVLTF	1
CASSRRDSYEQYF	1
CASSRRTTDTQYF	1
CASSRRPLAGARIYEQYF	1
CASSRNAPGLANTGELFF	1
CASSRNSGISSYEQYF	1
CASSRNRGDNQPQHF	1
CASSRKPGDRGGGTDTQYF	1
CASSRFSYEQYF	1
CASSRLGQGGGEQYF	1
CASSRSRIQETQYF	1
CASSRSSGRTTGELFF	1
CASSRSGTGFQPQHF	1
CASSRSPGLAGVGHNEQFF	1
CASSRSGGNEQFF	1
CASSRWRTSDYEQYF	1
CASSRYRGPNTGELFF	1
CASSRLLTSSSYNEQFF	1
CASSRLPTGGNAGELFF	1
CASSRLEGVAKNIQYF	1
CASSRLLQETQYF	1
CASSRLAGYNEQFF	1
CASSRLAANTGELFF	1
CASSRLAGNIQYF	1
CASSRLAGGYATDTQYF	1
CASSRLAGGRSGETQYF	1
CASSRLAGGTGELFF	1
CASSRLEDNEQFF	1
CASSRPLAGSYEQYF	1
CASSRPGLEQFF	1
CASSRPGQGSTDTQYF	1
CASSRPAGSLAEDNEQFF	1
CASSRRWTSGKSDTQYF	1
CASSRHGTGGVQETQYF	1
CASSRQSTGDTQYF	1
CASSRQGMNYEQYF	1
CASSRQTDTQYF	1
CASSRQLSGSLYLF	1
CASSRQTTGELFF	1
CASSRVTSGRRGDTQYF	1
CASSRVAGAIFSYNEQFF	1
CASSRAAGGPNTGELFF	1
CASSRAGGGYNEQFF	1
CASSRAGEETQYF	1
CASSRAGPQETQYF	1
CASSRGDSYEQYF	1
CASSRGAGGSDEQFF	1
CASSRGGDADTQYF	1
CASSRGGLGYEQYF	1
CASSRGDIWQETQYF	1
CASSRGTSGRTEQFF	1
CASSRGLAQSYEQYF	1
CASSRGPNYEQYF	1
CASSRGQGANTGELFF	1
CASSRDSGRANNEQFF	1
CASSRDYEQYF	1
CASSRDQLISSTDTQYF	1
CASSRMGGVGNEQFF	1
CASSRTSTGMLETQYF	1
CASSRTRGETQYF	1
CASSRTLQGWYNEQFF	1
CASSRTPGQGAGANVLTF	1
CASSRSRGDTEAFF	1
CASSRSSRGFRYEQYF	1
CASSRSGISTDTQYF	1
CASSRNSGSQETQYF	1
CASSRNGQEISYEQYF	1
CASSRKFF	1
CASSHFQTASSYEQYF	1
CASSHFGLAESTDTQYF	1
CASSHSGTLSTDTQYF	1
CASSHWTSGRRGTGEQFF	1
CASSHPAGLALTDTQYF	1
CASSHPNEQFF	1
CASSHPGGAGPYEQYF	1
CASSHRVAGELFF	1
CASSHRGGYEQFF	1
CASSHRLAGNQETQYF	1
CASSHVLAGKGTDTQYF	1
CASSHVVGNPENTGELFF	1
CASSHVGGGTGELFF	1
CASSHASGRTETQYF	1
CASSHAVKTDTQYF	1
CASSHGGVSAYEQYF	1
CASSHGGATNTGELFF	1
CASSHGTSGVYEQYF	1
CASSHGTSGSWGTGELFF	1
CASSHETSVSSYNEQFF	1
CASSHSNQETQYF	1
CASSHSGPAGSYNEQFF	1
CASSHSGSGRDTQYF	1
CASSHRPAGASFHRELFF	1
CASSHRTRNYNEQFF	1
CASSHRQGRYNEQFF	1
CASSHNGEQYF	1
CASSHNSIDTQYF	1
CASSHKPGVESHNEQFF	1
CASSHFGARSSYNEQFF	1
CASSHSSGRGSETQYF	1
CASSHSSGTTDTQYF	1
CASSHSQRSSYNEQFF	1
CASSHSGYEQYF	1
CASSHYGGRAFNEQFF	1
CASSHYADSKGELFF	1
CASSHLRTSYEQYF	1
CASSHLETSGGTDTQYF	1
CASSHLRGQETQYF	1
CASSHLGSSSYEQYF	1
CASSHLAGGPNNEQFF	1
CASSHPSSTGSTGELFF	1
CASSHPDRGRTDTQYF	1
CASSHPGQGTYEQYF	1
CASSHPGGLADHTDTQYF	1
CASSHPEGQSKNIQYF	1
CASSHPLAYEQYF	1
CASSHRSNTEAFF	1
CASSHRGRGTQYF	1
CASSHRGSNTQYF	1
CASSHRDGAYEQYF	1
CASSHRDITIDEQFF	1
CASSHRDRGRRSQTGELFF	1
CASSHRESSYNEQFF	1
CASSHRTGDTDTQYF	1
CASSHRQGAGYGYTF	1
CASSHRGTSGTDTQYF	1
CASSHQREGRETQYF	1
CASSHQGGHRYF	1
CASSHQDSSNQPQHF	1
CASSHQPGLAGGIYNEQFF	1
CASSHVELGMGNEQFF	1
CASSHASGRPYEQYF	1
CASSHATGNYEQYF	1
CASSHGTSGTPYNEQFF	1
CASSHGTSETTDTQYF	1
CASSHGTANTGELFF	1
CASSHGTAYEQYF	1
CASSHGSSYNEQFF	1
CASSHGLAGAGELFF	1
CASSHGVNTGELFF	1
CASSHGGLSYEQYF	1
CASSHERLVSQYF	1
CASSHISGRLREQYF	1
CASSHITGDGGYTF	1
CASSHTGGYSQETQYF	1
CASSHTSGSYNEQFF	1
CASSHTSGRTYEQYF	1
CASSHTNTGELFF	1
CASSHSKTGIPQETQYF	1
CASSHSGGSYNEQFF	1
CASSHRFGEQYF	1
CASSHRDGRTDTQYF	1
CASSHRIRVSTDTQYF	1
CASSHRLAGGYNEQFF	1
CASSHNVGISPLEQYF	1
CASSHNEGSGANVLTF	1
CASSHKLAGGPNEQFF	1
CASSHKQGAKNIQYF	1
CASSQFGAGDEQYF	1
CASSQFGGPYEQYF	1
CASSQLVATRNTGELFF	1
CASSQSQREKETQYF	1
CASSQSSGSISDTQYF	1
CASSQSGLAGWNEQYF	1
CASSQSGELEAFF	1
CASSQWVGAQYF	1
CASSQWEGTYEQYF	1
CASSQYPRQGGYEQYF	1
CASSQLLGTGRALGGYEQYF	1
CASSQLQGFRSYEQYF	1
CASSQPEQETQYF	1
CASSQPRDRSIQETQYF	1
CASSQPSRSTDTQYF	1
CASSQPGLAGVGSYEQYF	1
CASSQPGQGSYEQYF	1
CASSQPVGTSGSVEQYF	1
CASSQRGTYEQYF	1
CASSQRGQGPNEQFF	1
CASSQRERGAENIQYF	1
CASSQRTVNTEAFF	1
CASSQRSYEQYF	1
CASSQHSTDTQYF	1
CASSQQRNTEAFF	1
CASSQQLPGQNSYEQYF	1
CASSQVSRSTDTQYF	1
CASSQVDREHEQYF	1
CASSQVTGNTEAFF	1
CASSQAGWKGELFF	1
CASSQGQISYEQYF	1
CASSQGTGTGELFF	1
CASSQGLAEGDTQYF	1
CASSQGVEIYNEQFF	1
CASSQGGSYNEQFF	1
CASSQGGYEQFF	1
CASSQGEYGYTF	1
CASSQGISEQYF	1
CASSQGTSGSYEQYF	1
CASSQGTANTGELFF	1
CASSQGNYGYTF	1
CASSQGNGGDTEAFF	1
CASSQGLARETQYF	1
CASSQGLAVYNEQFF	1
CASSQGLAGLSSYNEQFF	1
CASSQGLAGPMNEQFF	1
CASSQGLAGVPTGANVLTF	1
CASSQGLARGNEQFF	1
CASSQGPRADTQYF	1
CASSQGPMNTGELFF	1
CASSQGHLAKNIQYF	1
CASSQGQGFVRNQPQHF	1
CASSQGQGTYEQYF	1
CASSQGGGQPQHF	1
CASSQGGVSNQPQHF	1
CASSQGGGEQYF	1
CASSQGGSTDTQYF	1
CASSQDYGLAGVYEQFF	1
CASSQDPSSYNEQFF	1
CASSQDVGRQYF	1
CASSQDTLAGGGETQYF	1
CASSQDSYSNQPQHF	1
CASSQDSLYEQYF	1
CASSQEPGHEQYF	1
CASSQEGQDNPYEQYF	1
CASSQIHRNTEAFF	1
CASSQILAGGIWDEQFF	1
CASSQTRGGSMDTQYF	1
CASSQTTPYTDTQYF	1
CASSQTSGPGEQYF	1
CASSQTSGTDTQYF	1
CASSQTSGSTDTQYF	1
CASSQTSGRTDTQYF	1
CASSQTRGEQFF	1
CASSQTLAKNIQYF	1
CASSQTGTRMDGEQFF	1
CASSQTTGYNEQFF	1
CASSQTGYEQFF	1
CASSQTVGNEQFF	1
CASSQTVGGNNEQFF	1
CASSQTGVGEEPQYF	1
CASSQTGTTGELFF	1
CASSQTEKETQYF	1
CASSQTNREEIDEQYF	1
CASSQRASGRGYNEQFF	1
CASSQRQVYNEQFF	1
CASSQRRDGLKQETQYF	1
CASSQRRGGDINEQFF	1
CASSQNPKAYEQYF	1
CASSQNGNYNEQFF	1
CASSQNRFLHEKLFF	1
CASSQKGNEQFF	1
CASSQFGNQETQYF	1
CASSQFGGGRGSYNEQFF	1
CASSQLRYSWYQPQHF	1
CASSQLDRPSGNTIYF	1
CASSQLEGDTQYF	1
CASSQLTADEQFF	1
CASSQLAGAFGANVLTF	1
CASSQSPIGTGDSEQFF	1
CASSQSPTRGYNEQFF	1
CASSQSGSEQFF	1
CASSQSGTTHTDTQYF	1
CASSQSERESFNEQFF	1
CASSQSTGGRDNEQFF	1
CASSQSAGTSFNEQFF	1
CASSQWGIYEQYF	1
CASSQWIGTESQWADTQYF	1
CASSQWIASSYNEQFF	1
CASSQWTGTSGSRNTGELFF	1
CASSQYYDSSYNEQFF	1
CASSQYPAGERTDTQYF	1
CASSQYDRGKETQYF	1
CASSQYTVTKKTQYF	1
CASSQYQGASYEQYF	1
CASSQYGTGELFF	1
CASSQYDRGEETQYF	1
CASSQLSGSTFQFF	1
CASSQLAGGGTDTQYF	1
CASSQLERTPYF	1
CASSQLTDTQYF	1
CASSQLAGQPASTDTQYF	1
CASSQLGGGRYQETQYF	1
CASSQLNPGGAKNIQYF	1
CASSQLLNTGELFF	1
CASSQLAGDLALNEQFF	1
CASSQLGRSSGSSYNEQFF	1
CASSQLGLSYEQYF	1
CASSQLGNTNTGELFF	1
CASSQLTPGLADQYQETQYF	1
CASSQLTSGRAAAKNIQYF	1
CASSQPSGSFSYEQYF	1
CASSQPSESSEQYF	1
CASSQPLGHFRGEQYF	1
CASSQPPLTGEQYF	1
CASSQPGDEQYF	1
CASSQPNGQGGNEQFF	1
CASSQPYTDTQYF	1
CASSQPGQGNRETQYF	1
CASSQRGAGGPTSTDTQYF	1
CASSQRLAGGEGTDTQYF	1
CASSQRPGASYEQYF	1
CASSQRVLSEQYF	1
CASSQRGSDTQYF	1
CASSQRGVRGINEQFF	1
CASSQRGAKNIQYF	1
CASSQRDTQYF	1
CASSQRDRPLFGSGANVLTF	1
CASSQRELQFF	1
CASSQRTQYQETQYF	1
CASSQRYRSLEQYF	1
CASSQRQIQETQYF	1
CASSQRGGVRLNTEAFF	1
CASSQHQTGGFGAGVTDTQYF	1
CASSQHSFGSGTDTQYF	1
CASSQHPGTNTGELFF	1
CASSQQADRFYNEQFF	1
CASSQQGGTGELFF	1
CASSQQGASNEQFF	1
CASSQQGAVADTQYF	1
CASSQQGGYEQYF	1
CASSQQGLAATNTQYF	1
CASSQVFSGNSYNEQFF	1
CASSQVSWEQYF	1
CASSQVYPQETQYF	1
CASSQVYRPINEQFF	1
CASSQVLATKETQYF	1
CASSQVRGYEQYF	1
CASSQVRGRETQYF	1
CASSQVRDYSYNEQFF	1
CASSQVRTGPYGYTF	1
CASSQVGGSYEQYF	1
CASSQVTISTDTQYF	1
CASSQVSGGVTDTQYF	1
CASSQVSGYLTETQYF	1
CASSQVFKGPGREAFF	1
CASSQVFSPDTQYF	1
CASSQVSSDITDTQYF	1
CASSQVWLAGFNEQFF	1
CASSQVPRETYF	1
CASSQVQLAGPYEQYF	1
CASSQVVTDYGYTF	1
CASSQVAGGDEQFF	1
CASSQVGTSGTGELFF	1
CASSQVGTGSYEQYF	1
CASSQVDGRSSYEQYF	1
CASSQVRGDIQYF	1
CASSQVLARASNQPQHF	1
CASSQVVESEQYF	1
CASSQVVGLAVYEQYF	1
CASSQVAGDTQYF	1
CASSQVGSQETQYF	1
CASSQVGGQGQFF	1
CASSQVTVTNTGELFF	1
CASSQVKDNQPQHF	1
CASSQVLGQGYGYTF	1
CASSQVLIGMGTSGSIFTGELFF	1
CASSQVSTGRSYEQYF	1
CASSQVPQGYVNEQFF	1
CASSQVRGAHNEQFF	1
CASSQVHEQYF	1
CASSQVASGRAGNEQFF	1
CASSQVGTTDTQYF	1
CASSQVGGLAATGELFF	1
CASSQVMGVSDEQYF	1
CASSQVTSFRETQYF	1
CASSQAWTGQNTGELFF	1
CASSQALEQYF	1
CASSQAHEQYF	1
CASSQATGVNQPQHF	1
CASSQASPLSSYGYTF	1
CASSQASSGSTDTQYF	1
CASSQAWSKANYGYTF	1
CASSQAWQGISRG	1
CASSQALGGTIRHLNTEAFF	1
CASSQALGGTGQETQYF	1
CASSQAPGEQFF	1
CASSQAPGGSYNEQFF	1
CASSQAPGLAVHNEQFF	1
CASSQAPGQSYEQYF	1
CASSQAPSGLGGSGANVLTF	1
CASSQAPAYNEQFF	1
CASSQARGSGSVEQYF	1
CASSQAHLRVGSTDTQYF	1
CASSQAQGAGELFF	1
CASSQAGPGGYGYTF	1
CASSQAGTSGRGESEQFF	1
CASSQAGTGLNQPQHF	1
CASSQAGRAGYEQYF	1
CASSQAGNLYEQFF	1
CASSQAGLAGYEQYF	1
CASSQAGDTQYF	1
CASSQAKGRRHHPNLNSSGANVLTF	1
CASSQASGNRNEQYF	1
CASSQAWTGRTEAFF	1
CASSQAVTYLINEQFF	1
CASSQAASGSVNEQFF	1
CASSQAAGSYYEQYF	1
CASSQAILGLAGDNEQFF	1
CASSQATTSGNEQFF	1
CASSQAPGDYLYNEQFF	1
CASSQAAGGVETQYF	1
CASSQAGVTGELFF	1
CASSQATVANYGYTF	1
CASSQARRGSNTEAFF	1
CASSQAKSSYNEQFF	1
CASSQGWRGPDTQYF	1
CASSQGWVSGETQYF	1
CASSQGPGGNTGELFF	1
CASSQGPRSYEQYF	1
CASSQGAIGYEQYF	1
CASSQGGSPDTQYF	1
CASSQGERRGYEQYF	1
CASSQGTKSPAYEQYF	1
CASSQGLYLYEQYF	1
CASSQGLQETQYF	1
CASSQGRTSYEL	1
CASSQGQGQGGATNEKLFF	1
CASSQGVAGEQYF	1
CASSQGTEGLAGYEQYF	1
CASSQGSYEQYF	1
CASSQGSRGTYEQYF	1
CASSQGFGGSYNEQFF	1
CASSQGSSGDSTDTQYF	1
CASSQGSTSGSQYEQFF	1
CASSQGYSSSGETQYF	1
CASSQGLAGGDEQFF	1
CASSQGQQMNTEAFF	1
CASSQGQGLYEQYF	1
CASSQGQGPYNEQFF	1
CASSQGQGGPGELFF	1
CASSQGVGQSYEQYF	1
CASSQGASGNNEQFF	1
CASSQGAASGVNEQFF	1
CASSQGAGSGPTDTQYF	1
CASSQGAGRSYNEQFF	1
CASSQGAGGPYEQFF	1
CASSQGGRVETQYF	1
CASSQGGPEQFF	1
CASSQGGGPATDTQYF	1
CASSQGGRGRDTGELFF	1
CASSQGGLAGDLYEQYF	1
CASSQGGQVGFQQYF	1
CASSQGGQGTYEQYF	1
CASSQGGRATDTQYF	1
CASSQGDALYEQYF	1
CASSQGDRGQETQYF	1
CASSQGEFSGANVLTF	1
CASSQGEGSQETQYF	1
CASSQGIGQGPKYNEQFF	1
CASSQGIDVGELFF	1
CASSQGTTYEQYF	1
CASSQGTSVIYNEQFF	1
CASSQGTSGYNEQFF	1
CASSQGTSGFRNEQFF	1
CASSQGTSGSPNTGELFF	1
CASSQGTGFGNQPQHF	1
CASSQGTGGETQYF	1
CASSQGTDQETQYF	1
CASSQGRDNEQFF	1
CASSQGREIARGELFF	1
CASSQGFTSGRGYEQYF	1
CASSQGSGRDTQYF	1
CASSQGSGGATDTQYF	1
CASSQGSSGSFGDEQFF	1
CASSQGLVNNEQFF	1
CASSQGLAGTTDTQYF	1
CASSQGLAGSYEQYF	1
CASSQGLAGGETQYF	1
CASSQGLAGGETQYF	1
CASSQGLASSYNEQFF	1
CASSQGPQQYF	1
CASSQGPGTYEQYF	1
CASSQGRRTLSYEQYF	1
CASSQGQGEAFF	1
CASSQGQESTGELFF	1
CASSQGGRGTYEQYF	1
CASSQGGDQETQYF	1
CASSQGGEQFF	1
CASSQGGLAGGYNEQFF	1
CASSQGDSFPREQYF	1
CASSQGDEQYF	1
CASSQGEVVGQETQYF	1
CASSQGENTEAFF	1
CASSQDFSPTYNEQFF	1
CASSQDFLGPHRDTQYF	1
CASSQDLVPSTDTQYF	1
CASSQDLGLYEQYF	1
CASSQDLTATDTQYF	1
CASSQDSLFWSYNEQFF	1
CASSQDSAGAGDTQYF	1
CASSQDSGDSYEQYF	1
CASSQDSGTKYGYTF	1
CASSQDSGAEQFF	1
CASSQDWRESGNEQFF	1
CASSQDWGASGSGYEQYF	1
CASSQDWERGTGELFF	1
CASSQDYGQGWHEQFF	1
CASSQDLSPSEAFF	1
CASSQDLYSSGVAKNIQYF	1
CASSQDLGGSGRAWSEQFF	1
CASSQDLSDTEQYF	1
CASSQDLYNEQFF	1
CASSQDPGPGTGELFF	1
CASSQDPSGTNEQFF	1
CASSQDPSGGQGEQFF	1
CASSQDPPPRVPADTQYF	1
CASSQDPGETQYF	1
CASSQDPLAEIYNEQFF	1
CASSQDPNGATGANVLTF	1
CASSQDRNALAAYNEQFF	1
CASSQDRAVPGEQYF	1
CASSQDRAGLSYNEQFF	1
CASSQDRGDTTDTQYF	1
CASSQDRETQYF	1
CASSQDHASPNEQFF	1
CASSQDHPARTDTQYF	1
CASSQDHQGEQYF	1
CASSQDQSGIQYF	1
CASSQDQLEQFF	1
CASSQDQGAETQYF	1
CASSQDQGGAYEQYF	1
CASSQDQTEKSYNEQFF	1
CASSQDQSGKLDTQYF	1
CASSQDVRDLGDTQYF	1
CASSQDVVAGGYDTQYF	1
CASSQDVGYNEQFF	1
CASSQDVGGEHF	1
CASSQDVGTPLSDTQYF	1
CASSQDVTHYEQYF	1
CASSQDASGQETQYF	1
CASSQDAWGRENIQYF	1
CASSQDAAGATDTQYF	1
CASSQDAGLQTGELFF	1
CASSQDAGGPPYEQYF	1
CASSQDGPGSGNTIYF	1
CASSQDGRGETQYF	1
CASSQDGASSPFEQYF	1
CASSQDGIGGPNGELFF	1
CASSQDGTSGYNEQFF	1
CASSQDGTSGRAIDTQYF	1
CASSQDGTGSYEQYF	1
CASSQDGRTDTQYF	1
CASSQDGLSYNEQFF	1
CASSQDGLADAYNEQFF	1
CASSQDGLNNEQFF	1
CASSQDGGYEQFF	1
CASSQDDGGELFF	1
CASSQDDRGLSGNTIYF	1
CASSQDEAREGREQFF	1
CASSQDEYTQYF	1
CASSQDERTAYNQPQHF	1
CASSQDISYNEQFF	1
CASSQDIVMEGSGELFF	1
CASSQDIGTTSYNEQFF	1
CASSQDILKIRDAPYEQYF	1
CASSQDIAKNIQYF	1
CASSQDIKRGGYEQFF	1
CASSQDTIAGNEQFF	1
CASSQDTSGVSYEQYF	1
CASSQDTNEQYF	1
CASSQDTGNTQYF	1
CASSQDTNQGAVEQYF	1
CASSQDTWVTTPKADTQYF	1
CASSQDTAGEGETQYF	1
CASSQDSGRADEQYF	1
CASSQDSRTDTQYF	1
CASSQDSGPTDTQYF	1
CASSQDSEGPNTGELFF	1
CASSQDRGASSYNEQFF	1
CASSQDRTAYEQYF	1
CASSQDRTEIQETQYF	1
CASSQDRGRTGTHEQFF	1
CASSQDNNRGWTGELFF	1
CASSQDNYEQYF	1
CASSQDKAGVYEQYF	1
CASSQDKTGLAGFYEQYF	1
CASSQDLFGITDTQYF	1
CASSQDLGTRGDEAFF	1
CASSQDPRRLRTQETQYF	1
CASSQDPGTGVQTQYF	1
CASSQDPGDNYGYTF	1
CASSQDRFYEQYF	1
CASSQDRSRANTGELFF	1
CASSQDRGSWGDEQFF	1
CASSQDQVLAGVAKNIQYF	1
CASSQDQLAGGPEQETQYF	1
CASSQDVKGRGGNTEAFF	1
CASSQDAVSATDTQYF	1
CASSQDGTSGSDTQYF	1
CASSQDGTAQETQYF	1
CASSQDGGTRREQYF	1
CASSQDDNYEQYF	1
CASSQDTSGAYEQYF	1
CASSQDRALYEQYF	1
CASSQDRGERGYTF	1
CASSQDNQKTQYF	1
CASSQEFGAPGLAGGPGRTDTQYF	1
CASSQEFFTAELSNTEAFF	1
CASSQELYYEQYF	1
CASSQESSYNEQFF	1
CASSQEYRGSAYEQYF	1
CASSQELAGATDTQYF	1
CASSQEPGQGREQYF	1
CASSQERLAGRDNEQFF	1
CASSQERAGAKDTQYF	1
CASSQEQFDEQFF	1
CASSQEVLAGVPGELFF	1
CASSQEVRETDEQFF	1
CASSQEASVTYEQYF	1
CASSQEASGTIPYEQYF	1
CASSQEASRTYEQYF	1
CASSQEAGFTDTQYF	1
CASSQEGQGTLDTQYF	1
CASSQEGGLKQYF	1
CASSQEGGTEYYEQYF	1
CASSQEGRANYGYTF	1
CASSQEGGSPNYGYTF	1
CASSQEGTSANEQFF	1
CASSQEGTGEYNEQFF	1
CASSQEGLGGYEQYF	1
CASSQEGLAGSYEQYF	1
CASSQEGLAGVEQFF	1
CASSQEGLAGEVEQFF	1
CASSQEGQAYEQYF	1
CASSQEGQGPYEQYF	1
CASSQEDGAQYF	1
CASSQEDLGAQYF	1
CASSQEEVSGSFENIQYF	1
CASSQEEGLTTDTQYF	1
CASSQEMGGVSTDTQYF	1
CASSQETGGPGEQFF	1
CASSQETGGYEQYF	1
CASSQETGTKFF	1
CASSQESRTYEQYF	1
CASSQESVTGELFF	1
CASSQERAEEQFF	1
CASSQERGTYEQYF	1
CASSQEREKRSQETQYF	1
CASSQEFYSGGVNEQFF	1
CASSQEFPAGNEQFF	1
CASSQELRLAGGDTQYF	1
CASSQESFGGYQETQYF	1
CASSQESPGTASDTQYF	1
CASSQEWASSYEQYF	1
CASSQEWGLAGVGDTQYF	1
CASSQELASYEQYF	1
CASSQELAYSYEQYF	1
CASSQELAADTQYF	1
CASSQERAGLAGTDTQYF	1
CASSQEQQGAGYEQYF	1
CASSQEVRLLLGTDTQYF	1
CASSQEVREVSTDTQYF	1
CASSQEARLRNTEAFF	1
CASSQEAGGGEQFF	1
CASSQEAGSSYNEQFF	1
CASSQEATPGQGYTDTQYF	1
CASSQEGLISGNTGELFF	1
CASSQEGSTLYNEQFF	1
CASSQEGSGASYEQYF	1
CASSQEGSGTQETQYF	1
CASSQEGLGRDTGELFF	1
CASSQEGPPPGLTDTQYF	1
CASSQEGLGTGELFF	1
CASSQEGANYGYTF	1
CASSQEGTGYLEQYF	1
CASSQEGRSSYNEQFF	1
CASSQEGQSTDTQYF	1
CASSQEGGNTEAFF	1
CASSQEGISSSYNEQFF	1
CASSQEIIGLYNEQFF	1
CASSQEMGGSYEQYF	1
CASSQEMGGADTQYF	1
CASSQETPGELFF	1
CASSQETSGSLYEQYF	1
CASSQETDRSGNTIYF	1
CASSQETGLATYEQYF	1
CASSQETLAGVYTGELFF	1
CASSQETGVPDTQYF	1
CASSQETDTYEQYF	1
CASSQERMRTDPQETQYF	1
CASSQEKFQGKDAEQYF	1
CASSQIPDAQPQHF	1
CASSQINGSEQYF	1
CASSQMASGAIYEQYF	1
CASSQMGGANTGELFF	1
CASSQMGLAGGETQYF	1
CASSQMEDKGPNYGYTF	1
CASSQIPRGRAEAFF	1
CASSQTLSYEQYF	1
CASSQTPGQSYEQYF	1
CASSQTDRGIIQYF	1
CASSQTSTETQYF	1
CASSQTSGRSWNEQFF	1
CASSQTLLGQGVNNEQFF	1
CASSQTRTGTDTQYF	1
CASSQTGTVVSYEQYF	1
CASSQTGQGQGYTF	1
CASSQTSGRASYEQYF	1
CASSQTGGTYEQYF	1
CASSQTGGFFDKNIQYF	1
CASSQTDFNQPQHF	1
CASSQTGGNEKLFF	1
CASSQSGAYEQYF	1
CASSQSTDTQYF	1
CASSQRSHGEKLFF	1
CASSQRPTSGRTDTQYF	1
CASSQRGQSGDTQYF	1
CASSQRGVWNNEQFF	1
CASSQRGAKNIQYF	1
CASSQRDRGLLRETQYF	1
CASSQRDRIVSPLHF	1
CASSQRTGSGGELFF	1
CASSQRRDTLAKNIQYF	1
CASSQRASGAIFSTDTQYF	1
CASSQNGAYEQYF	1
CASSQNEGTQYF	1
CASSQNSGEWRETQYF	1
CASSQNRLAKNIQYF	1
CASSQNPGDSYEQYF	1
CASSQNADLAYEQYF	1
CASSQNRPGEDTQYF	1
CASSQKGPGLEATGELFF	1
CASSQKGGLADNEQFF	1
CASSQKGLAYSYEQYF	1
CASSQKRGLAGHNEQFF	1
CASSQKKGARLSTDTQYF	1
CASSVLAGQETQYF	1
CASSVYLSTDTQYF	1
CASSVLGSTGEQYF	1
CASSVRTSAGGHNEQFF	1
CASSVVAYEQYF	1
CASSVVFNEQFF	1
CASSVASRAGSDTQYF	1
CASSVGDGLNSYNEQFF	1
CASSVDSGTSGTGDTQYF	1
CASSVTSGSRSSTDTQYF	1
CASSVSGRLDEQFF	1
CASSVSSLTSGRASEQFF	1
CASSVLGAEGYTF	1
CASSVPRGHSKGDEQFF	1
CASSVRPTNEQFF	1
CASSVRAGEKLFF	1
CASSVRLAGVSDTQYF	1
CASSVRQGGQETQYF	1
CASSVGLQSEQFF	1
CASSVGYLDTQYF	1
CASSVGRNTDTQYF	1
CASSVGELFF	1
CASSVGSTTDTQYF	1
CASSVGLAGVGGELFF	1
CASSVGLAGGWEETQYF	1
CASSVGDRAIGETQYF	1
CASSVDRGIRDTQYF	1
CASSVMGPYEQYF	1
CASSVMGGVTDTQYF	1
CASSVITIGTEQFF	1
CASSVTRTGVDTQYF	1
CASSVTGGSFNEQFF	1
CASSVSGNTIYF	1
CASSVRFTGELFF	1
CASSVSPGNSYEQYF	1
CASSVLSGSYEQYF	1
CASSVLAGEYNEQFF	1
CASSVREKAETQYF	1
CASSVQETQYF	1
CASSVVAGANVLTF	1
CASSVVPDYEQYF	1
CASSVASGRETQYF	1
CASSVGPRTGSSYEQYF	1
CASSVGPVGYEQYF	1
CASSVGIAGTGELFF	1
CASSVGLSIREQFF	1
CASSVGQGPSYEQYF	1
CASSVGIGTGLREQYF	1
CASSVDRAYEQYF	1
CASSVEGVSGDTQYF	1
CASSVEQGYEQYF	1
CASSVEERVSDEQYF	1
CASSVTSGRGTGELFF	1
CASSVTAGEQYF	1
CASSVFSRSGAYNEQFF	1
CASSVLTGEETQYF	1
CASSVSLAGVYNEQFF	1
CASSVSTSSYNEQFF	1
CASSVWDHSYEQYF	1
CASSVYRDRDYEQYF	1
CASSVPSGRETQYF	1
CASSVRQDGQPQHF	1
CASSVRTGGYGYTF	1
CASSVQPSLFSDTQYF	1
CASSVVSGVGGEQFF	1
CASSVVGEGGYTF	1
CASSVVGQGAEQYF	1
CASSVVRTSGRESEQFF	1
CASSVVSGRATGELFF	1
CASSVVPRKEQFF	1
CASSVVAGGETQYF	1
CASSVAPGPAAGELFF	1
CASSVAPSLFQETQYF	1
CASSVATGVANEQFF	1
CASSVASGSSTGELFF	1
CASSVAREREDNEQFF	1
CASSVAPSVGPQETQYF	1
CASSVAPPASGRYLSYNEQFF	1
CASSVAPTGREETQYF	1
CASSVAGAGTSWRNEQFF	1
CASSVAGTSGKETQYF	1
CASSVANGHALTDTQYF	1
CASSVALAGAGQETQYF	1
CASSVARETADTQYF	1
CASSVAGRPYQETQYF	1
CASSVAGVSGTSSTDTQYF	1
CASSVAGDSYNEQFF	1
CASSVAGTSTDTQYF	1
CASSVAGGPTDTQYF	1
CASSVADRGPTYRNTGELFF	1
CASSVAIRDKQYF	1
CASSVASGSSNEQYF	1
CASSVAAPGAGVVETQYF	1
CASSVAGGGGYEQYF	1
CASSVAGGLIYEQYF	1
CASSVGLATDTQYF	1
CASSVGSLPYEQYF	1
CASSVGLSYAGLSTDTQYF	1
CASSVGPSESYEQYF	1
CASSVGGLAGSTDTQYF	1
CASSVGIGGSYEQYF	1
CASSVGSRSSYNEQFF	1
CASSVGSGRAYEQYF	1
CASSVGSGTYEQYF	1
CASSVGPGTDTQYF	1
CASSVGAEASTDTQYF	1
CASSVGGISLTQYF	1
CASSVGGSVDTQYF	1
CASSVGGSGYEQYF	1
CASSVGEETQYF	1
CASSVGWTSGRGEQFF	1
CASSVGHRLQETQYF	1
CASSVGVGRATDTQYF	1
CASSVGASGSSYNEQFF	1
CASSVGAIDNEKLFF	1
CASSVGGHTGELFF	1
CASSVGGGNSYNEQFF	1
CASSVGGQANTGELFF	1
CASSVGIGAVNDEQFF	1
CASSVGTTSTDTQYF	1
CASSVGTSGSNEQFF	1
CASSVGTVNTGELFF	1
CASSVGTAYNEQFF	1
CASSVGRYSNQPQHF	1
CASSVGNEKLFF	1
CASSVGNNEQFF	1
CASSVGSAYQETQYF	1
CASSVGLSETQYF	1
CASSVGQGDPYEQYF	1
CASSVGVGSGRARTGELFF	1
CASSVGVARMYQETQYF	1
CASSVGALAGSPPGELFF	1
CASSVGGTIQETQYF	1
CASSVGGSVTSYEQYF	1
CASSVGEDTGELFF	1
CASSVGTTGTEQFF	1
CASSVDQSSGRNIQYF	1
CASSVDGGPGTDTQYF	1
CASSVDISTGRYGYTF	1
CASSVDPKGEQYF	1
CASSVDGGRYNEQFF	1
CASSVEVSHTEAFF	1
CASSVEGRSYEQYF	1
CASSVEGLEGDTQYF	1
CASSVEGDRSEQYF	1
CASSVEGTHQETQYF	1
CASSVEGLGETQYF	1
CASSVEGQAYNEQFF	1
CASSVEYSNNEQFF	1
CASSVELLPSSYNEQFF	1
CASSVEHSGIPTDTQYF	1
CASSVEQGTLVTDTQYF	1
CASSVEGSGIYEQYF	1
CASSVEGDPDGELFF	1
CASSVEGRGTGVETQYF	1
CASSVETGQYNEQFF	1
CASSVESGRARRLSTGELFF	1
CASSVERRTSSYNEQFF	1
CASSVIPSGGTDTQYF	1
CASSVIMAGSYNEQFF	1
CASSVTRETEAFF	1
CASSVSSGFDEKLFF	1
CASSVSGISYNEQFF	1
CASSVRPGLAGGGTGELFF	1
CASSVRAGTDTQYF	1
CASSVRGETQYF	1
CASSVRDTSSYEQYF	1
CASSVNGGQYNEQFF	1
CASSVNQGTGKAGANVLTF	1
CASSVNARSYNEQFF	1
CASSVKASGLYSDTQYF	1
CASSVKGIGYEQYF	1
CASSALRITDTQYF	1
CASSAPGTGEETQYF	1
CASSAPDRGETQYF	1
CASSARTKLLYTQYF	1
CASSARPGDRGRYEQYF	1
CASSAVGGETQYF	1
CASSAALAGHEQFF	1
CASSAAVGTGEQFF	1
CASSAATGYNEQFF	1
CASSAILAEYNEQFF	1
CASSAIAGTYNEQFF	1
CASSATLRSDTQYF	1
CASSASGKWDTQYF	1
CASSANRGTEAFF	1
CASSAFGSRETQYF	1
CASSASWSYEQYF	1
CASSASGLSYEQYF	1
CASSASWGQGMNQPQHF	1
CASSASAAGTGDWYQPQHF	1
CASSAWTSGTTPKNIQYF	1
CASSAYSATNEKLFF	1
CASSAYSFMNTEAFF	1
CASSALRDAYTQYF	1
CASSALTSGKETQYF	1
CASSALTGSNEQFF	1
CASSALALRDEQYF	1
CASSALAGAEQYF	1
CASSAPGVETQYF	1
CASSAPGLGNEQYF	1
CASSARPQRGITDTQYF	1
CASSARPRGSYNEQFF	1
CASSARDYEQYF	1
CASSARDRDYNEQFF	1
CASSARTDTDTQYF	1
CASSARTGNSGNTIYF	1
CASSARLSQETQYF	1
CASSARLAANTGELFF	1
CASSAQGAREQYF	1
CASSAQTGIGNTIYF	1
CASSAQIGLAGGNEQFF	1
CASSAVAAQGTYEQYF	1
CASSAVAVKGYNEQFF	1
CASSAALETQYF	1
CASSAAFPGNSPLHF	1
CASSAGLREPYIQYF	1
CASSAGAGVTDTQYF	1
CASSAGGYQETQYF	1
CASSAGGVAEQYF	1
CASSAGELFF	1
CASSAGTRETGELFF	1
CASSAGTVNTGELFF	1
CASSAGTGTDTQYF	1
CASSAGSPGYEQFF	1
CASSAGQGAYNEQFF	1
CASSAGQGRYEQYF	1
CASSADGRATYNEQFF	1
CASSADLPSYNEQFF	1
CASSAIGTLARSIQYF	1
CASSATGTITDTQYF	1
CASSATGHSSTDTQYF	1
CASSATGGGTDTQYF	1
CASSASRAGEQFF	1
CASSARGVNTEAFF	1
CASSAKAGGTDTQYF	1
CASSASTGGRTTQYF	1
CASSAWDGNQPQHF	1
CASSAYGTVSYEQYF	1
CASSAYLGGDEQYF	1
CASSAYNEQFF	1
CASSALARRADTQYF	1
CASSAPNWAGTDTQYF	1
CASSARGFSSYNEQFF	1
CASSARGRDTETQYF	1
CASSARPTTNEKLFF	1
CASSAVGTGNTIYF	1
CASSAAWDSGANVLTF	1
CASSAGVEETQYF	1
CASSAGTRFGSYEQYF	1
CASSAGTTGELFF	1
CASSAGTGDPEAFF	1
CASSAGLALRHEQFF	1
CASSAGLAGYNEQFF	1
CASSAGLADSTDTQYF	1
CASSAGLAELGSTDTQYF	1
CASSAGPVYNEQFF	1
CASSAGRVATNEKLFF	1
CASSAGQGPNYGYTF	1
CASSAGQGIQETQYF	1
CASSAGGEDEQFF	1
CASSAGGGTDTQYF	1
CASSADSYNEQFF	1
CASSADRTGELFF	1
CASSAEGLETQYF	1
CASSAEGFTDTQYF	1
CASSAESTDTQYF	1
CASSATSPAYNEQFF	1
CASSATSGRALYNEQFF	1
CASSATWGVPGANVLTF	1
CASSATVLSYEQYF	1
CASSARETQYF	1
CASSANQGAIGEKLFF	1
CASSAFRTSGSWEQFF	1
CASSAFSTGNYEQYF	1
CASSASGLGTDTQYF	1
CASSAPDGKYEQYF	1
CASSAPGGGEQYF	1
CASSARTSGHNEQFF	1
CASSARTQGVASPLHF	1
CASSAGFERDTQYF	1
CASSAGDRVASPLHF	1
CASSAGYSNQPQHF	1
CASSAGRSTGMSGRAKNIQYF	1
CASSAGASSFYEQYF	1
CASSADLGRGAKSLHF	1
CASSAEGRPNSYEQYF	1
CASSAEAGVFDEQFF	1
CASSAIFPGGTEAFF	1
CASSAIPSRGEQFF	1
CASSAMNEQFF	1
CASSAIAGVLKDEQFF	1
CASSATSGRNEQYF	1
CASSATGGVTEAFF	1
CASSASTDTQYF	1
CASSGLTSGRAYEQYF	1
CASSGLREGHTSPLHF	1
CASSGPQWSGSYNEQFF	1
CASSGRTSAKGDTQYF	1
CASSGGTASSYEQYF	1
CASSGEGGRSLYEQFF	1
CASSGTSGRAGNEQFF	1
CASSGTGTRSGEQFF	1
CASSGTGTGGYEQYF	1
CASSGTGGYNEQFF	1
CASSGSVAGIQYF	1
CASSGSPSGTIYNEQFF	1
CASSGLSGRAYNEQFF	1
CASSGSTSGIFDEQFF	1
CASSGYDRDEQYF	1
CASSGPGRRSYEQYF	1
CASSGPVAGADTQYF	1
CASSGPGLASTDTQYF	1
CASSGRGQETQYF	1
CASSGRDRGRYNEQFF	1
CASSGRDRGDTQYF	1
CASSGRLTRTEETQYF	1
CASSGVGRESSEQFF	1
CASSGVSYEQYF	1
CASSGAGAEQYF	1
CASSGGITYEQYF	1
CASSGGTARGELFF	1
CASSGGTSGVIGELFF	1
CASSGGTAPWEQYF	1
CASSGGSGTYEQYF	1
CASSGEQGVLGDTQYF	1
CASSGEGFIYEQYF	1
CASSGISYEQYF	1
CASSGTGGDTYEQYF	1
CASSGTGRRDQETQYF	1
CASSGNGGQINVLTF	1
CASSGSGSGRGSYNEQFF	1
CASSGQAGANTGELFF	1
CASSGVGYEQFF	1
CASSGAGLAGGSTDTQYF	1
CASSGASGRSNEQFF	1
CASSGAGVVGEQFF	1
CASSGAAAYEQYF	1
CASSGGLAGEETQYF	1
CASSGGGHRTGELFF	1
CASSGGPPAGVSPFF	1
CASSGGSVSNQPQHF	1
CASSGGPNYEQYF	1
CASSGGQANEQFF	1
CASSGGQGVGTEAFF	1
CASSGDLGYEQYF	1
CASSGDPNNSGELFF	1
CASSGDSSYEQYF	1
CASSGDRSSYNEQFF	1
CASSGELFF	1
CASSGEREPYNEQFF	1
CASSGTLYNEQFF	1
CASSGTSGRAPYNEQFF	1
CASSGTENYGYTF	1
CASSGTFQETQYF	1
CASSGTVSYQPQHF	1
CASSGTVGQETQYF	1
CASSGTAETQYF	1
CASSGRTQETQYF	1
CASSGSVTEGGDEQFF	1
CASSGSSAQETQYF	1
CASSGSTVPPFSLANTIYF	1
CASSGWATSTDTQYF	1
CASSGWTSPPGEQFF	1
CASSGWRGSYNEQFF	1
CASSGLARLSDTQYF	1
CASSGLAGRYEQYF	1
CASSGLAGEETQYF	1
CASSGLAGPQGEQFF	1
CASSGLAGGLDTQYF	1
CASSGLAGDGADTQYF	1
CASSGLETKETQYF	1
CASSGPGGYYEQYF	1
CASSGPGTGELFF	1
CASSGPEGREETQYF	1
CASSGPGGAVYF	1
CASSGPGQGVSDTQYF	1
CASSGPGTGTYEQYF	1
CASSGRDSLYEKLFF	1
CASSGRILTGGFNEQFF	1
CASSGQAGGYNEQFF	1
CASSGQGSKNIQYF	1
CASSGQGAGELFF	1
CASSGQLEGAYNEQFF	1
CASSGVQDPLSEQYF	1
CASSGGERGLAGGSTDTQYF	1
CASSGGTVRTDTQYF	1
CASSGGPLKLQFF	1
CASSGDHGGLGVYEQFF	1
CASSGERAYGYTF	1
CASSGTGFTSGANVLTF	1
CASSGTGRGATQYF	1
CASSGRDVPGGLTDTQYF	1
CASSGRQDPNEKLFF	1
CASSGNSGVLGGYTF	1
CASSGKSGPVYNEQFF	1
CASSDPGLAGTGELFF	1
CASSDPELSGSTYEQYF	1
CASSDRAHPYNEQFF	1
CASSDRTSGSVHEQYF	1
CASSDVLETQYF	1
CASSDGYSPLHF	1
CASSDGTLDTQYF	1
CASSDGTGGSEQFF	1
CASSDIGVHNEQFF	1
CASSDMGGRDTQYF	1
CASSDIAGGYNEQFF	1
CASSDTGDEQYF	1
CASSDSARTYNEQFF	1
CASSDSGRRDNEQFF	1
CASSDRGLAGGVQYF	1
CASSDNWAGTIISGNTIYF	1
CASSDLGVDGTGELFF	1
CASSDSGQNPTDGIPHFGEQYF	1
CASSDYRVFF	1
CASSDYYEQYF	1
CASSDLQETQYF	1
CASSDPSGSSYEQYF	1
CASSDPLAGRVSYEQYF	1
CASSDPRLTDTQYF	1
CASSDRGLGAYEQYF	1
CASSDQVSPSGANVLTF	1
CASSDVIPGTQYF	1
CASSDGQGRGDYEQYF	1
CASSDGLPREQFF	1
CASSDGPSGEQFF	1
CASSDGGDEQYF	1
CASSDGTSISDTQYF	1
CASSDGTGAYEQYF	1
CASSDGTGGREQFF	1
CASSDGLAGGSYNEQFF	1
CASSDGPSYEQYF	1
CASSDTPGGTYEQYF	1
CASSDTPYNEKLFF	1
CASSDTPIIAGDVTDTQYF	1
CASSDRVSYEQYF	1
CASSDRAEQYF	1
CASSDRGYEQYF	1
CASSDRDYEQYF	1
CASSDRLYEQYF	1
CASSDNTIYF	1
CASSDKYAGAVSGELFF	1
CASSESSSGSNEQFF	1
CASSERGGSRNEQFF	1
CASSERGLRTTGELFF	1
CASSEAPGTIEEQFF	1
CASSEAVWDRVGLDTEAFF	1
CASSEGGSSYNEQFF	1
CASSEGGGRTEAFF	1
CASSEGDPYNEQFF	1
CASSEGRLAGAGRNEQFF	1
CASSEGLALDEQFF	1
CASSEGLAGVRTDTQYF	1
CASSEGLAGAPEQYF	1
CASSEDRGLAKNIQYF	1
CASSEDRKTQYF	1
CASSEMSGRVNEQFF	1
CASSETSGKAQETQYF	1
CASSETSGAYEQYF	1
CASSETPEDEQFF	1
CASSETGGVDEQYF	1
CASSESLDIRDTQYF	1
CASSENEQFF	1
CASSENYEQYF	1
CASSELGLRYEKLFF	1
CASSEPLLGHEQFF	1
CASSERGQGGTGELFF	1
CASSEQGGETQYF	1
CASSEQGKSLYNEQFF	1
CASSEQGSQYF	1
CASSEATYYNEQFF	1
CASSEALSGRAYEQYF	1
CASSEGGASGDINNEQFF	1
CASSEGVAGNTIYF	1
CASSEGAPLNIQYF	1
CASSEDYEQYF	1
CASSEDPGTGYGYTF	1
CASSEEWGAFF	1
CASSETATLASDTQYF	1
CASSETSDTQYF	1
CASSERWSGTTGELFF	1
CASSERGGADTQYF	1
CASSERDLTYTDTQYF	1
CASSILTGEQFF	1
CASSIRQGGPYEQYF	1
CASSIRSTDTQYF	1
CASSIRTSGRVEQFF	1
CASSIGLSSVKNIQYF	1
CASSIGTSKGGEPWGNEQFF	1
CASSISGSSYEQYF	1
CASSISGTSYNEQFF	1
CASSISGSLYEQYF	1
CASSIRQGGYEQYF	1
CASSILLQETQYF	1
CASSIQETQYF	1
CASSIAPGQGVGANVLTF	1
CASSIGPAGELFF	1
CASSIGQGPANYGYTF	1
CASSITGTGSYEQYF	1
CASSITDTQYF	1
CASSIRALRAYEQYF	1
CASSIRGLGEQYF	1
CASSIRLAGSYNEQFF	1
CASSIKPGLVVDEQYF	1
CASSMYREDLETQYF	1
CASSMPGRTYEQYF	1
CASSMAPGTQPQHF	1
CASSMGRLRTQETQYF	1
CASSMDSSYNEQFF	1
CASSMDSSPYNEQFF	1
CASSMTGTYEQYF	1
CASSMTGYGANVLTF	1
CASSMRQGARRETQYF	1
CASSMNIAGSGEQYF	1
CASSMKPETQYF	1
CASSIAGQETQYF	1
CASSIAGISYNEQFF	1
CASSIGGINSPLHF	1
CASSIGGEGEQFF	1
CASSIGITQETQYF	1
CASSIDRGSGSGIQYF	1
CASSITGTGPYEQYF	1
CASSISGRRYEQYF	1
CASSIRTGTSQLDAQFF	1
CASSIRFGTSATNEQFF	1
CASSIKAGVGDTQYF	1
CASSTFGGSTDTQYF	1
CASSTFGAEYYGYTF	1
CASSTYLVSGRSNTGELFF	1
CASSTLSGRALEQYF	1
CASSTPSGRVPGANVLTF	1
CASSTRGSLVDEQFF	1
CASSTRLGTGVFHEQFF	1
CASSTRDNLAYNEQFF	1
CASSTRRHDNEQFF	1
CASSTRQRSGELFF	1
CASSTRQGAGELFF	1
CASSTQGSSIQYF	1
CASSTAGTSGRYEQYF	1
CASSTGLAGYDEQFF	1
CASSTSGFLGEQYF	1
CASSTSGEYQETQYF	1
CASSTSGRPSYEQYF	1
CASSTLGTAYEQYF	1
CASSTSSEHVYEQYF	1
CASSTSNSGELFF	1
CASSTWDRDTDTQYF	1
CASSTYPRGAYEQYF	1
CASSTLPRDSVIGANVLTF	1
CASSTLGGQQYF	1
CASSTLTGGAEQYF	1
CASSTPWTSGKETQYF	1
CASSTPGTGDMNTIYF	1
CASSTPGPGGNQPQHF	1
CASSTPGAVVSYTF	1
CASSTPGGPTDTQYF	1
CASSTRGGVSSGANVLTF	1
CASSTRLGDEQYF	1
CASSTRRGTDTQYF	1
CASSTRGSGKPIDEQFF	1
CASSTRTSGRGEQYF	1
CASSTRHLNTGELFF	1
CASSTRSQGAWSYEQFF	1
CASSTHRVDTEAFF	1
CASSTQGSGWRRVQPQHF	1
CASSTQYRGGETQYF	1
CASSTAGTGSTDTQYF	1
CASSTGPAYSGANVLTF	1
CASSTGSAGMNTEAFF	1
CASSTGTSGINEQFF	1
CASSTGTSGRGDEQFF	1
CASSTGTRDTGELFF	1
CASSTGTGVHEQYF	1
CASSTGTGGLDTQYF	1
CASSTGLVQDGDTQYF	1
CASSTGLANYNEQFF	1
CASSTGGDTQYF	1
CASSTTLGLAGGSTGELFF	1
CASSTTWPNITNSGANVLTF	1
CASSTTGEEQYF	1
CASSTSPFNEQFF	1
CASSTSGSRTGELFF	1
CASSTRQGGLTNYGYTF	1
CASSTSATDTQYF	1
CASSTWDSSYEQYF	1
CASSTQGRNYGYTF	1
CASSTGSSADTQYF	1
CASSTGDNQPQHF	1
CASSTGQFTDTQYF	1
CASSTGQGKETQYF	1
CASSTGQRNEQFF	1
CASSTETSGIPTDTQYF	1
CASSTMGGGYQETQYF	1
CASSTTSGKWEQFF	1
CASSTTGQSSGANVLTF	1
CASSTSPLGNEQFF	1
CASSTPRDLKMDIQYF	1
CASSTRSEQVETQYF	1
CASSTRDRPITEAFF	1
CASSTQGTGELFF	1
CASSTAGAYNEQFF	1
CASSTAGGPYEQYF	1
CASSTGSDPTGELFF	1
CASSTGPPRDEQYF	1
CASSTDRVRIYEQYF	1
CASSTTTGSKEQYF	1
CASSTSGSGATDTQYF	1
CASSTRAGAYEQYF	1
CASSSFGGTDTQYF	1
CASSSWGQGTDTQYF	1
CASSSQGSTQYF	1
CASSSGDSVSYEQYF	1
CASSSGRSNYGYTF	1
CASSSSGSTDTQYF	1
CASSSSGSSSYNEQFF	1
CASSSPGQVAPEQYF	1
CASSSRGLETQYF	1
CASSSAWGTLNTGELFF	1
CASSSADNEQFF	1
CASSSGMAYEQYF	1
CASSSMMGVNEQYF	1
CASSSNRVNEQFF	1
CASSRGGHGRETQYF	1
CASSRGEQYF	1
CASSRGLDYEQYF	1
CASSRGRGLTYNEQFF	1
CASSRGIYEQYF	1
CASSRDGFSTDTQYF	1
CASSRDDTDSYNEQFF	1
CASSRDRTQETQYF	1
CASSREVVLAKNIQYF	1
CASSRTSGSNTYEQYF	1
CASSRTSGRWNTQYF	1
CASSRTRGVTQYF	1
CASSRTYFGQYF	1
CASSRTGGSYEQYF	1
CASSRTGGEQFF	1
CASSRSTDTQYF	1
CASSRWSGIMADTQYF	1
CASSRYGLAGNYNEQFF	1
CASSRLAGTNNEQFF	1
CASSRLAGEVGELFF	1
CASSRLGPVEQYF	1
CASSRRTSGSDTQYF	1
CASSRRLAGGTDTQYF	1
CASSRHLYEQYF	1
CASSRQVETEAFF	1
CASSRQGSGDTQYF	1
CASSRQGADTEAFF	1
CASSRQGGYNEQFF	1
CASSRAEATYEQYF	1
CASSRGGNLGNEQFF	1
CASSRDPSSYEQYF	1
CASSRDGTGDYNEQFF	1
CASSRDRGLNNEQFF	1
CASSRNRDKNTGELFF	1
CASSNWGQGFYNEQFF	1
CASSNPGLAAHEQYF	1
CASSNRNTGELFF	1
CASSNMGSTDTQYF	1
CASSNTGTGGSFEQYF	1
CASSNKSYRNVLTF	1
CASSNFGRGENIQYF	1
CASSNFRQGDIYEQYF	1
CASSNSRTPYNEQFF	1
CASSNSRAHYEQYF	1
CASSNSGLNYEQYF	1
CASSNLGASEPYEQYF	1
CASSNLGGGPPYEQYF	1
CASSNRSGPSFF	1
CASSNRDSNQPQHF	1
CASSNRTSGQVPGELFF	1
CASSNVRDLLSRVF	1
CASSNAGLRLF	1
CASSNGVREGPYNEQFF	1
CASSNDRGIVTDTQYF	1
CASSNEETQYF	1
CASSNIAGGTHEQYF	1
CASSNTDSTYEQYF	1
CASSNTGMAPNQPQHF	1
CASSNRVDTQYF	1
CASSNRGGGELFF	1
CASSNRGNSYEQYF	1
CASSNRGRETYNEQFF	1
CASSNNRVYAQYF	1
CASSKYYTGELFF	1
CASSKLAGDADTQYF	1
CASSKREGETQYF	1
CASSKQPRGLGNNEQFF	1
CASSKVPDTGELFF	1
CASSKGGPSGNEQFF	1
CASSKGTSGTLPYEQYF	1
CASSKGLAGSDTQYF	1
CASSKGLAGYNEQFF	1
CASSKGLAGTDTQYF	1
CASSKGPNYEQYF	1
CASSKGQNYEQYF	1
CASSKDGFTGELFF	1
CASSKDRDLNTGELFF	1
CASSKEVAGGNEQFF	1
CASSKESSSYNEQFF	1
CASSKTSDAYEQYF	1
CASSKTSGYNEQFF	1
CASSKTGINQPQHF	1
CASSKSPTGIMQTQYF	1
CASSKSENQPQHF	1
CASSKWGRNTGELFF	1
CASSKWTALLSDTQYF	1
CASSKLAGADTQYF	1
CASSKLAGGTDTQYF	1
CASSKPTGKPIYEQYF	1
CASSKPRGQETQYF	1
CASSKPGQGKSYEQYF	1
CASSKRPAGRTYEQYF	1
CASSKRQGSSTDTQYF	1
CASSKQGNQETQYF	1
CASSKGGETQYF	1
CASSKGDGTEAFF	1
CASSKGEGGETQYF	1
CASSKGLKQGKGYTF	1
CASSKGWGSTDTQYF	1
CASSKGQSGSPYEQYF	1
CASSKGATSGSLYEQYF	1
CASSKGGTSGSPGETQYF	1
CASSKGTASTDTQYF	1
CASSKGTGTDTQYF	1
CASSKGTGVTEAFF	1
CASSKGQATTNTGELFF	1
CASSKERAGGLYNEQFF	1
CASSKMAPSTDTQYF	1
CASSKIFSREVETQYF	1
CASSKIRSYNEQFF	1
CASSKTSGSHNEQFF	1
CASSKTGGHEQYF	1
CASSKSGRASGRLGTQYF	1
CASSKSGRGETQYF	1
CASSKRQGNSYNEQFF	1
CASSKRRAGCTDTQYF	1
CASRFWGGSTYEQYF	1
CASRFRGINTGELFF	1
CASRFRGHSTDTQYF	1
CASRFGTGNEAFF	1
CASRFRGETQYF	1
CASRLFPRTDTQYF	1
CASRLGRNTGELFF	1
CASRLAPGVYNEQFF	1
CASRLGGESEQFF	1
CASRLSRSNQPQHF	1
CASRSGTALTGELFF	1
CASRSTGGFSDTQYF	1
CASRSSQGGKETQYF	1
CASRSNSEEQFF	1
CASRSPTGLTGELFF	1
CASRSAGGSYEQYF	1
CASRSTSADTQYF	1
CASRSTGNGYTF	1
CASRSRETQYF	1
CASRSLGNTGELFF	1
CASRSLAGGWGGELFF	1
CASRSTGLHPEQFF	1
CASRYSDIQYF	1
CASRYADTQYF	1
CASRYGSGRRSEQFF	1
CASRYAGTGTYEQYF	1
CASRYALSSYNEQFF	1
CASRYGVYTEAFF	1
CASRYRGASYEQYF	1
CASRLSSGSTNEQFF	1
CASRLLTSPGELFF	1
CASRLRAYEQYF	1
CASRLAGGNDEQFF	1
CASRPSTFGPPGANVLTF	1
CASRPLYRFTEQYF	1
CASRPLGPGSKNIQYF	1
CASRPPGLAEGQYF	1
CASRPSLGGTGELFF	1
CASRPSGTVEYNEQFF	1
CASRPPGSYYGYTF	1
CASRPPKSTYEQYF	1
CASRPRLAGGREQYF	1
CASRPAPGQYAYEQYF	1
CASRPGILNEQFF	1
CASRPESDGKGTGELFF	1
CASRPRGTDTQYF	1
CASRPGLSHNEQFF	1
CASRPGLAGFSSYNEQFF	1
CASRPSAVGEETQYF	1
CASRPSGSEGTQYF	1
CASRPRLAGDNEQFF	1
CASRPGTYTDTQYF	1
CASRPIRGTQETQYF	1
CASRPTQGGDTQYF	1
CASRRRGAGELFF	1
CASRRPGGLDYEQYF	1
CASRRTTVASKQFF	1
CASRRAAASGANVLTF	1
CASRRGEYYEQYF	1
CASRRDPTDTQYF	1
CASRRDTGELFF	1
CASRRDRGPETQYF	1
CASRRTDRAEGRSYEQYF	1
CASRRPPGTGDTQYF	1
CASRRGRGPYEQYF	1
CASRRNRDPAQETQYF	1
CASRHLAGSRYEQYF	1
CASRQLGGLQGANVLTF	1
CASRQASGRARNEQFF	1
CASRQGTGVFEQYF	1
CASRVGGTGELFF	1
CASRVGPIYEQYF	1
CASRVPSSELFF	1
CASRVRTRDTEAFF	1
CASRVAGGDNEQFF	1
CASRVGGGEQYF	1
CASRVAGGPADTQYF	1
CASRARGGPTGELFF	1
CASRARQLSTDTQYF	1
CASRAITGRPYEQYF	1
CASRATDDRIYEQYF	1
CASRAWDAETQYF	1
CASRALSLGQETQYF	1
CASRAPTVWDTQYF	1
CASRARDKNSPLHF	1
CASRAGTEQETQYF	1
CASRATGTSRSEQYF	1
CASRATEQETQYF	1
CASRARDSLAKNIQYF	1
CASRAASAEQFF	1
CASRAGSPYNEQFF	1
CASRAGLAGGPRTYEQYF	1
CASRAGQTSTGELFF	1
CASRAGTSGRVHEQFF	1
CASRALAGGYNEQFF	1
CASRAPNYEQYF	1
CASRAGQSGANVLTF	1
CASRAKSSYEQYF	1
CASRGLAGPYNEQFF	1
CASRGRTGGPWETQYF	1
CASRGGTLETQYF	1
CASRGRASGSGYEQYF	1
CASRGNEQFF	1
CASRGSSGRTHEQYF	1
CASRGSYNSPLHF	1
CASRGRASATDTQYF	1
CASRGFTQGTKYEQYF	1
CASRGGSSYEQYF	1
CASRGGRLNTEAFF	1
CASRGDHNEQFF	1
CASRGEAAVATGELFF	1
CASRGTWAYEQYF	1
CASRGTSGRPPGSYEQYF	1
CASRGTSGKYEQYF	1
CASRGTANYGYTF	1
CASRGTGFWNEQYF	1
CASRGTGGGNTQYF	1
CASRGTGKKRGNQPQHF	1
CASRGTEYQETQYF	1
CASRGTEGNTIYF	1
CASRGSGANVLTF	1
CASRGWTGGRDTQYF	1
CASRGLGLSTDTQYF	1
CASRGLAGVIYEQYF	1
CASRGLAGGTETQYF	1
CASRGLAGGYEQYF	1
CASRGLAISYNEQFF	1
CASRGQGAKTGELFF	1
CASRGQGIGELFF	1
CASRGQGNSPLHF	1
CASRGVLGVGEQFF	1
CASRGVEETQYF	1
CASRGGGTRYNEQFF	1
CASRGIVRQNTEAFF	1
CASRGTSTDTQYF	1
CASRGTGNQNTEAFF	1
CASRGRTPVQETQYF	1
CASRDRGARDEQFF	1
CASRDQDRYTGELFF	1
CASRDGGPYNEQFF	1
CASRDMGAGSNEQFF	1
CASRDRPGTSSYEQYF	1
CASRDLAKETQYF	1
CASRDLSYEQYF	1
CASRDLGSPYEQYF	1
CASRDPGDSPEQFF	1
CASRDPATSYEQYF	1
CASRDRQLDTQYF	1
CASRDASSYEQYF	1
CASRDGGSSYNEQFF	1
CASRDGTVHIQYF	1
CASRDTHREQFF	1
CASRDSNGAKNIQYF	1
CASRDRGIGELFF	1
CASRDRFTYEQYF	1
CASRDNSYEQYF	1
CASRELAGGNSYEQYF	1
CASREGLAGATDTQYF	1
CASRETSGREGEQFF	1
CASRETPEAFF	1
CASRETDTQYF	1
CASREQAPEQYF	1
CASREQGYEQYF	1
CASREAGDTQYF	1
CASREGSTGELFF	1
CASREGGSGSYEQYF	1
CASRERTSGVYNEQFF	1
CASRIRVGNEQFF	1
CASRIYRGDEQFF	1
CASRMITGNTGELFF	1
CASRMTGSRPYEQYF	1
CASRMTGGGQPQHF	1
CASRIQGRPYNEQFF	1
CASRIANEQFF	1
CASRISGSGTYNEQFF	1
CASRTGTSGHYNEQFF	1
CASRTDSGNYGYTF	1
CASRTSGYRTQYF	1
CASRTSGSSYNEQFF	1
CASRTSGKETQYF	1
CASRTQGQGNTGELFF	1
CASRTVQGVAGELFF	1
CASRTGTSFYEQYF	1
CASRTGTSGNNEQFF	1
CASRTGTSGRNEQFF	1
CASRTGTGTDTQYF	1
CASRTYGYTF	1
CASRTPRGKYEQYF	1
CASRTGGTDTQYF	1
CASRTDELSSGANVLTF	1
CASRTRSTPYEQYF	1
CASRTQEWGLSTQYF	1
CASRTAWSSYNEQFF	1
CASRTGRTDTQYF	1
CASRSRREVGELFF	1
CASRRLAGSVTQYF	1
CASRRQGARNEQFF	1
CASRRGAISMNTEAFF	1
CASRRDYSTDTQYF	1
CASRRDTDTQYF	1
CASRRPVYNEQFF	1
CASRRPAPYEQYF	1
CASRRQGETQYF	1
CASRRGDSYTGELFF	1
CASRNSGQLYEQYF	1
CASRNIRDRVTGELFF	1
CASRNLRTSGMTDTQYF	1
CASRNLAGGLSYEQYF	1
CASRNLMPGTYEQYF	1
CASRNAGGETQYF	1
CASRNGAALGEQFF	1
CASRNGTRGYNEQFF	1
CASRNRGRTGELFF	1
CASRNRDYNEQFF	1
CASRKTSGITDTQYF	1
CASRKLALENEQFF	1
CASRKPGSAGTGELFF	1
CASRKQGGYNEQFF	1
CASRKDSPSSYNEQFF	1
CASRKDGSGRRPDTQYF	1
CASRFDLSNEQFF	1
CASRFMDQDLNEQFF	1
CASRFELAGAGGRGNEQFF	1
CASRFRVGQGFFRSYEQYF	1
CASRLSQAQETQYF	1
CASRLPGREQFF	1
CASRLDRRGETQYF	1
CASRLLAGGFGEQFF	1
CASRLRGYGYTF	1
CASRLALSSYEQYF	1
CASRLGTTETQYF	1
CASRLGPDTQYF	1
CASRLDREETQYF	1
CASRSSGNSTDTQYF	1
CASRSPGPYNEQFF	1
CASRSGQGRGTGELFF	1
CASRSTSGSNEQFF	1
CASRSTGTSFQNEQFF	1
CASRSNRLARDEQFF	1
CASRSAGTYEQYF	1
CASRSRLAVRADTQYF	1
CASRSYPGRMDYEQYF	1
CASRSQGAYEQYL	1
CASRSQGGETQYF	1
CASRSGIADTQYF	1
CASRWGFHEQFF	1
CASRWGLGNYNEQFF	1
CASRWETQYF	1
CASRWTGNYNEQFF	1
CASRYTGTGGSDYTF	1
CASRYTGILRREQYF	1
CASRYRASSYNEQFF	1
CASRLLGGRPYNEQFF	1
CASRLPTSGNTDTQYF	1
CASRLTHRDRVYF	1
CASRLSGTYTDTQYF	1
CASRLAYEQYF	1
CASRLGLAGGFGYNEQFF	1
CASRLDSGGDEQYF	1
CASRLRRTSGSRDNEQFF	1
CASRLLGSLANVLTF	1
CASRLGLAGPNEQFF	1
CASRLTSGSPHTQYF	1
CASRLTGSYEQYF	1
CASRLTGANEQYF	1
CASRLFRVDEQYF	1
CASRLLGARVNEQFF	1
CASRLLAGPSNWQFF	1
CASRLAAQEYEQYF	1
CASRLAGAGEQYF	1
CASRLAGGGETQYF	1
CASRLAGETQYF	1
CASRLGPRGEQFF	1
CASRLSNEQFF	1
CASRLNRGTARYEQYF	1
CASRPWVGKEPYNEQFF	1
CASRPGPNTEAFF	1
CASRPTSGSYNEQFF	1
CASRPRGGGKNIQYF	1
CASRPFTGAGSPLHF	1
CASRPSSGRLHEQFF	1
CASRPYYDNEQYF	1
CASRPLTSTYEQYF	1
CASRPLEVLADTQYF	1
CASRPRTSGTNTGELFF	1
CASRPGTSGYNEQFF	1
CASRPGTSGNNEQFF	1
CASRPGTSDQFF	1
CASRPGTETTDTQYF	1
CASRPGLAGKETQYF	1
CASRPDFSYEQYF	1
CASRPDSSGNTIYF	1
CASRPDRSNTEAFF	1
CASRPTRNTEAFF	1
CASRPSGGTYEQYF	1
CASRPSEANTGELFF	1
CASRPRGAGYGYTF	1
CASRPREYRTGELFF	1
CASRPVPGGTYEQYF	1
CASRPGPGPSEQYF	1
CASRPGQPPSYEQYF	1
CASRPTGISYEQYF	1
CASRPTGAYEQYF	1
CASRPTGRGSPLHF	1
CASRPSGRARDNEQFF	1
CASRPAGDTYEQYF	1
CASRPGTAPYNEQFF	1
CASRPGGSGNQPQHF	1
CASRPRDNEQFF	1
CASRRSGGSGNEQYF	1
CASRRRGAGETQYF	1
CASRRQGGVSYNEQFF	1
CASRRGTLNTGELFF	1
CASRRTSGSTYEQYF	1
CASRRTWDNQPQHF	1
CASRRTGETERPGTQYF	1
CASRRLTAMNTEAFF	1
CASRRPGTSLYEQYF	1
CASRRRYRSPGELFF	1
CASRRGQGHGYTF	1
CASRRSGSSYNEQFF	1
CASRRLAGTYEQYF	1
CASRRGQGSETQYF	1
CASRRDRGGGELFF	1
CASRRDRGIYSNQPQHF	1
CASRRESGGGELFF	1
CASRRTRLETQYF	1
CASRRTGTLYNEQFF	1
CASRRTGTDTQYF	1
CASRRRGREQYF	1
CASRRLAETYEQYF	1
CASRRLAGGITDTQYF	1
CASRRQGYPRAFF	1
CASRRAGASSYEQYF	1
CASRRGDSALTDTQYF	1
CASRHLADSYEQYF	1
CASRHGSPSGTHGLRQYF	1
CASRHDSYEQYF	1
CASRHDRGREQYF	1
CASRHSGRTGNEQYF	1
CASRHGTSEYNEQFF	1
CASRHDRPREQYF	1
CASRHTSGAYNEQFF	1
CASRHRVTNEQFF	1
CASRQRDGYYEQYF	1
CASRQGLYNEQFF	1
CASRQGQWDSPLHF	1
CASRQGWRETQYF	1
CASRQGGSYNEQFF	1
CASRQGTDTQYF	1
CASRQDGTRGKLFF	1
CASRQTSGHYNEQFF	1
CASRQKNIQYF	1
CASRQYAGGSYEQYF	1
CASRQYGTGGEQYF	1
CASRQLAGKKLAKNIQYF	1
CASRQVGEQFF	1
CASRQGLAGLRSGKNIQYF	1
CASRQEVAGAGNEQFF	1
CASRQTGVNYGYTF	1
CASRQRGFGTGTYEQYF	1
CASRQRLAEYNEQFF	1
CASRVGSSYNEQFF	1
CASRVSGANVLTF	1
CASRVGVLETQYF	1
CASRVRGGYNEQFF	1
CASRVLAGEDTGELFF	1
CASRVPSSNEQFF	1
CASRASGRIPFF	1
CASRAGTGYENEQFF	1
CASRAGNSYEQYF	1
CASRAEGQGALGETQYF	1
CASRAIDQGRLQPQHF	1
CASRAPSSGAYNEQFF	1
CASRGRRDTEAFF	1
CASRGRDELQETQYF	1
CASRGRWDRGQTDTQYF	1
CASRGADRNTGELFF	1
CASRGGQGAGMLGEQYF	1
CASRGAYPTDTQYF	1
CASRGDSPTGELFF	1
CASRGDSTAYEQYF	1
CASRGDRGRNNEQFF	1
CASRGTPSDQETQYF	1
CASRGLASSYEQYF	1
CASRGPGTITDTQYF	1
CASRGGLETQYF	1
CASRGGAGAFEQYF	1
CASRGGLAYEQYF	1
CASRGGQGAQGYQETQYF	1
CASRGSGYYYNEQFF	1
CASRDLTEEQYEQYF	1
CASRDRGGYTF	1
CASRDSGSIYIQYF	1
CASRDHGANTGELFF	1
CASRDVDGPNYGYTF	1
CASRDAGGTDTQYF	1
CASRDGQVGNEKLFF	1
CASRDTGELFF	1
CASRDRVVSYNSPLHF	1
CASRDRVETQYF	1
CASREWAGTDEQYF	1
CASRERATYNEQFF	1
CASREAGGGVHTQYF	1
CASREDYSYEQYF	1
CASREDPLYEQYF	1
CASREKKTSGRPEQFF	1
CASREQGRETQYF	1
CASREGGGLGYNEQFF	1
CASREDSNTEAFF	1
CASRIQGDSSYEQYF	1
CASRMSRTSYEQYF	1
CASRMPGQGYEQYF	1
CASRMGDRVMNTEAFF	1
CASRMEVLKDEQYF	1
CASRMTGNQPQHF	1
CASRIQSNTGELFF	1
CASRIAGEIGELFF	1
CASRTPRAGELFF	1
CASRTSAAKNIQYF	1
CASRTSGSSDTQYF	1
CASRTSSGPYNEQFF	1
CASRTLSGANVLTF	1
CASRTAIANQPQHF	1
CASRTGYSTSGEAFF	1
CASRTGTSGSGNTGELFF	1
CASRTGTVHTDTQYF	1
CASRTSGSTDTQYF	1
CASRTGLNHNEQFF	1
CASRTGFAYEQYF	1
CASRTGGPRETQYF	1
CASRTRGRGTEAFF	1
CASRSRVGAGGGRTDTQYF	1
CASRSPTSQGGAQETQYF	1
CASRSVGGSSYNEQFF	1
CASRRGDYSYNEQFF	1
CASRRGQNQPQHF	1
CASRRDQETQYF	1
CASRRTSGTSNEQFF	1
CASRRTSGETQYF	1
CASRRPGQGAPEGTEAFF	1
CASRRQGAEKLFF	1
CASRRQGSATGANVLTF	1
CASRRQGFADTQYF	1
CASRRRGADTQYF	1
CASRNSGLWLAADEQFF	1
CASRNILFGPGQVWETQYF	1
CASRNTDFGGDTQYF	1
CASRNRVATDTQYF	1
CASRKGLAPDTQYF	1
CASRKGQGNEQFF	1
CASRKDLNTEAFF	1
CASRKLAGADFAQYF	1
CASRKGTSGIPYEQYF	1
CASRKITGTYEQYF	1
CASRKTGSGNTIYF	1
CASRKNSYEQYF	1
CASNLGGTSGYQETQYF	1
CASNSGANVLTF	1
CASNYLDKYNEQFF	1
CASNLPFQQGANTEAFF	1
CASNLADSYNEQFF	1
CASNPDNEQFF	1
CASNPPFREQYF	1
CASNAGYGYTF	1
CASNDAGVSYNEQFF	1
CASNDRDDEQYF	1
CASNTLGASGRRYEQFF	1
CASNTSVGGWEKLFF	1
CASNSNNEQFF	1
CASNSGISTDTQYF	1
CASNFEPGAFF	1
CASNLQGNDYEQYF	1
CASNSGTGALPSTDTQYF	1
CASNSGGLYRGNQPQHF	1
CASNYGNTEAFF	1
CASNLLDRNTGELFF	1
CASNLGPVSYNEQFF	1
CASNLDTGELFF	1
CASNLLAGGGQETQYF	1
CASNLGTRLGNEQFF	1
CASNLTRARLREKLFF	1
CASNPGGLAVIRTDTQYF	1
CASNPTWGQITDTQYF	1
CASNPGQGLPNEQFF	1
CASNPGQGHYEQYF	1
CASNRWEDSYEQYF	1
CASNRLGGHTGELFF	1
CASNRRDPYEQYF	1
CASNQGSETQYF	1
CASNVWTSGTYEQYF	1
CASNVGNEQYF	1
CASNAAGRANSPLHF	1
CASNGGIFGNEQFF	1
CASNGVGHPQYF	1
CASNGDRAFGELFF	1
CASNGAGVETQYF	1
CASNIGPKRNEQFF	1
CASNIPVGTGQGAGYEQYF	1
CASNIAGAYNEQFF	1
CASNTYAGTSGHGEFEQFF	1
CASNTDRDQETQYF	1
CASNTGNTIGKNIQYF	1
CASNRGFNTDTQYF	1
CASNRDIGETQYF	1
CASNNAIPEGATNEKLFF	1
CASNKLGGHSTDTQYF	1
CASKLAGMRMGAGGPHYNEQFF	1
CASKLAFHHTGELFF	1
CASKLGWGEAEAFF	1
CASKSSGNTDTQYF	1
CASKSTGRETQYF	1
CASKSDYQYEQYF	1
CASKPSGYPSYEQYF	1
CASKPTGSNNSPLHF	1
CASKPGQGVDTQYF	1
CASKPQGPYGYTF	1
CASKAGGRVNEQFF	1
CASKADTEAFF	1
CASKAAGATYEQYF	1
CASKAEREETQYF	1
CASKGSGTSSYEQYF	1
CASKGGPTNTGELFF	1
CASKGGRARETQYF	1
CASKGSRLETQYF	1
CASKGDRVSYEQYF	1
CASKGTSGTGELFF	1
CASKGLKRYEQYF	1
CASKGLATNTGELFF	1
CASKDYTYNEQFF	1
CASKETRVTDTQYF	1
CASKILAGGDTQYF	1
CASKTSGAQETQYF	1
CASKTSGETQYF	1
CASKTRTGSYEQYF	1
CASKTRRDGRWYEQYF	1
CASKTGAPYNEQFF	1
CASKRDTQYF	1
CASKNSRGRIFLNQPQHF	1
CASKLGPSGSYEQYF	1
CASKSLASGANVLTF	1
CASKWEGSSYEQYF	1
CASKLGPSYSPLHF	1
CASKLAVYNEQFF	1
CASKLATVNEQFF	1
CASKPSGTYEQYF	1
CASKPSRGAKNIQYF	1
CASKPGRRGNTEAFF	1
CASKPGQAPGELFF	1
CASKPDSSGANVLTF	1
CASKPGGDTEAFF	1
CASKRGSDTQYF	1
CASKARSIDEQFF	1
CASKGVGEAFF	1
CASKGGSTGELFF	1
CASKGTAQETQYF	1
CASKGQGNEKLFF	1
CASKDYASAGEVAGELFF	1
CASKEASGSGEQFF	1
CASKETAMNTEAFF	1
CASKIRTGLRGSPLHF	1
CASKILLADFTDTQYF	1
CASKTSGYNEQFF	1
CASKTGPSTDTQYF	1
CASKTRGPGETQYF	1
CASKSLVTNNNEQFF	1
CASKRAGFHGYTF	1
CASKRSSSTDTQYF	1
CASKNHRENIQYF	1
CARSQGALGEKLFF	1
CARDYTKREQYF	1
CAREWAGVFYEQYF	1
CARMDSISGELFF	1
CARWEYNEQFF	1
CARPKGGLAGGYTGELFF	1
CARQGYPYNEQFF	1
CARAGAGTDTQYF	1
CARKTGDCQETQYF	1
CARKSTGRYEQYF	1
CANSGTVPYEQYF	1
CANLAGEATGELFF	1
CANSPREGRSNQPQHF	1
CANPSLYCTDTQYF	1
CANGRTDTGELFF	1
CANGPGNIQYF	1
CANDRGTGGELFF	1
CANTGTLLGEQYF	1
CANTLADREETQYF	1
CANSVGAGTEAFF	1
CAKKRQTGTSGSLDEQFF	1
CAKGEAGRRKLFF	1
CAKTTGLGETQYF	1
CASGFSGRIEQFF	1
CAGWDRGFNIQYF	1
CAGVNTGELFF	1
CATAGGTGELFF	1
CASIDGTYNEQFF	1
CASGEEEQGKWYEQYF	1
CASTPPSGTSVYNEQFF	1
CAGDRREGVQETQYF	1
CAEDRNTQYF	1
CATSGGRPRNEQFF	1
CASRPPTGPLAKNIQYF	1
CASRLFSSGDSTYEQYF	1
CASRLRERSFSYEQYF	1
CASRLASIRDRGDEQYF	1
CASRLANSQGLNYGYTF	1
CASRLEGTVQLPQHF	1
CASRSRDRLAKNIQYF	1
CASRLAGGREAYEQYF	1
CASRPAGRGQTYEQYF	1
CASTVGQPQHF	1
CASGWGAGYEQYF	1
CARVNGREETQYF	1
CAAEAVQETQYF	1
CATTDRGHYNEQFF	1
CATSDRGYNEQFF	1
CATQLLAGFDTGELFF	1
CATGTSGTAADTQYF	1
CATGTSGSYNEQFF	1
CATTESGTLYEQYF	1
CATRTGVWGTDTQYF	1
CATRSGTSGSYEQYF	1
CATKTSGSYNEQFF	1
CATSQGRQRGPLRNEQFF	1
CASQGGAMFGEQFF	1
CASAQGWSTDTQYF	1
CASGLAGTGELFF	1
CASNRGGGETQYF	1
CASFQGVYEQYF	1
CASLGMGYNEQFF	1
CASSSGFTDTQYF	1
CASSKLAATSGETQYF	1
CASSPGVGETQYF	1
CASSTRGLYEQYF	1
CASSRTNYNEQFF	1
CASSPGGAGYEQYF	1
CASSIAPQGQETQYF	1
CASSTQGYEQYF	1
CASWDSGGFSYNEQFF	1
CASYLGSGANVLTF	1
CASLPPAGYEQFF	1
CASPRGLASTDTQYF	1
CASPGTSGRFYNEQFF	1
CASRLREGVYEQYF	1
CASRLTGGLASYEQYF	1
CASRLTGALQETQYF	1
CASRRDRAYNEQFF	1
CASRGQGAAYEQYF	1
CASRYQETQYF	1
CASRDVGDTEAFF	1
CASRELTDTQYF	1
CASRTSPSTGELFF	1
CASRPQGGGYEQYF	1
CASREWDRSYNEQFF	1
CASHLRPTGEVHEQYF	1
CASHVAGGLSTDTQYF	1
CASQQRTAIQETQYF	1
CASQAGAYTEAFF	1
CASQGTGYNEQFF	1
CASQTGGRETQYF	1
CASQRLGGLPTDTQYF	1
CASVTNTGTGELFF	1
CASVGVAGSIDEQFF	1
CASVLAGYTDTQYF	1
CASAPGTSGIHEQFF	1
CASARLADYYNEQFF	1
CASAGLSSYNEQFF	1
CASAQAPSTDTQYF	1
CASAGTGGWDEQFF	1
CASAREFYEQYF	1
CASARGSLNYNEQFF	1
CASGFGGEQYF	1
CASGGEGGETQYF	1
CASGPPGNRELFF	1
CASGPIPQYNEQFF	1
CASGRGTSGVDEQYF	1
CASGQGANTGELFF	1
CASGQQGRDTQYF	1
CASGVGGVGYEQYF	1
CASGAVGGSTSLETQYF	1
CASGGRERLWNEQFF	1
CASGPMGVRQGSKEQYF	1
CASGVGPENIQYF	1
CASGGPYGYTF	1
CASGGGGTSGRNEQFF	1
CASGGVNSYEQYF	1
CASGGGTYYEQYF	1
CASGTSGADTQYF	1
CASGTVEGTDTQYF	1
CASGRAGANVLTF	1
CASGNKRNEQFF	1
CASGRHIRISQPQHF	1
CASGQTGTDTQYF	1
CASGTSGRACEQFF	1
CASDPGAGNNEQFF	1
CASERSSGSLNEQFF	1
CASIWLAGVPGELFF	1
CASIRTPSGRTPDTQYF	1
CASIGHNEQFF	1
CASMFGGAGELFF	1
CASMLGDWGETQYF	1
CASMLQGAQETQYF	1
CASMEPPLAKNIQYF	1
CASTLVSGSSYNEQFF	1
CASTLQGNGETQYF	1
CASTQGVTPTGELFF	1
CASTGAIAGVGYEQYF	1
CASTGGIYNSPLHF	1
CASTERDRVYNEQFF	1
CASTFQAGGPNEQFF	1
CASTFAIQGTYEQYF	1
CASTLSPGRSYEQYF	1
CASTSGQGFTGELFF	1
CASTSVASGTYEQYF	1
CASTSDRESYNEQFF	1
CASTSGLSGANVLTF	1
CASTSGANTGELFF	1
CASTWDGTYEQYF	1
CASTPSPARETQYF	1
CASTPGDRDNYEQYF	1
CASTPGLATDTQYF	1
CASTPDRGQETQYF	1
CASTPLQEGITDTQYF	1
CASTPLGGATGVREQYF	1
CASTRGGHSYNEQFF	1
CASTRLSGSEETQYF	1
CASTRLADQETQYF	1
CASTRTTSGDNEQFF	1
CASTHGLATVSSYNEQFF	1
CASTAPPLYEQYF	1
CASTDPGEGSEQFF	1
CASTDPGQGANVLTF	1
CASTDRTNYEQYF	1
CASTNGVSDTQYF	1
CASTKGQGNSYNEQFF	1
CASTRGRAPDTQYF	1
CASTADSQPYEQYF	1
CASTAGYGYTF	1
CASTGISGDEQFF	1
CASTLDGRGRESEQFF	1
CASTSGGKVDTQYF	1
CASTPGGTAHEQYF	1
CASTVASAEIEQFF	1
CASTGTSGFYNEQFF	1
CASSFDGFNEQFF	1
CASSFKDPIQETQYF	1
CASSFRQGIEETQYF	1
CASSFGTSGDTSTDTQYF	1
CASSLGEETQYF	1
CASSLGTGVSRNEQFF	1
CASSLTMNTGELFF	1
CASSSGLGSYEQYF	1
CASSSSAGGPSYNEQFF	1
CASSSGTLYEQYF	1
CASSSGTGAYEQYF	1
CASSSAGGSYEQYF	1
CASSWRTAEYNEQFF	1
CASSWGLAGDRYNEQFF	1
CASSWEQETQYF	1
CASSYWVRQTNTGELFF	1
CASSLSTRDCYEQYF	1
CASSLLGLTGDYEQYF	1
CASSLHAGGTEAFF	1
CASSLGDTEAFF	1
CASSPDRDYYEQYF	1
CASSPLAGGPYEQYF	1
CASSPATDSREAFF	1
CASSPDGAFYEQYF	1
CASSPPGLAGGSYNEQFF	1
CASSPGQGLYEQYF	1
CASSPDGTYEQYF	1
CASSPETGNTGELFF	1
CASSPTEFNEKLFF	1
CASSPWKFRETQYF	1
CASSPPGLGRHEQFF	1
CASSPAGGPVGELFF	1
CASSPAGDVVDTQYF	1
CASSPGAASNEQYF	1
CASSPETSSYNEQFF	1
CASSRPSSGTPGNTEAFF	1
CASSRVGGANVLTF	1
CASSRIPGLGGYEQYF	1
CASSRTADTQYF	1
CASSRQINQPQHF	1
CASSHSGPGGGNQPQHF	1
CASSHSTGILGPQHF	1
CASSHRRESYEQYF	1
CASSHEGAAYEQYF	1
CASSHERGLNTGELFF	1
CASSQGLSSYNEQFF	1
CASSQDGQETQYF	1
CASSQDRGNQPQHF	1
CASSQTSGNTGELFF	1
CASSQSAAGYYEQYF	1
CASSQSRALGDQAYEQYF	1
CASSQSGGPTQYF	1
CASSQSRGETQYF	1
CASSQSSTPKDTYCTSGGGDEQFF	1
CASSQSWVGECEQYF	1
CASSQSAPCEGGDTGELFF	1
CASSQSPGQGAGELFF	1
CASSQSGTSASSYEQYF	1
CASSQWGRDTDMNTEAFF	1
CASSQLWGSGQPQHF	1
CASSQPNDIPGLGETQYF	1
CASSQRTGGRGYTF	1
CASSQGSNEQYF	1
CASSQGTSDTDTQYF	1
CASSQDGPPDQGAQYF	1
CASSQISIQGPYNSPLHF	1
CASSQTGTQKTYEQYF	1
CASSQSSPLHF	1
CASSQRDRTYEQYF	1
CASSVLAFSQETQYF	1
CASSVGAPTGNTGELFF	1
CASSVAYGVYEQYF	1
CASSVGLADLNEQFF	1
CASSAPGTDTQYF	1
CASSAGGRSRYNEQFF	1
CASSASGRGNEQFF	1
CASSARGDTEAFF	1
CASSGLSDTQYF	1
CASSGGASPGRHEQYF	1
CASSGTLNEQFF	1
CASSGRETGELFF	1
CASSGAQGSEKLFF	1
CASSGAGGQETQYF	1
CASSDSRSYEQYF	1
CASSDLGTTYEQYF	1
CASSDGLASYEQYF	1
CASSDTKLRDEQFF	1
CASSDRGSIDEQYF	1
CASSDSTGQNSQYF	1
CASSDYPGQPGLAGVYEQYF	1
CASSDPGTGFVEQYF	1
CASSDGWDTQYF	1
CASSDGTNTDTQYF	1
CASSDSSGYGYTF	1
CASSEFGLAGVEQFF	1
CASSEFDRAKQFF	1
CASSESLAGFGLTDTQYF	1
CASSESGQGNTGELFF	1
CASSEWKARSGFRNEQYF	1
CASSERTGKYEQYF	1
CASSEGVRNSNQPQHF	1
CASSEGNEQFF	1
CASSEIVGRDTQYF	1
CASSETPGSGANVLTF	1
CASSERELRQYF	1
CASSELEYSGNTIYF	1
CASSEVGGGELFF	1
CASSEGTQRGNEQYF	1
CASSEGTRPGELFF	1
CASSIYSEQFF	1
CASSIGQGARYEQYF	1
CASSIYSARETQYF	1
CASSMNSGMIDTQYF	1
CASSTPYSGANVLTF	1
CASSTGSTYEQYF	1
CASSTTGTLGPDTQYF	1
CASSTLAGVVSYNEQFF	1
CASSTGNTGELFF	1
CASSSQGGLFNEQFF	1
CASSSTVSSYNEQFF	1
CASSNPGLAGYNEQFF	1
CASSKGTSTEQYF	1
CASSKRTGNNEQFF	1
CASSFLTGSYEQYF	1
CASSFLAGGLYADEQFF	1
CASSFSSRGTDTQYF	1
CASSFSPGTSYEQYF	1
CASSFSGLHQPQHF	1
CASSFSSGSFSNEQFF	1
CASSFYDLSGELFF	1
CASSFYNEQFF	1
CASSFLPGGSSYEQYF	1
CASSFLLLGQLNYEQYF	1
CASSFLEIDYNEQFF	1
CASSFLASGSTYEQYF	1
CASSFLSGRNEQFF	1
CASSFLAMDIRTGELFF	1
CASSFREAYEQYF	1
CASSFRASGSDEQFF	1
CASSFRGSPYEQYF	1
CASSFHQETQYF	1
CASSFHEGAETGELFF	1
CASSFQWTRNTGELFF	1
CASSFQNEQFF	1
CASSFVAGTGTDTQYF	1
CASSFVNEQFF	1
CASSFASGANVLTF	1
CASSFAGAAYNEQFF	1
CASSFAPTDTQYF	1
CASSFGLSASGYNEQFF	1
CASSFGTQRNNEQFF	1
CASSFGLSYEQYF	1
CASSFGGFSYNEQFF	1
CASSFGLAGGGDIQYF	1
CASSFGQQETQYF	1
CASSFGANVLTF	1
CASSFGASYEQYF	1
CASSFGARETQYF	1
CASSFGGANIQYF	1
CASSFGGRAYNEQFF	1
CASSFGGLAGGPKNIQYF	1
CASSFGIAGTEQFF	1
CASSFGTSGSGYEQYF	1
CASSFGTSGEDTQYF	1
CASSFGTASTDTQYF	1
CASSFGTGDANTEAFF	1
CASSFGNLYGYTF	1
CASSFDGTERDIQYF	1
CASSFDRDEQYF	1
CASSFDRFYEQYF	1
CASSFEGGPQHF	1
CASSFELAGGSYEQYF	1
CASSFEGQGSYEQYF	1
CASSFMLQSSYEQYF	1
CASSFIVQETQYF	1
CASSFTSGSGTDTQYF	1
CASSFTSGTSGANVLTF	1
CASSFSAARRPESNEQFF	1
CASSFSGASTDTQYF	1
CASSFRANYNEQFF	1
CASSFRGLDQETQYF	1
CASSFRTSGRAYNEQFF	1
CASSFRRNYEQYF	1
CASSFRAGVEGEDF	1
CASSFFERLAGDNEQFF	1
CASSFLGSTDTQYF	1
CASSFLGVRETQYF	1
CASSFSSPGTDTQYF	1
CASSFSTGAGNEQFF	1
CASSFSGELFF	1
CASSFSGELAPGELFF	1
CASSFSGAGELFF	1
CASSFWTAYEQYF	1
CASSFYASYEQYF	1
CASSFLGVAGQSDEQFF	1
CASSFLGGTGELFF	1
CASSFLGGAFTYEQYF	1
CASSFLLAAVYNEQFF	1
CASSFLADEQFF	1
CASSFPGASGSGEQFF	1
CASSFPLAGGPGELFF	1
CASSFPLANYNEQFF	1
CASSFPAGNEQFF	1
CASSFRESEQYF	1
CASSFRQETQYF	1
CASSFRDRPSYEQYF	1
CASSFRDRGERPRHQETQYF	1
CASSFRETNTDTQYF	1
CASSFRLAEYNEQFF	1
CASSFRQGAYNEQFF	1
CASSFRQGMRGEQYF	1
CASSFQGYEQFF	1
CASSFQGNTGELFF	1
CASSFQAEQFF	1
CASSFASATGELFF	1
CASSFAPGQGPYNEQFF	1
CASSFARYNEQFF	1
CASSFAGANTGELFF	1
CASSFGAVNTGELFF	1
CASSFGSSSYNEQFF	1
CASSFGGRGTDTQYF	1
CASSFGRASEQYF	1
CASSFGGRGTEAFF	1
CASSFGGQGREQYF	1
CASSFGGGTVKETQYF	1
CASSFGTSGRGETQYF	1
CASSFGTSEYNEQFF	1
CASSFGTGSQETQYF	1
CASSFGRAVYEQYF	1
CASSFGLAETMDEQFF	1
CASSFGQGAGEQYF	1
CASSFGQGGDEQYF	1
CASSFGSGRTYEQYF	1
CASSFGRADTQYF	1
CASSFDPGGDTQYF	1
CASSFDGELFF	1
CASSFDRDQETQYF	1
CASSFELGETQYF	1
CASSFETTTDTQYF	1
CASSFTTGQLETQYF	1
CASSFTSGGSTDTQYF	1
CASSFTSGSMNEQFF	1
CASSFTLTSGRFYEQYF	1
CASSFTGELFF	1
CASSFTDRMNTEAFF	1
CASSFTPGQARSYEQYF	1
CASSFTGAEETQYF	1
CASSFTGGNQPQHF	1
CASSFTGETYEQYF	1
CASSFSGRYEQYF	1
CASSFRGAGANVLTF	1
CASSFRGNSYEQYF	1
CASSFRLAGDHEQYF	1
CASSFRGSGSLYEQYF	1
CASSFNQRTSGTAYEQYF	1
CASSFKQQETQYF	1
CASSLFSETYEQYF	1
CASSLFLAGEETQYF	1
CASSLFPDGFYTDTQYF	1
CASSLFRGRATTDTQYF	1
CASSLFAAENEQFF	1
CASSLFGTGTKTSYEQYF	1
CASSLFRGAEETQYF	1
CASSLFAGTSTDTQYF	1
CASSLFGGTPFSDEQFF	1
CASSLFEPTDTQYF	1
CASSLLPGGFHEQYF	1
CASSLLQGNTEAFF	1
CASSLLGYNEQFF	1
CASSLLAGDYNEQFF	1
CASSLLEDTGELFF	1
CASSLLMGQDYEQYF	1
CASSLSWNAETQYF	1
CASSLSTGVQQYF	1
CASSLSFFTSGRGNIQYF	1
CASSLSLGQETQYF	1
CASSLSPSREQYF	1
CASSLSARSYEQYF	1
CASSLSDSQGRGNTIYF	1
CASSLSSADNSPLHF	1
CASSLSYTPGLAPVGNEQFF	1
CASSLSGRSNQPQHF	1
CASSLSEPQETQYF	1
CASSLSTSGRKGEQYF	1
CASSLSAGSAADTQYF	1
CASSLSGYNEQFF	1
CASSLSRYSPSEQYF	1
CASSLWWGQTNTEAFF	1
CASSLWPGPDNEQFF	1
CASSLWGTDTQYF	1
CASSLWGAAATDTQYF	1
CASSLWDLGDEQFF	1
CASSLWEREVADTQYF	1
CASSLYGSQEQYF	1
CASSLYGISGGYTGELFF	1
CASSLYLTDTQYF	1
CASSLYRETDTQYF	1
CASSLYVLRTDTQYF	1
CASSLYTSAEQFF	1
CASSLLSGLAGGEQYF	1
CASSLLGLAGNSRETQYF	1
CASSLLRAGQGPYNEQFF	1
CASSLLSPSYNSPLHF	1
CASSLLAGGGNEQFF	1
CASSLLGPRYEQYF	1
CASSLPSGTYEQYF	1
CASSLPQGDEQYF	1
CASSLPQVGRDVTTDTQYF	1
CASSLPGTVYEQYF	1
CASSLPQNSYNEQFF	1
CASSLPAGAREQYF	1
CASSLPGKGNEQFF	1
CASSLRLSQAPDTQYF	1
CASSLRPLRVAGVTDTQYF	1
CASSLRATSAKRTGELFF	1
CASSLRGTSTDTQYF	1
CASSLRGGGEQYF	1
CASSLRDREETQYF	1
CASSLRDRNTGELFF	1
CASSLREGYEQYF	1
CASSLRTSATYNEQFF	1
CASSLRTIRDTQYF	1
CASSLRTGGGEQYF	1
CASSLRRGASGGLSNTGELFF	1
CASSLRSGNPYEQYF	1
CASSLRLAGAHEQYF	1
CASSLRHQETQYF	1
CASSLRQGRREQYF	1
CASSLHVGTSSYEQYF	1
CASSLHDRDFYEQYF	1
CASSLQLAQETQYF	1
CASSLQRENYEQYF	1
CASSLQVSDTQYF	1
CASSLQAAGGPYEQYF	1
CASSLQGLDTEAFF	1
CASSLQGPGNTEAFF	1
CASSLQGDPSWSTQYF	1
CASSLQGGDYEQYF	1
CASSLQTEETQYF	1
CASSLQLAGDEQYF	1
CASSLQGDTGELFF	1
CASSLQGTGTYNEQFF	1
CASSLVLGNLQETQYF	1
CASSLVSGEETQYF	1
CASSLVSGFGGKNIQYF	1
CASSLVSGGVDTQYF	1
CASSLVLVGRASDTQYF	1
CASSLVLGQINTEAFF	1
CASSLVPGSPGELFF	1
CASSLVPGTGAYEQYF	1
CASSLVPAGDYEQYF	1
CASSLVPAGDYEQYF	1
CASSLVPGPETQYF	1
CASSLVPGQENIQYF	1
CASSLVRTGHNEQFF	1
CASSLVVRQASEQYF	1
CASSLVATPTYEQYF	1
CASSLVAGETGELFF	1
CASSLVGGENTGELFF	1
CASSLVGRYYEQYF	1
CASSLVGESYNEQFF	1
CASSLVGGFEQYF	1
CASSLVGGGNEQFF	1
CASSLVGEGYNEQFF	1
CASSLVSGRANEQFF	1
CASSLVNSPGQGKKTQYF	1
CASSLVSGGGNEQFF	1
CASSLVYSEETQYF	1
CASSLVLAGNEQFF	1
CASSLVPSGVGELFF	1
CASSLVPLSGGEQFF	1
CASSLVPGAFTGELFF	1
CASSLVQGSTGELFF	1
CASSLVAGTASPGANVLTF	1
CASSLVGGNEQFF	1
CASSLVGDKRLPNYNEQFF	1
CASSLVGTGGLEQYF	1
CASSLVDYEQYF	1
CASSLVTGDTQYF	1
CASSLVSGRETDTQYF	1
CASSLVRGADTGELFF	1
CASSLVFGTDNEQFF	1
CASSLVSGEPPYNEQFF	1
CASSLVSGGSTDTQYF	1
CASSLVPLGSGANVLTF	1
CASSLVPASSYNEQFF	1
CASSLVRGNEAFF	1
CASSLVRSDTQYF	1
CASSLVRVQETQYF	1
CASSLVRGGREQFF	1
CASSLVQESSTDTQYF	1
CASSLVVAGGNNEQFF	1
CASSLVVAGEGTDTQYF	1
CASSLVASGGYNEQFF	1
CASSLVAGLETQYF	1
CASSLVAVSSYNEQFF	1
CASSLVGGSNTGELFF	1
CASSLVGGTFNEQYF	1
CASSLVGSTGELFF	1
CASSLVDYMEETQYF	1
CASSLVDREQFF	1
CASSLVTGEGYEQYF	1
CASSLVSAGGSHNEQFF	1
CASSLVWEETQYF	1
CASSLVWTGDNEQFF	1
CASSLVLAIGGSPGELFF	1
CASSLVPSGLAGVENEQFF	1
CASSLVQSSYNEQFF	1
CASSLVVGTGSSEQYF	1
CASSLVAGSSEQFF	1
CASSLVAGALYNEQFF	1
CASSLVGSFTDTQYF	1
CASSLVDAYEQYF	1
CASSLAFTGELFF	1
CASSLASNEQFF	1
CASSLAWTEYEQYF	1
CASSLAPGTGGGEQYF	1
CASSLAPLGTGNAEQFF	1
CASSLAQGVADTQYF	1
CASSLAVSDYTGELFF	1
CASSLAVAPQETQYF	1
CASSLAAQPTYEQYF	1
CASSLAGHPSYEQYF	1
CASSLAINPSGANVLTF	1
CASSLASGTDTQYF	1
CASSLAFHEQFF	1
CASSLASRQGGSYEQYF	1
CASSLASGTLNEQFF	1
CASSLALGTDTQYF	1
CASSLALAQETQYF	1
CASSLALAENANEQFF	1
CASSLAPGAGGSYNEQFF	1
CASSLAPRLAEAIETQYF	1
CASSLAPIQGKGYEQYF	1
CASSLAPARQETQYF	1
CASSLAPAVMYNEQFF	1
CASSLAPGSSGNQPQHF	1
CASSLAPGSAADTQYF	1
CASSLARLGDYNEQFF	1
CASSLARDTDTQYF	1
CASSLARDSDTQYF	1
CASSLAQGHEQFF	1
CASSLAQGGQETQYF	1
CASSLAQDTQYF	1
CASSLAVAGGTYEQYF	1
CASSLAVGAGEQFF	1
CASSLAVEDNEQFF	1
CASSLAVGAGERETQYF	1
CASSLAAFRARQDEQFF	1
CASSLAAGTGNTGELFF	1
CASSLAATGVEQYF	1
CASSLAGYHSSTDTQYF	1
CASSLAGEQFF	1
CASSLAGIDYEQYF	1
CASSLAGGSWAQETQYF	1
CASSLAGGSTYEQYF	1
CASSLAGGGSLVTGELFF	1
CASSLAGTSEIQYF	1
CASSLAGTSNAYEQYF	1
CASSLAGTRQETQYF	1
CASSLAGTGGETQYF	1
CASSLAGRAPDTQYF	1
CASSLAGGNTEAFF	1
CASSLAEGGYTF	1
CASSLATGVETQYF	1
CASSLARQITDTQYF	1
CASSLARTGLAQYF	1
CASSLARLAGSNEQFF	1
CASSLASAEETQYF	1
CASSLAASGRATDTQYF	1
CASSLAASGTYEQYF	1
CASSLAAGTGAYEQYF	1
CASSLAAGGQETQYF	1
CASSLAGRVQETQYF	1
CASSLAGWPDTQYF	1
CASSLAGGDPYEQYF	1
CASSLAGTGDYEQYF	1
CASSLAGRGSTDTQYF	1
CASSLAGQGAGNTIYF	1
CASSLAGAGREQFF	1
CASSLAGGPLETQYF	1
CASSLAGDSDTQYF	1
CASSLADLYSYEQYF	1
CASSLADYLGNEQFF	1
CASSLADSPEQYF	1
CASSLATSQETQYF	1
CASSLASTDTQYF	1
CASSLARAGGPHEQFF	1
CASSLANNEQFF	1
CASSLAKAETQYF	1
CASSLAFTDTQYF	1
CASSLALGLFQETQYF	1
CASSLASKYEQYF	1
CASSLALGINYEQYF	1
CASSLAPGTNYEQYF	1
CASSLAPGQGNYNEQFF	1
CASSLAQGGKNIQYF	1
CASSLAVAGQTGELFF	1
CASSLAAGQGKQYF	1
CASSLAGAETQYF	1
CASSLAGNNEQFF	1
CASSLATSQETQYF	1
CASSLATVYTGELFF	1
CASSLANPPRSEQYF	1
CASSLGLRVLQETQYF	1
CASSLGLAAGANVLTF	1
CASSLGPQGGETQYF	1
CASSLGPRGELKQTQYF	1
CASSLGPGGTDTQYF	1
CASSLGPEAFF	1
CASSLGPIWSSYNEQFF	1
CASSLGQGADTEAFF	1
CASSLGAVTDTQYF	1
CASSLGGQGQETQYF	1
CASSLGGGITGETQYF	1
CASSLGGGTYEQYF	1
CASSLGGDRTDTQYF	1
CASSLGEGFGEQYF	1
CASSLGLTRLAGEETQYF	1
CASSLGSSRYEQYF	1
CASSLGSGTSGSAAKNIQYF	1
CASSLGSLTYEQYF	1
CASSLGLSGNSGANVLTF	1
CASSLGLSGNSYNEQFF	1
CASSLGLLLRDNEQFF	1
CASSLGLAGLTDTQYF	1
CASSLGLASPNEQFF	1
CASSLGPPRGGQETQYF	1
CASSLGRGTSGIGDEQFF	1
CASSLGQAYNEQFF	1
CASSLGQGNTGELFF	1
CASSLGAPSAGELFF	1
CASSLGGGANTGELFF	1
CASSLGGQGSYNEQFF	1
CASSLGGTQQETQYF	1
CASSLGGTTYNEQFF	1
CASSLGGSSADTQYF	1
CASSLGGSSYNEQFF	1
CASSLGGSVETQYF	1
CASSLGGNPDTQYF	1
CASSLGGSYGYTF	1
CASSLGDREETQYF	1
CASSLGSGSTDTQYF	1
CASSLGRATDTQYF	1
CASSLGSNTGELFF	1
CASSLGSATYNEQFF	1
CASSLGSGQETQYF	1
CASSLGWPGFREQFF	1
CASSLGLQETQYF	1
CASSLGLLAGRASYEQYF	1
CASSLGLAEGEQYF	1
CASSLGLAGVYNEQFF	1
CASSLGLAGVPEQYF	1
CASSLGLADTGELFF	1
CASSLGPLKDQPQHF	1
CASSLGPSGRGETQYF	1
CASSLGPGLADEAYEQYF	1
CASSLGPSGELFF	1
CASSLGPNAPGELFF	1
CASSLGRVGSNTEAFF	1
CASSLGQLSGELFF	1
CASSLGVGDTQYF	1
CASSLGVRSSYNEQFF	1
CASSLGAYASTDTQYF	1
CASSLGAQETQYF	1
CASSLGAGSSYNEQFF	1
CASSLGAGTDEQYF	1
CASSLGADYNEQFF	1
CASSLGGIRDLANEQFF	1
CASSLGGLSDTQYF	1
CASSLGGPGEQYF	1
CASSLGGAEPTDTQYF	1
CASSLGGNQPQHF	1
CASSLGGNDAFF	1
CASSLGGLRTGELFF	1
CASSLGGLAGGRSYEQYF	1
CASSLGDSKTGEQYF	1
CASSLGDLTDTQYF	1
CASSLGDREGYGYTF	1
CASSLGDGYEQYF	1
CASSLGDTGELFF	1
CASSLGDSINQPQHF	1
CASSLGDRYNEQFF	1
CASSLGDRADYEQYF	1
CASSLGDRHEQFF	1
CASSLGEAPNEQFF	1
CASSLGEAADTQYF	1
CASSLGIAGYNEQFF	1
CASSLGTSGRKYNEQFF	1
CASSLGTSSYEQYF	1
CASSLGTVNSPLHF	1
CASSLGTRSTQYF	1
CASSLGTGGTDTQYF	1
CASSLGTGPPYEQYF	1
CASSLGTGGLTIAKNIQYF	1
CASSLGTGGINEQFF	1
CASSLGTGMGEAFF	1
CASSLGRLNEQFF	1
CASSLGNFVNYEQYF	1
CASSLGWEETQYF	1
CASSLGWNNEQFF	1
CASSLGYEQYF	1
CASSLGLHNEQFF	1
CASSLGLGTDTQYF	1
CASSLGLNYEQYF	1
CASSLGLVSYNEQFF	1
CASSLGLAGAGDEQFF	1
CASSLGLAGGRTGELFF	1
CASSLGLAGGPMETQYF	1
CASSLGLAGGPYEQYF	1
CASSLGLAEEQFF	1
CASSLGLEQFF	1
CASSLGPPGLAGGEQYF	1
CASSLGPGTGGTEAFF	1
CASSLGPTYNEQFF	1
CASSLGQYNEQYF	1
CASSLGQLTDTQYF	1
CASSLGQAGGETQYF	1
CASSLGQNTGELFF	1
CASSLGVNQPQHF	1
CASSLGVKGVDEQFF	1
CASSLGVRDIQYF	1
CASSLGVIRTDTQYF	1
CASSLGAYEQYF	1
CASSLGAGPTYEQYF	1
CASSLGAGAVNEQFF	1
CASSLGGAQETQYF	1
CASSLGGLGEQYF	1
CASSLGGVRDTQYF	1
CASSLGGFPRQETQYF	1
CASSLGTSGYEQYF	1
CASSLGTVSEQYF	1
CASSLGSGLNTGELFF	1
CASSLGRPSYNEQFF	1
CASSLDLEQYF	1
CASSLDSPSYNEQFF	1
CASSLDSNEQFF	1
CASSLDSSGGTAYEQYF	1
CASSLDSGANIQYF	1
CASSLDSGGYGYTF	1
CASSLDWDEQFF	1
CASSLDLGYEQYF	1
CASSLDLLGGELFF	1
CASSLDLASYNEQFF	1
CASSLDPTGQGGYEQYF	1
CASSLDPQGNTEAFF	1
CASSLDPGPYEQYF	1
CASSLDPGVQETQYF	1
CASSLDPTSTDTQYF	1
CASSLDRGDTQYF	1
CASSLDQGNTGELFF	1
CASSLDVRSGELFF	1
CASSLDASGRASTDTQYF	1
CASSLDGRGDYEQYF	1
CASSLDGVSYEQYF	1
CASSLDGGLSYNEQFF	1
CASSLDGLAGGNEQFF	1
CASSLDGQNNQPQHF	1
CASSLDGALDYNEQFF	1
CASSLDGETQYF	1
CASSLDTGQEWGWRYEQYF	1
CASSLDTGELIYGYTF	1
CASSLDTGTDTQYF	1
CASSLDRGSYEQYF	1
CASSLDRQRRGEQFF	1
CASSLDNEGSEQYF	1
CASSLDLETQYF	1
CASSLDLETQYF	1
CASSLDSYEQYF	1
CASSLDSKNIQYF	1
CASSLDYSRTDTQYF	1
CASSLDLSGSTDTQYF	1
CASSLDLSSGASTDTQYF	1
CASSLDPTIPKDSNEQFF	1
CASSLDPFGSGTDTQYF	1
CASSLDPQDEQFF	1
CASSLDPGREQYF	1
CASSLDPGAGANVLTF	1
CASSLDPIQGEQFF	1
CASSLDRRSYEQYF	1
CASSLDHPFSGNTIYF	1
CASSLDAPGTVPYEQYF	1
CASSLDADYGYTF	1
CASSLDASSYEQYF	1
CASSLDGVGTGYEQYF	1
CASSLDGGRVYNEQFF	1
CASSLDGYEQYF	1
CASSLDGRKSTGELFF	1
CASSLDGQGDLYNEQFF	1
CASSLDGGRSNNEQFF	1
CASSLDGGRDTQYF	1
CASSLDGTSVSDTQYF	1
CASSLDGTSGSGPYNEQFF	1
CASSLDGTSGRRPSTDTQYF	1
CASSLDGTSSYNEQFF	1
CASSLDGAPSYEQYF	1
CASSLDGTEQFF	1
CASSLDMDVRRETQYF	1
CASSLDTKRFPETQYF	1
CASSLDSSSYNEQFF	1
CASSLDSSTDTQYF	1
CASSLDRVSYEQYF	1
CASSLDRVIDTGELFF	1
CASSLDRTQETQYF	1
CASSLDNTGELFF	1
CASSLESGPYEQYF	1
CASSLESGIDEQFF	1
CASSLEWKIYEQYF	1
CASSLELAGYNEQFF	1
CASSLEPFGGEKLFF	1
CASSLEPELSTDTQYF	1
CASSLERISSYNEQFF	1
CASSLERTGPGYEQYF	1
CASSLERLRETQYF	1
CASSLEQINSPLHF	1
CASSLEASWNTGELFF	1
CASSLEASGSSYNEQFF	1
CASSLEAGISDNEQFF	1
CASSLEAGNTEAFF	1
CASSLEAGAYNEQFF	1
CASSLEASSYEQYF	1
CASSLEAGGVGSPLHF	1
CASSLEADGANVLTF	1
CASSLEGLQETQYF	1
CASSLEGSYEQYF	1
CASSLEGRSSYNEQFF	1
CASSLEGARGDIQYF	1
CASSLEGANIQYF	1
CASSLEGEWDEQFF	1
CASSLEGLRYNEQFF	1
CASSLEGQIYEQYF	1
CASSLEGQGEPQHF	1
CASSLEEVSTDTQYF	1
CASSLETPGEAFF	1
CASSLETGSGELFF	1
CASSLESGELFF	1
CASSLESEGGYTF	1
CASSLELGREVWYF	1
CASSLELVSYEQYF	1
CASSLELAGADTQYF	1
CASSLELAGYNEQFF	1
CASSLELAGASRAQETQYF	1
CASSLEPSGPPSYEQYF	1
CASSLEPNQETQYF	1
CASSLEPGTLNF	1
CASSLEPVLGAGELFF	1
CASSLEPAGGNEQFF	1
CASSLEPTSPYEQYF	1
CASSLERGELFF	1
CASSLERADTQYF	1
CASSLERGGPDTQYF	1
CASSLERGSYEQYF	1
CASSLEREPFFGTQYF	1
CASSLEQGGSNEQFF	1
CASSLEQGRDEQYF	1
CASSLEASWETQYF	1
CASSLEAGVGTGELFF	1
CASSLEGSSYEQYF	1
CASSLEGGAGGETQYF	1
CASSLEGGTTDTQYF	1
CASSLEGSGDTQYF	1
CASSLEGRRGLSGANVLTF	1
CASSLEGVNTEAFF	1
CASSLEGAFTYEQYF	1
CASSLEGGYEQYF	1
CASSLEGDSNQPQHF	1
CASSLEGDGTQYF	1
CASSLEGTSGTYEQYF	1
CASSLEGTSGTSSYF	1
CASSLEGTEETQYF	1
CASSLEGRNNEQFF	1
CASSLEGNTDTQYF	1
CASSLEIWTASYEQYF	1
CASSLETRTIPQRRAQYF	1
CASSLESGTYNEQFF	1
CASSLERVEETQYF	1
CASSLERGGYEQYF	1
CASSLIWRLGAKNIQYF	1
CASSLIPRYYTGELFF	1
CASSLIGGREGETQYF	1
CASSLMTSGSSYEQFF	1
CASSLIPGGKHFQYF	1
CASSLIPGAYEQYF	1
CASSLISGVNTGELFF	1
CASSLTQGTYEQYF	1
CASSLTAGANNEQFF	1
CASSLTSGGRNEQFF	1
CASSLTSGDYNEQFF	1
CASSLTSTTYNEQFF	1
CASSLTQYNEQFF	1
CASSLTGELFF	1
CASSLTGIPTPKAKNIQYF	1
CASSLTGTSGHNEQFF	1
CASSLTGTSGSTDTQYF	1
CASSLTGQTSYEQYF	1
CASSLTRAETQYF	1
CASSLTYGNEQFF	1
CASSLTRTYEQYF	1
CASSLTASGLAGVDTQYF	1
CASSLTGALMNTGELFF	1
CASSLTEGWEQFF	1
CASSLTGPYGYTF	1
CASSLTGGSYEQYF	1
CASSLTGGDVDTQYF	1
CASSLTGGQNIQYF	1
CASSLTGTAETQYF	1
CASSLTGSSYNEQFF	1
CASSLTGRETQYF	1
CASSLTGRKNEQYF	1
CASSLSVAGGPHEQYF	1
CASSLSDYLTDTQYF	1
CASSLSEGETYF	1
CASSLSPLGGYDEQFF	1
CASSLSGASGQEEQYF	1
CASSLSGTGELFF	1
CASSLSTSGKETQYF	1
CASSLRPGETQYF	1
CASSLRPRMNEQFF	1
CASSLRQRTTDTQYF	1
CASSLRAGGDTGELFF	1
CASSLRGREAYEQYF	1
CASSLRGTGRLAGGSYEQYF	1
CASSLRGVSTDTQYF	1
CASSLRDVLYEQYF	1
CASSLRSASYEQYF	1
CASSLRLTGTSGGHQETQYF	1
CASSLRAGRETYNEQFF	1
CASSLNGNQPQHF	1
CASSLNNNEQFF	1
CASSLNLAKNIQYF	1
CASSLNLAGVIYNEQFF	1
CASSLNGIGSGTQYF	1
CASSLNRGGDEQYF	1
CASSLKVSGSTDTQYF	1
CASSLKGQETQYF	1
CASSLKSGTDTQYF	1
CASSLKNYQETQYF	1
CASSLFLAGEETQYF	1
CASSLFGQAGDTQYF	1
CASSLSRATSEQYF	1
CASSLSAEQFF	1
CASSLSATSYEQYF	1
CASSLWTSGNEQFF	1
CASSLYSRESTDTQYF	1
CASSLLQAGVWETQYF	1
CASSLLGQGRNEQFF	1
CASSLLQEPNTGELFF	1
CASSLLAVSSYNEQFF	1
CASSLLAGVNEQFF	1
CASSLLAGVYNEQFF	1
CASSLLAGVDIQYF	1
CASSLLATLDKNIQYF	1
CASSLPYEQYF	1
CASSLPRTGSYNEQFF	1
CASSLPGLARETQYF	1
CASSLRGTSGSDEQFF	1
CASSLRRESNRKDTGELFF	1
CASSLRGADTGELFF	1
CASSLRTSYEQYF	1
CASSLRQVSYEQYF	1
CASSLRGSEETQYF	1
CASSLHLAGGDNEQFF	1
CASSLQGSDEQYF	1
CASSLQGSTDTQYF	1
CASSLQGEETQYF	1
CASSLQPTVSGNTIYF	1
CASSLAGAGETQYF	1
CASSLAGDEQFF	1
CASSLAGTSSYEQYF	1
CASSLGTQSYEQYF	1
CASSLGLDYNEQFF	1
CASSLGASETQYF	1
CASSLGGTSTDTQYF	1
CASSLGGASGIQYF	1
CASSLGDFPYNEQFF	1
CASSLGIMAIQYF	1
CASSLGTSVNEGFF	1
CASSLGLSRVTGELFF	1
CASSLGRSGELFF	1
CASSLGQSATYEQYF	1
CASSLGEGYEQYF	1
CASSLGSSYEQYF	1
CASSLDRGGADTQYF	1
CASSLDNYSGELFF	1
CASSLERPGGEQYF	1
CASSLEHPYNEQFF	1
CASSLEGLSYNEQFF	1
CASSLIPGGELFF	1
CASSLMGRNSGANVLTF	1
CASSLMGQGPYEQYF	1
CASSLIGTSGETQYF	1
CASSLTAGGKTGELFF	1
CASSLTQGTYEQYF	1
CASSLTGTGYEQYF	1
CASSLTGTGARSGANVLTF	1
CASSLTGGYEQYF	1
CASSLSLGGEQFF	1
CASSLSGLYNEQFF	1
CASSLSGTSQETQYF	1
CASSLRYLREQYF	1
CASSSLPGQGDGYTF	1
CASSSLDRVSEQYF	1
CASSSSTTADTQYF	1
CASSSYRGPNEQFF	1
CASSSYRGLHNEQFF	1
CASSSPGGGEQFF	1
CASSSPGQGGYEQYF	1
CASSSPSETQYF	1
CASSSRLAGVTDTQYF	1
CASSSGRGGATEQFF	1
CASSSGLAGPDTQYF	1
CASSSGGGLPQETQYF	1
CASSSDGTLELATDTQYF	1
CASSSETGRDTGELFF	1
CASSSFFGGDTGELFF	1
CASSSLGGQGTYNEQFF	1
CASSSSRGGSFVDTQYF	1
CASSSSGLTNTGELFF	1
CASSSSLAPTDTQYF	1
CASSSWWGQGYTYEQYF	1
CASSSWRDTGELFF	1
CASSSYGSAGSYNEQFF	1
CASSSYSGPTYEQYF	1
CASSSYTSGLYNEQFF	1
CASSSLPGLGNTGELFF	1
CASSSLRGGRTEQFF	1
CASSSLGGTDSGYTF	1
CASSSLAGGMNTQYF	1
CASSSLAGGSETQYF	1
CASSSPGQGIYEQYF	1
CASSSRSYEQYF	1
CASSSRDAGGELFF	1
CASSSRLAAHEQYF	1
CASSSHTGTQRYEQYF	1
CASSSQGSGRENEQFF	1
CASSSQGTTYEQYF	1
CASSSQTSAYEQYF	1
CASSSVVDNEQFF	1
CASSSVRSGANVLTF	1
CASSSVGQYTGELFF	1
CASSSAPEGTGAYEQYF	1
CASSSGPLYEQYF	1
CASSSGGLANSYEQYF	1
CASSSGINYNEQFF	1
CASSSGTPNTGELFF	1
CASSSGTSVVETQYF	1
CASSSGTSGSADTQYF	1
CASSSGTGGETQYF	1
CASSSGYRNYGYTF	1
CASSSGLAGEQETQYF	1
CASSSGLAGGPGSETQYF	1
CASSSGLADSNWFF	1
CASSSDRVGNEQFF	1
CASSSTSGSSYNEQFF	1
CASSSTSGSPNIQYF	1
CASSSTGTGGDEQYF	1
CASSSSGENLNEQFF	1
CASSSRGRGDEQFF	1
CASSSNTGVTGELFF	1
CASSSKGQGARETQYF	1
CASSSSDVDTQYF	1
CASSSYNEQFF	1
CASSSPTQGTDRRDYSNQPQHF	1
CASSSPGQGSYNEQFF	1
CASSSRGDGELFF	1
CASSSRRADTQYF	1
CASSSQGLVETQYF	1
CASSSQTRGGDEQFF	1
CASSSVGGPYQYF	1
CASSSASGRARETQYF	1
CASSSASGRGNEQFF	1
CASSSAGTSYEQYF	1
CASSSARVATDTQYF	1
CASSSGPQETQYF	1
CASSSGRSDTQYF	1
CASSSGTSGMNEQFF	1
CASSSGLAATNTGELFF	1
CASSSGLAGSDTQYF	1
CASSSGLAGGPQYF	1
CASSSGLAGGPFYNEQFF	1
CASSSGLAGDSHEQYF	1
CASSSGLAGDEQYF	1
CASSSGLAEGDTQYF	1
CASSSGQRQDTQYF	1
CASSSGQGYEQYF	1
CASSSGGAWQETQYF	1
CASSSDSSPVWEQYF	1
CASSSDRFPYEQYF	1
CASSSDRDVPETQYF	1
CASSSEDRGWREQYF	1
CASSSETGTSGRRVYEQYF	1
CASSSIDSIETQYF	1
CASSSMLLAGGYNEQFF	1
CASSSTSGTDTQYF	1
CASSSTATNEKLFF	1
CASSSTGISGETQYF	1
CASSSRQGDYEQYF	1
CASSSNGLAGVETQYF	1
CASSSKGLGGSGGEQFF	1
CASSSFPIANNEQFF	1
CASSSWDGASTDTQYF	1
CASSSLAGNNEQFF	1
CASSSLAGGPGTDTQYF	1
CASSSRLDPSSYEQYF	1
CASSSQGSSYEQYF	1
CASSSQGGTEAFF	1
CASSSQGNGANVLTF	1
CASSSADQFYYEQFF	1
CASSSGGGPAYNEQFF	1
CASSSGRLGNTGELFF	1
CASSSGQGKSEQYF	1
CASSSGQGRAYEQYF	1
CASSSDTGGNEQFF	1
CASSSDSSGETQYF	1
CASSSMGGVETQYF	1
CASSSTSGRLLYNEQFF	1
CASSSSRPSQETQYF	1
CASSSRTSGVREQFF	1
CASSWLGAGGVTDTQYF	1
CASSWWGSGDEQFF	1
CASSWVAGGPYEQYF	1
CASSWASTRNTGELFF	1
CASSWALAGEASYEQYF	1
CASSWAGVTQYF	1
CASSWGPGTYNEQFF	1
CASSWGQVIRSEQYF	1
CASSWGGGQDTQYF	1
CASSWGGRGTQETQYF	1
CASSWGTGHEQFF	1
CASSWGFEETQYF	1
CASSWGLVTYEQYF	1
CASSWGLAGGSYNEQFF	1
CASSWGLAEAYEQYF	1
CASSWGQGSEQFF	1
CASSWGQGMVNEQFF	1
CASSWDTSGPSYEQYF	1
CASSWDRTDTQYF	1
CASSWDTGELFF	1
CASSWDSTQETQYF	1
CASSWDSTYEQYF	1
CASSWDRVSGNTIYF	1
CASSWDRGQEDTQYF	1
CASSWDRNTGELFF	1
CASSWDNTDTQYF	1
CASSWTSGYEQYF	1
CASSWTSGAYEQYF	1
CASSWTLAGGYNEQFF	1
CASSWTGGETQYF	1
CASSWTGTAPGSGNTIYF	1
CASSWTRPEETQYF	1
CASSWRDSYEQYF	1
CASSYWNPGQGDEQYF	1
CASSYYGASSEQYF	1
CASSYLAGGNTGELFF	1
CASSYRTVTETQYF	1
CASSYASGGRPNTGELFF	1
CASSYTGTDYNEQFF	1
CASSYTLGEQFF	1
CASSYTGARETQYF	1
CASSYSGTSTDTQYF	1
CASSYFRDSTYEQYF	1
CASSYFSGSYEQYF	1
CASSYLTNEQFF	1
CASSYSLVGEQFF	1
CASSYLPSYQETQYF	1
CASSYPLAEETQYF	1
CASSYPKETQYF	1
CASSYRDRAPGELFF	1
CASSYRLAGGHEQYF	1
CASSYQTEQFF	1
CASSYASLYEQYF	1
CASSYGSDSSGNTIYF	1
CASSYGPTYNEQFF	1
CASSYGTGQNEQFF	1
CASSYGTGGQETQYF	1
CASSYGLRGVNEQFF	1
CASSYGQEKNSPLHF	1
CASSYTSGREYNEQFF	1
CASSYREAGANVLTF	1
CASSYNPSGRAYTGELFF	1
CASSLFEGVTGELFF	1
CASSLLAEYNEQFF	1
CASSLYRGDYEQYF	1
CASSLLREGVDTQYF	1
CASSLRELGTDTQYF	1
CASSLQAGPTDTQYF	1
CASSLGGRSSSYEQYF	1
CASSLGLYNEQFF	1
CASSLDRGNYEQYF	1
CASSLETGNTEAFF	1
CASSLIAGGTDTQYF	1
CASSLSSGELFF	1
CASSLRTSGRTSTDTQYF	1
CASSLNPGLASSYEQYF	1
CASSLLLAGLTGELFF	1
CASSLSSGTSAYNEQFF	1
CASSLSAGGFQETQYF	1
CASSLSGSGRAYNEQFF	1
CASSLWTSGPRHEQFF	1
CASSLWTGSNEQFF	1
CASSLLGGAGYEQYF	1
CASSLLVGTSGKRGYNEQFF	1
CASSLLRDSASNYGYTF	1
CASSLPAEGDTQYF	1
CASSLRPQDHEQYF	1
CASSLRDRVVEQFF	1
CASSLRDNYEQYF	1
CASSLRTSGSSYNEQFF	1
CASSLRLDGPKTQYF	1
CASSLRGTTYEQYF	1
CASSLRRGNSYNEQFF	1
CASSLQRTDREQYF	1
CASSLGRSYEQYF	1
CASSLGLAGVSYNEQFF	1
CASSLGRGANSNEQFF	1
CASSLGQGLGEQFF	1
CASSLGDRDINEQFF	1
CASSLELTGGYQETQYF	1
CASSLIGTGGTEAFF	1
CASSLTSGRAGEQFF	1
CASSLTMGLNYEQYF	1
CASSLTIATVEAFF	1
CASSLTEGEKQYF	1
CASSLSGVERTEAFF	1
CASSLSGSWYQETQYF	1
CASSLRTGGHYEQYF	1
CASSLRGVNYNEQFF	1
CASSLNLVTGELFF	1
CASSLSGSEQYF	1
CASSLPGETQYF	1
CASSLPVPGPTDTQYF	1
CASSLQTGSYETQYF	1
CASSLVVGDYGFF	1
CASSLVGPMGDHEQFF	1
CASSLVGYRASYNEQFF	1
CASSLAVRGYETQYF	1
CASSLAGLPGYNEQFF	1
CASSLAGTRYGTDTQYF	1
CASSLAGLETQYF	1
CASSLGPEQYF	1
CASSLGDAGETQYF	1
CASSLGSSYNEQFF	1
CASSLGLRTDTQYF	1
CASSLGLAGVVADTQYF	1
CASSLGQRGDTQYF	1
CASSLDAGINQPQHF	1
CASSLDSYEQYF	1
CASSLTSGPNTGELFF	1
CASSLTSGYLYNEQFF	1
CASSLTGTNTDTQYF	1
CASSLTLVDAGELFF	1
CASSLTPQRNEQFF	1
CASSLTGGSTGELFF	1
CASSLTGTTGEQYF	1
CASSLRTSSDFYEQFF	1
CASSLFSNQPQHF	1
CASSLLQGESLLEQYF	1
CASSLLGLGTDTQYF	1
CASSLRGQLTQETQYF	1
CASSLQVSGANVLTF	1
CASSLVAGPYNEQFF	1
CASSLAPGLRSTDTQYF	1
CASSLAGGPGEQYF	1
CASSLANYNEQFF	1
CASSLGVKETQYF	1
CASSLGGSSRANVLTF	1
CASSLGTTQNNEQFF	1
CASSLGLNTEAFF	1
CASSLGQGTGELFF	1
CASSLDFLGNQPQHF	1
CASSLDPGLADYEQYF	1
CASSLDRTSGRAYNEQFF	1
CASSLTSGATGELFF	1
CASSLSGLGNSGAQHF	1
CASSLRLGLAGVGYEQYF	1
CASSLNLAGGNNEQFF	1
CASSLKSGTAYEQYF	1
CASSPWDTESDTQYF	1
CASSPLDPNTEAFF	1
CASSPLAGLSSYNEQFF	1
CASSPPSQIQYF	1
CASSPPGPGANVLTF	1
CASSPHLIGGGPRSGAKNIQYF	1
CASSPQRSSYNEQFF	1
CASSPQRGLAEETQYF	1
CASSPQVVEETQYF	1
CASSPQVTVTDTQYF	1
CASSPQGQTDGADTQYF	1
CASSPVRGETQYF	1
CASSPAPGTDSTDTQYF	1
CASSPGSGLATYEQYF	1
CASSPGVGTDEQFF	1
CASSPGRYQETQYF	1
CASSPGQVYNEQFF	1
CASSPDPRGSYEQYF	1
CASSPDAAGGPANEQYF	1
CASSPDRPNTGELFF	1
CASSPDRGGLGELFF	1
CASSPEGDYGYTF	1
CASSPTRLSGNTIYF	1
CASSPTRANPYEQYF	1
CASSPTRSSYEQYF	1
CASSPTVAGGNTGELFF	1
CASSPSSLTYEQYF	1
CASSPSGAGGRYEQYF	1
CASSPSGSGSYNEQFF	1
CASSPRQGTNTEAFF	1
CASSPKRTSGNLYNEQFF	1
CASSPFPGTSAYNEQFF	1
CASSPFGRQSTDTQYF	1
CASSPFARQGVANEQFF	1
CASSPFMGTGGDGYTF	1
CASSPLGLATDTQYF	1
CASSPSMASGRLSEQFF	1
CASSPSAGREYEQYF	1
CASSPSLGRDTYEQYF	1
CASSPWYETSGRLSSYNEQFF	1
CASSPWVAGVYEQYF	1
CASSPYWRAPNEQFF	1
CASSPYSADTQYF	1
CASSPYPDTSPYNEQFF	1
CASSPLWGTETQYF	1
CASSPLAGVGANVLTF	1
CASSPLAGSYNEQFF	1
CASSPLGDRGEQYF	1
CASSPLSSGLYNEQFF	1
CASSPLQGADTIYF	1
CASSPLAGVADTQYF	1
CASSPLAGGLPDTGELFF	1
CASSPPFAGQPTGELFF	1
CASSPPLLRIDEQFF	1
CASSPPGTVSYEQYF	1
CASSPPGTSVYNEQFF	1
CASSPPGTSGNTGELFF	1
CASSPPGGGEQYF	1
CASSPPQRYEQYF	1
CASSPPGSYEQYF	1
CASSPRGQGTQETQYF	1
CASSPRGNSPLHF	1
CASSPRATNEKLFF	1
CASSPRGGTSYEQYF	1
CASSPRGQTSYGYTF	1
CASSPRTSGTYEQYF	1
CASSPRLAGGNEQFF	1
CASSPRQTSSYNEQFF	1
CASSPRDQRDYEQYF	1
CASSPQLGGAPYEQYF	1
CASSPQRGEQFF	1
CASSPQGLAGAKTQYF	1
CASSPAPGLLIREQFF	1
CASSPATGTTNNEQFF	1
CASSPAGPFVSEQFF	1
CASSPGPWDEQFF	1
CASSPGGSGTGELFF	1
CASSPGGSRGETQYF	1
CASSPGDFYEQYF	1
CASSPGTPYNEQFF	1
CASSPGTSAKSSYNEQFF	1
CASSPGTLFGEQYF	1
CASSPGTVGEQYF	1
CASSPGTAGEQYF	1
CASSPGTGYNEQFF	1
CASSPGTGRETQYF	1
CASSPGTGVTDTQYF	1
CASSPGTGGTDTQYF	1
CASSPGSGDYEQYF	1
CASSPGLAGLEETQYF	1
CASSPGLAGATGELFF	1
CASSPGLAGELVYEQYF	1
CASSPGPQVGYEQYF	1
CASSPGQGVGHNSETQYF	1
CASSPGQGETQYF	1
CASSPGQEHGELFF	1
CASSPGGTGELFF	1
CASSPGGGVGDTQYF	1
CASSPGGGVGTDTQYF	1
CASSPGTYEQYF	1
CASSPDGQRPNEQYF	1
CASSPDSYNEQFF	1
CASSPDRGSYEQYF	1
CASSPDGTSGFEQYF	1
CASSPDGEETQYF	1
CASSPDTISRNNEQFF	1
CASSPDTRNQPQHF	1
CASSPDRGLGYEQYF	1
CASSPDRSSYNEQFF	1
CASSPERAASYNEQFF	1
CASSPEGAQETQYF	1
CASSPEEGTGLYEQYF	1
CASSPEPSGRADTQYF	1
CASSPITNHLSGEQYF	1
CASSPTFSNTEAFF	1
CASSPTPLAGGWTGELFF	1
CASSPTSGGSYNEQFF	1
CASSPTSGISEQYF	1
CASSPTRSGSTDTQYF	1
CASSPTIGSGEQYF	1
CASSPTTGRYYEQYF	1
CASSPTREGTGELFF	1
CASSPTGSLEQYF	1
CASSPSTGGADTQYF	1
CASSPSFGAGTSTDTQYF	1
CASSPRGPDTGELFF	1
CASSPRTGSFYEQYF	1
CASSPRRWAGGYEQYF	1
CASSPRLAGAYEQYF	1
CASSPNPGQGLQEQYF	1
CASSPKGPDYEQYF	1
CASSPKRGNTGELFF	1
CASSPKNSRGYEQYF	1
CASSPFAGVESYNEQFF	1
CASSPLGRGYNEQFF	1
CASSPLAGGPYNEQFF	1
CASSPSSGRGDEQFF	1
CASSPSSDRYNEQFF	1
CASSPSDTDTQYF	1
CASSPYGDYNEKLFF	1
CASSPLEQYF	1
CASSPLPGLAVYEQYF	1
CASSPPIPGANVLTF	1
CASSPRPGTGWAQDIQYF	1
CASSPRGTSNYEQYF	1
CASSPRTGDNEQFF	1
CASSPRLAGDNEQFF	1
CASSPVGVQETQYF	1
CASSPAESGAYEQYF	1
CASSPGPDPNEQFF	1
CASSPGGQETQYF	1
CASSPGTSGSISYEQYF	1
CASSPGTRGDTQYF	1
CASSPGTGANTGELFF	1
CASSPGTAINTGELFF	1
CASSPGLGTISNQPQHF	1
CASSPGLANTGELFF	1
CASSPGLAGYEQYF	1
CASSPGLAGVQETQYF	1
CASSPGLAGSNEQYF	1
CASSPGLADYEQYF	1
CASSPGLTQETQYF	1
CASSPGHSSYEQYF	1
CASSPGQPLLEQYF	1
CASSPGQGGYEQFF	1
CASSPGQGSTDTQYF	1
CASSPGQGEGYEQYF	1
CASSPGQGRTSGELFF	1
CASSPGQGRTGELFF	1
CASSPGQDYEQYF	1
CASSPGVSETQYF	1
CASSPGVGEDNYEQYF	1
CASSPGGSGANVLTF	1
CASSPGSYGYTF	1
CASSPDTDYQETQYF	1
CASSPDPPYEQYF	1
CASSPDVQETQYF	1
CASSPDGYNEQFF	1
CASSPDRTTYEQYF	1
CASSPEVVRQFNNEQYF	1
CASSPEGDTQYF	1
CASSPETGGFGELFF	1
CASSPIGTGVQETQYF	1
CASSPIAGGLGELFF	1
CASSPIAGEVGNEQFF	1
CASSPTSPSYNEQFF	1
CASSPTLAGGNEQFF	1
CASSPTALGPLYEQYF	1
CASSPTGTEGETQYF	1
CASSPTGQGFGYTF	1
CASSPTLLAGADTQYF	1
CASSPTGIEETQYF	1
CASSPTGSSNGELFF	1
CASSPSLDILREQYF	1
CASSPRDFTYNEQFF	1
CASSPRLAGVGETQYF	1
CASSPNVETQYF	1
CASSPNPGAYGYTF	1
CASSPNRETQYF	1
CASSPNNRGGGELFF	1
CASSPSGGSSYNEQFF	1
CASSPWTGVNTEAFF	1
CASSPLPHYNEQFF	1
CASSPLPRTSGYNEQFF	1
CASSPLAGIYEQYF	1
CASSPLAGVVSYNEQFF	1
CASSPPGTRLNEQFF	1
CASSPPGKTQYF	1
CASSPRLYSYNEQFF	1
CASSPRLLIGGTQYF	1
CASSPRDFTDTQYF	1
CASSPRTGPDTQYF	1
CASSPHRTGELFF	1
CASSPVGQGETQYF	1
CASSPVLAGGPGEQYF	1
CASSPAASGSSYEQYF	1
CASSPAGGYNEQFF	1
CASSPGPRELFF	1
CASSPGRSSSYEQYF	1
CASSPGASGTYNEQFF	1
CASSPGDWETQYF	1
CASSPGTRLDMYF	1
CASSPGTVTDTQYF	1
CASSPGTVGGSAFF	1
CASSPGLAGVFSTDTQYF	1
CASSPGLAGSSYEQYF	1
CASSPGLAGRNEQFF	1
CASSPGQGQETQYF	1
CASSPGQGETQYF	1
CASSPGASTQETQYF	1
CASSPDPGSDSYEQYF	1
CASSPDPTGSYNEQFF	1
CASSPDRGRTQYF	1
CASSPEGHSYEQYF	1
CASSPMMFGGTGDIGETQYF	1
CASSPILVFPNEQFF	1
CASSPTSGSSYNEQFF	1
CASSPTHGREGNEQYF	1
CASSPTGTSSYEQYF	1
CASSPTGTGWAKNIQYF	1
CASSPTGTSSYEQYF	1
CASSPTGLAGGAKNIQYF	1
CASSPTGVGYEQYF	1
CASSPTGGSGNTIYF	1
CASSPTGEDTQYF	1
CASSPSGIPNYGYTF	1
CASSPSRTGSYNEQFF	1
CASSPRDPYNEQFF	1
CASSPRLAGLTDTQYF	1
CASSPNRDANSPLHF	1
CASSPKTSGINYNEQFF	1
CASSRSSGRGTDTQYF	1
CASSRRRDTQYF	1
CASSRVAGGISGANVLTF	1
CASSRGGQGLYEQYF	1
CASSRSGQNQETQYF	1
CASSRNRRGFAYNEQFF	1
CASSRKLSSYNEQFF	1
CASSRFLSGQETQYF	1
CASSRYTSPGPDSNEQFF	1
CASSRRTGGNEQFF	1
CASSRQQGASTDTQYF	1
CASSRVLGGSGNEQFF	1
CASSRVTDSLNTEAFF	1
CASSRGTGGYYEQYF	1
CASSRGRSDSYEQYF	1
CASSRGLSVYYEQYF	1
CASSRGRFYTDTQYF	1
CASSRDPYSSYNEQFF	1
CASSREGGYEQYF	1
CASSRTGTSGSAYEQYF	1
CASSRRGEVAVYNEQFF	1
CASSRLTGGNEKLFF	1
CASSRLAAYNEQFF	1
CASSRLAAGGMNTGELFF	1
CASSRGSPGEEQYF	1
CASSRGSGELFF	1
CASSRGLAGAYNEQFF	1
CASSRGEPTGEQYF	1
CASSRGTSGRFYEQYF	1
CASSRGRGDSPLHF	1
CASSRGRETEQFF	1
CASSRGQNTEAFF	1
CASSRGGGGGRAGADTQYF	1
CASSRDFSYQETQYF	1
CASSRDSEQYF	1
CASSRDLPSDEQYF	1
CASSRDHQETQYF	1
CASSREVSQTYEQYF	1
CASSRMQGEGTQYF	1
CASSRTSGKTGELFF	1
CASSRTANEKLFF	1
CASSRTGKTYEQYF	1
CASSRRLAGKAYEQYF	1
CASSRFSLSNYGYTF	1
CASSRSNTGELFF	1
CASSRSGTSGRADTGELFF	1
CASSRPAGTEAFF	1
CASSRRDSYNEQFF	1
CASSRQGIPSEQYF	1
CASSRQLYGGSSYEQYF	1
CASSRVTDSYEQYF	1
CASSRALAGAGYEQFF	1
CASSRAGQGETEAFF	1
CASSRGGETQYF	1
CASSRGGNIYEQYF	1
CASSRGTGFSYEQYF	1
CASSRGGLAGKKASYNEQFF	1
CASSRDWTYEQYF	1
CASSRDAEQFF	1
CASSRDGTGETQYF	1
CASSRETGGYEQYF	1
CASSREPGRRPSNEQFF	1
CASSREQYYEQYF	1
CASSRIDRGTYNEQFF	1
CASSRISTSGHNEQFF	1
CASSRTGLAQDEQFF	1
CASSRKASAGETQYF	1
CASSHSSGRGNEQFF	1
CASSHSLAYEQYF	1
CASSHLSQGVSGANVLTF	1
CASSHLPQSSYEQYF	1
CASSHPGQGIYEQYF	1
CASSHPGTGDVATNEKLFF	1
CASSHRGRDRIGYIQYF	1
CASSHRHSSSYEQYF	1
CASSHHPEDVAGANGELFF	1
CASSHQAGGNQETQYF	1
CASSHVGLAGDHSGYNEQFF	1
CASSHAGTSDPYEQYF	1
CASSHAGTPVNEQFF	1
CASSHARGGDMSTGELFF	1
CASSHGELCDEQFF	1
CASSHGRASGSSEQYF	1
CASSHTSGSTGELFF	1
CASSHTGTAYYEQYF	1
CASSHTGLDTQYF	1
CASSHTGLAGEQYF	1
CASSHSGRASEQYF	1
CASSHRVKAGDIQYF	1
CASSHRTVNLYNEQFF	1
CASSHFSGRTDTDTQYF	1
CASSHSPREEPRNTEAFF	1
CASSHSLAGGPLEETQYF	1
CASSHLLAASTDTQYF	1
CASSHLLAGVAYEQYF	1
CASSHLAFMTDTQYF	1
CASSHPLGGHYEQYF	1
CASSHPIVVDTQYF	1
CASSHPSTYEQYF	1
CASSHPRDRVNTGELFF	1
CASSHPGRGSYEQYF	1
CASSHRTTGSYNEQFF	1
CASSHRVLAGAYEQYF	1
CASSHRGPTNEKLFF	1
CASSHRGPGTADLSYEQYF	1
CASSHRGDDTQYF	1
CASSHRGGDEQYF	1
CASSHRTSENSEQYF	1
CASSHRTGTYEQYF	1
CASSHRHSSEQFF	1
CASSHQGVPYNEQFF	1
CASSHQSRVQAGELFF	1
CASSHQLSVQRVYEQFF	1
CASSHQAGGTDTQYF	1
CASSHVGTGGGTDTQYF	1
CASSHASGRAGSYEQYF	1
CASSHAGLADYEQYF	1
CASSHAFRDRVSFTF	1
CASSHGTSGRADTQYF	1
CASSHGTDYEQYF	1
CASSHGLDNEQFF	1
CASSHGQGIRNTIYF	1
CASSHGQESYLYEQYF	1
CASSHEGRTGELFF	1
CASSHIRGTHINEQFF	1
CASSHIDVLAGSAYNEQFF	1
CASSHTGGFANEKLFF	1
CASSHSGRAVDEQYF	1
CASSHRGWTGELFF	1
CASSHRYGAEQFF	1
CASSQLPRPLYNEQFF	1
CASSQSKRERSTDTQYF	1
CASSQSEMGYEQFF	1
CASSQYFSPTYNEQFF	1
CASSQLGGARGYTF	1
CASSQLPWLDYWDRGYNEQFF	1
CASSQLADTDTQYF	1
CASSQLDGSYEQYF	1
CASSQPSTDTQYF	1
CASSQPRRGRAVNEQFF	1
CASSQPKFGSKQPSSTDTQYF	1
CASSQPTGVRGNIQYF	1
CASSQPQQDANNEQFF	1
CASSQRRRNEKLFF	1
CASSQRAPGIYNEQFF	1
CASSQRDTQYF	1
CASSQRTGMNTGELFF	1
CASSQQLAGVSNEQFF	1
CASSQVGGRAPSYNEQFF	1
CASSQVAGEETQYF	1
CASSQASAREETQYF	1
CASSQAGLLGVEKLFF	1
CASSQAGTSGRENEQFF	1
CASSQAYGLAGGLGTQYF	1
CASSQGRRGSEQYF	1
CASSQGYLNEQFF	1
CASSQGDRHSYEQYF	1
CASSQGTSAYNEQFF	1
CASSQGTGFYEQYF	1
CASSQGLQGVGTQYF	1
CASSQGSRSSYNEQFF	1
CASSQGLAGGTYEQYF	1
CASSQGLANEQYF	1
CASSQGPPKEQYF	1
CASSQGRLAGALYNEQFF	1
CASSQGQGSWVYEQYF	1
CASSQGQGVYNEQFF	1
CASSQGQGVGYGYTF	1
CASSQGDVSNEQFF	1
CASSQDFRGAYEQYF	1
CASSQDTDTANTGELFF	1
CASSQDSPGNEQFF	1
CASSQDSTYEQYF	1
CASSQDRSGTGELFF	1
CASSQERYSYEQYF	1
CASSQEGGAKTGELFF	1
CASSQEGLANNEQFF	1
CASSQEDRGPEAFF	1
CASSQETQLLNEQFF	1
CASSQEGTGGRETQYF	1
CASSQIDRAAYEQYF	1
CASSQMAERVVPDTQYF	1
CASSQIAGGLYEQYF	1
CASSQIAGGPSYNEQFF	1
CASSQTSVTDTQYF	1
CASSQTVNTGELFF	1
CASSQTGTGGLEQYF	1
CASSQTGGTDTQYF	1
CASSQTEKLAGGREPYNEQFF	1
CASSQTPTGLGGQPQHF	1
CASSQTGDYNEQFF	1
CASSQTGGTGPQHF	1
CASSQRSGMGSYEQYF	1
CASSQRTGLNEQFF	1
CASSQNGAYEQYF	1
CASSQFWAGAPETQYF	1
CASSQFGTGTSLTDTQYF	1
CASSQLLAGEQYF	1
CASSQLGLTGGNRYF	1
CASSQLTGISYEQYF	1
CASSQLFRTSVSSGAYNEQFF	1
CASSQLQGAGADTQYF	1
CASSQLQGRVTGELFF	1
CASSQLTSGSYEQYF	1
CASSQSLIGTSGSVEQFF	1
CASSQSTGTDTQYF	1
CASSQSDADTQYF	1
CASSQSLGSYEQYF	1
CASSQWAGTSGSYEQYF	1
CASSQWGEGSYNEQFF	1
CASSQWTGKGLGEQYF	1
CASSQYPSGSSHEQYF	1
CASSQYTSGSYNEQFF	1
CASSQLIRDTQYF	1
CASSQLTSGRFYEQYF	1
CASSQLSGAVDTQYF	1
CASSQLSNEKLFF	1
CASSQLPGTSPFF	1
CASSQLPLPNYEQYF	1
CASSQLTSGLAGTGELFF	1
CASSQLGDTQYF	1
CASSQLTGGENIQYF	1
CASSQLQNTEAFF	1
CASSQLARDYEQYF	1
CASSQLAGASASTDTQYF	1
CASSQLAGDMNEQFF	1
CASSQLGDSTDTQYF	1
CASSQPLAGVWEQYF	1
CASSQPPGDTQYF	1
CASSQPRGF	1
CASSQPLDGVTGELFF	1
CASSQPGLVQETQYF	1
CASSQPGQGIYEQYF	1
CASSQPTGAGANVLTF	1
CASSQPRLASSSYEQYF	1
CASSQPSRSEQYF	1
CASSQPQETQYF	1
CASSQPGQGKNIQYF	1
CASSQRGTQYF	1
CASSQRQHIGELFF	1
CASSQRVMRTRSYNEQFF	1
CASSQRALADTQYF	1
CASSQRDSRGNEQFF	1
CASSQRERTGELFF	1
CASSQRQGARREPTGELFF	1
CASSQQDRGRAYEQYF	1
CASSQQTGQFYEQYF	1
CASSQQTGVEQFF	1
CASSQQLAGGPTYEQYF	1
CASSQVFREGSYEQYF	1
CASSQVLPRFGLSSYEQYF	1
CASSQVLGLAKNIQYF	1
CASSQVLIVDTQYF	1
CASSQVSEVQFF	1
CASSQVWHSDPEAFF	1
CASSQVLGGEVDEQYF	1
CASSQVRLAFDEQFF	1
CASSQVQRRNEQFF	1
CASSQVAGDWTDTQYF	1
CASSQVGVRYEQYF	1
CASSQVGGTEAFF	1
CASSQVMGSGDEQFF	1
CASSQVNKRYNEQFF	1
CASSQVSHTGELFF	1
CASSQVWREGLREQFF	1
CASSQVWREGQQYF	1
CASSQVLRGAGTEAFF	1
CASSQVPLTNEKLFF	1
CASSQVPPGTSMDTQYF	1
CASSQVPLAISYNEQFF	1
CASSQVRGVGAKNIQYF	1
CASSQVQANEKLFF	1
CASSQVVSVGQAYEQYF	1
CASSQVGLAGVEQFF	1
CASSQVELETDTQYF	1
CASSQVEGEETQYF	1
CASSQVKVGNTGELFF	1
CASSQVLQGGIQPQHF	1
CASSQVSSGSYEQYF	1
CASSQVLNTGELFF	1
CASSQVRGVTYNEQFF	1
CASSQVQAGVTQYF	1
CASSQVVGNQPQHF	1
CASSQVASGANVLTF	1
CASSQVAGAYEQYF	1
CASSQVAGGLYEQYF	1
CASSQVGRGPDTQYF	1
CASSQVGSATYEQYF	1
CASSQVGLAGTPYEQYF	1
CASSQVGLAREQYF	1
CASSQVDGRSSYEQYF	1
CASSQVEPPSMAEADTQYF	1
CASSQVTGNIQYF	1
CASSQVSGGRALKNEQFF	1
CASSQVLAGGLSTDTQYF	1
CASSQVSTGGGGGTDTQYF	1
CASSQVWPPLNEQFF	1
CASSQVWGPSYEQYF	1
CASSQVYIRASPLGRVDEQFF	1
CASSQVPGTYEQYF	1
CASSQVPGAGGELFF	1
CASSQVRSSTDTQYF	1
CASSQVVPRVAGELFF	1
CASSQVASGAYEQYF	1
CASSQVAGFFYEQYF	1
CASSQVAGSTNEQFF	1
CASSQVAGVADTQYF	1
CASSQVAGGSYEQYF	1
CASSQVGLALGEQYF	1
CASSQVGQETQYF	1
CASSQVGLAGETQYF	1
CASSQVISGRAETDTQYF	1
CASSQVNWDTQYF	1
CASSQAPVAPGELFF	1
CASSQAGDTGANVLTF	1
CASSQAGGADTQYF	1
CASSQASGRAYEQYF	1
CASSQALRGPIFYGYTF	1
CASSQASPGPSGSVYNEQFF	1
CASSQALAGLSVGTQYF	1
CASSQAPGTGSYEQYF	1
CASSQAPAGATDTQYF	1
CASSQAPGTVYEQYF	1
CASSQARGSAYEQYF	1
CASSQAAQPSYEQYF	1
CASSQAAGDPPNSYEQYF	1
CASSQAGTYTYNEQFF	1
CASSQAGTNTGELFF	1
CASSQAIAQLYEQYF	1
CASSQARAGVSYNEQFF	1
CASSQAVGANYNEQFF	1
CASSQAGDEQFF	1
CASSQAGQMYSNQPQHF	1
CASSQAGVPTDTQYF	1
CASSQAGGPVNEQFF	1
CASSQAEGLAGGSPYEQYF	1
CASSQATSQTGGSYEQYF	1
CASSQAKGYEQYF	1
CASSQALGGSTRGYEQYF	1
CASSQAWDGSGNTIYF	1
CASSQAGRGELAEQYF	1
CASSQAGGGYEQYF	1
CASSQATGYGYTF	1
CASSQARQGEKLFF	1
CASSQAKLGLAGETGELFF	1
CASSQGWTSEANEQFF	1
CASSQGYFETSGRDEQYF	1
CASSQGLETSYEQYF	1
CASSQGLAGGTYNEQFF	1
CASSQGGSGTEAFF	1
CASSQGSGSEQFF	1
CASSQGSGRLQETQYF	1
CASSQGWTGRTFYNEQFF	1
CASSQGLAGGTGELFF	1
CASSQGLGSYEQYF	1
CASSQGQGSSYEQYF	1
CASSQGNRF	1
CASSQGFGSGRDTQYF	1
CASSQGLPGPRGYTF	1
CASSQGSSPTGQFF	1
CASSQGLESSYEQYF	1
CASSQGLAGATYEQYF	1
CASSQGREQFF	1
CASSQGQLYEQYF	1
CASSQGVGGFQGYTF	1
CASSQGVTETQYF	1
CASSQGAWRAASYNEQFF	1
CASSQGAGLGADTQYF	1
CASSQGARGERYEQYF	1
CASSQGGEQYF	1
CASSQGDQRYNEQFF	1
CASSQGDSWFF	1
CASSQGESSYNEQFF	1
CASSQGMVETQYF	1
CASSQGMEYEQYF	1
CASSQGIAGGTSF	1
CASSQGTSGYNEQFF	1
CASSQGTSGPLF	1
CASSQGTSRDTQYF	1
CASSQGTSELNEQFF	1
CASSQGTLQSGGAFF	1
CASSQGTGSSYEQYF	1
CASSQGNRDTGELFF	1
CASSQGLSDGVAHEQYF	1
CASSQGLPSRLFF	1
CASSQGLAGGRYYEQYF	1
CASSQGLAEEETQYF	1
CASSQGLGGDTQYF	1
CASSQGPEETQYF	1
CASSQGPDDEQYF	1
CASSQGPQYLRNEQYF	1
CASSQGRGTNTGELFF	1
CASSQGRGVAGELFF	1
CASSQGRSSYEQYF	1
CASSQGQLSYEQYF	1
CASSQGQGTFYEQYF	1
CASSQGVGTSVSEQYF	1
CASSQGVEGRTDTQYF	1
CASSQGGAAAPPSRGEETQYF	1
CASSQGGDTQYF	1
CASSQGGTGVFETQYF	1
CASSQGETNEQFF	1
CASSQGIAGDYEQYF	1
CASSQGIGRTNTGELFF	1
CASSQGTGGGGRYTEAFF	1
CASSQGRLARVDEQFF	1
CASSQGRGQGKVEQFF	1
CASSQDFQAGELFF	1
CASSQDFEPEDTQYF	1
CASSQDFSLVRNEQFF	1
CASSQDFSGSYEQYF	1
CASSQDLYKLGPDTQYF	1
CASSQDLPEGNNEQFF	1
CASSQDLVVARSTGELFF	1
CASSQDLGRYEQYF	1
CASSQDLGSTYEQYF	1
CASSQDLKGRDEQYF	1
CASSQDLQLSSYEQYF	1
CASSQDLALEAFF	1
CASSQDLESGVYEQYF	1
CASSQDSSPSGGTGNEQFF	1
CASSQDSRDMNTEAFF	1
CASSQDSIPTTQYF	1
CASSQDSASHSSYNEQFF	1
CASSQDSMGQVVFNSPLHF	1
CASSQDSTGGSGEQYF	1
CASSQDSWAEQFF	1
CASSQDWRPGGNEQFF	1
CASSQDWGYEQYF	1
CASSQDWGLNTGELFF	1
CASSQDWGSPGELFF	1
CASSQDWGRDEQFF	1
CASSQDWGREVTDTQYF	1
CASSQDWGQGAPEQFF	1
CASSQDWGGSSTQETQYF	1
CASSQDWGIYEQYF	1
CASSQDWTLPLHF	1
CASSQDWTGRYEQYF	1
CASSQDWNKPYEQYF	1
CASSQDYGNGEQYF	1
CASSQDYRWDPYEQYF	1
CASSQDYREQYF	1
CASSQDYGGSYNEQFF	1
CASSQDYGQGASSPLHF	1
CASSQDYTYSTDTQYF	1
CASSQDYRINTEAFF	1
CASSQDLSTDTQYF	1
CASSQDLREAFYNEQFF	1
CASSQDLGDYNEQFF	1
CASSQDLEEQGYEQYF	1
CASSQDLEGGGSYNEQFF	1
CASSQDLSYEQYF	1
CASSQDLLGYSPDTQYF	1
CASSQDLLGLATGWETQYF	1
CASSQDLGGGSYEQYF	1
CASSQDLGVTSYEQFF	1
CASSQDLSRGYIQYF	1
CASSQDLSGGTYF	1
CASSQDLSGRARETQYF	1
CASSQDPRTTITGELFF	1
CASSQDPSGGQETQYF	1
CASSQDPLADRNNEQFF	1
CASSQDPPGSSTDTQYF	1
CASSQDPGGAYEQYF	1
CASSQDPSGSTDTQYF	1
CASSQDPRDYGYTF	1
CASSQDPWLTSGSRYGTQYF	1
CASSQDPYRGPYEQYF	1
CASSQDPVAIEGEQFF	1
CASSQDPAGSRSYEQYF	1
CASSQDPGYEQYF	1
CASSQDPGLIGYGYTF	1
CASSQDPGANTEAFF	1
CASSQDPGPSYNSPLHF	1
CASSQDPGPGRQPQHF	1
CASSQDPGDYSYEQYF	1
CASSQDPGEAGSREQFF	1
CASSQDPGGVNEQFF	1
CASSQDPEGGYEQYF	1
CASSQDPETGGYEQYF	1
CASSQDPMRGVIAGVTQYF	1
CASSQDPTSGSTGELFF	1
CASSQDPGPYEQYF	1
CASSQDPGWNSPLHF	1
CASSQDRAGGPSRETQYF	1
CASSQDRGTYNEQFF	1
CASSQDRWFYEQYF	1
CASSQDRYLEETQYF	1
CASSQDRGISGSYEQYF	1
CASSQDRGRSYNEQFF	1
CASSQDRTRKQYF	1
CASSQDRTATDTQYF	1
CASSQDRRQATSRNFF	1
CASSQDRGSGNEQFF	1
CASSQDRGSQFF	1
CASSQDHIAGEFLQFF	1
CASSQDHISGTENEQFF	1
CASSQDQSNEQFF	1
CASSQDQSAGGSSSYNEQFF	1
CASSQDQGYEQFF	1
CASSQDQAPSYNEQFF	1
CASSQDQDTQYF	1
CASSQDQEETQYF	1
CASSQDALTYNEQFF	1
CASSQDAHRAFTDTQYF	1
CASSQDARGSNQPQHF	1
CASSQDALAGGGEQYF	1
CASSQDAAGGPDTQYF	1
CASSQDAGSGANVLTF	1
CASSQDGDTDTQYF	1
CASSQDGYYEQFF	1
CASSQDGASGYQETQYF	1
CASSQDGGPTDTQYF	1
CASSQDGGAGANVLTF	1
CASSQDGRSGTDTQYF	1
CASSQDGRLLGEQFF	1
CASSQDGNFGVDEQFF	1
CASSQDGRRTYSYNEQFF	1
CASSQDGRGTTDTQYF	1
CASSQDGQGAVYNEQFF	1
CASSQDGINYGYTF	1
CASSQDGTEQYF	1
CASSQDDSDEQFF	1
CASSQDDRGGSYEQYF	1
CASSQDESSGEYNEQFF	1
CASSQDETGGHNEQFF	1
CASSQDELVRKTQYF	1
CASSQDETSFGGDIQYF	1
CASSQDISFETQYF	1
CASSQDIGYEQYF	1
CASSQDIGETQYF	1
CASSQDINPAETQYF	1
CASSQDMQGWNEQFF	1
CASSQDMASGEGDTQYF	1
CASSQDMGGNQPQHF	1
CASSQDMDSDTGELFF	1
CASSQDIGLAGELFF	1
CASSQDTHGDEQFF	1
CASSQDTSGPGETQYF	1
CASSQDSRTSGHDNEQFF	1
CASSQDSPATGELFF	1
CASSQDSGLFYEQYF	1
CASSQDSGSSYEQYF	1
CASSQDRRFIEQFF	1
CASSQDRTNYNEQFF	1
CASSQDRLSDEQFF	1
CASSQDRGGTYEQYF	1
CASSQDNLGLAQFF	1
CASSQDNLAGGANEQFF	1
CASSQDNGGVTYEQYF	1
CASSQDNEQFNVLTF	1
CASSQDNSNGELFF	1
CASSQDKRSYYEQYF	1
CASSQDKGTGELFF	1
CASSQDKAGEADTQYF	1
CASSQDSEETQYF	1
CASSQDYEQYF	1
CASSQDLRRESYEQYF	1
CASSQDLGLAGDTGELFF	1
CASSQDPSGISYEQYF	1
CASSQDPPGWGLREQYF	1
CASSQDPRTPYEQYF	1
CASSQDPGLAGVDTQYF	1
CASSQDPGGDVYYEQYF	1
CASSQDPGLAGGSTDTQYF	1
CASSQDPTGGNYNEQFF	1
CASSQDPSSYNEQFF	1
CASSQDPYNEQFF	1
CASSQDRYNEQFF	1
CASSQDRSGPSYNEQFF	1
CASSQDVPGQATSYEQYF	1
CASSQDVGSGANVLTF	1
CASSQDALGGLRGRAREQFF	1
CASSQDAPGLAEVSYEQYF	1
CASSQDGGIYNEQFF	1
CASSQDDRVNTEAFF	1
CASSQDEGLVNEQYF	1
CASSQDTGTSAYNEQFF	1
CASSQDTQTYEQYF	1
CASSQDSEETQYF	1
CASSQEFGAGAGELFF	1
CASSQELGLDNTGELFF	1
CASSQELKETQYF	1
CASSQESKHDEQFF	1
CASSQESVSYEQYF	1
CASSQESSSGIYEQYF	1
CASSQEWGDSTFYEQYF	1
CASSQEWTRIYEQYF	1
CASSQEYPGSQPQHF	1
CASSQEYKREGFTDTQYF	1
CASSQELAETSTDTQYF	1
CASSQEPSGSFDTQYF	1
CASSQEPKGAYEQYF	1
CASSQEPTSYEQYF	1
CASSQERSSYNEQFF	1
CASSQERGPYEQYF	1
CASSQEVLISGRQGGYTF	1
CASSQEVPTSGRAHTETQYF	1
CASSQEVPDWEGYSNQPQHF	1
CASSQEVGLVNQETQYF	1
CASSQEVRYEQYF	1
CASSQEASGNRFRYNEQFF	1
CASSQEAGTGEFF	1
CASSQEAQGLGEQYF	1
CASSQEGFRFEQFF	1
CASSQEGGQYNEQFF	1
CASSQEGDEQFF	1
CASSQEGTSGVFHEQYF	1
CASSQEGTDPTKQYF	1
CASSQEGTETYEQYF	1
CASSQEGQGGANVLTF	1
CASSQEDRGFSIGELFF	1
CASSQEERIREQYF	1
CASSQETSGRVDEQFF	1
CASSQESGREQFF	1
CASSQESSGANVLTF	1
CASSQERRVNYGYTF	1
CASSQERTTSYEQYF	1
CASSQERRLAGGYNEQFF	1
CASSQENPLAGVETQYF	1
CASSQEKSDKGSSGANVLTF	1
CASSQEFRASGELFF	1
CASSQESLAGLEQYF	1
CASSQESGRAYEQYF	1
CASSQEYARGPLLREQYF	1
CASSQELREQFF	1
CASSQEPGSTEAFF	1
CASSQERSVTGELFF	1
CASSQERFGRPYEQYF	1
CASSQEVGGRANQPQHF	1
CASSQEVIAGSTDTQYF	1
CASSQEVPLSTGELFF	1
CASSQEASGYYNEQFF	1
CASSQEAGLAGAPNTQYF	1
CASSQEATRGTDTQYF	1
CASSQEASGQFYNEQFF	1
CASSQEATDTQYF	1
CASSQEGPSGISYEQYF	1
CASSQEGGSTDTQYF	1
CASSQEGRLDEQYF	1
CASSQEGSSYEQYF	1
CASSQEGAGGGPYEQYF	1
CASSQEGGWFYEQFF	1
CASSQEGEAGRFYETQYF	1
CASSQEGTVFVSPLHF	1
CASSQEGWRKPTDTQYF	1
CASSQEDGQSYEQYF	1
CASSQEELGRVEAFF	1
CASSQEEWRPPDTQYF	1
CASSQEIPETQYF	1
CASSQEMSSGDSDTQYF	1
CASSQEMREATYEQYF	1
CASSQEIAGEGNEQFF	1
CASSQETGHGYEQYF	1
CASSQETYNEQFF	1
CASSQETGHPDTQYF	1
CASSQETGVEETQYF	1
CASSQESPGSANTGELFF	1
CASSQESGVTTGELFF	1
CASSQERLAGGSDTQYF	1
CASSQERGGSSTGELFF	1
CASSQERGTSGSGRELFF	1
CASSQENSYEQYF	1
CASSQIWRSAYEQYF	1
CASSQIPDREGTDTQYF	1
CASSQTRLAAMDTQYF	1
CASSQTMTMSGSYNEQFF	1
CASSQTGRYTDTQYF	1
CASSQTGRFTGELFF	1
CASSQTTGTGGETQYF	1
CASSQTGDNPYEQYF	1
CASSQTDSGGNQPQHF	1
CASSQTILAGGFNEQFF	1
CASSQTPGLAGEETQYF	1
CASSQTGGGTNEKLFF	1
CASSQSSRYEETQYF	1
CASSQSGPYNEQFF	1
CASSQRQGAYEQYF	1
CASSQRQGGTDTQYF	1
CASSQRAGLAENEQFF	1
CASSQRGDLPSEQYF	1
CASSQRDFGASEQFF	1
CASSQRLAGNEQYF	1
CASSQRQYYQETQYF	1
CASSQRGTTSYEQYF	1
CASSQNPTSVQETQYF	1
CASSQNPSGSYNEQFF	1
CASSQNGRLNEQFF	1
CASSQNRGEETQYF	1
CASSQKLAAYEQYF	1
CASSQKGGLANEQFF	1
CASSQKGATNEKLFF	1
CASSQKERGTSGRADEQFF	1
CASSVWDSYEQYF	1
CASSVHPGLAGDRSYNEQFF	1
CASSVNFGGEQYF	1
CASSVSGTSGIPYNEQFF	1
CASSVWTSGHSYEQYF	1
CASSVPTEAQYF	1
CASSVRDRGPDEQFF	1
CASSVDRARNTDTQYF	1
CASSVTDTQYF	1
CASSVQETQYF	1
CASSVGAAGTVTGELFF	1
CASSVGGPSKTQYF	1
CASSVTSGPNTGELFF	1
CASSVNINEQFF	1
CASSVAGEGAYEQYF	1
CASSAGLAGVPDTQYF	1
CASSAYTGGAWDEQYF	1
CASSAPGLAGLRHSYNEQFF	1
CASSAQVGNNEQFF	1
CASSAQGTLSYEQYF	1
CASSAAGFDYGYTF	1
CASSAGAEQYF	1
CASSAGDRFDTQYF	1
CASSAGTRDYNEQFF	1
CASSAGTDSYNEQFF	1
CASSAGLLGTQYF	1
CASSADREVGETQYF	1
CASSASSGANVLTF	1
CASSAAGGSVYNEQFF	1
CASSAGTSYQETQYF	1
CASSAGLAVGGDNEQFF	1
CASSAGLAGGLSSYNEQFF	1
CASSAGLNYNEQFF	1
CASSAGPADEQFF	1
CASSAITDVNTGELFF	1
CASSAQGSPTDTQYF	1
CASSAATSEQFF	1
CASSAGSSGANVLTF	1
CASSGLAASYNEQFF	1
CASSGLKSGQGTLRSYNEQFF	1
CASSGQRLANEQFF	1
CASSGGTGSYEQYF	1
CASSGTSVPYNEQFF	1
CASSGSPSGPYEQYF	1
CASSGPGIPDTQYF	1
CASSGARAFGGTQYF	1
CASSGGDSNYEQYF	1
CASSGGTGYNEQFF	1
CASSGGTSGRPFTDTQYF	1
CASSGGTIQETQYF	1
CASSGGLAYNEQFF	1
CASSGEPTGGGETQYF	1
CASSGTTSYNEQFF	1
CASSGLWTENYEQYF	1
CASSGPGLAGYNEQFF	1
CASSGPEQFF	1
CASSGQGTSGYEQYF	1
CASSGVGAYNEQFF	1
CASSGGVRVETQYF	1
CASSGDLALYEQYF	1
CASSGDQETQYF	1
CASSGDGTYYEQYF	1
CASSGDSGNEQYF	1
CASSGTDGDTQYF	1
CASSGRGPGELFF	1
CASSGNSGTGGNEQFF	1
CASSGLAGYQETQYF	1
CASSGLAGGHNEQFF	1
CASSGLAIQNTGELFF	1
CASSGQGSNSPLHF	1
CASSGAGTSGRPRTDTQYF	1
CASSGGLQETQYF	1
CASSGGVQETQYF	1
CASSGGGTTYNEQFF	1
CASSGTRVSGEQFF	1
CASSGNRDHEQYF	1
CASSDLGQGLKNIQYF	1
CASSDRTPLPAYNEQFF	1
CASSDPRGSYNEQFF	1
CASSDPRSFNEQFF	1
CASSDVSSTDTQYF	1
CASSDGNPIADTQYF	1
CASSDRGEQFF	1
CASSEVLAGGPYEQYF	1
CASSEASRNIQYF	1
CASSEGPNEPTQHF	1
CASSEGQGANLYEQYF	1
CASSETSSYEQYF	1
CASSERGAFEQYF	1
CASSELAGYGTGELFF	1
CASSEPGQGNEQFF	1
CASSEPTSGRAYEQYF	1
CASSEQGVQETQYF	1
CASSEQGQFYEQYF	1
CASSEVAGANTGELFF	1
CASSEASRYEQYF	1
CASSEGLGPWGEQFF	1
CASSEGLTSGGSYEQYF	1
CASSEGLAGGPEQFF	1
CASSEDRGYGYTF	1
CASSETTSYNEQFF	1
CASSESLSGEQFF	1
CASSIGTGKFQPQHF	1
CASSIGPSLGYEQYF	1
CASSINQGYEQYF	1
CASSIYTGQNTEAFF	1
CASSILIGQGTDTQYF	1
CASSIQRDTQYF	1
CASSIGGARSPEQYF	1
CASSIGLAGTDTQYF	1
CASSIDRGGAEPGFFGSYNEQFF	1
CASSITAGELFF	1
CASSMQESTDTQYF	1
CASSMGTGGYEQYF	1
CASSMGLARTRYNEQFF	1
CASSMDSQETQYF	1
CASSMMTQETQYF	1
CASSMTGAREKLFF	1
CASSISGDRGYEQYF	1
CASSIRGQGLNDEQFF	1
CASSIGTSREQYF	1
CASSIGTSGHEQFF	1
CASSIDRDESEQYF	1
CASSITSGRNLYEQYF	1
CASSTSDRPTDTQYF	1
CASSTWTSGHREGTNTQYF	1
CASSTGTAYQETQYF	1
CASSTGQGYNEQFF	1
CASSTPAGGLYNEQFF	1
CASSTPGTYEQYF	1
CASSTQGQGATEAFF	1
CASSTGTSDWNEQYF	1
CASSTGSIGASGANVLTF	1
CASSTGQSYNEQFF	1
CASSTDRGTDTQYF	1
CASSTTTGFTYEQYF	1
CASSTRTSGRNEQFF	1
CASSTRPAAGGYEQYF	1
CASSTAGTSFETQYF	1
CASSTAGTGTDTQYF	1
CASSTGRREWGHNEQFF	1
CASSTGDSNYEQYF	1
CASSTGSLLAKNIQYF	1
CASSTGTGAYEQYF	1
CASSTGLAGDEQFF	1
CASSTGLAGSNEQFF	1
CASSTGLADNEQFF	1
CASSTGHPSYNEQFF	1
CASSTGGSYNEQFF	1
CASSTEYTDTQYF	1
CASSTNGTDRGNQPQHF	1
CASSTLPKSSYNEQFF	1
CASSTPTYEQYF	1
CASSTRPGQTRYF	1
CASSTTTGLGTEAFF	1
CASSSQRGSSETQYF	1
CASSSDLSSYNEQFF	1
CASSSDRGHTGELFF	1
CASSSTSGLAGLYF	1
CASSRSEPGDEQFF	1
CASSRPPRDSYNEQFF	1
CASSRQENYEQYF	1
CASSRAGQQETQYF	1
CASSRGLAGVLSGELFF	1
CASSRGQPTNEKLFF	1
CASSREETQYF	1
CASSRIQGAPDTQYF	1
CASSRIWKREGSYNEQFF	1
CASSRTGGLPYEQYF	1
CASSRTGVGRAGETQYF	1
CASSNRLTVSTDTQYF	1
CASSNSATGEQFF	1
CASSNRLAINEQFF	1
CASSNGPSLAYEQYF	1
CASSNGLAGGPGETQYF	1
CASSNGQGHTDTQYF	1
CASSNGANTGELFF	1
CASSKGTSVLPGELFF	1
CASSKDQSYSSGANVLTF	1
CASSKDGTFDGIQYF	1
CASSKSSGGNYEQYF	1
CASSKRPDYEQYF	1
CASSKRQSGTGGVLPYEQYF	1
CASSKQTTTHNEQFF	1
CASSKGVPSNEQFF	1
CASSKGDSSYNEQFF	1
CASSKIWGLGETQYF	1
CASSKTTSGHMTGANVLTF	1
CASRFGTANTEAFF	1
CASRFTYNEQFF	1
CASRLTIETQYF	1
CASRLSGKEQFF	1
CASRSSPGLPSSYEQYF	1
CASRSNLAGEDTQYF	1
CASRSYEQYF	1
CASRSGTSTDTQYF	1
CASRSGQGRSNEQFF	1
CASRSDTDTQYF	1
CASRSSEERQGELFF	1
CASRWGTSGSFGETQYF	1
CASRWRLTLEQFF	1
CASRYQDEQFF	1
CASRLAVGANVLTF	1
CASRLGAGISDEQYF	1
CASRLIEQYF	1
CASRPTGGSGYTF	1
CASRPGLAGVWYEQYF	1
CASRPLAETEVTQYF	1
CASRRLAGGYVPYNEQFF	1
CASRRDQGAGSYNEQFF	1
CASRHRPETTTEAFF	1
CASRQLGGTGELFF	1
CASRQLAGAETQYF	1
CASRVLGGSDTYEQYF	1
CASRVASDTQYF	1
CASRVGYVQYF	1
CASRAALLGADSYEQYF	1
CASRAGTGGNEQYF	1
CASRAGTNTGELFF	1
CASRAEGQAWGTDTQYF	1
CASRAEQGAYYNEQFF	1
CASRGYEQYF	1
CASRGGFYNEQFF	1
CASRGQMNTEAFF	1
CASRGQTSTDTQYF	1
CASRGNYEQYF	1
CASRDFGLPQETQYF	1
CASRDRAGAGGELFF	1
CASRDTSNSETQYF	1
CASRDTVSTDTQYF	1
CASRDRVGETQYF	1
CASRETGSGETQYF	1
CASRMPGQRDEQFF	1
CASRIGDRDDTGELFF	1
CASRTGNDGYTF	1
CASRTDRGTGELFF	1
CASRSGSTDTQYF	1
CASRRPYNNEQFF	1
CASRNVLALETQYF	1
CASRNTGELFF	1
CASRFPSGQGAKGSYNEQFF	1
CASRLTSGQETQYF	1
CASRSSANTGELFF	1
CASRSPREGTGELFF	1
CASRSRTSIEQYF	1
CASRSAGSYEQYF	1
CASRSLVGANTGELFF	1
CASRSTGGWADTQYF	1
CASRSRAGTGLENEQFF	1
CASRYLAGSTDTQYF	1
CASRLRLAGDYEQYF	1
CASRPRSGRYNEQFF	1
CASRPGLDSNQPQHF	1
CASRPSGRWNEQFF	1
CASRPGGLAGITDTQYF	1
CASRPGLAGAREQYF	1
CASRPSGTGYQETQYF	1
CASRPRTSGPSRELFF	1
CASRQDNMNTEAFF	1
CASRQLTSGIYEQFF	1
CASRQVVGTGGGSSYEQYF	1
CASRQGPVDTQYF	1
CASRGTGTYEQYF	1
CASRGAANTGELFF	1
CASRDGLAGTGKNIQYF	1
CASRDAEREPTYEQYF	1
CASRDRVRRNEQFF	1
CASRDNEQFF	1
CASREPGQGVPLNTGELFF	1
CASRTQTNTEAFF	1
CASRTRTSGSTGELFF	1
CASRSGGSTYNEQFF	1
CASRRLAGESEQYF	1
CASRRELAGAGEQFF	1
CASRNYGNNEQFF	1
CASNLDRYTGELFF	1
CASNPGVGYEQYF	1
CASNPSGLAGGYTGELFF	1
CASNPGLADFNEQFF	1
CASNKGPAAYEQYF	1
CASNFAAGAFLSNEQFF	1
CASNLGTPSTDTQYF	1
CASNLGTSGITGELFF	1
CASNPRGGDEQFF	1
CASNREKGGDTQYF	1
CASNVAGGSYNEQFF	1
CASNAGNGNEQFF	1
CASNDRKTFCYNEQFF	1
CASNTGTGAHEQYF	1
CASKSSGSPHEQFF	1
CASKPWQGADNEQFF	1
CASKGDRSYNEQFF	1
CASKGRGDTDTQYF	1
CASKDAYYEQYF	1
CASKDSRYEQYF	1
CASKEGGASYNEQFF	1
CASKTGLHTGELFF	1
CASKSPADRGIAGELFF	1
CASKWERGAYNEQFF	1
CASKAANTGELFF	1
CASKETRINEQFF	1
CASKNRDNSYEQYF	1
CARVNPRQYF	1
CARTGDKRDEQFF	1
CANRMSSSSYNEQFF	1
CANVLTF	1
CAKRQGLFDEQYF	1
CGTPESDSYEQYF	1
CGSKGGTSYNEQFF	1
CIVQEERPQETQYF	1
CTSGADSYEQYF	1
CTPGRLSYEQYF	1
CTAPLWGADTQYF	1
CTTTGRLTDTQYF	1
CTSGRGYNEQFF	1
CTSSLGSGSSYEQYF	1
CTSSPGDSTNEKLFF	1
CTSSQAVGQNTDTQYF	1
CTSSQDFVSGVREGAYEQYF	1
CTSSQEAKGTDTQYF	1
CSFGQRTDTQYF	1
CSFNRAETQYF	1
CSSHGHPQETQYF	1
CSSTTSGSSYNEQFF	1
CSSTGGGVISDTQYF	1
CSYIAGLSTDTQYF	1
CSLEARVFYYGYTF	1
CSLRGGGYNEQFF	1
CSLSEQGANTGELFF	1
CSPRLTSREQFF	1
CSPSVREQYF	1
CSPLGTGTNEQFF	1
CSPRGRPSGAWEQYF	1
CSPAQKQFF	1
CSPTRTLAGPGELFF	1
CSPRTSGRKYEQYF	1
CSHSVPDTQYF	1
CSHQQGAKNIQYF	1
CSVLPPTRVQETQYF	1
CSVLTGGATDTQYF	1
CSVLAGIPSYEQYF	1
CSVPASGRALYNEQFF	1
CSVRTSEAYEQYF	1
CSVQGAHSTDTQYF	1
CSVQTRTYNEQFF	1
CSVQSGNTQYF	1
CSVVGGFQETQYF	1
CSVAYTSGRGSYEQYF	1
CSVERGGSYNEQFF	1
CSVEAELNTEAFF	1
CSVTTGAGRINQPQHF	1
CSVSREEWAYEQYF	1
CSVLGNIQYF	1
CSVPPYTSFNEQFF	1
CSVPGTADSNEQFF	1
CSVPGLAGVSSYEQYF	1
CSVVREIYNEQFF	1
CSVDPRSSYEQYF	1
CSVTVREVDEQFF	1
CSVRQPAGEPYF	1
CSVRRAGSTDTQYF	1
CSVLTSEGNEQFF	1
CSVLRPAKNIQYF	1
CSVSRGETQYF	1
CSVSRGFRGIWSTDTQYF	1
CSVLTTNEKLFF	1
CSVVGGTYNEQFF	1
CSVPGQDNSPLHF	1
CSVPTARDYNEQFF	1
CSVRPSYNEQFF	1
CSVRQQGYEQYF	1
CSVDLQETQYF	1
CSVRGDRLKFF	1
CSVKGGGTDTQYF	1
CSAFSHSYPRNEQFF	1
CSAFRPGAGELFF	1
CSAFRTGTGLPGELFF	1
CSAFSGLGTDTQYF	1
CSAFLGTGSFEQYF	1
CSAFTYNSYEQYF	1
CSAFTVTSGSASYNEQFF	1
CSAFNKVAGAPNYEQYF	1
CSALRARGGYEQYF	1
CSALGQGGVNEQFF	1
CSALDRGVAYSNQPQHF	1
CSALIGRNTGELFF	1
CSASSRTGGRYEQYF	1
CSASSGIVYEQYF	1
CSASSGRNYEQYF	1
CSASSGTSGSIEQYF	1
CSASPWAGGPLNEQFF	1
CSASPGNEQFF	1
CSASPDPYEQYF	1
CSASPKVGVGTDTQYF	1
CSASGPPRANEQFF	1
CSASSSYEQYF	1
CSASLETQYF	1
CSASRVEVAFF	1
CSASGLAGSYSSTDTQYF	1
CSASEQPGLATEQFF	1
CSASTRSYEQYF	1
CSASLAGGGTQYF	1
CSASGLAGVADTQYF	1
CSASGQAGGSVLYGTQYF	1
CSACPTSGVTDTQYF	1
CSACSTRDYEQYF	1
CSAWLAGGPRDTQYF	1
CSAWPGLAASYEQYF	1
CSAWVEAAQYF	1
CSAWDFQETQYF	1
CSAWTPSTDTQYF	1
CSAWTEGTDTQYF	1
CSAWRWTSGSYEQYF	1
CSAYLAGRSTGELFF	1
CSAYGGLSYEQYF	1
CSAYDRSVGYEQYF	1
CSAYSPGTSGSTYNEQFF	1
CSAYSLQGANTGELFF	1
CSAYRTGGRGETQYF	1
CSAYGSHSYEQYF	1
CSAYGSLTYEQYF	1
CSALHDGAYGYTF	1
CSALHTSGGTYEQYF	1
CSALSGRAINEQFF	1
CSALRTGNTEAFF	1
CSALLVLAGGSYEQYF	1
CSALRPGGMTGELFF	1
CSALQGWRTYEQYF	1
CSALGTKETYEQYF	1
CSALDSGGYNEQFF	1
CSALTGHVDQPQHF	1
CSALHGYEQYF	1
CSALDRLSTDTQYF	1
CSALTGVYQPQHF	1
CSALNQGNTEAFF	1
CSALLAGVEQFF	1
CSALPGQGDEKLFF	1
CSALAGATIDTQYF	1
CSAPLAGGEQFF	1
CSAPHSGKSTDTQYF	1
CSAPHRGLGANVLTF	1
CSAPQQGIPSYEQYF	1
CSAPAPPGQGNTEAFF	1
CSAPGPKETQYF	1
CSAPDRGPEAFF	1
CSAPDRGRPGEQYF	1
CSAPTFQETQYF	1
CSAPSAQETQYF	1
CSAPSGRASTDTQYF	1
CSAPRGGHETQYF	1
CSAPFWQGGYGYTF	1
CSAPLPAGVYEQYF	1
CSAPSLANYEQYF	1
CSAPSQGASYNEQFF	1
CSAPWASGDTQYF	1
CSAPLKRGANTGELFF	1
CSAPPPLLAGGNTGELFF	1
CSAPPGLDYNEQFF	1
CSAPPGETYEQYF	1
CSAPRGGRKEFF	1
CSAPRTDTGELFF	1
CSAPRGVTDTQYF	1
CSAPQQGANTGELFF	1
CSAPQMSGMSSYNEQFF	1
CSAPAGTTYRNQPQHF	1
CSAPGTGVYEQYF	1
CSAPDRVRNLEQYF	1
CSAPTLADPFNEQFF	1
CSAPTELAGYNEQFF	1
CSAPSTGVGELFF	1
CSAPNGGPPQYF	1
CSAPLGGLPYF	1
CSAPLAGGINTGELFF	1
CSAPPPTSGSHDEQYF	1
CSAPRTSAPTDTQYF	1
CSAPRQGAYEQYF	1
CSAPDRVMLEQYF	1
CSAPMRRGTGELFF	1
CSAPTSGRGEQYF	1
CSAPRGNVLFF	1
CSAPNPASGSFGDEQFF	1
CSAPKDTGEYTDTQYF	1
CSAPSRGDYNEQFF	1
CSAPPPSGRTDTQYF	1
CSAPPVAGGSEQYF	1
CSAPRTGEQFF	1
CSAPDLGQGYEQYF	1
CSAPISGGYEQYF	1
CSAPKLGIGTEQYF	1
CSARSGSSYNEQFF	1
CSARSDRGNSPLHF	1
CSARPGERGWDTDTQYF	1
CSARQLARNYNEQFF	1
CSARGGRDYEQYF	1
CSARDRDRGTGELFF	1
CSARRTGQNYGYTF	1
CSARRPSGRPTYNEQFF	1
CSARLTGMRAKNIQYF	1
CSARGLAEYNEQFF	1
CSARIGGHEQFF	1
CSARTSGSREQFF	1
CSARTGTYEQYF	1
CSARRGETQYF	1
CSARKVGLSYNEQFF	1
CSARKAGGGTDTQYF	1
CSARLAYGGELFF	1
CSARHNSYEQYF	1
CSARQLSYEQYF	1
CSARGGFENIQYF	1
CSARGGASYNEQFF	1
CSARRPRGSGLVLTDTQYF	1
CSARRTEPYEQYF	1
CSARKDYLQFF	1
CSAHPGTEGTDTQYF	1
CSAHTGNEQFF	1
CSAHRGGGYTF	1
CSAHWTGPSEAFF	1
CSAHPSGRVNEQFF	1
CSAHPSGRAPSSYEQYF	1
CSAHRQGLNIQYF	1
CSAHTGTYEQYF	1
CSAQPDYYEQYF	1
CSAQATLASQQFF	1
CSAQAGSSNPDNEQFF	1
CSAQGIATDTQYF	1
CSAQDGELAKNIQYF	1
CSAQDISGHTDTQYF	1
CSAQEGPSTDTQYF	1
CSAQPGLGFHEQYF	1
CSAQRGASSQNEQFF	1
CSAQQGQGEQYF	1
CSAQDRGQVQPQHF	1
CSAQERDSLFTLHF	1
CSAVASPYTDTQYF	1
CSAVGPYSYEQYF	1
CSAVYGGPPGTGELFF	1
CSAVPGTLATSTDTQYF	1
CSAVDRQADTQYF	1
CSAVTSGRAGSEQYF	1
CSAVGTSGIINNEQFF	1
CSAVGTGDFYEQYF	1
CSAVAPEYF	1
CSAVGSSYNEQFF	1
CSAVESLAGISYEQYF	1
CSAVEAMSSYEQYF	1
CSAVKRWGPETQYF	1
CSAARLEQYF	1
CSAAGQGNQPQHF	1
CSAASDRESSTEAFF	1
CSAAPGAYEQYF	1
CSAARDSSYEQYF	1
CSAAHRDVFTDTQYF	1
CSAAGTSGRIYYEQYF	1
CSAARGTGGISAYEQYF	1
CSAAVATSSYEQYF	1
CSAARRGGEQYF	1
CSAAQGADTEAFF	1
CSAAGILNEQFF	1
CSAAERTVNTGELFF	1
CSAATDRGYNEQFF	1
CSAASPLPYNEQFF	1
CSAGLAGEVNEQFF	1
CSAGYREDGTDTQYF	1
CSAGQVYEQYF	1
CSAGGTEKSSYNEQFF	1
CSAGTGTGTGNEQFF	1
CSAGLAGSSYNEQFF	1
CSAGPGPPDTQYF	1
CSAGDRASYEQYF	1
CSAGRDKNNEQFF	1
CSAGVDRGPGEQFF	1
CSAGVAGVVTDTQYF	1
CSAGASGSFYEQYF	1
CSAGGGYQETQYF	1
CSAGGGADTQYF	1
CSAGGTSGRDYNEQFF	1
CSAGGTGYPETQYF	1
CSAGGGQGRDTDTQYF	1
CSAGDRDKWVTDTQYF	1
CSAGDNYNEQFF	1
CSAGMGQSNIQYF	1
CSAGTYYSYEQYF	1
CSAGTSSPDTQYF	1
CSAGTSGETYNEQFF	1
CSAGTSGSSYNEQFF	1
CSAGTTAPDTQYF	1
CSAGSGQFF	1
CSAGKGSGDTQYF	1
CSAGSGSRRFF	1
CSAGLAGVETQYF	1
CSAGLAGGNEQFF	1
CSAGPNQETQYF	1
CSAGPLSGANVLTF	1
CSAGPAGSSYNEQFF	1
CSAGRETQYF	1
CSAGRQGAVIYTF	1
CSAGQGRAFF	1
CSAGQGAVYEQYF	1
CSAGVAGVGETQYF	1
CSAGGGAGGNGYTF	1
CSAGGTGWGNTEAFF	1
CSAGGGDEQFF	1
CSAGGDRGEPQHF	1
CSAGDAIQETQYF	1
CSAGSPQNAYNEQFF	1
CSAGSHNEQFF	1
CSAGRTPSQETQYF	1
CSAGRGFSSNQPQHF	1
CSADRDSSYEQYF	1
CSADAGSGYEQYF	1
CSADGTSGDNEQFF	1
CSADELTGIIQYF	1
CSADWTSRLGEQFF	1
CSADGLAGDLRGPGQFF	1
CSADGQDSTDTQYF	1
CSADTTDRGGGEQYF	1
CSADTPDRGDPPLHF	1
CSADRGPNTGELFF	1
CSAELAESTDTQYF	1
CSAEAGQGNGYTF	1
CSAEGGAYNEQFF	1
CSAEDSGRYQETQYF	1
CSAEDRMNTEAFF	1
CSAESRGFTGELFF	1
CSAEPSPDRGYGYTF	1
CSAEGAAAGELFF	1
CSAEDRVSSYEQYF	1
CSAENRDAYEQYF	1
CSAIFWDEAKNIQYF	1
CSAISPGQGGEKLFF	1
CSAILPPEQYF	1
CSAIPTHIQGAEGYTF	1
CSAIRDSSNQPQHF	1
CSAIRARSDLRETQYF	1
CSAIISRGPSYEQYF	1
CSAISGLDTQYF	1
CSAINLAAYNEQFF	1
CSAIFPGLATNEQFF	1
CSAIYARFSGNEQFF	1
CSAIPSYEEAFGEQFF	1
CSAIPPGTYEQYF	1
CSAIPARGQVEKLFF	1
CSAIPGKENYGYTF	1
CSAIPGPDTQYF	1
CSAIAPDRGSYEQYF	1
CSAIGTEREENIQYF	1
CSAIGRREAWVYTQYF	1
CSAIGTSGRARETQYF	1
CSAIETSAADTQYF	1
CSAIEQGAGERVF	1
CSAIRGGEQYF	1
CSAMWKVGETQYF	1
CSAMGTAFYEQYF	1
CSAMGQSYEQYF	1
CSAMDGGVTEQFF	1
CSAMDRGQHEQYF	1
CSAMTSGRLWEQYF	1
CSAIYRGTTEAFF	1
CSAILAVQETQYF	1
CSAIRGQNSPLHF	1
CSAIQGSQETQYF	1
CSAIQGGLSQPQHF	1
CSAIQGGRREQYF	1
CSAIAGDGTGELFF	1
CSAIGGISSYEQYF	1
CSAIGGLYNEQFF	1
CSAIILAGDTDTQYF	1
CSAITSASYEQYF	1
CSAISRQRDNEQFF	1
CSATSLWGGSYEQYF	1
CSATLGGGLEQFF	1
CSATLFLPLYEQYF	1
CSATGANVLTF	1
CSATSGMGLVDTQYF	1
CSATSGRNEQYF	1
CSATSGKFYEQYF	1
CSATRREEGDTQYF	1
CSATRLAGGSYEQYF	1
CSATRLAGGRDTQYF	1
CSATLAGSGQETQYF	1
CSATLSTDTQYF	1
CSATSRREFGDTQYF	1
CSATLAGVPYNEQFF	1
CSATPLVGDSSYEQYF	1
CSATPPQGQETQYF	1
CSATPPSVTEAFF	1
CSATPGRSPSYNEQFF	1
CSATRGDRYTQYF	1
CSATRRTSTDTQYF	1
CSATRGSGKETQYF	1
CSATRDRASVSGYTF	1
CSATHSGRAQDEQFF	1
CSATQTGVRETQYF	1
CSATALLAENRDEQYF	1
CSATALGYNEQFF	1
CSATAPGSFSYEQYF	1
CSATAGQGTDTQYF	1
CSATARGASGSSYNEQFF	1
CSATANGLLYEQYF	1
CSATGTSSYEQYF	1
CSATGTRTYEQYF	1
CSATGQGVWETQYF	1
CSATDPVSYNEQFF	1
CSATDTRSYNEQFF	1
CSATEDRGPLNTGELFF	1
CSATTSGSRYEQYF	1
CSATTGTGGWFF	1
CSATRTSKAETQYF	1
CSATRTGVTYGYTF	1
CSATKRQRLAGPSYEQYF	1
CSATLLAYHDEQYF	1
CSATPPSGKGEQFF	1
CSATPNDSYEQYF	1
CSATGPTDTQYF	1
CSATGLREQYF	1
CSATGLFYEQYF	1
CSATRTRANTEAFF	1
CSATLAVLTDTQYF	1
CSATLGGTQYF	1
CSATQRDYEQYF	1
CSATGQGLRYEQYF	1
CSATGHRASSYEQYF	1
CSATGQAPAEQYF	1
CSATDRGSGDTQYF	1
CSATELAGGINEQFF	1
CSATTGVRVETQYF	1
CSASFQQKGGEQYF	1
CSASFGQPSPEAYEQYF	1
CSASFIAGLPSEQYF	1
CSASLYEQYF	1
CSASLGVLAKNIQYF	1
CSASLSGDREDPEQFF	1
CSASLKSGSRNEQYF	1
CSASLLAGRYEQYF	1
CSASLAGGSLNEQFF	1
CSASSGWWETKETQYF	1
CSASSSGRALGEQFF	1
CSASSLDLSSYNEQFF	1
CSASSGAPNTGANVLTF	1
CSASSGEGRGEQFF	1
CSASSLAGSGEQFF	1
CSASWGLASYEQYF	1
CSASWIF	1
CSASYNHLMQGRSGNTIYF	1
CSASYGLTTDTQYF	1
CSASLSVYEQYF	1
CSASLLTRLNEQFF	1
CSASLGGSSTDTQYF	1
CSASLLRDGAYNEQFF	1
CSASLQETQYF	1
CSASLVQPPYEQYF	1
CSASLGTSGSGELFF	1
CSASLGRQTYEQYF	1
CSASLSSASTDTQYF	1
CSASLQAYEQYF	1
CSASLAGVYGDTQYF	1
CSASLAGGPYEQYF	1
CSASLGSYEQYF	1
CSASPGQGGETQYF	1
CSASPPQGVIYNEQFF	1
CSASPPNEQFF	1
CSASPASGPSYEQYF	1
CSASPGDYEKLFF	1
CSASRLVPEQYF	1
CSASRRGVVNSPLHF	1
CSASRHNEQFF	1
CSASRSAAKNIQYF	1
CSASRGSGEQYF	1
CSASRGPTYEQYF	1
CSASRDRYRGYYNEQFF	1
CSASRDRGRDEQFF	1
CSASRKTGSYEQYF	1
CSASRAGAFTDTQYF	1
CSASHRSSGSGNEQFF	1
CSASHRASEKLFF	1
CSASQLGMGQPQHF	1
CSASQASGQYF	1
CSASQGNTGELFF	1
CSASVAEYYNEQFF	1
CSASVTGTPYEKLFF	1
CSASAGPDTQYF	1
CSASAGSSYNEQFF	1
CSASGRTDTQYF	1
CSASGEGDEQYF	1
CSASGQGNTGELFF	1
CSASGEREHNEQFF	1
CSASGLAGAFSYEQYF	1
CSASGVWSSYEQYF	1
CSASGGASIDEQFF	1
CSASGTSGRIYEQYF	1
CSASGTGRTEAFF	1
CSASGTGVETQYF	1
CSASGLAGGLSYEQYF	1
CSASGAGPAVEQYF	1
CSASGGTRGYNEQFF	1
CSASGTFSYEQYF	1
CSASDISGANVLTF	1
CSASEASTDTQYF	1
CSASEARDPYEQYF	1
CSASEGQPPYEQYF	1
CSASEPTFSQETQYF	1
CSASETRDGGQFF	1
CSASISGPSYEQYF	1
CSASMLAGDNEQFF	1
CSASMGDTQYF	1
CSASMGIYEQYF	1
CSASMERDIDYEQYF	1
CSASIAGAVGTDTQYF	1
CSASTQGNIQYF	1
CSASTRQGSTYEQYF	1
CSASTQGGPYEQYF	1
CSASTGTSGYNEQFF	1
CSASTISYNEQFF	1
CSASTRLEQFF	1
CSASTGVGYNEQFF	1
CSASSLRGLALNNEQFF	1
CSASSHLQETQYF	1
CSASSILDPNYNEQFF	1
CSASSGARSYNEQFF	1
CSASSGASSTDTQYF	1
CSASSGRVGDTQYF	1
CSASSGRAPAKNIQYF	1
CSASSTSGAYYNEQFF	1
CSASRLAGIYEQYF	1
CSASRRRSNTDTQYF	1
CSASRGQVSYF	1
CSASNFRLAGIKNIQYF	1
CSASNHWDSGETQYF	1
CSASNGRHDEQYF	1
CSASNPPGANVLTF	1
CSASKLGRVGDEQFF	1
CSASKGAYNNEQYF	1
CSASKGNSNQPQHF	1
CSASKNGLVNHEQYF	1
CSASFGSSDTQYF	1
CSASFGISYEQYF	1
CSASLGEANTEAFF	1
CSASLLAGQETQYF	1
CSASSGGSDTQYF	1
CSASSILATFSTDTQYF	1
CSASSGTSNQPQHF	1
CSASSTSRGSEQYF	1
CSASWDRGNEQYF	1
CSASYRGMGREQFF	1
CSASLRLAGGLDTQYF	1
CSASLGHEQYF	1
CSASLGDTGELFF	1
CSASLNSYEQYF	1
CSASPPTSGSYEQFF	1
CSASPRGESYEQYF	1
CSASPHRGSSYEQYF	1
CSASPQTPNYGYTF	1
CSASPIPGQGRVAGAHEQFF	1
CSASPSLYNEQFF	1
CSASPSGSYNEQFF	1
CSASPSGHYNEQFF	1
CSASPRGNNYEQFF	1
CSASPFRGQETQYF	1
CSASPPSTYPTYEQYF	1
CSASPHGGFTYEQYF	1
CSASPGGEETQYF	1
CSASPGQVEDYGYTF	1
CSASPYNEQFF	1
CSASPGAKSKNIQYF	1
CSASPTGRYYNEQFF	1
CSASRQNSGNTIYF	1
CSASRGWDPGELFF	1
CSASRDQGYEQYF	1
CSASRDQFPSSYNEQFF	1
CSASRLEMAEQFF	1
CSASRQGQETQYF	1
CSASRAYAKNIQYF	1
CSASRGQVSNQPQHF	1
CSASQGYYNEQFF	1
CSASQGQGGRQPQHF	1
CSASVYPRGREGADTQYF	1
CSASVPGGQIDTQYF	1
CSASVRTNNQPQHF	1
CSASVPQGEQYF	1
CSASVNPEAFF	1
CSASVATEQEQYF	1
CSASVTGTYYEQYF	1
CSASAPRLAGSYEQYF	1
CSASADRLGNTIYF	1
CSASGHREANYGYTF	1
CSASGGTAYAKNIQYF	1
CSASGWGPYNEQFF	1
CSASGQGAYEQYF	1
CSASGGSTDTQYF	1
CSASGVLRDRGYEQYF	1
CSASGAARQETQYF	1
CSASGGRSTDTQYF	1
CSASGGPSSGNTIYF	1
CSASGGGMDYEQYF	1
CSASGDSYEQYF	1
CSASGDRDLVSPLHF	1
CSASGDRENQPQHF	1
CSASGEREGVEQFF	1
CSASGTSGRTDTQYF	1
CSASGTVGETQYF	1
CSASGSADTQYF	1
CSASGSEADTQYF	1
CSASGRASDTQYF	1
CSASGRAGYEQYF	1
CSASGRFTGELFF	1
CSASGRPTDTQYF	1
CSASGLAPDEQFF	1
CSASGVSYNEQFF	1
CSASGVSSYNEQFF	1
CSASGGGYNEQFF	1
CSASGGPSGRTDTQYF	1
CSASDSYGYTF	1
CSASDGQGASDTQYF	1
CSASDDLAGGRETQYF	1
CSASDGDLYEQYF	1
CSASDSAILPYEQYF	1
CSASDRGNTGELFF	1
CSASEDSGRAFQYF	1
CSASISTSQETQYF	1
CSASIPSSATQYF	1
CSASMAEGYEQYF	1
CSASIPGTGSSEQYF	1
CSASTPPSYEQYF	1
CSASSGRANTQYF	1
CSASSGSTDTQYF	1
CSASRDLNNEQFF	1
CSASRDREGEQYF	1
CSASKGGSEKLFF	1
CSARFEGDQPQHF	1
CSARFPTSSHGNEQFF	1
CSARLERPRGFMNTEAFF	1
CSARSLLAATDTQYF	1
CSARSPGGSYEQYF	1
CSARSVGTRDNEQFF	1
CSARSPGLAGVRGFYNEQFF	1
CSARWLETGNSHYGYTF	1
CSARWQKYGTQHF	1
CSARLNGGPDTQYF	1
CSARLLGGEYMDYEQYF	1
CSARLGPTEQYF	1
CSARLGGAEETQYF	1
CSARLAGEQYF	1
CSARLTRGGETQYF	1
CSARPQLTDTQYF	1
CSARPIAEGIDEQYF	1
CSARPSAETQYF	1
CSARPPTDSNQPQHF	1
CSARPRLTGYSYNEQFF	1
CSARPRDTNTGELFF	1
CSARPGGTYHNEQFF	1
CSARPGTGVTEAFF	1
CSARPGTGMYF	1
CSARPIRSSYNEQFF	1
CSARPRGRPSQPQHF	1
CSARPGEVAKNIQYF	1
CSARPGSGELFF	1
CSARPGLANTGELFF	1
CSARPDRPGEQYF	1
CSARPIQAGAGDEQFF	1
CSARPTERETQYF	1
CSARPSGRALLGGNEQFF	1
CSARPGPTTDTQYF	1
CSARRLAYSYNEQFF	1
CSARRGEGVYEQYF	1
CSARREITDTQYF	1
CSARRAGIYNEQFF	1
CSARQFINYGYTF	1
CSARQSSGKGEQFF	1
CSARQGDTQYF	1
CSARQTGGNEQYF	1
CSARQTGDTEAFF	1
CSARQNEQFF	1
CSARQPTSGRGEQFF	1
CSARVFNGRPEQYF	1
CSARVLRGEQYF	1
CSARVHGVGELFF	1
CSARVGGAGANVLTF	1
CSARVGLTTLDTQYF	1
CSARVGAGTGELFF	1
CSARAWGDTQYF	1
CSARAAGDSNQPQHF	1
CSARAPGQGGRYGYTF	1
CSARAQLGGSYEQYF	1
CSARAVGGVSYEQYF	1
CSARAGGQVTDTQYF	1
CSARAGTSMHEQFF	1
CSARAGTTYNEQFF	1
CSARALAGRTDTQYF	1
CSARAPHEQYF	1
CSARAGRVLNQPQHF	1
CSARAGFSEQYF	1
CSARAGGVETQYF	1
CSARGWGDQPQHF	1
CSARGPRGRSNEQYF	1
CSARGRGALYGYTF	1
CSARGERSGIGYEQYF	1
CSARGSGKYEQYF	1
CSARGYRDEQFF	1
CSARGQANEKLFF	1
CSARGGGLEEQYF	1
CSARGGTNYEQYF	1
CSARGGSSYEQYF	1
CSARGGSKYNEQFF	1
CSARGGRYSYEQYF	1
CSARGGNTEAFF	1
CSARGLNGYTF	1
CSARGLRDFNTGELFF	1
CSARGLAGGPLFF	1
CSARGRLAGSREQYF	1
CSARGVRGSAYEQYF	1
CSARGGPASGATYNEQFF	1
CSARGGQRNEQFF	1
CSARGGSLNTDTQYF	1
CSARGGVRTDTQYF	1
CSARGTSGRADTQYF	1
CSARGTSSVPYEQYF	1
CSARGTHLDEQYF	1
CSARGTGVTEAFF	1
CSARGTGSNYEQYF	1
CSARGTGRDQPQHF	1
CSARGSIYNEQFF	1
CSARGSWDTQYF	1
CSARGLAGDTYEQYF	1
CSARGLAGGPPDTQYF	1
CSARGQGSSYNEQFF	1
CSARGGLAGYNEQFF	1
CSARDLRESYNEQFF	1
CSARDYRVDFKNTGELFF	1
CSARDRRESYEQYF	1
CSARDGTSGSSYEQYF	1
CSARDPRGGLDLDTQYF	1
CSARDPGPNIQYF	1
CSARDSWSNQPQHF	1
CSARDRVFYNEQFF	1
CSARDRGSATQPQHF	1
CSARDRMDYEQYF	1
CSARERDTQYF	1
CSAREDTQYF	1
CSARERDWEQYF	1
CSAREFRRGLQETQYF	1
CSARESGASGYNEQFF	1
CSARELAGVREQFF	1
CSAREAGISYNEQFF	1
CSAREGTSGKNIQYF	1
CSARIPLGGGTDTQYF	1
CSARILDRGDNQPQHF	1
CSARIPDLAKNIQYF	1
CSARMGLAGKPYEQYF	1
CSARMGGETQYF	1
CSARMRVLEQFF	1
CSARIAGGNNEQFF	1
CSARTYSYNEQFF	1
CSARTSLWSGELFF	1
CSARTSGRRNYEQYF	1
CSARTSGRGGELFF	1
CSARTSEYYEQYF	1
CSARTFLANTEAFF	1
CSARTLGQGYEQYF	1
CSARTGSGSSYEQYF	1
CSARTTDTQYF	1
CSARTGGVLGNQPQHF	1
CSARTTGGHTDTQYF	1
CSARSGQGRTDTQYF	1
CSARRTVSNEQFF	1
CSARRLADYEQYF	1
CSARRGSGQETQYF	1
CSARNKQGGDGYTF	1
CSARNSPRNTEAFF	1
CSARNTLRDTGELFF	1
CSARKPGLAGDEQYF	1
CSARKGASGSKNIQYF	1
CSARKDEQYF	1
CSARKQGQETQYF	1
CSARKGDRVHEQYF	1
CSARFRASAYEQYF	1
CSARFSGGETQYF	1
CSARFPGGPLSVEQYF	1
CSARFGRAMETQYF	1
CSARFDRGREQFF	1
CSARLGREYF	1
CSARLSYEQYF	1
CSARLRIGRGPYNEQFF	1
CSARLAGRSYNEQFF	1
CSARLAGGLGGELFF	1
CSARLIPKRETVVDEQYF	1
CSARLIADSYNEQFF	1
CSARLRTGDLKNIQYF	1
CSARSDRDNSPLHF	1
CSARSSGIYNEQFF	1
CSARSSGWPYEQYF	1
CSARSSGEDTQYF	1
CSARSSGGLDFETQYF	1
CSARSYEQYF	1
CSARSLVTGDLFF	1
CSARSPYEQYF	1
CSARSTGTGAGETQYF	1
CSARSALGLDYNEQFF	1
CSARSGLAYLYDEQFF	1
CSARSDVAIAQFF	1
CSARSRLAGGLGEQFF	1
CSARSAYSYEQYF	1
CSARSGGPHNEQFF	1
CSARSGGLAVTGELFF	1
CSARSGDRESFF	1
CSARSTPGRENTDTQYF	1
CSARSRAGGPGSYNEQFF	1
CSARWASGSYEQYF	1
CSARWARTSGYNEQFF	1
CSARWAGGPEEETQYF	1
CSARWESNRRGEQYF	1
CSARYTGYEQYF	1
CSARYPSGGDTQYF	1
CSARYPGMDTQYF	1
CSARYRQGGDYGYTF	1
CSARYGSSYNEQFF	1
CSARYEGGQQFF	1
CSARYRAEQYF	1
CSARLSGRTYEQYF	1
CSARLRPGELFF	1
CSARLAGGNEQYF	1
CSARLAGGNEQFF	1
CSARLAGGSTDTQYF	1
CSARLAGDSNEQFF	1
CSARLAGDRPTDTQYF	1
CSARLAGSTDTQYF	1
CSARLAGRTYEQFF	1
CSARLAAGEQYF	1
CSARPSVWEVGAVSYNEQFF	1
CSARPSGNTGELFF	1
CSARPPVAGRYNEQFF	1
CSARPGTGSSYEQYF	1
CSARPILATTLYTDTQYF	1
CSARPSGRGTGELFF	1
CSARPRTEKNIQYF	1
CSARPLLAGLGETQYF	1
CSARPPGNLYEQYF	1
CSARPRQGFDYEQYF	1
CSARPQAPTDRVGYEQYF	1
CSARPVARPSTDTQYF	1
CSARPGPTDTQYF	1
CSARPGTSGRVSYNEQFF	1
CSARPSPTAETQYF	1
CSARPGNTEAFF	1
CSARPGLAASYEQYF	1
CSARPGQVRGKLFF	1
CSARPGGPGEQYF	1
CSARPSPRTRPIAKNIQYF	1
CSARPQAGGGTGELFF	1
CSARPGDYEQYF	1
CSARRLGGGGNEQFF	1
CSARRSLSYNEQFF	1
CSARRNNEQFF	1
CSARRLPRDEQYF	1
CSARRDSGRRETQYF	1
CSARRTSGFYEQYF	1
CSARRLANSTDTQYF	1
CSARRAAETQYF	1
CSARRGQQETQYF	1
CSARRSGSWNEQFF	1
CSARHLGLSNTGELFF	1
CSARHREFYEQYF	1
CSARHAGTAADTQYF	1
CSARQLGTNNEKLFF	1
CSARQVRTSLIPEQYF	1
CSARQNPYEQYF	1
CSARQQGPTGELFF	1
CSARQGDTEAFF	1
CSARQDRGLAYEQYF	1
CSARVWVTSASNPDTQYF	1
CSARVLLAGDTGELFF	1
CSARVLVSGTGALYGGYTF	1
CSARVLLAGGRNEQFF	1
CSARVPLGSDYGYTF	1
CSARVQGTEAFF	1
CSARVVEAERGYEQYF	1
CSARVVGSGGGYEQYF	1
CSARVGSSYEQYF	1
CSARVGRASGSNEQYF	1
CSARVSGRIHEQFF	1
CSARVRGPSYEQYF	1
CSARVRLAIETQYF	1
CSARVNPGTSGRLAKNIQYF	1
CSARVFGLAGFNEQFF	1
CSARVYLSLPDTQYF	1
CSARVLSSSSYNEQFF	1
CSARVLTSYEQYF	1
CSARVPFPGLAAYNEQFF	1
CSARVPGVGYEQYF	1
CSARVPLAGTNEQYF	1
CSARVRKRTRPYEQYF	1
CSARVRQGGGYEQYF	1
CSARVQGINEQFF	1
CSARVAAGGPDTQYF	1
CSARVGTAYGYTF	1
CSARVGRAPDTQYF	1
CSARVGLAGAKTQYF	1
CSARVTSGREKYNEQFF	1
CSARVTDPDREQYF	1
CSARVRRTSNTGELFF	1
CSARVPSGHTYNEQFF	1
CSARVVAGNQETQYF	1
CSARVAGSNEQFF	1
CSARVASGRTGSYNEQFF	1
CSARVAGGHIYNEQFF	1
CSARVGIGEQFF	1
CSARVGSGRNYNEQFF	1
CSARVGLAGVEQFF	1
CSARVGGAVLAKNIQYF	1
CSARVDRVSEQYF	1
CSARVECQETQYF	1
CSARVTSAPNYNEQFF	1
CSARVTGGQETQYF	1
CSARVSWGAVRTDTQYF	1
CSARVYTGQYF	1
CSARVYNEQFF	1
CSARVLAGANEQFF	1
CSARVQGYGYTF	1
CSARVVAGEGNTGELFF	1
CSARVADNEQFF	1
CSARVATSGRAGYNEQFF	1
CSARVGSYEQFF	1
CSARVGSFYEQYF	1
CSARVGTAQETQYF	1
CSARVGYLGSHEQFF	1
CSARVIGTSGPPYEQYF	1
CSARVIGLAGISTDTQYF	1
CSARVTGRTDTQYF	1
CSARVTGAGYEQYF	1
CSARVKETQYF	1
CSARVKENEQFF	1
CSARALLALSYEQYF	1
CSARAPNTGELFF	1
CSARASGRLPRQFF	1
CSARASGRYEQYF	1
CSARASIYEQFF	1
CSARASSYNEQFF	1
CSARASGHLTDTQYF	1
CSARAYGLAGNNEQFF	1
CSARALPDTQYF	1
CSARAPPSGRGAGGELFF	1
CSARAPGASGSYEQYF	1
CSARAPMKQGSEQYF	1
CSARAPGLSSYNEQFF	1
CSARAQTRLEKTQYF	1
CSARAVAGRTGELFF	1
CSARAASGSSYEQYF	1
CSARAGTDSYEQYF	1
CSARAGRVPVGELFF	1
CSARAGLLDTQYF	1
CSARAGGGFYEQYF	1
CSARAENSPLHF	1
CSARATSVSSYEQYF	1
CSARANTGELFF	1
CSARALAGFGNEQFF	1
CSARAYANEQFF	1
CSARAPGWASTGELFF	1
CSARAREGTYEQYF	1
CSARARTTGSYEQYF	1
CSARAVAGNTGELFF	1
CSARAGAKEKLFF	1
CSARAGGLSYNEQFF	1
CSARAGLAVQETQYF	1
CSARAGQGPYEQYF	1
CSARAITDTEAFF	1
CSARATSGSSDEQFF	1
CSARASIVETQYF	1
CSARAYRGGYEQYF	1
CSARALAGGLSSYNEQFF	1
CSARAQGENYEQYF	1
CSARAAGGDADTQYF	1
CSARAGTSGASYNEQFF	1
CSARAGNSNQPQHF	1
CSARAIDRDYNEQFF	1
CSARATRTGLAGELFF	1
CSARGWGNEQFF	1
CSARGYGQDSNQPQHF	1
CSARGLVGNEQFF	1
CSARGLGAGELFF	1
CSARGQTTPNTGELFF	1
CSARGVDRELIEQFF	1
CSARGAPGELFF	1
CSARGGRSNYGYTF	1
CSARGGTKSGTDTQYF	1
CSARGGRTSYEQYF	1
CSARGDSLSYNEQFF	1
CSARGIPRDSNTDTQYF	1
CSARGIGFETQYF	1
CSARGNDPLDEQYF	1
CSARGWVGLPQHF	1
CSARGLAGVETQYF	1
CSARGPNNEQFF	1
CSARGPPLLSGRRPGGDTQYF	1
CSARGPGDYLRTQYF	1
CSARGPGQKNTEAFF	1
CSARGPTGNEQFF	1
CSARGAGSYEQYF	1
CSARGGGIYEQYF	1
CSARGGLLQETQYF	1
CSARGGTSGSYDEQFF	1
CSARGGLAGNEQFF	1
CSARGTKTGAGYEQYF	1
CSARGTETYEQYF	1
CSARGSHNEKLFF	1
CSARGSGRAPNEQFF	1
CSARGRAGETQYF	1
CSARGFAGGVYNEQFF	1
CSARGLGAPSTGELFF	1
CSARGLAEYNEQFF	1
CSARGLSGRAGTDTQYF	1
CSARGLFVVYNEQFF	1
CSARGLQTTSQPQHF	1
CSARGLAGDLAEQYF	1
CSARGLAGLYNEQFF	1
CSARGPGTSPQETQYF	1
CSARGPGRALNIQYF	1
CSARGPNQPQHF	1
CSARGPNLGTQYF	1
CSARGPGQGVEQYF	1
CSARGPDNYEQYF	1
CSARGREKETQYF	1
CSARGQALSYEQYF	1
CSARGVLGTDTQYF	1
CSARGVQGSHTGELFF	1
CSARGVAGGYEQYF	1
CSARGASGRPYNEQFF	1
CSARGARGPYEQYF	1
CSARGATEGSTDTQYF	1
CSARGAGDEQYF	1
CSARGAGGGNEQFF	1
CSARGAHHYEQYF	1
CSARGGYAYEQYF	1
CSARGGNQPQHF	1
CSARGGYNTGELFF	1
CSARGGAQETQYF	1
CSARGGTPLPYQETQYF	1
CSARGGLALTQYF	1
CSARGGLAGYNEQFF	1
CSARGGLAGTYYEQYF	1
CSARGDLMASKAHTDTQYF	1
CSARGDRGPFEQYF	1
CSARGEGAHTDTQYF	1
CSARGIVPASYNEQFF	1
CSARGIGENEKLFF	1
CSARGIIAGDYNEQFF	1
CSARGTVQRYNEQFF	1
CSARGTANTEAFF	1
CSARGTDFYEQYF	1
CSARGTANTEAFF	1
CSARGTGNYEQYF	1
CSARGRANAYEQYF	1
CSARGRTGHQETQYF	1
CSARGRTGAYEQYF	1
CSARGKKPGSYNEQFF	1
CSARGLSGGSYNEQFF	1
CSARGYGTGTSGQYNEQFF	1
CSARGLAHNEQFF	1
CSARGLAGGTEQFF	1
CSARGQVNQPQHF	1
CSARGQGTYNEQFF	1
CSARGALGGGLSGNTIYF	1
CSARGAGRGYEQYF	1
CSARGGLAGKETQYF	1
CSARGGFAADTQYF	1
CSARGGLGYEQYF	1
CSARGIVVASPNTGELFF	1
CSARGTSGLYNEQFF	1
CSARGSSGRASFWDEQFF	1
CSARDFLGLAGGTYEQYF	1
CSARDFLAGLPNEQYF	1
CSARDFRAGSSYEQYF	1
CSARDFVLGGIQETQYF	1
CSARDFSGRYEQYF	1
CSARDFPGMGTGELFF	1
CSARDFQGAPDTQYF	1
CSARDFQGASDTQYF	1
CSARDFQGSYGYTF	1
CSARDFASGEGEQFF	1
CSARDFGERSGREREQFF	1
CSARDLEKTSGSSYEQYF	1
CSARDLTFQPQHF	1
CSARDLSGSYNEQFF	1
CSARDLRVGYEQYF	1
CSARDLFSGIHTDTQYF	1
CSARDLLAPSYEQYF	1
CSARDLASGSSYEQYF	1
CSARDLTREVYEQYF	1
CSARDSSRGWDNQPQHF	1
CSARDSSSGGNEQYF	1
CSARDSDGSSYEQYF	1
CSARDSRGEQYF	1
CSARDSRRSYNEQFF	1
CSARDSGRINRGTQYF	1
CSARDSEKMILEDEQFF	1
CSARDSTSGRNTSYNEQFF	1
CSARDSQLNTGELFF	1
CSARDWLVGTDTQYF	1
CSARDWLAGTYEQYF	1
CSARDWREVNEQFF	1
CSARDWGSGYNTDTQYF	1
CSARDWGVSGEQYF	1
CSARDWGGTKLQHF	1
CSARDWGGGDRNNEQFF	1
CSARDWIRGDQPQHF	1
CSARDWTSGRTRQETQYF	1
CSARDYWQGRALGKNIQYF	1
CSARDYRGANIQYF	1
CSARDYNSPLHF	1
CSARDYLGTYEQYF	1
CSARDYSSGPQETQYF	1
CSARDYLAGETKTKTQYF	1
CSARDYQRGSYEQYF	1
CSARDYRGGNEQFF	1
CSARDYRGFNVNEQFF	1
CSARDYRGYEQYF	1
CSARDLQFGSYNEQFF	1
CSARDLAGENQPQHF	1
CSARDLEPYEQYF	1
CSARDLERQHF	1
CSARDLMGWTDTQYF	1
CSARDLSSGSSYEQYF	1
CSARDLSGGDTGELFF	1
CSARDLWGSNEKLFF	1
CSARDLGIGDLEHF	1
CSARDLMADIQYF	1
CSARDLRGRGYNEQFF	1
CSARDLQGPDTQYF	1
CSARDLVTSGKYEQFF	1
CSARDLVSSYNEQFF	1
CSARDLVGRYEQYF	1
CSARDLGWGGELFF	1
CSARDLGRGYTF	1
CSARDLGGGEGETQYF	1
CSARDLTDPNIQYF	1
CSARDLRGDTQYF	1
CSARDLAGILTDTQYF	1
CSARDLAGIYEQYF	1
CSARDLDAYNEQFF	1
CSARDLSGRVSDTQYF	1
CSARDLNRGVRYEQYF	1
CSARDPVYEQYF	1
CSARDPVGSSYNSPLHF	1
CSARDPGGSKTDTQYF	1
CSARDPMGEQYF	1
CSARDPRTVLMEFF	1
CSARDPKRGAYEQYF	1
CSARDPFSGRHNEQFF	1
CSARDPLGGFTYGYTF	1
CSARDPLYPKFEAFF	1
CSARDPPGASPGGTQYF	1
CSARDPRGRYEQYF	1
CSARDPRGGDTQYF	1
CSARDPAGGRNEQFF	1
CSARDPGGPYEQYF	1
CSARDPGVGYNEQFF	1
CSARDPIIPDEQYF	1
CSARDPTDSTDTQYF	1
CSARDPRGGKTEAFF	1
CSARDPVAGVYEQYF	1
CSARDPGRTAYEQYF	1
CSARDPGLGTGELFF	1
CSARDPGPRWNEQFF	1
CSARDPGQGPYEQYF	1
CSARDPRRTLSRPLNTGELFF	1
CSARDPLERTQYF	1
CSARDPLTYNEQFF	1
CSARDPQGPNYGYTF	1
CSARDPQGETQYF	1
CSARDPAGGRNEQFF	1
CSARDPGEQYF	1
CSARDPSSSYNEQFF	1
CSARDRLVSYNEQFF	1
CSARDRSGRALNEQFF	1
CSARDRLLDTQYF	1
CSARDRRSTDTQYF	1
CSARDRQETQYF	1
CSARDRGTSKYEQYF	1
CSARDRLESPDTQYF	1
CSARDRLAADTQYF	1
CSARDRPLPGTGELFF	1
CSARDRRLAAGITGELFF	1
CSARDRHRGLEQYF	1
CSARDRQVGEQYF	1
CSARDRQSYEQYF	1
CSARDRGAGGPAKNIQYF	1
CSARDRDSYNEQFF	1
CSARDRERPVDEQFF	1
CSARDRILEAFF	1
CSARDRTSQETQYF	1
CSARDRTIQDEQYF	1
CSARDRRVSYNEQFF	1
CSARDRRGSSYNSPLHF	1
CSARDRDYSYNEQFF	1
CSARDRTINTGELFF	1
CSARDRRYEQYF	1
CSARDRRVYEQYF	1
CSARDHSSAPETQYF	1
CSARDHRGPGDTQYF	1
CSARDQAASGSNYEQYF	1
CSARDQGDYGYTF	1
CSARDQEVYEQYF	1
CSARDQNEGLAGVYEQYF	1
CSARDQLRTARQETQYF	1
CSARDQGGTSYNEQFF	1
CSARDQSAGYSNQPQHF	1
CSARDQSGALSYEQYF	1
CSARDQNRDYEQYF	1
CSARDVRGSSSYNEQFF	1
CSARDVDTQETQYF	1
CSARDVRATHQDTQYF	1
CSARDVHSSDTQYF	1
CSARDVDSKDPLWQYF	1
CSARDVAGAGELFF	1
CSARDVDYDGEQYF	1
CSARDARGAEIKAFF	1
CSARDARNQGEYYGYTF	1
CSARDAVGFEQYF	1
CSARDAVATSGRVYNEQFF	1
CSARDAGLAGGSSYNEQFF	1
CSARDAGGPNNEQFF	1
CSARDATGPYEQYF	1
CSARDGRGEETQYF	1
CSARDGGSADTQYF	1
CSARDGAETSGPQETQYF	1
CSARDGASNQPQHF	1
CSARDGAGGTDTQYF	1
CSARDGGGVPSYNEQFF	1
CSARDGGGSSYEQYF	1
CSARDGGGGEKLFF	1
CSARDGGGPWDEQYF	1
CSARDGTTSYNEQFF	1
CSARDGTSGQETQYF	1
CSARDGAEQPQHF	1
CSARDGGAEQYF	1
CSARDDRQGFYEKLFF	1
CSARDDMGGDGYTF	1
CSARDEREMGEQFF	1
CSARDESYTDTQYF	1
CSARDEIGAYEQYF	1
CSARDISGRAAYEQYF	1
CSARDIAGGITDTQYF	1
CSARDISGNTGELFF	1
CSARDIRGGQPQHF	1
CSARDMAGLAPGYEQYF	1
CSARDIAGEINEQFF	1
CSARDIELAKNIQYF	1
CSARDIKTRTYEQYF	1
CSARDTSVASYEQYF	1
CSARDTQGRTEAFF	1
CSARDTAGYEQFF	1
CSARDTQQETQYF	1
CSARDTGASTDTQYF	1
CSARDTTGRRAFF	1
CSARDSFGGRPYNEQFF	1
CSARDSLPYEQYF	1
CSARDSGRTDTQYF	1
CSARDSRGETQYF	1
CSARDRPGTSGSDTQYF	1
CSARDRRLANSYNEQFF	1
CSARDRQGLDEQFF	1
CSARDRAGEGYEQYF	1
CSARDRGAENTGELFF	1
CSARDRTSTDTQYF	1
CSARDRTWYQETQYF	1
CSARDRTADTDTQYF	1
CSARDREREQFF	1
CSARDNAGGLREQFF	1
CSARDKDEFGSYNEQFF	1
CSARDKTGTGYSYEQYF	1
CSARDKANEQFF	1
CSARDFGSTYEQYF	1
CSARDLYEQYF	1
CSARDLLAGESDTQYF	1
CSARDLAGSSYNEQFF	1
CSARDLAIQETQYF	1
CSARDPSGGDYEQYF	1
CSARDPSVAGVYNEQFF	1
CSARDPSSGSYEQYF	1
CSARDPGTAKGYGYTF	1
CSARDPRNSGRGTGELFF	1
CSARDPTGSSYEQYF	1
CSARDPREPYGYTF	1
CSARDPLAGGDTQYF	1
CSARDRLSSGSSDEQFF	1
CSARDRRHMDYEQYF	1
CSARDRLRGTYNEQFV	1
CSARDRGALSTGELFF	1
CSARDRDPSQPTNQETQYF	1
CSARDRTSGSREQYF	1
CSARDRDLVAGYNEQFF	1
CSARDQGLAGGDEQYF	1
CSARDQRRLTQYF	1
CSARDVGRNSHNEQFF	1
CSARDVRTGTYNEQFF	1
CSARDGGRTSYEQYF	1
CSARDGGKAGGSTDTQYF	1
CSARDGASGSLYNEQFF	1
CSARDGDYEQYF	1
CSARDGTSAETQYF	1
CSARDGRAYEQYF	1
CSARDGLAGNEQFF	1
CSARDDNPGGLQYF	1
CSARDDSNQPQHF	1
CSARDERESYNEQFF	1
CSARDMAEAFF	1
CSARDTGGPVEQYF	1
CSARDSAKNIQYF	1
CSARDSGVYEQYF	1
CSARDRGLYEQYF	1
CSARDRGREKLFF	1
CSARDRVGTDTQYF	1
CSARDNRGPYEQYF	1
CSARELGGRSYEQYF	1
CSARELDSSYEQYF	1
CSAREYNSLQFF	1
CSARELRTSKYEQYF	1
CSARELGREPEQFF	1
CSARELAGEGETQYF	1
CSARELAESYNEQFF	1
CSAREPTGELFF	1
CSARERASGVKDTQYF	1
CSARERESTDTQYF	1
CSARERENEQFF	1
CSAREQARPPEQYF	1
CSAREQGASGYTF	1
CSAREALAGEQYF	1
CSAREGSYNSPLHF	1
CSAREGGTSGPYEQYF	1
CSAREGASYGYTF	1
CSAREGTVNTEAFF	1
CSAREGLAGGQETQYF	1
CSAREGHRRTGELFF	1
CSAREGGGGRNEQFF	1
CSAREDLRNEQFF	1
CSAREDGRGDTQYF	1
CSAREDSGSSYNEQFF	1
CSAREDRYNEQFF	1
CSAREDRANIF	1
CSAREDKDYEQYF	1
CSAREMDTEAFF	1
CSAREIPPGLVPYEQYF	1
CSAREIGEDWGLNSPLHF	1
CSAREIGEDIQYF	1
CSARETDQTGDFWSGTEAFF	1
CSARETGGYGYTF	1
CSARERAGDYGYTF	1
CSAREREHEQYF	1
CSARERETQYF	1
CSARERVWTPHEQFF	1
CSAREFGGVDGELFF	1
CSARESDRAASEAFF	1
CSARESQVGFKQYF	1
CSARESGGARTEAFF	1
CSARELLRGQNYEQYF	1
CSARELVMLNEKLFF	1
CSARELAGGYNEQFF	1
CSAREPGASTDTQYF	1
CSAREPGLAVFYEQYF	1
CSAREPGQALAAFF	1
CSAREPLGTDTQYF	1
CSARERLEGAGYNEQFF	1
CSARERTEAYEQYF	1
CSAREVRSARLTQYF	1
CSAREALSGGNQPQHF	1
CSAREAVSTDTQYF	1
CSAREAGENYNEQFF	1
CSAREAIRGGETQYF	1
CSAREGQRGYGYTF	1
CSAREGVVSNEQFF	1
CSAREGAVSYEQYF	1
CSAREGSISGANVLTF	1
CSAREGLAYEQFF	1
CSAREGNSGANVLTF	1
CSAREEGGHDNEQFF	1
CSAREISFEGLTDTQYF	1
CSAREMEMGTGELFF	1
CSARETQETQYF	1
CSARENKQETQYF	1
CSARISGSYEQYF	1
CSARILTRPTIEQFF	1
CSARIGLTKWGHQPQHF	1
CSARIGGSNQPQHF	1
CSARIYRGASTDTQYF	1
CSARMRETSYNEQFF	1
CSARMTSGRPTGELFF	1
CSARTSGSTYEQYF	1
CSARTSGRARETQYF	1
CSARTSGKSSKEQYF	1
CSARTSDRGRYNEQFF	1
CSARTPGLAGGRSYNEQFF	1
CSARTSLRYNEQFF	1
CSARTLDGYEQYF	1
CSARTGLAGAYEQYF	1
CSARTRGSSYEQYF	1
CSARTGGSEKLFF	1
CSARTGEASNEQFF	1
CSARTGRSFANYGYTF	1
CSARTTRDRSIEGYTF	1
CSARTTHRGPSEQYF	1
CSARSFRDTRNQPQHF	1
CSARSVAGSTDTQYF	1
CSARSPIAGFENNEQFF	1
CSARSPGGLAENEQYF	1
CSARSAGFYEQYF	1
CSARSGLYTEAFF	1
CSARSGRWYEQYF	1
CSARSRRIGRYNEQFF	1
CSARRLAGETGELFF	1
CSARRLADTYEQYF	1
CSARRGKNIQYF	1
CSARRGGGGQETQYF	1
CSARRGISRSFTDTQYF	1
CSARRGENGPYEQYF	1
CSARRTIISGSSYNEQFF	1
CSARRTSGSNEQFF	1
CSARRTSGRSTDTQYF	1
CSARRTGGPYGYTF	1
CSARRSGRSYEQYF	1
CSARRHQGGTDTQYF	1
CSARRQGVDTGELFF	1
CSARRGGSNQPQHF	1
CSARRGGRNTGELFF	1
CSARNFRQGGNTEAFF	1
CSARNFGTPKNIQYF	1
CSARNPRAGGTETQYF	1
CSARNHGTLSYEQYF	1
CSARNSANYNEQFF	1
CSARNLAEQFF	1
CSARNPSGRLSSYEQYF	1
CSARNSGRAAFYNEQFF	1
CSARKLAGGPTYNEQFF	1
CSARKPGLEVNEQFF	1
CSARKREGTDTQYF	1
CSARKGGYSYEQYF	1
CSARKGGHEQYF	1
CSARKTVVGFEQYF	1
CSARKTAIYTGELFF	1
CSARKQLGENIQYF	1
CSARKQGTFISYNEQFF	1
CSARKGRDYGYTF	1
CSARKGATDSWYQETQYF	1
CSARKTGTGNYEQYF	1
CSANSLAAYNEQFF	1
CSANSWDSNFVRHF	1
CSANLQVYNEQFF	1
CSANPAGGSTDTQYF	1
CSANRAGRTDTQYF	1
CSANGLAGPHEQYF	1
CSANDRENEQFF	1
CSANLAGVDEQFF	1
CSANPYGSNPYEQYF	1
CSANPPPGREGRNEQFF	1
CSANPGTSGSDTQYF	1
CSANPLDPTLYNEQFF	1
CSANPGTSDPYEQYF	1
CSANQAGGSTDTQYF	1
CSANGGRVETQYF	1
CSANGRRYTDTQYF	1
CSANILGRYEQYF	1
CSANNPSGRAGTDTQYF	1
CSANKQGLRTLYSYNEQFF	1
CSAKSQFTDTQYF	1
CSAKLGDTQYF	1
CSAKPRGPTYEQYF	1
CSAKPHMEWETQYF	1
CSAKPFETSGTYEQYF	1
CSAKPNEQFF	1
CSAKREWSDTQYF	1
CSAKVTSVSYEQYF	1
CSAKATSDFEQFF	1
CSAKGTGATLYEQYF	1
CSAKGLMTSGRSYNEQFF	1
CSAKGLALKETQYF	1
CSAKGASTGELFF	1
CSAKGGRRSYEQYF	1
CSAKGYEQYF	1
CSAKDRGRQETQYF	1
CSAKTSGRAYVQYF	1
CSAKTGDTQYF	1
CSAKSGESSYEQYF	1
CSAKRRDSTYEQYF	1
CSAKSLALAKNIQYF	1
CSAKLAGAYNEQFF	1
CSAKLAGGPGELFF	1
CSAKPHRAGGIYEQYF	1
CSAKPGTGEETQYF	1
CSAKPVVRFGEQFF	1
CSAKRDTGELFF	1
CSAKAPGQGAGGYTF	1
CSAKAPVGTDTQYF	1
CSAKGGRAITGELFF	1
CSAKDPAGGQKIGELFF	1
CSAKDSGSYEQYF	1
CSAKSPVGEETQYF	1
CSAKRRGWADEQFF	1
CSAFREGYQETQYF	1
CSALEPSRGEQYF	1
CSALTGGRATDTQYF	1
CSASDWGSSYEQYF	1
CSASRGGSYNEQFF	1
CSASGYRMETQYF	1
CSASRDTQYF	1
CSASTPGLDTGELFF	1
CSAWYGTGSYEQYF	1
CSAWDAKGYEQYF	1
CSAWDKPNTGELFF	1
CSAWTSGIGQETQYF	1
CSAWTRSETQYF	1
CSAWTDQETQYF	1
CSAYPPRGINNEQFF	1
CSAYSSTGELFF	1
CSALLFSGYSYEQYF	1
CSALRERGGANVLTF	1
CSALLDLGEQFF	1
CSALPVSGQGMLANIQYF	1
CSALPLTETDTQYF	1
CSALGDLQYF	1
CSALRWAGGEVASEQYF	1
CSALRTGGSYEQYF	1
CSALPGVHTEAFF	1
CSALDRVEYEQYF	1
CSALSNNEQYF	1
CSALSGTHNSF	1
CSALPRNEQFF	1
CSALQREGHSYNEQFF	1
CSALGSYEQYF	1
CSALRVTSGYPRETQYF	1
CSAPLRSGEQFF	1
CSAPRQGDTDTQYF	1
CSAPGPGLAISGELFF	1
CSAPEGERREQYF	1
CSAPTSLAATETQYF	1
CSAPSGTSSYNEQFF	1
CSAPSGSTDTQYF	1
CSAPLGGNPYNEQFF	1
CSAPLSLGGDEQYF	1
CSAPPSLSYEQYF	1
CSAPPGIAYEQYF	1
CSAPRGLLEQFF	1
CSAPRPLLSGNTIYF	1
CSAPRPVGGQETQYF	1
CSAPQGVLPNSPLHF	1
CSAPGQLAKNIQYF	1
CSAPGLGPGELFF	1
CSAPGTSGSNEQFF	1
CSAPGTGGSYEQYF	1
CSAPGPGELFF	1
CSAPGGRRGELFF	1
CSAPEMGEQYF	1
CSAPMRGRGPRGEQFF	1
CSAPSLSRNTGELFF	1
CSAPVAAHEQYF	1
CSAPGQGGTGELFF	1
CSAPDSSTDTQYF	1
CSAPEWGLGNTEAFF	1
CSAPTDPYEQYF	1
CSAPRVARSSVEQFF	1
CSAPRTPGASYNEQFF	1
CSAPNRPDGYTF	1
CSAPKSGRKIEQYF	1
CSAPSNTEAFF	1
CSAPLAGVLDTQYF	1
CSAPLAGNTDTQYF	1
CSAPAGGDLFEQYF	1
CSAPATRGWSGELFF	1
CSAPDRGAETQYF	1
CSAPRQGGSYEQYF	1
CSARVTGGADNSPLHF	1
CSARAAGVQGWGNTEAFF	1
CSARDSSGVPLAKNIQYF	1
CSARSAETQYF	1
CSARRGEARETQYF	1
CSARRQGVRETQYF	1
CSARGVGETQYF	1
CSARDRDSGTDTQYF	1
CSARTRTGLDQPQHF	1
CSAREDYNEQFF	1
CSARTSGSYEQYF	1
CSARTGTPNSPLHF	1
CSARTGDTGELFF	1
CSARTDSIPGANVLTF	1
CSARSRTSGSDEQYF	1
CSARLAGGSYEQYF	1
CSARLAGKISGELFF	1
CSARRAQETQYF	1
CSARRNSPLHF	1
CSAHSLALAGGSNEQFF	1
CSAHTSASYEQYF	1
CSAQGLGGLVHNEQFF	1
CSAQDRVFYNEQFF	1
CSAQTPPSVNEQFF	1
CSAQTSPLQQFF	1
CSAQRLGYEQYF	1
CSAQETGYSNQPQHF	1
CSAQKRELGTDTQYF	1
CSAVLREGLDTQYF	1
CSAVRRGADTQYF	1
CSAVRGLADYNEQFF	1
CSAVGGYEQYF	1
CSAVGDSKNIQYF	1
CSAVDRTVYQETQYF	1
CSAVDGRELRTQYF	1
CSAVIDRGVGYTF	1
CSAALAASETQYF	1
CSAAPPGGVQTQYF	1
CSAAGTGIDTQYF	1
CSAAGRSYNEQFF	1
CSAAGRPSYEQYF	1
CSAATSGSAETQYF	1
CSAATIGELFF	1
CSAAFRDGYNEQFF	1
CSAADWETSGRSTDTQYF	1
CSAATAYQETQYF	1
CSAGPVISYEQYF	1
CSAGVGGRANEQFF	1
CSAGDRGLDTQYF	1
CSAGTVQETQYF	1
CSAGTGVHHEQYF	1
CSAGLAGNPAYEQYF	1
CSAGGGTGTYEQYF	1
CSADLLVAGGPHNEQFF	1
CSADHGLAGGLYEQYF	1
CSADKYNEQFF	1
CSADARYNEQFF	1
CSADAGGDLSTDTQYF	1
CSAEPGSSYNEQFF	1
CSAEPDRRFETQYF	1
CSAEERSGRAQKNIQYF	1
CSAETRNTDEQYF	1
CSAEKPGQTYEQYF	1
CSAEKSTRGGQETQYF	1
CSAESGTTYYEQYF	1
CSAERTSGRSEDTQYF	1
CSAEQGNQPQHF	1
CSAIPAGAWETQYF	1
CSAIRLAGATDTQYF	1
CSAIRQGFNNEQFF	1
CSAIVRRGVADTQYF	1
CSAIDYNEQFF	1
CSAIEAPPSYNEQFF	1
CSAMVREGFNEQFF	1
CSAMGLAGTSSTDTQYF	1
CSAMGLAKNNEQFF	1
CSAMGQGAGTDTQYF	1
CSAMDRGEADTQYF	1
CSAMTSGNTGELFF	1
CSAIGRGPYNEQFF	1
CSAINYEQYF	1
CSATLDRPIYEQYF	1
CSATPLAASSTDTQYF	1
CSATRPVGNQPQHF	1
CSATRTVGEKLFF	1
CSATLYYGTGNSEQFF	1
CSATSGTHSYEQYF	1
CSATGLAISTDTQYF	1
CSATTSGLNAYNEQFF	1
CSATTSTDTQYF	1
CSATYRGNEQYF	1
CSATLAGTSYEQYF	1
CSATQQNYEQYF	1
CSATGAGTGELFF	1
CSATERRVAQETQYF	1
CSATTGEYGKNIQYF	1
CSASSGRQFYYNEQFF	1
CSASPGRIGSPLHF	1
CSASPGLSYEQYF	1
CSASLSSGRAYNEQFF	1
CSASQGVETQYF	1
CSASGTSGNSYNEQFF	1
CSASRVEKLFF	1
CSARSRTGSSYNEQFF	1
CSARGEGLAGYSYEQYF	1
CSARGYGSYEQYF	1
CSARGGSTDTQYF	1
CSARDLAYEQYF	1
CSARELYRSNQPQHF	1
CSARTSQSPQETQYF	1
CSARTSGSSYNEQFF	1
CSARTSGRAYEQYF	1
CSARTSGSYNEQFF	1
CSARTGTSDYEQYF	1
CSARTGNTEAFF	1
CSARTGRLEQYF	1
CSARRGQVAYNEQFF	1
CSARLAGGFYEQYF	1
CSARLAGGIEQYF	1
CSARRGTGRSYNEQFF	1
CSARGGAQAKNIQYF	1
CSARDALGPIQETQYF	1
CSARNLDKNIQYF	1
CSANPGRMHEQYF	1
CSANSGEVTDTQYF	1
CSANDGTGRGYNEQFF	1
CSANTPGVPYEQYF	1
CSAKSPANEQFF	1
CSAKAGADYTKNIQYF	1
CSAKGASGGTSYEQYF	1
CSAKLVISYNEQFF	1
CSAKQVVTGELFF	1
CSAKVPPDTQYF	1
CSAKEWTEAYEQYF	1
CSAKIAGAAYNEQFF	1
CSAKNWDFREQYF	1
CSAKKAGSSYNEQFF	1
CSAFLAGGPDNEQFF	1
CSALLADTQYF	1
CSASVQGTQYF	1
CSASGGTGGSPLHF	1
CSASYFYNEQYF	1
CSAYVVGNYGYTF	1
CSALLRERGSYNEQFF	1
CSALPLQGFTNYGYTF	1
CSALAPFSYEQYF	1
CSAPQTSGHYEQYF	1
CSAPSGTGYEQYF	1
CSAPTSINEQFF	1
CSAPPLHYGYTF	1
CSAPPAGRNYNEQFF	1
CSAPAGYRNTIYF	1
CSAPDRGRDEQYF	1
CSARPDTPPYEQYF	1
CSARGPDTAYEQYF	1
CSARLAGVDEQFF	1
CSARLAGGTDTQYF	1
CSARAPLAGTDTQYF	1
CSAQPNREYSPLHF	1
CSAQQPGQGYNEQFF	1
CSAVLAGLYEQYF	1
CSAARTSGRYTYEQYF	1
CSAAPYTAGYNEQFF	1
CSAAAREISGRKDTQYF	1
CSAADTAQGSVTDGYTF	1
CSAGRGSTDTQYF	1
CSAGHPGRGYEQFF	1
CSAGDRGITDTQYF	1
CSADTSGMFYEQYF	1
CSADTGTYEQYF	1
CSADSPGELFF	1
CSADGSGANVLTF	1
CSAEVREGSYEQYF	1
CSAEGDSQETQYF	1
CSAIPGTGGSRVYF	1
CSAITSRNTGELFF	1
CSAITGLAEQYF	1
CSAMDRGTNIQYF	1
CSATPLGGPINQPQHF	1
CSATGASGRNEQFF	1
CSATGTATYEQYF	1
CSATPQHTQYF	1
CSATPRDSYEQYF	1
CSASRLALLDTQYF	1
CSASSGTRGGNEQFF	1
CSASGRAFGEQFF	1
CSASTWTSREQFF	1
CSARGTLGSPQHF	1
CSARGGLAGGEQYF	1
CSARKPGRGSNQPQHF	1
CSANSLAGGDNEQFF	1
CSANWGDRGTYEQYF	1
CSANRAGRADTQYF	1
CSANRAHNQPQHF	1
CSANGLVTNYEQYF	1
CSANRDHIQYF	1
CSAKRGPASYNEQFF	1
CSASSSARAYEQYF	1
CSASANHPLEQYF	1
CSASRLAANTGELFF	1
CSAWAVSNYGYTF	1
CSAWGKGRRETQYF	1
CSAWRTGLYEQYF	1
CSAYVQGPPTEAFF	1
CSALPGQGTAGQETQYF	1
CSAPSGKTYNEQFF	1
CSAPPRPELTDTQYF	1
CSAPPSGTDTQYF	1
CSAPGQTLSENSYNEQFF	1
CSAPTSGRAFGNEQFF	1
CSAPTSGRFADTQYF	1
CSAPRQGAPSYEQYF	1
CSAPGPPSGTYEQYF	1
CSAREAGLAGAEQYF	1
CSARGFWGNTIYF	1
CSARDTGGSDTQYF	1
CSARGESTDTQYF	1
CSARTSGYPDTQYF	1
CSAHKLAKNIQYF	1
CSAHRPRGNEQFF	1
CSAHRQMSSYNEQFF	1
CSAVVGGSSYEQYF	1
CSAVDRVQETQYF	1
CSAARSAEASYNEQFF	1
CSAARGETSYNEQFF	1
CSAGVLAYSTDTQYF	1
CSAGETVQETQYF	1
CSAGSGRPNNEQFF	1
CSAGLAGSGNEQFF	1
CSAGLAGVLIFEQYF	1
CSADDYNEQFF	1
CSAELAGGRETQYF	1
CSAEIRAATQNIQYF	1
CSAESPGGSSYNEQFF	1
CSAIIRDRGYNEQFF	1
CSAMDGPSNQPQHF	1
CSAIAGGTDTQYF	1
CSATVVELKTGGSYEQYF	1
CSATSPDGNIQYF	1
CSATSGTSFDTDTQYF	1
CSATGDRGRIEAFF	1
CSATLAGGAYEQYF	1
CSATGQTLHHEQFF	1
CSATGLAFYEQYF	1
CSATSRGVTQETQYF	1
CSATPFTGEDNSPLHF	1
CSATGQGAGEQYF	1
CSATSGTYEQYF	1
CSATKLAGVGETQYF	1
CSASTRFWQETQYF	1
CSASGRTNYEQYF	1
CSASKGLGSYEQYF	1
CSARSTLEPQETQYF	1
CSARAPGQGNREQYF	1
CSARGRIATNEKLFF	1
CSARDRGPQETQYF	1
CSARLRLRSFGYTF	1
CSARQGWRDEQYF	1
CSANEGHTGELFF	1
CSAKLAGNTDTQYF	1
CSAKGSRTNTEAFF	1
CSGVGQGPREQYF	1
CSGKREPFYNEQFF	1
CSGKQGAWQYF	1
CSGYLHRGPYEQYF	1
CSGRSSSYEQYF	1
CSGVGGSYEQYF	1
CSGGTWEGQFF	1
CSGEQGYGYTF	1
CSGKPAPYTDTQYF	1
CSGSRGGPVGELFF	1
CSGLQTLAGGDTQYF	1
CSGRGRIYEQYF	1
CSGRDRDGTDTQYF	1
CSGGLRGTQYF	1
CSGDRLYQETQYF	1
CSGIEGGLDYGYTF	1
CSGTGGELSYNEQFF	1
CSGNSGTLTDTQYF	1
CSGKASTDTQYF	1
CSGLGGYEQYF	1
CSGVRTGVYEQYF	1
CSGGLAFYEQYF	1
CSGGPNYNEQFF	1
CSGTLAQGTDTQYF	1
CSDRGREGLNTQYF	1
CSDGTSGSSYEQFF	1
CSESSPRGDEQFF	1
CSEGGQSGEQFF	1
CSEQGDGYTDTQYF	1
CSENTAGWNEQFF	1
CSITGTTTNEQYF	1
CSIVSGERVNEQFF	1
CSTLVYTSLYTDTQYF	1
CSTRGTSGRSSYNEQFF	1
CSTYTRVGYNEQFF	1
CSTRKETQYF	1
CSTTPEPDTQYF	1
CSSNDRSSYEQYF	1
CSRSAGQEPYNEQFF	1
CSNRPTGEAQYF	1
CSKLGGEETQYF	1
CSFQGLNTGELFF	1
CSSGLAGGTQYF	1
CSSTGPGGNIQYF	1
CSSWTSGYQFF	1
CSSLPPHTINEQFF	1
CSSLRGTTDTQYF	1
CSSGPWLNFTEAFF	1
CSSWTSGSFNEQFF	1
CSSGTGTGDEQYF	1
CSSSAGGRTDTQYF	1
CSWRLRDEQYF	1
CSYKRNTEAFF	1
CSLRLSGTGELFF	1
CSLGTLEGDEQFF	1
CSLLADEQFF	1
CSLRRRQERDNEQFF	1
CSLIGTSNNEQFF	1
CSPPFRASGRGHEQFF	1
CSPPPDRGSLETQYF	1
CSPVDGGGQFF	1
CSPDRVGGEQFF	1
CSPREQYF	1
CSQDLHREGVPSGAEGQFF	1
CSVFPGTSGSGEQFF	1
CSVFGPGVTQYF	1
CSVLYANTGELFF	1
CSVLGQGGGGTGELFF	1
CSVLTGGTDTQYF	1
CSVSRVLVDTQYF	1
CSVSFGQETQYF	1
CSVSSGGHEKLFF	1
CSVSPQGRTSNEQFF	1
CSVWGTGSSYNSPLHF	1
CSVWDTGELFF	1
CSVWEGLYNEQFF	1
CSVWRGSNTEAFF	1
CSVYIRASRAYF	1
CSVYFGQPGEQFF	1
CSVLTSLRGAEQFF	1
CSVLTDKIYNEQFF	1
CSVLSRDYEQYF	1
CSVLAGTYEQYF	1
CSVLGSGANVLTF	1
CSVLRQGPTYEQYF	1
CSVLAGEETQYF	1
CSVLGQTIYEQYF	1
CSVLDSPAGEQYF	1
CSVLTHLDSKNIQYF	1
CSVPGADTQYF	1
CSVPKGAPYQETQYF	1
CSVRQREGSTDTQYF	1
CSVRRTGGYNEQFF	1
CSVRRPGRPQGTSGVRSSYNEQFF	1
CSVRENSLGDEQYF	1
CSVRGLALNHLYNEQFF	1
CSVRDDRAYEQYF	1
CSVQASASYEQYF	1
CSVQGQNNDRQFF	1
CSVQGGGGDTQYF	1
CSVQGTSGTRADTQYF	1
CSVVSQLQYF	1
CSVVLAGNNEQFF	1
CSVVPTSDSYNEQFF	1
CSVVPSGSYEQYF	1
CSVVPDGAYEQYF	1
CSVVRLAGGTEETQYF	1
CSVVVGLSYEQYF	1
CSVVASGTDTQYF	1
CSVVGVNTDTQYF	1
CSVVGALTGGAYEQYF	1
CSVVGGGSSYNEQFF	1
CSVVIGGTDTQYF	1
CSVVRDRGYEQYF	1
CSVVFLTNYYEQYF	1
CSVVSTYEQYF	1
CSVVPDRVPYEQYF	1
CSVVPGVADTQYF	1
CSVVREVGTDTQYF	1
CSVVGVRTGYEQYF	1
CSVVTASYGYTF	1
CSVVSWGNEQYF	1
CSVVSAYEQYF	1
CSVVFAGEGDTQYF	1
CSVVSGIYEQYF	1
CSVVSTGAMNEQFF	1
CSVVYNEQFF	1
CSVVPSWPVSSYEQYF	1
CSVVVSGSYNEQFF	1
CSVVAVYNEQFF	1
CSVVGSDRNYGYTF	1
CSVVDRLDTQYF	1
CSVVRDGLAAYNEQFF	1
CSVVKGLQETQYF	1
CSVVLAAVITDTQYF	1
CSVVWRGEETQYF	1
CSVVYGGELFF	1
CSVVPTGAEQYF	1
CSVVRTGGYEQYF	1
CSVVVDTYEQYF	1
CSVVALTDTQYF	1
CSVVGYTGELFF	1
CSVVGGTSKEQFF	1
CSVVGHSYNEQFF	1
CSVVEGAGDLTDTQYF	1
CSVVILYEQYF	1
CSVVMGSANEQFF	1
CSVVTSGGYNEQFF	1
CSVVSSTGNEQFF	1
CSVAFGAGGDTQYF	1
CSVAWTFSPYEQYF	1
CSVAERGDAPETQYF	1
CSVASRGRSTDTQYF	1
CSVAYGSADTQYF	1
CSVALNNRAFEQFF	1
CSVAPVGSYEQYF	1
CSVAPGSTDTQYF	1
CSVAPASGSTDTQYF	1
CSVAPWSQGALEQYF	1
CSVARQGEGTDTQYF	1
CSVARGSEAGAFF	1
CSVAVAGEGADTQYF	1
CSVADRGPGTNEKLFF	1
CSVAEISGTEAFF	1
CSVATSGYGATDTQYF	1
CSVARQYNEQFF	1
CSVASGGRSGANVLTF	1
CSVAPNSWGERERAHEQFF	1
CSVAQDRSGNTIYF	1
CSVAVALNQETQYF	1
CSVAASPTDTQYF	1
CSVAGTGVQETQYF	1
CSVAGRVETYNEQFF	1
CSVATDSGTEAFF	1
CSVALQETQYF	1
CSVALLNTGELFF	1
CSVAGFMTEAFF	1
CSVANSGRIYNEQFF	1
CSVGSREQYF	1
CSVGSGDYEQYF	1
CSVGSGGSSYNEQFF	1
CSVGLPGTNTEAFF	1
CSVGPGGGETQYF	1
CSVGASGRLKFGSEQFF	1
CSVGAWGGYTF	1
CSVGAYEQYF	1
CSVGRLAGTDTQYF	1
CSVGSLGLQETQYF	1
CSVGLLVGEQYF	1
CSVGPPVGWETQYF	1
CSVGPGKDYEQYF	1
CSVGVAGVVNEQFF	1
CSVGEREKETQYF	1
CSVGSGGYEQYF	1
CSVGFLAGGHGQFF	1
CSVGLWGSKAAKNIQYF	1
CSVGYSGETQYF	1
CSVGPGQETQYF	1
CSVGPTGASTDTQYF	1
CSVGVTYNEQFF	1
CSVGGVGSYEQYF	1
CSVGGAVTGSSTDTQYF	1
CSVGGTDLEAPSQETQYF	1
CSVGDWEGEYNEQFF	1
CSVGDYYEQYF	1
CSVGDSKTSLYF	1
CSVGTSRYEQYF	1
CSVGTVQETQYF	1
CSVGTANQPQHF	1
CSVGSPLRGYEQYF	1
CSVGSGIAYEQYF	1
CSVGNGASYEQYF	1
CSVGLPGQGAGELFF	1
CSVGLASETQYF	1
CSVGPGTGGFEQYF	1
CSVGPLAGVNEQFF	1
CSVGQQGLAFF	1
CSVGGDGEQFF	1
CSVGGKAGATSSYNEQFF	1
CSVGDTQYF	1
CSVGDRPETQYF	1
CSVGIQGTGELFF	1
CSVGTGNTYEQYF	1
CSVGSSSYNEQFF	1
CSVGRDRGADTEAFF	1
CSVGKDSFGINIQYF	1
CSVDFGYGYTF	1
CSVDLAGRTDTQYF	1
CSVDSGGETQYF	1
CSVDSATGKRDTEAFF	1
CSVDWPAGGDTQYF	1
CSVDLAPSYNEQFF	1
CSVDLLERDEQYF	1
CSVDPVMNTEAFF	1
CSVDPRAPYNEQFF	1
CSVDPGYENEQFF	1
CSVDRTSGRLWETQYF	1
CSVDRTGGSYEQYF	1
CSVDGLGGRYQETQYF	1
CSVDGGNNEQFF	1
CSVDGAGSYEQYF	1
CSVDGTGAGDTDTQYF	1
CSVDGLAGDRDTQYF	1
CSVDEDGRGTEAFF	1
CSVDTLRLGNEQFF	1
CSVDTSTETQYF	1
CSVDTGSSYNEQFF	1
CSVDTGGRMEQYF	1
CSVDTGTSYEQYF	1
CSVDSLAGDEQYF	1
CSVDLAGTQETQYF	1
CSVDPSGYNEQFF	1
CSVDPGVAEYF	1
CSVDPGGYNEQFF	1
CSVDPRTTTTQYF	1
CSVDRTGGPYNEQFF	1
CSVDRTGGSGETQYF	1
CSVDGFGGAHYNEQFF	1
CSVDGLAGHQETQYF	1
CSVDGQSPSSYNEQFF	1
CSVDGGAREQYF	1
CSVDTSGSGEQFF	1
CSVDTVANRPTYNEQFF	1
CSVDTGQSPYNEQFF	1
CSVDTAGGGNEQFF	1
CSVDSEVRAFF	1
CSVDSNEQFF	1
CSVDRAGEQYF	1
CSVDRGPYNEQFF	1
CSVDRRVRETETQYF	1
CSVEFTTGVGYTF	1
CSVESGTSGRATWEQFF	1
CSVESGELFF	1
CSVESGLAASNEQFF	1
CSVESGAVDTQYF	1
CSVEWEFYEQYF	1
CSVEYPGLAYNEQFF	1
CSVEYSRGQGEQYF	1
CSVELGTGGSYNEQFF	1
CSVEPGHRDEQFF	1
CSVEPGGTTDTQYF	1
CSVERAINEQFF	1
CSVERGYEQYF	1
CSVEREDLYNEQFF	1
CSVEQPLSYEQYF	1
CSVEVAIADTQYF	1
CSVEVTGSTYEQYF	1
CSVEAAPSYEQYF	1
CSVEAFGLADSYNEQFF	1
CSVEAGATYEQYF	1
CSVEGPEETQYF	1
CSVEGQETQYF	1
CSVEGAADTQYF	1
CSVEGLRPYEQYF	1
CSVEGSGANVLTF	1
CSVEGLESSYNEQFF	1
CSVEGHTGELFF	1
CSVEGGAGEQYF	1
CSVEGLADYEQYF	1
CSVEGLADYNEQFF	1
CSVEGQNTGELFF	1
CSVEDAGTYEQYF	1
CSVEDTGDQETQYF	1
CSVEDSPYEQYF	1
CSVEEPGLEYNEQFF	1
CSVEEDSPYGTGELFF	1
CSVEIYRVVQFF	1
CSVETGQDLLKQYF	1
CSVETGVAKNIQYF	1
CSVETGSSYEQYF	1
CSVESSGKTQYF	1
CSVESTSSYEQYF	1
CSVERVAGPNEQFF	1
CSVERAGPQETQYF	1
CSVERGAQYF	1
CSVENTEAFF	1
CSVEKGQNEQFF	1
CSVEFGDLSGETQYF	1
CSVEFRVSSLNEQFF	1
CSVELSGQLNQPQHF	1
CSVESYQGASYNEQFF	1
CSVESSDGGGYMNTEAFF	1
CSVESPRRGTYEQYF	1
CSVESGGAADTQYF	1
CSVESGGGFRGYTF	1
CSVESGQGSEKLFF	1
CSVECQDDHEQYF	1
CSVEYQITRDTQYF	1
CSVEYEGTDTQYF	1
CSVELVRLYNEQFF	1
CSVELLAGDKYF	1
CSVELAGGRDPYEQYF	1
CSVELAGETQYF	1
CSVEPLGSGTYEQYF	1
CSVEPLTSGIMDTQYF	1
CSVEPQGGTQYF	1
CSVEPWTGQNTEAFF	1
CSVERKSYNEQFF	1
CSVEQAGGSTDTQYF	1
CSVEQGESGEQYF	1
CSVEVLDTQYF	1
CSVEVRAYEQFF	1
CSVEVQPTLYTQYF	1
CSVEVPHQGGGETQYF	1
CSVEVRGVIQETQYF	1
CSVEVASGPSTDTQYF	1
CSVEVYNPKGRQGYTDTQYF	1
CSVEVRARKTQYF	1
CSVEASGRANEQFF	1
CSVEAKEGVGIYEQYF	1
CSVEAWVSREWGRNEQFF	1
CSVEALTSGDYNEQFF	1
CSVEAGTSGVYNEQFF	1
CSVEAGFTGELFF	1
CSVEAAGGFNEQFF	1
CSVEAGFANTEAFF	1
CSVEAETDNEQYF	1
CSVEGWEYGADTQYF	1
CSVEGLAGGSEQFF	1
CSVEGASGSVYEQYF	1
CSVEGGTGLAVRTDTQYF	1
CSVEGTSDFLQETQYF	1
CSVEGVREGPNTQYF	1
CSVEGGPGVAIDEQFF	1
CSVEGRAGELFF	1
CSVEGRGSGELFF	1
CSVEGLAGVGEQFF	1
CSVEGLESYEQYF	1
CSVEGPGRKLFF	1
CSVEGVTSGSTGEQYF	1
CSVEGVATGDHEQYF	1
CSVEGARRAYNEQFF	1
CSVEGARDFPQIQEYF	1
CSVEGGGSYEQYF	1
CSVEGGSGANVLTF	1
CSVEGGQGRSHRIYGYTF	1
CSVEGDATSADTQYF	1
CSVEGDRNYGYTF	1
CSVEGEASAKNIQYF	1
CSVEGSGTYNEQFF	1
CSVEGLSQETQYF	1
CSVEGLLAGSLYNEQFF	1
CSVEGLAGASYEQYF	1
CSVEGQGGVYEQYF	1
CSVEGGHYEQYF	1
CSVEDLAGGPPEQFF	1
CSVEDSAGGVYEQYF	1
CSVEDSRADEQFF	1
CSVEDWGRKDTQYF	1
CSVEDLRTGASSYNEQFF	1
CSVEDLGGTTDTQYF	1
CSVEDLTYEQYF	1
CSVEDLGRSDTQYF	1
CSVEDLGGKVHEQFF	1
CSVEDPGTGGFEQYF	1
CSVEDPNRQETQYF	1
CSVEDPAGRTDTQYF	1
CSVEDPRTYEQYF	1
CSVEDRFAGIPYEQYF	1
CSVEDRFSGRPSTDTQYF	1
CSVEDRSGRAPGELFF	1
CSVEDRGLAGGTQYF	1
CSVEDRGTPYEQYF	1
CSVEDGVSSTDTQYF	1
CSVEDTGTALLAGEQYF	1
CSVEDRRGTQYF	1
CSVEDFRGTDTQYF	1
CSVEDPGQAAYEQYF	1
CSVEDGKRETYNEQFF	1
CSVEEPYTGELFF	1
CSVEEPGTGRATQYF	1
CSVEEASNEQFF	1
CSVEEGKGYEQYF	1
CSVEEDYGYTF	1
CSVEEPARGELFF	1
CSVEERDSSRYGYTF	1
CSVEEGRAGVPRQYF	1
CSVEEGGRSSYEQYF	1
CSVEEGLAGVNEQFF	1
CSVEEESGWTDTQYF	1
CSVEEIGTGGDEQYF	1
CSVEISIAYGETQYF	1
CSVEIAVSSYEQYF	1
CSVEISQGESDEQYF	1
CSVETQTQGTYEQYF	1
CSVETGVYNEQFF	1
CSVETTGGEQFF	1
CSVERQGSSTDTQYF	1
CSVERGMEQYF	1
CSVERGVTDTQYF	1
CSVEKDRADTQYF	1
CSVISGSGYEQYF	1
CSVIDREWGYEQYF	1
CSVMIGLAGANEQFF	1
CSVMNDRAKNIQYF	1
CSVILAGYEQYF	1
CSVIAGAETQYF	1
CSVIGLGRETQYF	1
CSVTRQGPLSDTQYF	1
CSVTQTSGSWDEQFF	1
CSVTGTEKETQYF	1
CSVTSPSGETQYF	1
CSVTLAVSSYEQYF	1
CSVSVLRLHVYEQYF	1
CSVRGGLAGGRPLWQYF	1
CSVRDYRNTGELFF	1
CSVRDRPNTGELFF	1
CSVRDRGTYEQYF	1
CSVRNDEQFF	1
CSVRSGDGYTF	1
CSVRQGIYEQYF	1
CSVRVGSYNEQFF	1
CSVFPGPLW	1
CSVSPLQGSGELFF	1
CSVSEGTGELFF	1
CSVSDRLAKNIQYF	1
CSVYLVQRGTDTQYF	1
CSVLRQKETQYF	1
CSVLGTPSGANVLTF	1
CSVLRGAYNEQFF	1
CSVLVTGAIETQYF	1
CSVLLGGDTQYF	1
CSVPMAGNYNEQFF	1
CSVPREGRENTGELFF	1
CSVPIFQGTSYNEQFF	1
CSVRDIGSPLHF	1
CSVRDRGLNEQFF	1
CSVRDRGGTGELFF	1
CSVRDRGKETQYF	1
CSVRGPRELNTGELFF	1
CSVRDSSSSSYEQYF	1
CSVHDPLAKNIQYF	1
CSVQRPRGSRETQYF	1
CSVVQRDYEQYF	1
CSVVTGDNTGELFF	1
CSVVTSGFYNEQFF	1
CSVVGTRRYEQYF	1
CSVAPSGTEDEQFF	1
CSVAPGQELTRQYF	1
CSVAGTSGSSEQFF	1
CSVAGTDQETQYF	1
CSVAEGAETQYF	1
CSVAFPAGANEQFF	1
CSVGTGVELFF	1
CSVGGEKYEQYF	1
CSVGTSKNIQYF	1
CSVGPTDTQYF	1
CSVEQGSYEQYF	1
CSVETSGSYEQYF	1
CSVETPGRTEAFF	1
CSVERGGPGIVSYEQYF	1
CSVISGSSYNEQFF	1
CSVIPGQGANEQFF	1
CSVIAGGGSYEQYF	1
CSVTSPWDSGTDTQYF	1
CSVTVSYEQYF	1
CSVTDSNYEQYF	1
CSVTTSGIREQYF	1
CSVTSGTDTQYF	1
CSVRDSRGLAAVKDEQFF	1
CSVRTGLRYEQYF	1
CSVNPGTTSSYEQYF	1
CSVKRGLGNEQFF	1
CSVKGAPYNEQFF	1
CSVKKAGADTGELFF	1
CSVSGSNEQFF	1
CSVSTGTGISKEYF	1
CSVLTPLHEQYF	1
CSVLTGAVTQYF	1
CSVPTGASYNEQFF	1
CSVRSTDTQYF	1
CSVVQRNEQFF	1
CSVARGNTEAFF	1
CSVGHHGTDGLLYF	1
CSVGSGDITDTQYF	1
CSVGDRTAYEQYF	1
CSVGLAGVSGRWDNEQFF	1
CSVEGRMNTEAFF	1
CSVEDRAEGEQYF	1
CSVENNEQFF	1
CSVIRVSSYNEQFF	1
CSVMGGQETQYF	1
CSVISTGPPGDTEAFF	1
CSVTSSGSTGELFF	1
CSVTSGQETQYF	1
CSVTGQGTDTQYF	1
CSVTTGYPHNEQFF	1
CSVTGPSSYNEQFF	1
CSVSERRASASSRFF	1
CSVRPTSGRANEQFF	1
CSVRGQGDSYEQYF	1
CSVRDVTGGNEQFF	1
CSVKQGWYEQYF	1
CSVSEAGNTEAFF	1
CSVPHPGSSYNEQFF	1
CSVPRTPGANVLTF	1
CSVPAGIRAGRDSSYNEQFF	1
CSVQSGLATGEQFF	1
CSVVDRNTEAFF	1
CSVAGGPDTQYF	1
CSVGTDTQYF	1
CSVDGTSGSWDNEQFF	1
CSVEDRGRTWGTQYF	1
CSVTGTSGRNTGELFF	1
CSVTTGSTAYEQYF	1
CSVRWGSEQYF	1
CSVRGPGHYEQYF	1
CSVRGGLRDEQFF	1
CSVRDRENQPQHF	1
CSASTAQETQYF	1
CSARTSGRTDTQYF	1
CSARTGSSGF	1
CSAVGLAGFNEQFF	1
CSAGRGVPTDTQYF	1
CSAGEGYEQYF	1
CSAMRPDGDFF	1
CSARLAGDDEQFF	1
CSALDRVHEQYF	1
CSASTYLGNQPQHF	1
CSACGRGRTDTQYF	1
CSALKTDRPYEQYF	1
CSALDSGHEETQYF	1
CSALEGFYNEQFF	1
CSAPRAEYNEQFF	1
CSARLAAQETQYF	1
CSARDRSTDTQYF	1
CSARQDTGELFF	1
CSARRRDEQYF	1
CSAQGLVVGTGELFF	1
CSAVKNTGELFF	1
CSAGRTYNEQFF	1
CSAGGGQGLDEQYF	1
CSAGPGGSLYNEQFF	1
CSAGQVDYEQYF	1
CSAGQAAETQYF	1
CSAGQDFSGANVLTF	1
CSADLAIEQFF	1
CSAEGRGLYQETQYF	1
CSAIPRWSSYNEQFF	1
CSAIPGAGDGYTF	1
CSAIGGDYEQYF	1
CSANDPGTNYEQYF	1
CSAKDTADTGELFF	1
CSAWTRETQYF	1
CSAPGPSTDTQYF	1
CSAQGVGYEQYF	1
CSAASGVAFTDTQYF	1
CSAARQGAFDEQFF	1
CSAADRVGQYF	1
CSAAPEADTQYF	1
CSAGDSFNEQFF	1
CSAGGVSSYEQYF	1
CSAFLELTPYEQYF	1
CSASLAGFEYEQYF	1
CSASAGEQYF	1
CSAVAGVGSYNEQFF	1
CSAGTGGPVNEQFF	1
CSATSIWNNEQFF	1
CSASPGPLLDEQFF	1
CSANKDILMGETQYF	1
CSGGTGVTDTQYF	1
CSGILPGPYGYTF	1
CSGTGTAKNIQYF	1
CSGRQGSMGGEQYF	1
CSGHYF	1
CSGGHGHNEQFF	1
CSGGDFYEQYF	1
CSGGTGGNEQYF	1
CSGDVNTEAFF	1
CSGEKKFPYEQYF	1
CSGEQETQYF	1
CSGSAGGVDTQYF	1
CSGLGLGNTGELFF	1
CSGLAGGTGELFF	1
CSGAGTFSYNEQFF	1
CSGGLANTDTQYF	1
CSGGMDEQFF	1
CSGDRLMNTEAFF	1
CSGKSGFAEQYF	1
CSGKGRERRETQYF	1
CSGSGGSTDTQYF	1
CSGRGGTDTQYF	1
CSDLTSGRGNEQYF	1
CSDRSGLAVYNEQFF	1
CSEEGADETQYF	1
CSENRGEETQYF	1
CSELTSGDDTQYF	1
CSIRTGGWADTQYF	1
CSINQRLAEYNEQFF	1
CSMTSGETQYF	1
CSIAGGPYQETQYF	1
CSIMTVANYGYTF	1
CSTSGGTYNEQFF	1
CSTRTGPSGYNEQFF	1
CSTQPAGGPGDTQYF	1
CSTGLARGNEQFF	1
CSTKKVGNEQFF	1
CSNIRSAGYNEQFF	1
CRRATSSYNEQFF	1
CRARGTSGSYNEQFF	1
CRGGSQETQYF	1
CRGLAGEGEQYF	1
CRVNPGLHTDTQYF	1
CRGLGDEQYF	1
CRTEGGVSTDTQYF	1
CNPRKKSSYEQYF	1
WRFQETQYF	1
SASEAQGIGIQPQHF	1
CSALGPSGQQYF	2
CASGLVRTGDDVSYGYTF	1
CASGLGGPEETQYF	1
CASGLIGGSPGELFF	1
CASGHRGYEFF	1
CASGGGAAGIYNEQFF	1
CASGSTSGSEQFF	1
CASSLVSAGLSYEQYF	1
CASSLGPSGGNTIYF	1
CASSLNLQQEQFF	1
CASSSTSGYSGNTIYF	1
CASSTYQPGQLNTGELFF	1
CASSGTSGDSYNEQFF	1
CASVYGGNTQYF	1
CASRGTSGSIKTQYF	1
CASTGVFSEAFF	1
CACDRLNTGELFF	1
CAWAGGPGEKLFF	1
CAWGRSYEQYF	1
CAWILLDRTYEQYF	1
CAWTGPRGLAREQFF	1
CAWTRGPNEKLFF	1
CAWSVGSYSNQPQHF	1
CAWSVLVGSETQYF	1
CAWSVLGWQFF	1
CAWSVRGLADRSYEQYF	1
CAWSVQTPGDTQYF	1
CAWSVASGNTIYF	1
CAWSVARNEQFF	1
CAWSAVGEWETQYF	1
CAWSGHPGPNYEQYF	1
CAWSGGLGYGYTF	1
CAWSEEGVGNQPQHF	1
CAWSEEGITEAFF	1
CAWSTVETQYF	1
CAWSTGWNNEQFF	1
CAWRSGGGGIQYF	1
CAWNRQGPGYTF	1
CAVDQRHSGANVLTF	1
CAVEGDYGYTF	1
CAARSGSFEQYF	1
CAGGRDQPQHF	1
CAIELAGGNEQFF	1
CAIGKRELKGGEQYF	1
CAIMSGGTDTQYF	1
CAITRDFNTDTQYF	1
CAISVLAGGPGGEQFF	1
CAISVGGRGNTEAFF	1
CAISANNQPQHF	1
CAISGPGGPSYEQYF	1
CAISGGTSGRASTDTQYF	1
CAISGGTSDSYEQYF	1
CAISGRTVSGNTIYF	1
CAISGAGTDSYEQYF	1
CAISGGLVGSTPNEQFF	1
CAISGDRVSHHEKLFF	1
CAISGLAESSSYNEQFF	1
CAISDPGPQETQYF	1
CAISDPARVDEQFF	1
CAISEFMETQYF	1
CAISESRETQYF	1
CAISESTGRGANVLTF	1
CAISESAGGMDTQYF	1
CAISESGEQYF	1
CAISESVRETQYF	1
CAISESIAGGPGEQFF	1
CAISESTGYEQYF	1
CAISEWMGRGRGEQFF	1
CAISELGEYTSYEQYF	1
CAISERGGMETQYF	1
CAISERRGRETQYF	1
CAISEWGSQSSGANVLTF	1
CAISEPTGNRVTPTTQQYF	1
CAISEVGGRIQETQYF	1
CAISLTSGSPGELFF	1
CAISDPGQGSYEQYF	1
CAISEAYQETQYF	1
CAISRGGTGETQYF	1
CAIRMGQAYEQYF	1
CAIRSGTGADEQYF	1
CAIRGTSGTTGELFF	1
CAIRERTGEETQYF	1
CATSSGTSGQETQYF	1
CATSQGQVNTGELFF	1
CATQDGRKAGGRNEQYF	1
CATARAGGVTDTQYF	1
CATTQADTQYF	1
CATSEVWQGNTEAFF	1
CATRDRDRGRAGELFF	1
CATKRGTGELFF	1
CATSMSNQPQHF	1
CATSPGTGARNEQFF	1
CATSTDRSITDTQYF	1
CATSKAGSNIQYF	1
CATSGAQETQYF	1
CATWMNTGELFF	1
CATYLAGGKYNEQFF	1
CATRGGANTGELFF	1
CATHASGSKNEQFF	1
CATQPSGSSYNEQFF	1
CATQDREVEGYTF	1
CATAGDTDTQYF	1
CATGTREEKLFF	1
CATGSRLAGDNEQFF	1
CATGGPPGNNEQFF	1
CATGTSGDEQYF	1
CATGSHWDNEQFF	1
CATDKETVTGANVLTF	1
CATIPWNTEAFF	1
CATTYRPDTGELFF	1
CATTSDRGLLAGEHEQYF	1
CATTPRLPPLDTQYF	1
CATSFDGIGGREAEQFF	1
CATSLGVNEQFF	1
CATSLSRPQETQYF	1
CATSPRGAIQYF	1
CATSPNRANYGYTF	1
CATSPRTIINEQFF	1
CATSPGTSGRENTGELFF	1
CATSVLDSDTGELFF	1
CATSVGLADAYEQYF	1
CATSVASPYNEQFF	1
CATSAQTGEQYF	1
CATSAGTSGSAPNTGELFF	1
CATSAGVSGNTIYF	1
CATSGRTSSYNEQFF	1
CATSDFSGRHYEQYF	1
CATSDFPLAGQETQYF	1
CATSDFQTRPQYF	1
CATSDFTGTRVTDTQYF	1
CATSDLGSEGLLNEQFF	1
CATSDLRREGGTDTQYF	1
CATSDLKNNEQFF	1
CATSDLGGRKYNEQFF	1
CATSDLGETQYF	1
CATSDLSGSYEQFF	1
CATSDSSQDQETQYF	1
CATSDSGTQRGTQYF	1
CATSDSWQGPYNEQFF	1
CATSDSPSGSLLPYNEQFF	1
CATSDSGQNYEQYF	1
CATSDWTQSADTQYF	1
CATSDLASASTDTQYF	1
CATSDLRDYTDTQYF	1
CATSDPSSVGEQYF	1
CATSDPRRTSGSYEQFF	1
CATSDPAQGARNEQFF	1
CATSDPGTIGYEQFF	1
CATSDPGGGSSYNEQFF	1
CATSDPTTNNEQFF	1
CATSDAKFSGAYEQYF	1
CATSDGLAGGPETQYF	1
CATSDTPGEGPDTQYF	1
CATSDTPEDLIGVEETQYF	1
CATSDTVGPETQYF	1
CATSDRGTYNEQFF	1
CATSDSRWTSGSQETQYF	1
CATSDLGLSGDTQYF	1
CATSDLPGGRQETQYF	1
CATSDPRLVGEQFF	1
CATSDPSGRGFGELFF	1
CATSDPGAGETQYF	1
CATSDPGSAAHNEQFF	1
CATSESSGRLSGTDTQYF	1
CATSEAGTGDTDTQYF	1
CATSERTASTDTQYF	1
CATSERRAASTDTQYF	1
CATSESGTGTGTEAFF	1
CATSETGGHEQFF	1
CATSSPGGYYEQYF	1
CATSWGRETQYF	1
CATSWGHTNTGELFF	1
CATSWTGPYEQYF	1
CATSPRLGTASYNEQFF	1
CATSPGPYEQYF	1
CATSPDRGEDTQYF	1
CATSPTSGNPDTQYF	1
CATSPSASHANTGELFF	1
CATSRDRGYEQYF	1
CATSVGETQYF	1
CATSVDLGGMGEQYF	1
CATSGTQREETQYF	1
CATSGLAAREDTQYF	1
CATSGGLAGRTDTQYF	1
CATSDRYEQFF	1
CATSEWGANSYNEQFF	1
CATSEAGNTEAFF	1
CATSITPGNEQFF	1
CATSTTLQGYYEQYF	1
CATSTGLDQETQYF	1
CATSSGWDKVYEQYF	1
CATSSGDTGANYEQYF	1
CATSSSGRATDTQYF	1
CATSSGPDRTDTQYF	1
CATSSGPVGNEQFF	1
CATSRSRESSYNEQFF	1
CATSRYNLREGQGTDTQYF	1
CATSRDGYEQYF	1
CATSRTGVMYEQYF	1
CATSRNAGPAYEQYF	1
CATSRSERDTYGYTF	1
CATSRSSGTGSDTQYF	1
CATSRPRLAGTDTQYF	1
CATSRPLAGKGNEQFF	1
CATSRHRGGRETQYF	1
CATSRQGYEQYF	1
CATSRVGTSQQYF	1
CATSRVGGGYEQYF	1
CATSRASGVWSNQPQHF	1
CATSRASEVKTQYF	1
CATSRGLSGGSRETQYF	1
CATSRGQETQYF	1
CATSRGDRVGGTQYF	1
CATSRGLAGSYNEQFF	1
CATSRGQGSYNSPLHF	1
CATSRDLRGAGGADTQYF	1
CATSRDLSGFNEQFF	1
CATSRDLGTGKTGELFF	1
CATSRDLGYTGELFF	1
CATSRDLGQGADTQYF	1
CATSRDLGTFKNRSTDTQYF	1
CATSRDPSYNEQFF	1
CATSRDPDSGVLGELFF	1
CATSRDRSEGSSYNEQFF	1
CATSRDRTGRNIQYF	1
CATSRDGRGYNEQFF	1
CATSRDIANNEQYF	1
CATSRDTGRQETQYF	1
CATSRDSPSLHTQYF	1
CATSRDNGQETQYF	1
CATSRDNDLRSYEQYF	1
CATSRDEREGRTQYF	1
CATSRDTEDTQYF	1
CATSRDRGTDTQYF	1
CATSREGTGTSFLQFF	1
CATSREMQGTYEQYF	1
CATSRETMGGNDRTDTQYF	1
CATSRTSGAAYNEQFF	1
CATSRRTGPYNEQFF	1
CATRADRANRGAYEQYF	1
CATRGVGNEQYF	1
CATRGTAQETQYF	1
CATNGQGGGNTIYF	1
CATNRGAGTDTQYF	1
CATKSGNGETQYF	1
CATSTGDGSEQFF	1
CATSRGGSGITDTQYF	1
CATAVGNTIYF	1
CASLAGGKNIQYF	1
CASSRTDYTDTQYF	1
CASLQNTEAFF	1
CASRGLKTEAFF	1
CASHPGQGPSPLHF	1
CASQGSRGSLIGSYEQYF	1
CASGRQVAEPQHF	1
CASGSGTGGQGTEAFF	1
CASGQSSYEQYF	1
CASGNNEQFF	1
CASEDKRTGSIPYEQYF	1
CASEKREPYGYTF	1
CASIGGAMNTEAFF	1
CASINRNEQFF	1
CASTYGRNQPQHF	1
CASTLAGGSYNEQFF	1
CASTRVGQVDGYTF	1
CASTASGSSIQFF	1
CASTIGHDFDSGANVLTF	1
CASTTTRGPSYYEQYF	1
CASTGSSYNEQFF	1
CASSFVGGQETQYF	1
CASSFGAASYQETQYF	1
CASSFGQGRNQPQHF	1
CASSFGQKAFDEQFF	1
CASSSVLYSNEKLFF	1
CASSWGPGDGELFF	1
CASSPSVLTDSNQPQHF	1
CASSPGLAGYTF	1
CASSPGLYSYEQYF	1
CASSPNFYGYTF	1
CASSPGWEDSRIVEQFF	1
CASSRTGGSVQPQHF	1
CASSVGETQYF	1
CASSGGGTEAFF	1
CASSDRRTYAEAFF	1
CASSILIKGNINQPQHF	1
CASSISSGEGIIQYF	1
CASSIGLPTYEQYF	1
CASSIGTGSSYEQYF	1
CASSIMLGSNQPQHF	1
CASSIMAEGTQYF	1
CASSIMETQYF	1
CASSISSESGSYEQYF	1
CASSIPSGSRNEQFF	1
CASSIRGPELADTQYF	1
CASSIQDSTGELFF	1
CASSIGLADTQYF	1
CASSIGDRTYNEQFF	1
CASSMVGSNQPQHF	1
CASSMGPAYEQYF	1
CASSMDLVGAGEQFF	1
CASSMTGGASYGYTF	1
CASSMSRAGYGYTF	1
CASSILGGYGYTF	1
CASSISGGVNTEAFF	1
CASSIWDGTHSYNEQFF	1
CASSIRLDGTGELFF	1
CASSIHLGSRSMNTEAFF	1
CASSIQEYGPWTYNEQFF	1
CASSIVFPEPQHF	1
CASSIGLTGVGNNQPQQF	1
CASSIGGQGSTEAFF	1
CASSIDLHRDTEAFF	1
CASSIDPPGRWDEQFF	1
CASSIDGSWAKNIQYF	1
CASSIERGYEQYF	1
CASSITLGEAFF	1
CASSITSFNEQFF	1
CASSITDGYTF	1
CASSIRGTGAYEQYF	1
CASSIRGAGMSSYEQYF	1
CASSIRGDTQYF	1
CASSTRVGTMGNQPQHF	1
CASSTLGQAFTDTQYF	1
CASSTRLRDTQYF	1
CASSTGTAPGETQYF	1
CASSSHKGTSGSPYEQYF	1
CASSRPGLAEQFF	1
CASSNRLAGASYNEQFF	1
CASSKTGRNQPQHF	1
CASSKLDWTSASSYNEQFF	1
CASSKVLVYNEQFF	1
CASSSTGLAGGSDTQYF	1
CASSLDRAVEAFF	1
CASSPGVFREQYF	1
CASSVRQRVYSNQPQHF	1
CASSGTFTTEAFF	1
CASSEASASAWELFF	1
CASSMAINEQFF	1
CASSTTGFHYGYTF	1
CASRGGQTYTGELFF	1
CASRTSGSRNEQFF	1
CASRPRQGDGYTF	1
CASRGYDTGELFF	1
CASNRGLAGSTDTQYF	1
CASNRQVNQPQHF	1
CASKPRGPRNIQYF	1
CASFQGDFSNQPQHF	1
CASSPGTFTSSTDTQYF	1
CASSPRSNTGELFF	1
CASSTSGGRAADTQYF	1
CASSLLLGTGANVLTF	1
CASSPRGIADTQYF	1
CASSPRAGPYEQYF	1
CASSPGLAGKEQYF	1
CASSPGLNTYEQYF	1
CASSRYNEQFF	1
CASSRDRAFDNQPQHF	1
CASSGSLNTEAFF	1
CASSPGQGPNTGELFF	1
CASSPDWRLSYNEQFF	1
CASSPAGTGFYQETQYF	1
CASSRQTGAGETQYF	1
CASSRQGAGTYNEQFF	1
CASSASGRRLEQYF	1
CASSETPPLNEQFF	1
CASSSTGTPGANVLTF	1
CASSSSRDLNTGELFF	1
CASSSFGGTSYGYTF	1
CASSYYPGSGSGNEQFF	1
CASSYQGQGGYEQYF	1
CASSLYQETQYF	1
CASSLLAGRYNEQFF	1
CASSLRQMNTGELFF	1
CASSLQSTRGAYEQYF	1
CASSPPTRGFYNEQFF	1
CASSPPGSENTEAFF	1
CASSPVSSTDTQYF	1
CASSPGITTYEQYF	1
CASSPGTANTGELFF	1
CASSPEGDRLQYF	1
CASSPTRTAGANVLTF	1
CASSPSGNQETQYF	1
CASSPFGGSSYNEQFF	1
CASSPPLYRNTEAFF	1
CASSPPGPNSYNEQFF	1
CASSPRLATDTQYF	1
CASSPGTGGLNEQFF	1
CASSPGSLTEAFF	1
CASSPRAAEPHGELFF	1
CASSPNKLAGGTGELFF	1
CASSPLGETQYF	1
CASSPWGTASSTDTQYF	1
CASSPLARGSETQYF	1
CASSPREPGWELFF	1
CASSPVPGGNEKLFF	1
CASSPAHPSYEQFF	1
CASSPGPRNEKLFF	1
CASSPGHDSGANVLTF	1
CASSPGTGRGEQFF	1
CASSPDAPGGEQFF	1
CASSPNPNLYEQYF	1
CASSPLRTLLSGYEQYF	1
CASSPSGTGNEQYF	1
CASSPLSPSTEAFF	1
CASSPLQLRGENTEAFF	1
CASSPLSSSGRGTDTQYF	1
CASSPPSGRNTEAFF	1
CASSPPLLAMQETQYF	1
CASSPPLAGTDTQYF	1
CASSPPSPFTDTQYF	1
CASSPPWPESSYEQYF	1
CASSPPAIQETQYF	1
CASSPPGAADTQYF	1
CASSPPIRQGPQEQYF	1
CASSPPSLAGGYEQYF	1
CASSPPNRYTGELFF	1
CASSPPQGGSYNEQFF	1
CASSPRGGNTEAFF	1
CASSPRLAGGRETQYF	1
CASSPQGNGYGYTF	1
CASSPQPGHANTGELFF	1
CASSPVGLEQYF	1
CASSPALGQPNSPLHF	1
CASSPGRNQPQHF	1
CASSPGAFQPQHF	1
CASSPGTSSEETQYF	1
CASSPGRGETQYF	1
CASSPGLGLSSYNEQFF	1
CASSPEAGAAQPQHF	1
CASSPIAGGDIRTEAFF	1
CASSPTGTDTQYF	1
CASSPKTGVGETQYF	1
CASSRVGREETQYF	1
CASSRYRDAYTDTQYF	1
CASSRGFYKAGAGTDTQYF	1
CASSRSTSGISYNEQFF	1
CASSESLGKNIQYF	1
CASSTEGDTGYEQYF	1
CASCQRGQGASGANVLTF	1
CASWGSGSGETQYF	1
CASYDSPGPQFF	1
CASYYWGQRDTGELFF	1
CASLSIVRDTQYF	1
CASLSTIPDEQFF	1
CASPRFCSYNEQFF	1
CASPGLAGSPYEQYF	1
CASPTSPGTGTYEQYF	1
CASRPIGSRNEQYF	1
CASRRDRGQETQYF	1
CASRTVAGASEQYF	1
CASRRSALTDTQYF	1
CASRVGWSEKLFF	1
CASRGRGDTQYF	1
CASRGQVPYNEQFF	1
CASRDSYNTEAFF	1
CASRDLSYNEQFF	1
CASHLLDSQETQYF	1
CASHRATNEKLFF	1
CASQGGGSYGYTF	1
CASQGRTSGINEQFF	1
CASQDNFRGELFF	1
CASQRAASADYNEQFF	1
CASVLVAGAGATGELFF	1
CASVRTSGGNEQFF	1
CASVTGTSGYTQYF	1
CASAPSRVYNEQFF	1
CASAILAGEQFF	1
CASARYRDRVLYNEQFF	1
CASAGTSGPSTDTQYF	1
CASAPGWRQETQYF	1
CASAGAYGRAIYNEQFF	1
CASAGQGIRAAYNEQFF	1
CASAPAEGRRNEQYF	1
CASAATSGNSYEQYF	1
CASAGNAYEQYF	1
CASGSRGPYNEQFF	1
CASGLGNEQFF	1
CASGGTGIYNEQFF	1
CASGRTGIGELFF	1
CASGGLAGVETQYF	1
CASGIAGGHVDEQFF	1
CASGRGVNGGYEQYF	1
CASGLAGRVMQFF	1
CASGLAGEGGANVLTF	1
CASGGTGSSGGSYNEQFF	1
CASGGLSYNEQFF	1
CASGLLEAQYF	1
CASGRVGETQYF	1
CASGDPRGHEQYF	1
CASGTDREAYSLFF	1
CASGTNTQYF	1
CASELTRSEQFF	1
CASEPRARVNEQFF	1
CASEIALAGLNEQFF	1
CASIPTRGSAYNEQFF	1
CASINRQGRNEQYF	1
CASIKGPSSYNEQFF	1
CASIPGSTDTQYF	1
CASIPSLYEQYF	1
CASIRLAGGLDEQFF	1
CASIEGGGRSTDTQYF	1
CASIIQGTGANVLTF	1
CASMWAANTGELFF	1
CASMRGATSTDTQYF	1
CASMIPGLAGDTQYF	1
CASIGNEQFF	1
CASTSGTPFEAFF	1
CASTPGGRSSYEQYF	1
CASTTFLAGGPADTQYF	1
CASTTGQVYEQYF	1
CASTRQGLSQPQHF	1
CASTKGQGNTIYF	1
CASTLGAGSSYNEQFF	1
CASTLRGLAGGSSYNEQFF	1
CASTSRPGAYTGELFF	1
CASTSSGANVLTF	1
CASTSRTSGRAESYEQYF	1
CASTSKGGLEQFF	1
CASTWGAGGPTGELFF	1
CASTYKVVGTGGEQYF	1
CASTLYEQYF	1
CASTLTGRTGELFF	1
CASTLLAQELFF	1
CASTPSGTNEKLFF	1
CASTPPTSGRNEQFF	1
CASTPRDPYNEQFF	1
CASTPEYNEQFF	1
CASTRLGADNEQFF	1
CASTRGLAGGPTQETQYF	1
CASTRREGAETQYF	1
CASTRQGVPSGANVLTF	1
CASTHRRDPRGNTIYF	1
CASTHHRAGDATNEKLFF	1
CASTVDRGAEQYF	1
CASTVGGTEAFF	1
CASTASAGLNEQFF	1
CASTGNAGELFF	1
CASTDIRGSYGYTF	1
CASTDRDTQYF	1
CASTEAVIQPQHF	1
CASTTRRVQETQYF	1
CASTNSLGVYNEQFF	1
CASTKRGVTDTQYF	1
CASTKGTSGSQQFF	1
CASTRTSGTDTQYF	1
CASTASGLYSYNEQFF	1
CASTMSSYNEQFF	1
CASTTGANVLTF	1
CASSFFGYGYTF	1
CASSFFGGGYTGELFF	1
CASSFLVPTGELFF	1
CASSFWPAEDEQYF	1
CASSFPGLAGSGEQFF	1
CASSFPSSGRRETQYF	1
CASSFRGPNTGELFF	1
CASSFQGAINEQFF	1
CASSFAGTGDHEQYF	1
CASSFGLLSSYNEQFF	1
CASSFGGGGTEAFF	1
CASSFDPGGQFF	1
CASSFETSGRAGNEQFF	1
CASSFESGRSYNEQFF	1
CASSFTGSGANVLTF	1
CASSFSGGPYEQYF	1
CASSFSGTSYTGELFF	1
CASSFSGRGTDTQYF	1
CASSFSRIDQPQHF	1
CASSFKGTGNEQFF	1
CASSFSGANVLTF	1
CASSFSTTRYYEQYF	1
CASSFWANEQFF	1
CASSFYTGELFF	1
CASSFPLDTQYF	1
CASSFPPLAEQFF	1
CASSFRRRRSTDTQYF	1
CASSFRQGTDTQYF	1
CASSFRRASYEQYF	1
CASSFRWEQYF	1
CASSFRSGANVLTF	1
CASSFVGVPDTQYF	1
CASSFAAGDQETQYF	1
CASSFGRTNYGYTF	1
CASSFGRRAGSNSPLHF	1
CASSFGETQYF	1
CASSFDNSGANVLTF	1
CASSFEGFDGELFF	1
CASSFRQGVRGYTF	1
CASSFNPRRAISYEQYF	1
CASSFKQTSGIYNEQFF	1
CASSLLTARDTQYF	1
CASSLSSGTGNTQYF	1
CASSLLGPSGTLLTDTQYF	1
CASSLRRGYNEQFF	1
CASSLASGSRTDTQYF	1
CASSLGGTGGYEQYF	1
CASSLGGRNTEAFF	1
CASSLGIAPYEQYF	1
CASSLGQGAGTGELFF	1
CASSLDPSVHQPQETQYF	1
CASSLMGLRSETQYF	1
CASSLTSANRPPSTDTQYF	1
CASSLTGTYEQYF	1
CASSLTASSYEQYF	1
CASSLRLAAPYEQYF	1
CASSLRQSSTDTQYF	1
CASSLKGEGVQETQYF	1
CASSLFLGQETQYF	1
CASSLFPGVGDEQYF	1
CASSLFGVGEETQYF	1
CASSLFQGSVGELFF	1
CASSLLGRRGELFF	1
CASSLSVGTGEREQFF	1
CASSLSTLAGHTGELFF	1
CASSLSTTQYF	1
CASSLSSTNEKLFF	1
CASSLSLLAGGEQYF	1
CASSLSPGRAYEQYF	1
CASSLSLGTRDEQYF	1
CASSLSRTSGSGEFTQYF	1
CASSLSADTPSYEQYF	1
CASSLSGVSPLHF	1
CASSLSGTSGTSYEQYF	1
CASSLSGQGLWGSNEQYF	1
CASSLSGGNQETQYF	1
CASSLSMGDRGPYEQYF	1
CASSLSTSGREYNEQFF	1
CASSLWSSGSPEQYF	1
CASSLWGGEQYF	1
CASSLWGRVDEKLFF	1
CASSLWGNTYNEQFF	1
CASSLYGLPGEQFF	1
CASSLYGQGLEQYF	1
CASSLYGGSTDTQYF	1
CASSLLLYEQYF	1
CASSLLAGVDEQYF	1
CASSLPPTGEGTEAFF	1
CASSLPTSDRGQGQETQYF	1
CASSLRKLAGARSNEQFF	1
CASSLRSYEQYF	1
CASSLRWFGELFF	1
CASSLRLAGGYNEQFF	1
CASSLHRQIQETQYF	1
CASSLQLALDTQYF	1
CASSLQGELYYEQYF	1
CASSLVWEGGANVLTF	1
CASSLVASGSDIQYF	1
CASSLVTYQPQHF	1
CASSLAVRRLNTEAFF	1
CASSLAADTQYF	1
CASSLAGYFYNEQFF	1
CASSLAGGYTGELFF	1
CASSLATGTYNEQFF	1
CASSLASTDTQYF	1
CASSLGSGTVQPQHF	1
CASSLGLVDSQYF	1
CASSLGLAGTGELFF	1
CASSLGYHNEQFF	1
CASSLGVAEQFF	1
CASSLGAGGWDSGANVLTF	1
CASSLGRTASTDTQYF	1
CASSLGSNTEAFF	1
CASSLGLASYNEQFF	1
CASSLGPYPPDEQFF	1
CASSLGHRVLGSSGANVLTF	1
CASSLGGMKTQYF	1
CASSLGGQISEQYF	1
CASSLGTIGEQYF	1
CASSLGTSGFYNEQFF	1
CASSLGGVAEKLFF	1
CASSLGGTGFSYEQYF	1
CASSLGESSGANVLTF	1
CASSLDSGVAYEQYF	1
CASSLDVRGYGYTF	1
CASSLESRRGPLYEQYF	1
CASSLEGTTRSYEQYF	1
CASSLESQLYYEQYF	1
CASSLIGSSYNEQFF	1
CASSLIPGALGETQYF	1
CASSLMGSEQFF	1
CASSLMRGYEQYF	1
CASSLIGFGQYF	1
CASSLTPGGTEAFF	1
CASSLTGRPDTQYF	1
CASSLRWDRGTYEQYF	1
CASSLRGPSYEQYF	1
CASSLRDYPGSSYNEQFF	1
CASSLRRPYEQYF	1
CASSLNAGGPGNF	1
CASSLNRVNEQYF	1
CASSLKAGIFYDEQFF	1
CASSSLGGANTGELFF	1
CASSSPGLADHTDTQYF	1
CASSSDIPETQYF	1
CASSSTGTTQYF	1
CASSSTMNTGELFF	1
CASSSRSGGHTADTQYF	1
CASSSLAEGSYEQYF	1
CASSSSLAGPYEQYF	1
CASSSYIPGRYEQYF	1
CASSSLAGIRETQYF	1
CASSSPGTGALYEQYF	1
CASSSPPRNEQFF	1
CASSSPTGEYSNQPQHF	1
CASSSRARYGYTF	1
CASSSRGAGAGALLWAQFF	1
CASSSRGGPTDTQYF	1
CASSSRDPPYF	1
CASSSHITDTQYF	1
CASSSHLEQGASRETQYF	1
CASSSGTVNTEAFF	1
CASSSIGYEQYF	1
CASSSTRTSGRAAEADTQYF	1
CASSSTGDGYTF	1
CASSSRGGGKTQYF	1
CASSSRTGTSRFF	1
CASSSFSGGYEQYF	1
CASSSWDSHEQFF	1
CASSSWTGGAYTQYF	1
CASSSWTGEAQETQYF	1
CASSSYLAAADTQYF	1
CASSSPSGRRDEQYF	1
CASSSGHYTEAFF	1
CASSSGETQYF	1
CASSSDPLRSFETGPFLTGELFF	1
CASSSDRAVYEQYF	1
CASSSTLPFVYEQYF	1
CASSSSKRPYEQYF	1
CASSSRLYNEQFF	1
CASSSNTEAFF	1
CASSSWDRNSYEQYF	1
CASSSYF	1
CASSSYYQETQYF	1
CASSSLAGGAYEQYF	1
CASSSPVEGEIYEQYF	1
CASSSPNYGYTF	1
CASSSAGGPVDTQYF	1
CASSSGGENEQYF	1
CASSSNYEQYF	1
CASSSNRVSGANVLTF	1
CASSWRGYSYEQYF	1
CASSWHGTGASDEQFF	1
CASSWVVSGRGEQFF	1
CASSWAGPSEQYF	1
CASSWDAYNSPLHF	1
CASSWDRHYEQYF	1
CASSYVPGMGLEQYF	1
CASSYARGADEQYF	1
CASSYGRGVSEQYF	1
CASSYGQGYNQPQHF	1
CASSYDQSSYNEQFF	1
CASSYEGERRETQYF	1
CASSYISGYNEQFF	1
CASSYSSGINNEQFF	1
CASSYSLGATPYEQYF	1
CASSYSPGQHYEQYF	1
CASSYSARVETQYF	1
CASSYSAGGDEQYF	1
CASSYSYLGEGEQFF	1
CASSYSYGDEQYF	1
CASSYSLGIYEQYF	1
CASSYSPGQGIYNEQFF	1
CASSYSPGAGYNEQFF	1
CASSYSARELTYEQYF	1
CASSYSAKISGANVLTF	1
CASSYSGGNYNEQFF	1
CASSYSGAWDRDTYEQYF	1
CASSYSGTGLYNEQFF	1
CASSYSDRGDTEAFF	1
CASSYSRTRMYEQYF	1
CASSYSRGLAGRADTQYF	1
CASSYSNPTSGGNEQFF	1
CASSYSKGKGFMVGWANVLTF	1
CASSYSSGDETQYF	1
CASSYWREETGELFF	1
CASSYWTSTYEQYF	1
CASSYLAGNSPLHF	1
CASSYPFDSSSYNEQFF	1
CASSYPSGAGQETQYF	1
CASSYPGAYEQYF	1
CASSYPDGGNTGELFF	1
CASSYPIKMTGGHEQYF	1
CASSYRRSWNTGELFF	1
CASSYRSPSQGNEQFF	1
CASSYRQGGDTQYF	1
CASSYRTGNTDTQYF	1
CASSYRTGSSYEQYF	1
CASSYHSGRGGNEQFF	1
CASSYVGGFYYEQYF	1
CASSYAEQETQYF	1
CASSYARGYYTEAFF	1
CASSYGLRWADTQYF	1
CASSYGGSNQPQHF	1
CASSYGTSDPYF	1
CASSYGLAQKLSSYNEQFF	1
CASSYDGRTYEQYF	1
CASSYSSYNEQFF	1
CASSYNRDRGPLIAKNIQYF	1
CASSLRGTIYEQYF	1
CASSLGTSGQETQYF	1
CASSLGTSGSSYEQYF	1
CASSLGTYEGGYEQYF	1
CASSLEGGGWYF	1
CASSLTTSAQETQYF	1
CASSLRDRGSWEQYF	1
CASSLQPGWLAGEEQYF	1
CASSLDRFSASEQFF	1
CASSLSRGPNNEQFF	1
CASSLTADYGYTF	1
CASSLSGEDGYTF	1
CASSLLAGGTDTQYF	1
CASSLQVYEQYF	1
CASSLGQGPSPLHF	1
CASSPSRVGQETQYF	1
CASSPSGDQHF	1
CASSPLGEGRETQYF	1
CASSPPYGPMNTEAFF	1
CASSPPGQGPAKLFF	1
CASSPRDDSYEQYF	1
CASSPLIGIGEQFF	1
CASSPLPPSVSSYNEQFF	1
CASSPLRRGGREQYF	1
CASSPPKGAGHEQYF	1
CASSPPQAQETQYF	1
CASSPGGVYNEQFF	1
CASSPYNTDTQYF	1
CASSPRTAGEQYF	1
CASSPRQFYNEQFF	1
CASSPAWTSEEGEQFF	1
CASSPGRRELAKNIQYF	1
CASSPGLAGSYEQYF	1
CASSPGLAGPYEQYF	1
CASSPGQGQPFF	1
CASSPIGLAGGSEQYF	1
CASSPTSELFAAPYTGELFF	1
CASSPKPHLKQYEQYF	1
CASSPLRGQTDTQYF	1
CASSPLAEYNEQFF	1
CASSPRIHGTDTQYF	1
CASSPRKSEQYF	1
CASSPQGAGPEQFF	1
CASSPQGAFGELFF	1
CASSPQGARGGETQYF	1
CASSPAGARDYTQYF	1
CASSPGFIAGGGQETQYF	1
CASSPGGRGSTDTQYF	1
CASSPGGLAGETQYF	1
CASSPTGGNEQFF	1
CASSRLAEYNEQFF	1
CASSRGAGDPTDTQYF	1
CASSRLGGHRELFF	1
CASSRGLAGGPGRDNEQFF	1
CASSRLAGNYEQYF	1
CASSRGLVSGKNEQYF	1
CASSRDRGLDYEQYF	1
CASSRTSGADTQYF	1
CASSRTSSGRGEQYF	1
CASSRTGGYEQYF	1
CASSRTGVYNEQFF	1
CASSRLAGVEDTQYF	1
CASSRQGPQYF	1
CASSHPGQSYNEQFF	1
CASSHPTQPGLAVFTYNEQFF	1
CASSHERTQYF	1
CASSHLPETSYYEQYF	1
CASSHRTSLGTGELFF	1
CASSHRTVHNEQFF	1
CASSHIPTNHQNIQYF	1
CASSQGQFEQYF	1
CASSQGQLNTGELFF	1
CASSQDRGYEKLFF	1
CASSQTHSTDTQYF	1
CASSQRDIQETQYF	1
CASSQGLGTYEQYF	1
CASSQGTAQETQYF	1
CASSQGGGKTQYF	1
CASSQMADTQYF	1
CASSQIAEDNEQFF	1
CASSQKTSGGYEQYF	1
CASSVWDTEAFF	1
CASSVLPGDTGELFF	1
CASSVPNWGRANTGELFF	1
CASSVGGGQANEQYF	1
CASSVSGTYEQYF	1
CASSVFPDSGEQYF	1
CASSVSLAGVQSWGFF	1
CASSVYYEQYF	1
CASSVSHLNTGELFF	1
CASSVEREGRDNEQFF	1
CASSVMYSGELFF	1
CASSVMILAGYQETQYF	1
CASSVFAGEFEQYF	1
CASSVFQGYEQYF	1
CASSVSRMEQFF	1
CASSVAGRNEQFF	1
CASSVSGGKDEQYF	1
CASSAVSGSYNEQFF	1
CASSALVNQPQHF	1
CASSAPSSSYNEQFF	1
CASSAVWDRAVLAGEWTGELFF	1
CASSAGSSYNEQFF	1
CASSADSYNEQFF	1
CASSASGANVLTF	1
CASSASRMETQYF	1
CASSAVQGNNNEQFF	1
CASSAGGASYNEQFF	1
CASSGLRDPLYEQYF	1
CASSGQSYEQYF	1
CASSGGWGHQAYEQYF	1
CASSGGTFSSYNSPLHF	1
CASSGSETQYF	1
CASSGPVGTQYF	1
CASSGQSTASTDTQYF	1
CASSGVSSNTGELFF	1
CASSGGSTVSYEQYF	1
CASSGTSYPYDEQFF	1
CASSGTAQETQYF	1
CASSGTSGSTAFF	1
CASSGTTRYEQYF	1
CASSGTGASYNEQFF	1
CASSGWDTQYF	1
CASSGLAGNTGELFF	1
CASSGPRGGYYEQYF	1
CASSGQGRNQPQHF	1
CASSDFRTSGLTSTDTQYF	1
CASSDPTRARPKQYF	1
CASSDPREGYEQYF	1
CASSDAMAGETQYF	1
CASSDGAGTTYEQYF	1
CASSDSKREVTDTQYF	1
CASSDWVAASTDTQYF	1
CASSDLRSETQYF	1
CASSDTTGASYEQYF	1
CASSDSSNTGELFF	1
CASSDRGNSNQPQHF	1
CASSELGGGTEAFF	1
CASSEGITGTYGYTF	1
CASSEGDRVFYEQYF	1
CASSEGLAGTYEQYF	1
CASSEGSSYNEQFF	1
CASSEDFYNEQFF	1
CASSEDRVSYEQYF	1
CASSEEGYNEQFF	1
CASSETSGSNTGELFF	1
CASSETGVTYEQYF	1
CASSEKDRVLGIQYF	1
CASSEFGREGVDTEQFF	1
CASSEFGNQPQHF	1
CASSEFGTRVGEQYF	1
CASSESRPMNTEAFF	1
CASSESGYLYEQYF	1
CASSESGGRVEQYF	1
CASSEWGTVQETQYF	1
CASSEWTSGRQETQYF	1
CASSEWSTDIQYF	1
CASSEYLGGSGTGELFF	1
CASSEYADTQYF	1
CASSEYDISYEQYF	1
CASSEPLAASYEQYF	1
CASSERGDEQFF	1
CASSERTGGRNEQFF	1
CASSERNSNQPQHF	1
CASSEQRAAYNEQFF	1
CASSEVLAGGSTDTQYF	1
CASSEVVAGNSVT	1
CASSEASDYEQYF	1
CASSEALFLNEQFF	1
CASSEARARGHEELFF	1
CASSEATGQETQYF	1
CASSEGLAGVYEQYF	1
CASSEGLAGDTQYF	1
CASSEGTSTDTQYF	1
CASSEDLSGQTIPQLEAFF	1
CASSEEAAGVGEQFF	1
CASSEEVGPYNEQFF	1
CASSEIQGSGTDTQYF	1
CASSETWSNEQFF	1
CASSETWGRQFF	1
CASSETDYRSTDTQYF	1
CASSESRGARPEAFF	1
CASSESPGGLAGLRGQETQYF	1
CASSERVIADRRATPF	1
CASSIAGHNSPLHF	1
CASSITAVNVIGELFF	1
CASSIYPGLVYEQYF	1
CASSILRGIEQYF	1
CASSMGSPYNEQFF	1
CASSTPMLYRNNEQFF	1
CASSTPDSSYEQYF	1
CASSTVRGERYF	1
CASSTGTGGFYEQYF	1
CASSTGLAGKETQYF	1
CASSTPGTSGSNEQFF	1
CASSTALREEQFF	1
CASSTGGTDTQYF	1
CASSTGQTDTQYF	1
CASSTGQNYNSPLHF	1
CASSTISGGVYNEQFF	1
CASSTPGLAGVNEQFF	1
CASSTGGVQETQYF	1
CASSTEYTDTQYF	1
CASSTTTGEVAQETQYF	1
CASSSSGANVLTF	1
CASSSTDTQYF	1
CASSRSTSTSNEQFF	1
CASSRDPYEQYF	1
CASSRTSGIAKNIQYF	1
CASSRTDRSTDTQYF	1
CASSNRQGALGNTIYF	1
CASSNLRDRGYEQYF	1
CASSNGGVQYF	1
CASSKHGAPQETQYF	1
CASSKVGTASYEQYF	1
CASSKGPLGETQYF	1
CASSKTSGSFFPTYNEQFF	1
CASSKGYRGDNQPQHF	1
CASSFSRLKNYNEQFF	1
CASSFSGNEQFF	1
CASSFSNGEQFF	1
CASSFSGELFF	1
CASSFSTSGGSYNEQFF	1
CASSFLGSYNEQFF	1
CASSFLPPDTQYF	1
CASSFPSRPNEQFF	1
CASSFPRPGGDEQFF	1
CASSFPSLNEQFF	1
CASSFPASGSNEQFF	1
CASSFPDYQETQYF	1
CASSFPTGVAETQYF	1
CASSFRGTSGYEQYF	1
CASSFRTSGRDEQFF	1
CASSFQSSYEQYF	1
CASSFVGGETQYF	1
CASSFVGTEQYF	1
CASSFVETQYF	1
CASSFAWGDTQYF	1
CASSFASIAGIAEQFF	1
CASSFGPNGSRADTQYF	1
CASSFGTGWEETQYF	1
CASSFGLAEGSEQFF	1
CASSFGQGRYNEQFF	1
CASSFGNNEKLFF	1
CASSFDPSGTENYNEQFF	1
CASSFDPYEQYF	1
CASSFDRDYEQYF	1
CASSFMGEQFF	1
CASSFMGVSNEQFF	1
CASSFTGGTEAFF	1
CASSFTGPGTDTQYF	1
CASSFSGTSGRTDTQYF	1
CASSFSSGSAPYEQYF	1
CASSFRVGLVYNEQFF	1
CASSFRGFSTDTQYF	1
CASSFLEEQYF	1
CASSFSYEQYF	1
CASSFSGAPETQYF	1
CASSFSESSYEQYF	1
CASSFWRGLSTGELFF	1
CASSFLGEKLFF	1
CASSFPGTYLSSEQCF	1
CASSFPTSEPYYEQYF	1
CASSFPGLGSYEQYF	1
CASSFPDRTTDTQYF	1
CASSFRGPRETQYF	1
CASSFRDFNTGELFF	1
CASSFRTSARGDTQYF	1
CASSFRTSGSIPDNEQFF	1
CASSFRLAGLSDNEQFF	1
CASSFRLAGTHNEQFF	1
CASSFHWTGQYF	1
CASSFAGTRANEQFF	1
CASSFAQGVENTQYF	1
CASSFADRGYEQYF	1
CASSFGGRAYEQYF	1
CASSFGGDTQYF	1
CASSFGGGQETQYF	1
CASSFGGGNQETQYF	1
CASSFGTNEQFF	1
CASSFGLAGLGGELFF	1
CASSFDLGETQYF	1
CASSFDRGPTDTQYF	1
CASSFMGGTGANVLTF	1
CASSFTSGSGQETQYF	1
CASSFTSTDTQYF	1
CASSFRAGGGYEQFF	1
CASSFRGYTEAFF	1
CASSFNREGSYNEQFF	1
CASSLFTGELFF	1
CASSLFGVETQYF	1
CASSLSLALDTQYF	1
CASSLWVSYNEQFF	1
CASSLYLTGNNEQFF	1
CASSLYTMNEQFF	1
CASSLYGTGELFF	1
CASSLYGPGGEQYF	1
CASSLLSGEQETQYF	1
CASSLPGGGRPYGYTF	1
CASSLRAPGQGGKETQYF	1
CASSLRTAYGYTF	1
CASSLRNYEQYF	1
CASSLQREAYEQYF	1
CASSLQAGADTQYF	1
CASSLQGPGEAFF	1
CASSLQRLAGTYNEQFF	1
CASSLVGGNIQYF	1
CASSLVPDSQETQYF	1
CASSLVAGIVGPNYGYTF	1
CASSLVGYPNTGELFF	1
CASSLVGGTGELFF	1
CASSLVGQVNNEQFF	1
CASSLAWRELPDTQYF	1
CASSLAYGQRGQPQHF	1
CASSLASGSRETQYF	1
CASSLAGGYYNSPLHF	1
CASSLARGQRGSETQYF	1
CASSLGDREDNEKLFF	1
CASSLGPTYEQYF	1
CASSLGRDTLRGKHEQYF	1
CASSLGGNTEAFF	1
CASSLGGPYEQYF	1
CASSLGSNEQFF	1
CASSLGPLAGGINEQYF	1
CASSLGGTYNEQFF	1
CASSLGGQGPYEQYF	1
CASSLGTSLRDEQFF	1
CASSLGTSGSYEQYF	1
CASSLGQGLSYEQYF	1
CASSLGQGFRETQYF	1
CASSLGAGATNTGELFF	1
CASSLGGPGNTIYF	1
CASSLDSDTQYF	1
CASSLDWGLAGEETQYF	1
CASSLDPKTGGLFF	1
CASSLDQNTIYF	1
CASSLDTGTGEKLFF	1
CASSLDFSGRASTDTQYF	1
CASSLDSINEQFF	1
CASSLDYSDEQYF	1
CASSLDLTDTQYF	1
CASSLDQVEQYF	1
CASSLDGRAWTDTQYF	1
CASSLDINYGYTF	1
CASSLESRGTDTQYF	1
CASSLEAVGVDTQYF	1
CASSLEARIIYNEQFF	1
CASSLEPTGYNEQFF	1
CASSLEQGALEQYF	1
CASSLMGVGSYNEQFF	1
CASSLTSGRQYEQYF	1
CASSLTNMETQYF	1
CASSLTGVGLETQYF	1
CASSLTGFEAFF	1
CASSLSLRGIKETQYF	1
CASSLSGEAKNIQYF	1
CASSLRQGYEQYF	1
CASSLRGGASNEQFF	1
CASSLNRGFETQYF	1
CASSLKTSGDTDTQYF	1
CASSLFRPLALYEQYF	1
CASSLFPRGDTQYF	1
CASSLFRYEQYF	1
CASSLFVLSGVSYNEQFF	1
CASSLLGGYEQYF	1
CASSLLGYEQYF	1
CASSLLQNPYTDTQYF	1
CASSLLASYSTDTQYF	1
CASSLLAGAGYEQYF	1
CASSLLAGGPYYEQYF	1
CASSLSSGRLETQYF	1
CASSLSLIPGLAGDSTDTQYF	1
CASSLSGSEETQYF	1
CASSLSSGEANYGYTF	1
CASSLSALQETQYF	1
CASSLSAGGPDTQYF	1
CASSLWGEQFF	1
CASSLWGTGELFF	1
CASSLWGNGYTF	1
CASSLYAGGGTDTQYF	1
CASSLYPGIADTQYF	1
CASSLYGHLAKNIQYF	1
CASSLLSGGAVGDEQFF	1
CASSLLSGRGGEQFF	1
CASSLLTSGSSDTQYF	1
CASSLLTGRSYNEQFF	1
CASSLLSSGLPSYNEQFF	1
CASSLLYTDTQYF	1
CASSLLAGGSYNEQFF	1
CASSLLMISLSYNEQFF	1
CASSLLNEQYF	1
CASSLPLGLAGNEQFF	1
CASSLPLAGDTQYF	1
CASSLPQREYNEQFF	1
CASSLPGQGGIDTQYF	1
CASSLPTSYEQYF	1
CASSLPGANEQFF	1
CASSLRPSHNEQFF	1
CASSLRASGRITDTQYF	1
CASSLRGFGANVLTF	1
CASSLRPGVAVSYNEQFF	1
CASSLRSPSGVIYYEQYF	1
CASSLQDNQPQHF	1
CASSLVWDRGVYEQYF	1
CASSLVYRGGSYEQYF	1
CASSLVPGPAETQYF	1
CASSLVAGGPLDNEQFF	1
CASSLVAAGGTDTQYF	1
CASSLVGRITHNEQFF	1
CASSLVGQGAYEQYF	1
CASSLVGQGLGEQYF	1
CASSLVFVDRGELFF	1
CASSLVMGHTYEQYF	1
CASSLVRGRQPYF	1
CASSLVWGQGTYNEQFF	1
CASSLVQGYGETQYF	1
CASSLVALLAGGPQFF	1
CASSLVAPDTQYF	1
CASSLVAGGGYSNQPQHF	1
CASSLVIDAAYNEQFF	1
CASSLVLAGEETQYF	1
CASSLVPRWRGTYEQYF	1
CASSLVPQGARYNEQFF	1
CASSLVRLGNEQFF	1
CASSLVGATGELFF	1
CASSLVGGPSYEQYF	1
CASSLVNGEQYF	1
CASSLAFRLASASYEQYF	1
CASSLASEAFF	1
CASSLAPGTSTDTQYF	1
CASSLARGSRVANTGELFF	1
CASSLARQVRTDTQYF	1
CASSLAVTSSYNEQFF	1
CASSLAGTGVSEQYF	1
CASSLATMLAGTNYEQYF	1
CASSLALTGGNSGNTIYF	1
CASSLASNEQFF	1
CASSLAPSRQNSPLHF	1
CASSLAQEYEQYF	1
CASSLAGGLANTGELFF	1
CASSLATAGTYEQYF	1
CASSLASSGTSYEQYF	1
CASSLASLVQETQYF	1
CASSLAWLAGANYNEQFF	1
CASSLAWGEGEQFF	1
CASSLARGSPSDTQYF	1
CASSLARRLNTGELFF	1
CASSLARGAGGTVIHEQYF	1
CASSLAAGTGELFF	1
CASSLAADSSYNEQFF	1
CASSLAGRTQYF	1
CASSLAGPGNEQYF	1
CASSLAGGRYEQYF	1
CASSLAGQASYQETQYF	1
CASSLAGAETQYF	1
CASSLAGAGTSYEQYF	1
CASSLAGTYEQYF	1
CASSLADVFGGKEQFF	1
CASSLANRGTGADTQYF	1
CASSLALTSKYF	1
CASSLAAHNSPLHF	1
CASSLAAIAGGSYNEQFF	1
CASSLAGTGFSETQYF	1
CASSLAIGLAGPTRKYF	1
CASSLATSGRAPHEQYF	1
CASSLGLLYEQYF	1
CASSLGLLFESTDTQYF	1
CASSLGRRGKITDTQYF	1
CASSLGQDIRTEAFF	1
CASSLGGGNEQFF	1
CASSLGIYNIDEQFF	1
CASSLGQRGEQYF	1
CASSLGQAYEQYF	1
CASSLGGQNYEQYF	1
CASSLGGTTYNEQFF	1
CASSLGDRDNEQFF	1
CASSLGTGQRTDTQYF	1
CASSLGRGKVSSQPQHF	1
CASSLGSGAAISLNF	1
CASSLGPLGAETQYF	1
CASSLGPPGAAYEQYF	1
CASSLGRRDSRNEQFF	1
CASSLGRQETQYF	1
CASSLGVLAGGNQETQYF	1
CASSLGVYQPQHF	1
CASSLGGFGANVLTF	1
CASSLGGSSGANVLTF	1
CASSLGGLAGGDPNTQYF	1
CASSLGDRSYEQYF	1
CASSLGIGGIRNEQFF	1
CASSLGTGWSTEAFF	1
CASSLGSRQETQYF	1
CASSLGPRGQETQYF	1
CASSLGHRTNTGELFF	1
CASSLGQFTDTQYF	1
CASSLGQVTQYF	1
CASSLGQGTYEQYF	1
CASSLGQGTVYEQYF	1
CASSLGQGPSNQPQHF	1
CASSLGARLQETQYF	1
CASSLGGRTLRAYNEQFF	1
CASSLGGGQGVSQFF	1
CASSLGGTGNTIYF	1
CASSLGGQLWNEQFF	1
CASSLDSLAGDYEQYF	1
CASSLDSASPYEQYF	1
CASSLDPGLAINEQFF	1
CASSLDPETQYF	1
CASSLDRLAGKGQYF	1
CASSLDRSGALPGNEQFF	1
CASSLDQWTGYGYTF	1
CASSLDVKLAIWNEQFF	1
CASSLDGSGNNEQFF	1
CASSLDTTGSKNIQYF	1
CASSLDTLRPYNEQFF	1
CASSLDPGLAGVETQYF	1
CASSLDGQYSNQPQHF	1
CASSLEFTRTNEQFF	1
CASSLEAPIEQYF	1
CASSLEAGGPYEQYF	1
CASSLEGGLTDTQYF	1
CASSLEGDMPWEQYF	1
CASSLEDGEKLFF	1
CASSLELWQGASYNEQFF	1
CASSLELQETQYF	1
CASSLEPGGGSTDTQYF	1
CASSLEPEPYNEQFF	1
CASSLEQPVSGANVLTF	1
CASSLEGAGEQFF	1
CASSLEGTSRETQYF	1
CASSLIPHEQFF	1
CASSLMSSGSSYEQYF	1
CASSLMTSLGETQYF	1
CASSLIEGQGYYNEQFF	1
CASSLITNTGELFF	1
CASSLTSSDTQYF	1
CASSLTSSSYEQYF	1
CASSLTHGTYEQYF	1
CASSLTWGDTQYF	1
CASSLTTSGVEQYF	1
CASSLTGDSYEQYF	1
CASSLTGTGPFPLHF	1
CASSLSSRDSYTYEQYF	1
CASSLSSGLDTGELFF	1
CASSLSGSSSYEQYF	1
CASSLSGEETQYF	1
CASSLSMRLAAPYEQYF	1
CASSLSLATTDTQYF	1
CASSLRLTSGRTSTDTQYF	1
CASSLRLRGKNNEQFF	1
CASSLRSGTSGRISPSTDTQYF	1
CASSLRPGLHTYEQYF	1
CASSLRVGVQETQYF	1
CASSLRAGETQYF	1
CASSLRGETQYF	1
CASSLRGLNTGELFF	1
CASSLRDSAKQYF	1
CASSLREGPGDEQYF	1
CASSLRTATGELFF	1
CASSLRLAGRHTDTQYF	1
CASSLRGDLDTQYF	1
CASSLRDGSGDEQFF	1
CASSLNWWTDQPQHF	1
CASSLNQNQPQHF	1
CASSLNGLAGVGEQFF	1
CASSLNRVGYEQYF	1
CASSLKSGTSVGKFF	1
CASSLKSRGPLYEQYF	1
CASSLKAGRITGELFF	1
CASSLKPLAGLYHEQYF	1
CASSLKQRVWGPRTDTQYF	1
CASSLKTASYEQYF	1
CASSLKNNEQFF	1
CASSSLTGLGTDTQYF	1
CASSSYRDSWTGELFF	1
CASSSPGLGGVTQYF	1
CASSSRTSGSPTDTQYF	1
CASSSQRDYNEQFF	1
CASSSVFRQPYYEQYF	1
CASSSVAGAYEQYF	1
CASSSGTATGELFF	1
CASSSGQGSTGELFF	1
CASSSIAATLTDTQYF	1
CASSSTGVAHSGANVLTF	1
CASSSSGTYNEQFF	1
CASSSSGSFLNEQFF	1
CASSSLAGDTDTQYF	1
CASSSSRGGRPNHRTYEQYF	1
CASSSSMLLTDTQYF	1
CASSSLGNEQFF	1
CASSSPRETQYF	1
CASSSPDRGDEQYF	1
CASSSPVVEREDSTDTQYF	1
CASSSRGDSDYEQYF	1
CASSSRVTRDNEQFF	1
CASSSRTSETQYF	1
CASSSRRATMETQYF	1
CASSSRTGTGGNTIYF	1
CASSSHIGSGYSYNEQFF	1
CASSSAHNEQFF	1
CASSSAGGDTQYF	1
CASSSAGTGGGYEQYF	1
CASSSARGVGDTEAFF	1
CASSSGSFYEQYF	1
CASSSGPLGAEAFF	1
CASSSGTSGLPRDEQFF	1
CASSSGTRAREQFF	1
CASSSGYGGLRDTQYF	1
CASSSGLPAYNEQFF	1
CASSSGQHTEAFF	1
CASSSDAGLRTGELFF	1
CASSSDSTSQFF	1
CASSSIGQGRTEAFF	1
CASSSTKTGTYEQYF	1
CASSSTLTDTQYF	1
CASSSKRRLAGDTYEQYF	1
CASSSWLDRENTGELFF	1
CASSSPGQGPDTQYF	1
CASSSPGQGGYEQYF	1
CASSSGGTDTQYF	1
CASSSGQARTGELFF	1
CASSSDTYEQYF	1
CASSSTSGYNEQFF	1
CASSSTSGRPREQFF	1
CASSSTSGRETQYF	1
CASSSTGTAYEQYF	1
CASSSTGWDYTF	1
CASSSTGRETQYF	1
CASSSSGIHEQYF	1
CASSSSGSFYNEQFF	1
CASSSRRDGSNTEAFF	1
CASSSRRTDSYEQYF	1
CASSSRPGTSGAGDTQYF	1
CASSSSQDRGHEQYF	1
CASSSWETQYF	1
CASSSYKGNYGYTF	1
CASSSLAGANIYNEQFF	1
CASSSLAGPSYEQYF	1
CASSSRQGTDTQYF	1
CASSSHPPGLAAYNEQFF	1
CASSSQASTYEQYF	1
CASSSAGTSGSYEQYF	1
CASSSGGPMETQYF	1
CASSSEGSYNEQFF	1
CASSSETGAEQFF	1
CASSSTTGNTDTQYF	1
CASSSTGGDSNQPQHF	1
CASSSNRDEQFF	1
CASSWLTGTRRTDTQYF	1
CASSWRTSGETQYF	1
CASSWAGGYNEQFF	1
CASSWGGTRETQYF	1
CASSWGGRGTTNEQFF	1
CASSWGGLAGGSSYEQYF	1
CASSWGITGELFF	1
CASSWGLANTDTQYF	1
CASSWDRAYEQYF	1
CASSWEGPTDTQYF	1
CASSWEVPGQMIGNTIYF	1
CASSWTTGGPYEQYF	1
CASSWTANTEAFF	1
CASSWRTGGGLETQYF	1
CASSYAGTSPAEQYF	1
CASSYAGSYEQYF	1
CASSYGTSGSGQFF	1
CASSYSRSGANTGELFF	1
CASSYWYQGQYEQYF	1
CASSYPLAGSTDTQYF	1
CASSYRDRPSTDTQYF	1
CASSYQNTGELFF	1
CASSYAGQSYEQYF	1
CASSYGYEQYF	1
CASSYGTSYNEQFF	1
CASSYGQGLSEKLFF	1
CASSYTGVTDTQYF	1
CASSYRENSYNEQFF	1
CASSYNRGLGNEQFF	1
CASSLYYPNEQFF	1
CASSLRTATSTDTQYF	1
CASSLRRQETQYF	1
CASSLHPLNEREGRETQYF	1
CASSLAPGGRETQYF	1
CASSLARRGYTF	1
CASSLAGGTDTQYF	1
CASSLTDGPTDTQYF	1
CASSLTARDRANEQYF	1
CASSLKAPWQGSTDTQYF	1
CASSLPDSNQPQHF	1
CASSLRGIQETQYF	1
CASSLRLGWSYNEQFF	1
CASSLRQGYKETQYF	1
CASSLVGGRNQGDTQYF	1
CASSLAKAYEQYF	1
CASSLATGTAYEQYF	1
CASSLGSGDELFF	1
CASSLGTSGSFTGELFF	1
CASSLDRDFLNGELFF	1
CASSLTPEREGRTDTQYF	1
CASSLTNYEQYF	1
CASSLSTDTQYF	1
CASSLRAVQETQYF	1
CASSLSAVLADTQYF	1
CASSLVTGSDTQYF	1
CASSLGREGHNEQFF	1
CASSLGHRLQETQYF	1
CASSLDSFNGYTF	1
CASSLDRDYEQYF	1
CASSLTSGRAGTGELFF	1
CASSLRQEGYTEAFF	1
CASSLLAGGSPDTQYF	1
CASSLSSSGRNNEQFF	1
CASSLQGDYGYTF	1
CASSLQAETQYF	1
CASSLVEVVGSTRGAKNIQYF	1
CASSLAGTHLRETQYF	1
CASSLGGSGETQYF	1
CASSLGYNEQYF	1
CASSLGVATNEKLFF	1
CASSLSPGLAGEQQYF	1
CASSPFRQVYNEQFF	1
CASSPLLAKNIQYF	1
CASSPSGGGQPQHF	1
CASSPLPGTTSYEQYF	1
CASSPLEADTQYF	1
CASSPLGAREQYF	1
CASSPLAGPRETQYF	1
CASSPPPGQTTDTQYF	1
CASSPPGSPQHF	1
CASSPRYEQYF	1
CASSPRTVPYEQYF	1
CASSPQVVLNNEQFF	1
CASSPQLADHEQFF	1
CASSPVQGDTEAFF	1
CASSPGVSKNIQYF	1
CASSPILAGDDTQYF	1
CASSPNRGPYEQYF	1
CASSPNSNQPQHF	1
CASSPFTGTVYNEQYF	1
CASSPSGLAGPLAQYF	1
CASSPSDRLDTYEQYF	1
CASSPWGRGISYEQYF	1
CASSPWGTGLETQYF	1
CASSPWTGAPYEQYF	1
CASSPLRAPYEQYF	1
CASSPLGGTKQFF	1
CASSPLGSFENEQFF	1
CASSPLAGGYNEQFF	1
CASSPLAGGPIEQFF	1
CASSPPEGPSSYEQYF	1
CASSPPQGLGFYEQYF	1
CASSPPVLYNEQFF	1
CASSPPGPLNTEAFF	1
CASSPPGGSTDTQYF	1
CASSPPGLAGISKTQYF	1
CASSPRLGGGELFF	1
CASSPRLAGGGTDTQYF	1
CASSPRWLAGSPSYNEQFF	1
CASSPRPNTGELFF	1
CASSPRVAVTDTQYF	1
CASSPRADGELFF	1
CASSPRDDTQYF	1
CASSPRTVRYNEQFF	1
CASSPRTRARNQETQYF	1
CASSPRHRTSGLAKNIQYF	1
CASSPRQGARNEQFF	1
CASSPHGGRVGEQYF	1
CASSPQGVTSGIYTQYF	1
CASSPVRGGPNEQFF	1
CASSPGASTDTQYF	1
CASSPGGLAEGETQYF	1
CASSPGTSGQETQYF	1
CASSPGTSGILSYEQYF	1
CASSPGTSGRAPYNEQFF	1
CASSPGTSGKNEQFF	1
CASSPGTSLYEQYF	1
CASSPGTDTQYF	1
CASSPGTEETQYF	1
CASSPGLAQETQYF	1
CASSPGLAGFNEQYF	1
CASSPDLREGRRYEQFF	1
CASSPDAWVGGYTF	1
CASSPDGGLREQFF	1
CASSPIRSYNEQFF	1
CASSPSYNEQFF	1
CASSPRGQGSNIQYF	1
CASSPRGNEQFF	1
CASSPRLAGNTGELFF	1
CASSPRQGPVFF	1
CASSPNAGVTTGELFF	1
CASSPKGLAASYNEQFF	1
CASSPKPSGDSSYNEQFF	1
CASSPFGQGAADTQYF	1
CASSPSTDTQYF	1
CASSPSTGGISYEQYF	1
CASSPPRTEQFF	1
CASSPPGASYNEQFF	1
CASSPRTSGRIYEQYF	1
CASSPVGGEQFF	1
CASSPVDPTGELFF	1
CASSPARTAFSGANVLTF	1
CASSPGTGELFF	1
CASSPGARVRNEQFF	1
CASSPGLAATGELFF	1
CASSPGLAGSETQYF	1
CASSPGLAGGRRRADTQYF	1
CASSPGLANEQYF	1
CASSPGQVRGYTF	1
CASSPGQGAGYF	1
CASSPGIPHSGANVLTF	1
CASSPGTSGANVLTF	1
CASSPDRGQYNEQFF	1
CASSPDRGTLRTDTQYF	1
CASSPDREGNGNTIYF	1
CASSPIDEYEQFF	1
CASSPTSGSYNEQFF	1
CASSPTSDTQYF	1
CASSPTGGNEQFF	1
CASSPSRAFDTGELFF	1
CASSPRRGVEKLFF	1
CASSPNRVAGDNEQFF	1
CASSPNGDTQYF	1
CASSPKAVTGELFF	1
CASSPSRDSRSYNSPLHF	1
CASSPSQREGLNTQYF	1
CASSPLAATDTQYF	1
CASSPPSYEQYF	1
CASSPPGLAGAEQFF	1
CASSPRSSSTDTQYF	1
CASSPRLSGGGTDTQYF	1
CASSPVAATDTQYF	1
CASSPAEGGTDTQYF	1
CASSPAPTGGFGKLFF	1
CASSPGTSRTDTQYF	1
CASSPGRQETQYF	1
CASSPTLGTPRREQYF	1
CASSPTRGLAGAMYTQYF	1
CASSPSWLSSYEQYF	1
CASSPSLSSSTDTQYF	1
CASSPRQVSYEQYF	1
CASSPNMGLAKNIQYF	1
CASSRRVYGYNSPLHF	1
CASSRAWQADTGELFF	1
CASSRGTSGGDEQFF	1
CASSRGQGGSF	1
CASSRPGDEQYF	1
CASSRGLAGGSSYNEQFF	1
CASSRDRFSYEQYF	1
CASSRELAGSSYEQYF	1
CASSRRTGSSYEQYF	1
CASSRSRGWETQYF	1
CASSRGRDAEAFF	1
CASSRIGGNSYNEQFF	1
CASSRTSGSYNEQFF	1
CASSRTSGPPTTYNEQFF	1
CASSRTNEQFF	1
CASSRLGQDPGYTF	1
CASSRSITQETQYF	1
CASSRRRWTLTDTQYF	1
CASSRQMGQGGEQYF	1
CASSRGQRDADTQYF	1
CASSREGTVDEQFF	1
CASSRSGPYEQYF	1
CASSRRNTDTQYF	1
CASSHSGRDEQYF	1
CASSHTPLLRDRMGNEQFF	1
CASSHNRGLSFRASGYEQYF	1
CASSHPRRYEQYF	1
CASSHPGLTNQETQYF	1
CASSHGGQIETQYF	1
CASSHGGAGNEQFF	1
CASSHGGGNTYNEQFF	1
CASSHGGRGYNEQFF	1
CASSHGLAEHNEQFF	1
CASSHMNEQFF	1
CASSHSRNYGYTF	1
CASSHRGPGANVLTF	1
CASSQSYEQYF	1
CASSQSTSNTGELFF	1
CASSQYSKQGMGNQPQHF	1
CASSQLSGREYNEQFF	1
CASSQLEREGWGDEQFF	1
CASSQALRKETQYF	1
CASSQGMSNQPQHF	1
CASSQGSDSPLHF	1
CASSQGQPGETQYF	1
CASSQGTSVSGKNIQYF	1
CASSQDTGVELQETQYF	1
CASSQDSLYEQYF	1
CASSQIHANTQYF	1
CASSQIGSAGVVTQYF	1
CASSQTRTVASTDTQYF	1
CASSQTTDTDTQYF	1
CASSQTGGTDTQYF	1
CASSQSPDTQYF	1
CASSQSRDLQYF	1
CASSQRAIHNEQFF	1
CASSQFNRGNTEAFF	1
CASSQLKRGITGELFF	1
CASSQSAGTGVNQPQHF	1
CASSQLGPSPDTGELFF	1
CASSQPPRGIDEKLFF	1
CASSQRYNEQFF	1
CASSQRAAINYGYTF	1
CASSQVGGGTYEQYF	1
CASSQVSGPDTQYF	1
CASSQVGHYEQYF	1
CASSQVEGANEQYF	1
CASSQVTGWSGELFF	1
CASSQVSLRESEQYF	1
CASSQVLAYEQYF	1
CASSQVLAGELFF	1
CASSQVGAIYEQYF	1
CASSQAEYGQETQYF	1
CASSQARRETQYF	1
CASSQAPAGGYNEQFF	1
CASSQAHEQYF	1
CASSQASAGRTYNEQFF	1
CASSQAGRTDTQYF	1
CASSQGWAGDEQYF	1
CASSQGEGLADYNEQFF	1
CASSQGGSLGNEQFF	1
CASSQGGSQYF	1
CASSQGGQGIITGELFF	1
CASSQGEGQGAFSSYEQYF	1
CASSQGSLADSYEQYF	1
CASSQGRMGQYF	1
CASSQGAGIYNEQFF	1
CASSQDFGGSYNEQFF	1
CASSQDSKREGHGDTQYF	1
CASSQDSGQGSVPEFF	1
CASSQDWSVGTDTQYF	1
CASSQDYGSSYEQYF	1
CASSQDLLRGGELFF	1
CASSQDLREGRETQYF	1
CASSQDLSPRAFF	1
CASSQDRNRGTYEQYF	1
CASSQDRGQPNEKLFF	1
CASSQDRSGRTDTQYF	1
CASSQDHRTEQFF	1
CASSQDAYVAGETQYF	1
CASSQDGSSNQPQHF	1
CASSQDIRDNEQFF	1
CASSQDRGGMADTQYF	1
CASSQDPSGSSYNEQFF	1
CASSQDVAGFEKLFF	1
CASSQDATAKFYEQYF	1
CASSQDGDRGLGETQYF	1
CASSQDRALPSGANVLTF	1
CASSQEFSGELFF	1
CASSQELGDRGTQYF	1
CASSQEVERETQYF	1
CASSQEVGQGYSPLHF	1
CASSQEAGETQYF	1
CASSQEDRGTYNEQFF	1
CASSQEEDNEQFF	1
CASSQELAGETQYF	1
CASSQERLAGVDEQFF	1
CASSQEKGDEQYF	1
CASSQISYEQYF	1
CASSQTRADTQYF	1
CASSQSLAPYEQYF	1
CASSVLASGKEQFF	1
CASSVRGSGTDTQYF	1
CASSVSGRFFDEQFF	1
CASSVFSGSNYEQYF	1
CASSVSGQGLETQYF	1
CASSVYPGGGYDEQYF	1
CASSVAGPSTDTQYF	1
CASSVAGGGDTQYF	1
CASSVGQGWEQYF	1
CASSVDRSSYEQYF	1
CASSVEGEQFF	1
CASSVTSGRTETQYF	1
CASSVGPYRSNEQFF	1
CASSVGLAASTDTQYF	1
CASSVGSSYNEQFF	1
CASSVDSYTGELFF	1
CASSVIAKNIQYF	1
CASSVTSGSTDTQYF	1
CASSVTSGRRETQYF	1
CASSVTYETQYF	1
CASSVNRGQDEKLFF	1
CASSVRSSEQFF	1
CASSVQGQFGELFF	1
CASSVAAQETQYF	1
CASSVAGSSGPYNEQFF	1
CASSVGQVYNEQFF	1
CASSVGASSYEQYF	1
CASSVGFGGSGRLSSYNEQFF	1
CASSVGGLAGGPNTGELFF	1
CASSVDGTNEQYF	1
CASSVDPTDTQYF	1
CASSVEETSGNEQFF	1
CASSVEGAGPQETQYF	1
CASSALQGGGYTF	1
CASSAGTLPSSYNSPLHF	1
CASSASRQETQYF	1
CASSALGTYNEQFF	1
CASSALGGGETQYF	1
CASSAPSGDIIKNIQYF	1
CASSARDRGPGEAFF	1
CASSAVRGPRLYEQYF	1
CASSAAYEQYF	1
CASSAGTASHLNEQFF	1
CASSADLSYNEQFF	1
CASSADRSVTYNEQFF	1
CASSANLADSYNEQFF	1
CASSAPGRAGTDTQYF	1
CASSAGLVYNEQFF	1
CASSATPHNRVLYNEQFF	1
CASSAWDGSTDTQYF	1
CASSAPGRGHEQYF	1
CASSAVGTGFYEQYF	1
CASSAAGTNLYNEQFF	1
CASSGLAGGETQYF	1
CASSGDRVRTYEQYF	1
CASSGSGTVTGELFF	1
CASSGHFDNEQFF	1
CASSGYTQYF	1
CASSGLQTSGSSYEQYF	1
CASSGRQGVQTQYF	1
CASSGRGVGYEQYF	1
CASSGGTVGGGYTF	1
CASSDTSGSIYEQFF	1
CASSDTGYTQYF	1
CASSDFGTGELFF	1
CASSDSMAGRFNTGELFF	1
CASSDRPGGPYNEQFF	1
CASSDSDQETQYF	1
CASSDRALSYEQYF	1
CASSEWSSTEQFF	1
CASSELSEGVYGYTF	1
CASSEVHGESYEQYF	1
CASSEGLAGGPADTQYF	1
CASSEISGANVLTF	1
CASSETPGPSYEQYF	1
CASSERQGAPYNEQFF	1
CASSEPGQAKYEQYF	1
CASSEQGVFGYTF	1
CASSEGSEQFF	1
CASSIGLAGARSYEQYF	1
CASSIGGDTQYF	1
CASSISGTLTYEQYF	1
CASSIRLKETQYF	1
CASSIRTSGNYEQYF	1
CASSITGTGPYEQYF	1
CASSINRARLLAGRETQYF	1
CASSTGNTIYF	1
CASSTTWTVSSYEQYF	1
CASSTSLSSYNEQFF	1
CASSTSVYNEQFF	1
CASSTSGASTDTQYF	1
CASSTSGRVYNEQFF	1
CASSTRTTFDEQFF	1
CASSTQGYEQYF	1
CASSTGGGYEQYF	1
CASSTGTNSYEQYF	1
CASSTGSQQFF	1
CASSTDSPYEQYF	1
CASSTDSSNQPQHF	1
CASSTPGQSTGEQYF	1
CASSTETGQGVGNEQFF	1
CASSTTATYEQYF	1
CASSTSGSSYEQYF	1
CASSTPAGALGGNEQFF	1
CASSTGVRGTDTQYF	1
CASSSPGLTYNEQFF	1
CASSSRDTLINQPQHF	1
CASSSVSGRGEQFF	1
CASSRDRVLETQYF	1
CASSRTGPIYGYTF	1
CASSRLAANSYNEQFF	1
CASSRLAGVGELFF	1
CASSRRWRGDYEQYF	1
CASSRGLAGIGDEQYF	1
CASSNLDEQFF	1
CASSNGQTTYEQYF	1
CASSNRANQETQYF	1
CASSNRDRAYLEQETQYF	1
CASSNQLAAPYEQYF	1
CASSNRLGNEQYF	1
CASSKLAASTDTQYF	1
CASSKGPLRTGELFF	1
CASSKDSYNEQFF	1
CASSKTVLNEQFF	1
CASSKRDRGGTEAFF	1
CASSKVQPAVGTDTQYF	1
CASSKALLVGFDTQYF	1
CASSKGPGQGAPSRDYEQYF	1
CASSKDRAEDTQYF	1
CASSKTSYKVAGELFF	1
CASSKRSGDRKGYEQYF	1
CASSKRGTDSSYNEQFF	1
CASRSRDSYEQYF	1
CASRSWDTGAEQYF	1
CASRSGVVVSNQPQHF	1
CASRPPGAHLYNEQFF	1
CASRPSDTDTQYF	1
CASRRTGSTDTQYF	1
CASRRARTGELFF	1
CASRHTGQETQYF	1
CASRQTGGVETQYF	1
CASRAGTNDYEQYF	1
CASRAGRASYEQYF	1
CASRATGPAYEQYF	1
CASRAGGYQETQYF	1
CASRGGQGHIGYTF	1
CASRGPGPGSYNEQFF	1
CASRGVGPSSYNEQFF	1
CASRGTGGYEQYF	1
CASRGLAGGGAEQYF	1
CASRGLAGRAWQFF	1
CASRGLAESSYNEQFF	1
CASRGQSLYGYTF	1
CASRGQNTGELFF	1
CASRGAGGPNSYNEQFF	1
CASRGGPADTQYF	1
CASRDRVTSGANVLTF	1
CASRERDSSYEQYF	1
CASRSGSFATGELFF	1
CASRSRGEAYEQYF	1
CASRRTSGLYNEQFF	1
CASRNRLAGNTDTQYF	1
CASRLTSTGIYNEQFF	1
CASRSPGTSGYEQYF	1
CASRSAGGQGTEAFF	1
CASRSTGTTTPYF	1
CASRSDSSSGSRNEQFF	1
CASRSNRLQETQYF	1
CASRWGGNKNIQYF	1
CASRLGRSSYNSPLHF	1
CASRLIPYEQYF	1
CASRLSPAGYSYNEQFF	1
CASRLAGATDTQYF	1
CASRLAGGPYNEQFF	1
CASRLAGGTYEQYF	1
CASRPQGRWTEAFF	1
CASRPAPPDTQYF	1
CASRPWGQGAGEQFF	1
CASRPGGDRGTQYF	1
CASRPTGMGGYTF	1
CASRPRLAGGVETQYF	1
CASRPGPVGQPQHF	1
CASRPLAGGSTGELFF	1
CASRRTRDRPTKLAKNIQYF	1
CASRRLALDEQFF	1
CASRHRVNEQFF	1
CASRQGGPDTQYF	1
CASRVGQEAYEQYF	1
CASRVLAGGPYNEQFF	1
CASRVGSSSGANVLTF	1
CASRASGSYNEQFF	1
CASRASSTSGISYEQYF	1
CASRAGSQYEQYF	1
CASRGGGLAGGNEQFF	1
CASRGASGYEQYF	1
CASRGIGTGEETQYF	1
CASRGLANYEQYF	1
CASRDYNEQFF	1
CASREDRVGPYEQYF	1
CASRIDYGYTF	1
CASRTGGRNTDTQYF	1
CASRNSGKRNTGELFF	1
CASRKAGGNTDTQYF	1
CASRKTTNGELFF	1
CASNSRQTPSADTQYF	1
CASNSGVQYNEQFF	1
CASNPGQGADSPLHF	1
CASNPEGYYEQYF	1
CASNRDRDSNEQYF	1
CASNGGLLYNHSSTDTQYF	1
CASNDPRRLSPNLARAFF	1
CASNTRPYNSPLHF	1
CASNPGGETQYF	1
CASNRPGGADTQYF	1
CASNQDGQNSPLHF	1
CASNQARDPPRETQYF	1
CASNTDANTEAFF	1
CASNSRGTGKETQYF	1
CASKRSGQGYEQYF	1
CASKRASTGELFF	1
CASKRGTSVDEQFF	1
CASKLAGESYEQYF	1
CASKPLTSGSSTGELFF	1
CASKHRDLRTDTQYF	1
CASKQGTSTDTQYF	1
CASKQGLAKNIQYF	1
CASKVGPEEFGELFF	1
CASKNPRHANTEAFF	1
CARPRRSFSYNEQFF	1
CARTALPHTDTQYF	1
CARSIRGRTYNEQFF	1
CARGLFF	1
CARGTEQETQYF	1
CARSLSGNEQFF	1
CATNGESYNEQFF	1
CASRLLIGADSYEQYF	1
CASRTFRKRETDTQYF	1
CGSSGGYEQYF	1
CSARDPVGGETQYF	1
CASNGGGPRLNEQFF	1
CASRDGTNFFSGANVLTF	1
CATAYRDTQETQYF	1
CATTGSSYEQYF	1
CATSDPTSADTQYF	1
CASQREGYNEQFF	1
CASILDPYDTGELFF	1
CASTREFQETQYF	1
CASTDIQETQYF	1
CASFLDNRGNEQFF	1
CASSSGPLNEQFF	1
CASSLGGSGRNEQFF	1
CASRSGQTAQETQYF	1
CASRQTPGLASAIIYEQFF	1
CASRKTFRDGRSGANVLTF	1
CASRGQINNEQFF	1
CASQAPGVGTGELFF	1
CASGRRQGNTDTQYF	1
CASGPTPLNTGELFF	1
CASEVGGTDTQYF	1
CASIPSPAASTDTQYF	1
CASIPAPGSYNEQFF	1
CASMARSGETQYF	1
CASIRGTGGSSYNEQFF	1
CASTYGLDNTGELFF	1
CASTLHSGEYNEQFF	1
CASTPVREETQYF	1
CASTPGTYQETQYF	1
CASTQTSGENIQYF	1
CASTVVSGTDTQYF	1
CASSFGLAGVSYEQYF	1
CASSWTGFSYEQYF	1
CASSYSGGETEAFF	1
CASSLSSGYEQYF	1
CASSLAASSYNEQFF	1
CASSPPREQFF	1
CASSRDRGPRGLDTQYF	1
CASSRWEGNVLTF	1
CASSRDGEPYNEQFF	1
CASSHFKGLTSPLHF	1
CASSHVGGSQYF	1
CASSQHSGRNTGELFF	1
CASSQFPSYNEQFF	1
CASSQSATRDRVEELFF	1
CASSQDRGNDQPQHF	1
CASSVEDSPLHF	1
CASSDWGGTNTGELFF	1
CASSESETSWETQYF	1
CASSESPGLAGVPNEQFF	1
CASSESVGAEELFF	1
CASSEYKGTSTYEQYF	1
CASSEGSFYEQYF	1
CASSEEVAGTYEQYF	1
CASSKWTSGGTYEQYF	1
CASSFLLSDTQYF	1
CASSFSAGSNTGELFF	1
CASSFYYRGGGANVLTF	1
CASSFPGTLPFDEQFF	1
CASSFGTAQETQYF	1
CASSFDMTYEQYF	1
CASSFSGSGVNEQFF	1
CASSFSGSLDEQYF	1
CASSFYRGSYNEQFF	1
CASSFRRTGDEQFF	1
CASSFQGHSGANVLTF	1
CASSFGLPNTGELFF	1
CASSFGWGSDNEQFF	1
CASSFDGRSETQYF	1
CASSFIPGTSGRRELFF	1
CASSFTSGRSSYEQYF	1
CASSLFRGETQYF	1
CASSLFQVNTEAFF	1
CASSLFDGQETQYF	1
CASSLFQGGPGANVLTF	1
CASSLLYGSDEQFF	1
CASSLSGHSYNEQFF	1
CASSLSGANSPLHF	1
CASSLRTTGETQYF	1
CASSLRGADTQYF	1
CASSLHRTVPTGELFF	1
CASSLQRRQGPLYFDGELFF	1
CASSLQGEETQYF	1
CASSLQETQYF	1
CASSLVPGTSQETQYF	1
CASSLVPGGTYEQYF	1
CASSLVGDGTDTQYF	1
CASSLVTGNEQFF	1
CASSLVQGVETQYF	1
CASSLVVIQGSSGELFF	1
CASSLVGGLAKNIQYF	1
CASSLVGRAAGELFF	1
CASSLVTGGLNEQFF	1
CASSLVPGNGANVLTF	1
CASSLVGPGDPYEQYF	1
CASSLVTSGDYNEQFF	1
CASSLASGIYEQYF	1
CASSLAAGGREETQYF	1
CASSLAGETQYF	1
CASSLAGTSGRNEQFF	1
CASSLAGTAYNEQFF	1
CASSLAGTKDTQYF	1
CASSLAASVRPNNEQFF	1
CASSLAGATLTDTQYF	1
CASSLAANTEAFF	1
CASSLAAGGPSYEQYF	1
CASSLAGLAAGAGELFF	1
CASSLGGADQETQYF	1
CASSLGSSGWNEQFF	1
CASSLGRDRSYEQYF	1
CASSLGVGTYNEQFF	1
CASSLGASGSSYNEQFF	1
CASSLGAGRTDTQYF	1
CASSLGGRRNTEAFF	1
CASSLGTGTGELFF	1
CASSLGSGSTDTQYF	1
CASSLGLSRDYEQYF	1
CASSLGLHYEQFF	1
CASSLGVARPYNEQFF	1
CASSLGGTGQETQYF	1
CASSLDPGIVSNEQFF	1
CASSLDRGARGNEQFF	1
CASSLDGYEQYF	1
CASSLDILAGGTDTQYF	1
CASSLDRGRDTQYF	1
CASSLDRAGAETQYF	1
CASSLDKGETQYF	1
CASSLDFTDTQYF	1
CASSLDSHEQFF	1
CASSLDGGPSYEQYF	1
CASSLDETQYF	1
CASSLDTSGREETQYF	1
CASSLDRDSYEQYF	1
CASSLDKGPQEIKYF	1
CASSLESRETQYF	1
CASSLESVQETQYF	1
CASSLELITDTQYF	1
CASSLEVAGDNEQFF	1
CASSLEAGGGSDEQFF	1
CASSLEGHETQYF	1
CASSLETPRGGRDEQFF	1
CASSLESYTDTQYF	1
CASSLESGGTEAFF	1
CASSLEPGQGANQPQHF	1
CASSLEQGVDIQYF	1
CASSLEQGGTDTQYF	1
CASSLEGAASYEQYF	1
CASSLEGLAGEESTDTQYF	1
CASSLETTRPQYF	1
CASSLISGRVRITDTQYF	1
CASSLINVNTGELFF	1
CASSLIAGGPSEQFF	1
CASSLMTDEQFF	1
CASSLIGTGELFF	1
CASSLTYRGHLETQYF	1
CASSLTGSNQPQHF	1
CASSLTSGLADTQYF	1
CASSLTSGSKNEQFF	1
CASSLTKFGQNTDTQYF	1
CASSLTQLPSYEQYF	1
CASSLSGRGAYEQYF	1
CASSLSGETYEQYF	1
CASSLWSIVDTQYF	1
CASSLLAGGPDEQFF	1
CASSLQGITYEQYF	1
CASSLAGGPYEQYF	1
CASSLGRDTYEQYF	1
CASSLGQSTDTQYF	1
CASSLGSQRTYEQYF	1
CASSLEGRIYEQYF	1
CASSLILQGSTDTQYF	1
CASSLIIRGPMNTEAFF	1
CASSLMAAQETQYF	1
CASSLTSGAYEQYF	1
CASSLSIPGEQYF	1
CASSSGVGLRTDTQYF	1
CASSSIAGGPSDEQYF	1
CASSSSGKGRLRNSYEQYF	1
CASSSPPLAGSTDTQYF	1
CASSSPGEQFF	1
CASSSRAGFEQFF	1
CASSSGPYGVEQYF	1
CASSSGQGYEQYF	1
CASSSDTQYF	1
CASSSTSFTGELFF	1
CASSSRTSGRETQYF	1
CASSSAAGPIRETQYF	1
CASSSRLAGGFDEQFF	1
CASSSQGVDEQYF	1
CASSSAGAPLTGELFF	1
CASSSGGLAGQETQYF	1
CASSWPVTSGSTDTQYF	1
CASSWVGTTTYEQYF	1
CASSWGLGETQYF	1
CASSWGLADEETQYF	1
CASSWEPLGAGSTDTQYF	1
CASSWTSGSAKNIQYF	1
CASSWTSTDTQYF	1
CASSWTGTANTGELFF	1
CASSWREGRTGELFF	1
CASSYGLAGASYEQYF	1
CASSYDQTGLARFYEQYF	1
CASSYPDRGPTGGANVLTF	1
CASSYVQENTYEQYF	1
CASSYDGREQFF	1
CASSYTSPANTGELFF	1
CASSYTDTQYF	1
CASSLSASGVNEQFF	1
CASSLYGTSGYEQFF	1
CASSLGGTYSYEQYF	1
CASSLSGSNEQFF	1
CASSLPYDSHEQFF	1
CASSLQFQETQYF	1
CASSLKWDSQTTYEQYF	1
CASSLLGTGNTGELFF	1
CASSLLPTGISYNEQFF	1
CASSLRDRLDNEQFF	1
CASSLWTGLETQYF	1
CASSLGYQETQYF	1
CASSLGGPTEAFF	1
CASSLGGADTQYF	1
CASSLGTGNEQYF	1
CASSLIQRANTGELFF	1
CASSLRPLAGGIYNEQFF	1
CASSPSSSASSYNEQFF	1
CASSPSGLAGGYEQYF	1
CASSPPTSGYEQYF	1
CASSPRGRGTDTQYF	1
CASSPSTGSNQPQHF	1
CASSPWPSGRVHEQYF	1
CASSPLGTFGLDGYTF	1
CASSPLAGSSTDTQYF	1
CASSPPRDNEQFF	1
CASSPRQAGVEQFF	1
CASSPQGAKETQYF	1
CASSPGLLNEQFF	1
CASSPSPDRGTDTQYF	1
CASSPWTGQETQYF	1
CASSPLTSGRPNEQFF	1
CASSPPLANRDTQYF	1
CASSPRPLAAKAETQYF	1
CASSPAWGGSGANVLTF	1
CASSPGTGQETQYF	1
CASSPGASTNEKLFF	1
CASSPDSSGRSYEQYF	1
CASSPDRGSYEQYF	1
CASSPIAKAGDYNEQFF	1
CASSPTLTGTGDYEQYF	1
CASSPTSGRFTDTQYF	1
CASSPSPSGANVLTF	1
CASSPRLGANVLTF	1
CASSPRTGGEQYF	1
CASSPQGDGDTQYF	1
CASSPAGGLYNEQFF	1
CASSPEPGQARAGELFF	1
CASSPTSRPYEQYF	1
CASSPTTNTDTQYF	1
CASSPRGTSSTDTQYF	1
CASSPRDRVYTEAFF	1
CASSPRSNLWGALPDSYNEQFF	1
CASSRPGTGKYGYTF	1
CASSRTGQPYEQYF	1
CASSRPHTGELFF	1
CASSRRLAGVHEQFF	1
CASSRVNEQFF	1
CASSRGLAGVNEQFF	1
CASSRDRTGELFF	1
CASSRRSESGELFF	1
CASSRASGRNPRYEQYF	1
CASSRGTAEIHEQYF	1
CASSRTGEQYF	1
CASSRSQTGNVGETQYF	1
CASSHPTRDPGGNEQFF	1
CASSHRRHSYNEQFF	1
CASSHLPDRGPYEQYF	1
CASSHPTLTDTQYF	1
CASSHGGQVDTQYF	1
CASSHGTSGRIYNEQFF	1
CASSHGTGVNEQFF	1
CASSHRTSGMSLGTDTQYF	1
CASSQLAGAHEQYF	1
CASSQRTSGSSGANVLTF	1
CASSQAWGGEDTQYF	1
CASSQAGTRQGEQFF	1
CASSQADSYNEQFF	1
CASSQGLAVVETQYF	1
CASSQGVVETQYF	1
CASSQGVGGMYEQYF	1
CASSQGTENTEAFF	1
CASSQGQSSYEQYF	1
CASSQETSRSTDTQYF	1
CASSQLGRGQGSKEQYF	1
CASSQSSPGLAGGEQYF	1
CASSQYFSPASIDNSYEQYF	1
CASSQLDRVSYNEQFF	1
CASSQLGALDSGANVLTF	1
CASSQPGPFKGTQYF	1
CASSQPPRDRGNSPLHF	1
CASSQPTGQLSSYEQYF	1
CASSQRQGSYEQYF	1
CASSQHPKLYNEQFF	1
CASSQQQGNTGELFF	1
CASSQVLRVILSPLHF	1
CASSQVLRGYDEQYF	1
CASSQVVDTDTQYF	1
CASSQVGNTGELFF	1
CASSQVIAGGTNEQFF	1
CASSQVAGGYYNEQFF	1
CASSQVVRGYEQYF	1
CASSQVYAGGTGELFF	1
CASSQVGNEQFF	1
CASSQAYTSGSYEQYF	1
CASSQAWGRGLRPYNEQFF	1
CASSQALGTLDQETQYF	1
CASSQALAGGPDTQYF	1
CASSQAPGLAGGAYEQYF	1
CASSQAGRGGRYNEQFF	1
CASSQAGGGQTQPQHF	1
CASSQAGDRRYEQYF	1
CASSQAQGAYEQYF	1
CASSQGRGGEQYF	1
CASSQGRLRSYEQYF	1
CASSQGLDYSYEQYF	1
CASSQGSASGYTDTQYF	1
CASSQGAHSSDEQYF	1
CASSQGGTGAYEQYF	1
CASSQGGLAVMDTQYF	1
CASSQGDRIYEQYF	1
CASSQGRPNQPQHF	1
CASSQGHLLAGGTDTQYF	1
CASSQGAGGPANEQFF	1
CASSQDFRETDTQYF	1
CASSQDLPPREQFF	1
CASSQDLAGLGSYEQYF	1
CASSQDLRHMGYTF	1
CASSQDWQGRFYEQYF	1
CASSQDWGVAGGSYNEQFF	1
CASSQDWTSSYNEQFF	1
CASSQDPLGTSGRVSYEQYF	1
CASSQDPPSGRSDEQFF	1
CASSQDPAGGLIYGYTF	1
CASSQDQGAVNEQYF	1
CASSQDQGGWPSGANVLTF	1
CASSQDATGGYNEQFF	1
CASSQDGGRYNEQFF	1
CASSQDGTSGRETQYF	1
CASSQDGHEQYF	1
CASSQDTSGEQYF	1
CASSQDTVAPINEQFF	1
CASSQDNQETQYF	1
CASSQDNRGYEQYF	1
CASSQDWVGGGVETQYF	1
CASSQDPSTDTQYF	1
CASSQDRRSYNEQFF	1
CASSQDGTGAGQYF	1
CASSQESWPNSYEQYF	1
CASSQEPSEDEQFF	1
CASSQERTGGYEQYF	1
CASSQEQGLAIYEQYF	1
CASSQEVGSTQYF	1
CASSQEAGGSYEQYF	1
CASSQEGRTGWDTQYF	1
CASSQEGGDKTQYF	1
CASSQEGGFGIQYF	1
CASSQEGTGPYEQYF	1
CASSQEGLAGIQETQYF	1
CASSQEEGEANEQFF	1
CASSQELRYEQYF	1
CASSQEAISGSYNEQFF	1
CASSQEGPSGSYEQYF	1
CASSQETVQGSYEQYF	1
CASSQESPMNTEAFF	1
CASSQMSGAYEQYF	1
CASSQTGTDAYEQYF	1
CASSQRSYPYTQYF	1
CASSQRYPGEGDEQFF	1
CASSQRTNGDTQYF	1
CASSQKRWDSGEQYF	1
CASSVHRARETQYF	1
CASSVGASGSNEQFF	1
CASSVRQGNTGELFF	1
CASSVDSSTDTQYF	1
CASSVSVGENTGELFF	1
CASSVRLAGGQETQYF	1
CASSADRGETQYF	1
CASSAGLAGQGETQYF	1
CASSANSLNTGELFF	1
CASSAGLAGAGDEQFF	1
CASSGGTAGEQYF	1
CASSGGGVSYEQYF	1
CASSGGQGSYEQYF	1
CASSGRTSRYF	1
CASSGAYEQYF	1
CASSDPGLADYEQYF	1
CASSDSQDLEQYF	1
CASSDTAYEQYF	1
CASSERQSNQPQHF	1
CASSIGTSGYNEQFF	1
CASSMTGRGPHEQFF	1
CASSMRKYSGNSYEQYF	1
CASSTGPSSYNEQFF	1
CASSTGLTSGSSYNEQFF	1
CASSTVAGQDEQFF	1
CASSTGTGEETQYF	1
CASSTEAGAREKLFF	1
CASSSTWGQGGSREQFF	1
CASSRNGGSGANVLTF	1
CASSNFGTDAYEQYF	1
CASSNRPQGGLMYEQYF	1
CASSKSGGVGYNEQFF	1
CASSKGTGTSTDTQYF	1
CASRGETYEQYF	1
CASRGQANTGELFF	1
CASRETESSYNEQFF	1
CASREISDQEREGRGDTQYF	1
CASRFRTGTYEQYF	1
CASRLAGGDSYNEQFF	1
CASRLAGGDQETQYF	1
CASRSSDPGGLQETQYF	1
CASRYSEETQYF	1
CASRLILAGGVDTQYF	1
CASRRTSGSETQYF	1
CASRDPAGLGETQYF	1
CASRIGTGQETQYF	1
CASNRDRGPSYEQYF	1
CASKLQTGSGANVLTF	1
CIFGLSNEQFF	1
CSSSPGDVGAKNIQYF	1
CSYKSGGARYNEQFF	1
CSPSSGNSYEQYF	1
CSVQGGSNQPQHF	1
CSVAGPEQYF	1
CSVKTERDVGEQYF	1
CSVPLADRGLYEQYF	1
CSVPRDQQETQYF	1
CSVTLGGFYEQYF	1
CSVGTGLTDTQYF	1
CSVGDYEQYF	1
CSALAGSDYEQYF	1
CSALDRGVSETQYF	1
CSALDRGVYEQYF	1
CSALTSGRDNEQFF	1
CSASGAIGSSGNTIYF	1
CSASLNVYEQYF	1
CSASRRNSDNEQFF	1
CSASGTGDIINYGYTF	1
CSASTGGQAYF	1
CSASPGPVSGANVLTF	1
CSASKYQETQYF	1
CSAWAGRSYEQYF	1
CSAWGGQNWQYF	1
CSAWTSPSTGELFF	1
CSAYPHPGRRYTDTQYF	1
CSALTSGREASYEQYF	1
CSALRERRNSYNEQFF	1
CSAPLGTSGSNEQFF	1
CSAPPGSTKNIQYF	1
CSAPPGTSGRPYEQYF	1
CSAPQDGPSSYEQYF	1
CSAPAGTANTEAFF	1
CSAPPGPIAPDDGETQYF	1
CSARQRSEPYEQYF	1
CSARATRHEQYF	1
CSARDGRARDTQYF	1
CSARTVDNEQFF	1
CSAHLTTDYNEQFF	1
CSAQGGQTYNEQFF	1
CSAQLAAGELFF	1
CSAQAGIKNEQFF	1
CSAVIAGAHEQYF	1
CSAVVWQPEVGIQYF	1
CSAVGRNTYEQYF	1
CSAVGQGIYEQYF	1
CSAARLRRNNEQFF	1
CSAARLAGVYEQYF	1
CSAAPGYQSYNEQFF	1
CSAADSGRSTDTQYF	1
CSAGTRTYEQYF	1
CSAGLAGPRTDTQYF	1
CSAGDSLGSGELFF	1
CSAISESRGVGELFF	1
CSAIPGGRTGELFF	1
CSAIAFF	1
CSAIDLAQGGYNEQFF	1
CSAITGVSYNEQFF	1
CSAIPGTAITDTQYF	1
CSAIHSYEQYF	1
CSAIVAVGDTDTQYF	1
CSAIDGTSGTDTQYF	1
CSAINTGLAGERQFF	1
CSAMRRETYNEQFF	1
CSAIPRSGWTHEQYF	1
CSAIAGAPGEQYF	1
CSAIGGNSYNEQFF	1
CSAIGANTGELFF	1
CSAIDKNQPQHF	1
CSATRPSTSTDTQYF	1
CSATSGNFYNEQFF	1
CSATPEDSVDSNQPQHF	1
CSATGQRSSYEQYF	1
CSATGTSGTTEFF	1
CSATDRGLTDTQYF	1
CSATNRASGVNDEQFF	1
CSATRSVDYEQYF	1
CSATGSGANVLTF	1
CSASFSALLDTQYF	1
CSASFAGAYEQYF	1
CSASSGSNTGELFF	1
CSASYPGLAGGEQFF	1
CSASLPSGPRGTQYF	1
CSASRGVNEQFF	1
CSASHWIASVDEQYF	1
CSASASGSYGEQFF	1
CSASAVLGEQFF	1
CSASGVQGRAIQYF	1
CSASGPGIVTDTQYF	1
CSASGRVNIQYF	1
CSASTRDNSYEQYF	1
CSASSRSHEQYF	1
CSASRSSRYEQYF	1
CSASRGPSYNEQFF	1
CSASRGAGGDTQYF	1
CSASFRLEGEQFF	1
CSASFGQSTPLHF	1
CSASLKGTGTSVSFEQFF	1
CSASSALREGLHPSNEQFF	1
CSASLLRDRPPYNEQFF	1
CSASLAGVSHEQFF	1
CSASPGTSDTDTQYF	1
CSASPGGGGYEQYF	1
CSASRPYSAGELFF	1
CSASRDYNEQFF	1
CSASHIAGDVYNEQFF	1
CSASHGNTGELFF	1
CSASQTGDTGELFF	1
CSASGAPYPYNEQFF	1
CSASGGQGYEQYF	1
CSASGGSGYEQYF	1
CSASGTGGLGNEQFF	1
CSASGAGGLSSYNEQFF	1
CSASDTSGGAYEQYF	1
CSASTSEYGSTDTQYF	1
CSASSIASYEQYF	1
CSASRGTNEQFF	1
CSASNRGGPQDQPQHF	1
CSARFAEQYF	1
CSARSVAGGVNTGELFF	1
CSARWEGTYEQYF	1
CSARPARVLAKNIQYF	1
CSARRGQGHNSPLHF	1
CSARRATSGINEQFF	1
CSARQPIGKDTQYF	1
CSARQPGLVGTQYF	1
CSARVLGQGTDTQYF	1
CSARARQDNSYEQYF	1
CSARAGSTDTQYF	1
CSARGLGANPPGTQYF	1
CSARGPTGDARYEQYF	1
CSARGAVTSGGFSYEQYF	1
CSARGDSISYEQYF	1
CSARGTYTSMNTEAFF	1
CSARGTSGFGSYNEQFF	1
CSARGLAETQYF	1
CSARGQLEHEQYF	1
CSARDSVKTYEQYF	1
CSARETWGQDTQYF	1
CSARERTRSSYEQYF	1
CSAREPGQEYEQYF	1
CSARTPFSYNEQFF	1
CSARTPGISPLHF	1
CSARSNQGATGELFF	1
CSARNPVGRETQYF	1
CSARKVGAEETQYF	1
CSARKGLASETQYF	1
CSARFQTYNEQFF	1
CSARSSGRAGNEQFF	1
CSARSGTGRETQYF	1
CSARWAGYSYEQYF	1
CSARWGKQETQYF	1
CSARWGQSSGNTIYF	1
CSARLREGSSYNSPLHF	1
CSARLRTSGTREQFF	1
CSARLAGVTRHEQYF	1
CSARLAGGPKGPTDTQYF	1
CSARLAGGPDTQYF	1
CSARPPGLAARGGTQYF	1
CSARPRLAGEQFF	1
CSARPHDQETQYF	1
CSARPGTLSNTQYF	1
CSARPWRVNTEAFF	1
CSARPFARDRVGYEQYF	1
CSARPLATSEFLSSYEQYF	1
CSARPLPVKGANTDTQYF	1
CSARPGGAHTEAFF	1
CSARRYNEQFF	1
CSARVQGVNSPLHF	1
CSARVAGGSYNEQFF	1
CSARVSYEQYF	1
CSARVRGHLLQHNEQFF	1
CSARVNNQPQHF	1
CSARVRQGTDTQYF	1
CSARVLAGLTDTQYF	1
CSARVPGVRYEQYF	1
CSARVGRARSQPQHF	1
CSARVMSSSYNEQFF	1
CSARALRDNEQFF	1
CSARALLKGDQETQYF	1
CSARAPPSSGRNNEQFF	1
CSARAHSGRGETQYF	1
CSARADLAELSTDTQYF	1
CSARASPGLAGTEQYF	1
CSARAPEGASARLNSYEQYF	1
CSARAGTAYF	1
CSARAGQNIQYF	1
CSARARRGPYEQYF	1
CSARGQEVGGFTDTQYF	1
CSARGRIRVWADTQYF	1
CSARGGDGYEQYF	1
CSARGARDYEQYF	1
CSARGGSNYGYTF	1
CSARGIRNPAYEQYF	1
CSARGLIQETQYF	1
CSARGAGTVNTGELFF	1
CSARDFLAGELETQYF	1
CSARDLWDEQFF	1
CSARDLASASGGNTQYF	1
CSARDLEGEAAGELFF	1
CSARDLFRGGGTDTQYF	1
CSARDLVFDNNEQFF	1
CSARDLEGWGTDTQYF	1
CSARDSGISYEQYF	1
CSARDSAKNIQYF	1
CSARDWAITYNEQFF	1
CSARDWTRAGNTIYF	1
CSARDLRQLTYEQYF	1
CSARDLARGEQYF	1
CSARDLTARSSYNEQFF	1
CSARDLRREPYSYEQYF	1
CSARDPGQRAGELFF	1
CSARDPLGGTDTQYF	1
CSARDPSLGSDNEQFF	1
CSARDPRLGGTDTQYF	1
CSARDPNTGSYNEQFF	1
CSARDPGRGISPLHF	1
CSARDPGQGANGYTF	1
CSARDPENTLKTQYF	1
CSARDPSYAGPYGYTF	1
CSARDRRNEQFF	1
CSARDHGGRAKETQYF	1
CSARDHEGAQYF	1
CSARDHRGNTDTQYF	1
CSARDVQRNTGELFF	1
CSARDVTSSFNEQFF	1
CSARDGSPEQYF	1
CSARDGVKGRAYEQYF	1
CSARDGARATYEQYF	1
CSARDGGGLFTDTQYF	1
CSARDGQNYEQYF	1
CSARDILRGDTDTQYF	1
CSARDMASGTSTDTQYF	1
CSARDMGSADTQYF	1
CSARDTEGETSPLHF	1
CSARDRGTSGYNEQFF	1
CSARDRTGEADTQYF	1
CSARDLRGQIEQYF	1
CSARDPTGGETDTQYF	1
CSARDRVGLVGSDTQYF	1
CSARDRRIGFQNIQYF	1
CSARDHRGETQYF	1
CSARDVRVTSTDTQYF	1
CSARDGSGRAYNEQFF	1
CSARDGTMGNEQYF	1
CSARDRSPYEQYF	1
CSARELSSGRWNEQFF	1
CSAREARLPQETQYF	1
CSAREGGSGELFF	1
CSAREGTVSYNEQFF	1
CSAREGETQYF	1
CSAREDNGGMAGELFF	1
CSARETGEETQYF	1
CSARERYTGAYEQYF	1
CSARELQGTYEQYF	1
CSAREYDTNEQFF	1
CSARERTSLSSTDTQYF	1
CSAREQEGAYEQYF	1
CSAREVTSGAYEQYF	1
CSAREVLAGDSYEQYF	1
CSARERGTGANVLTF	1
CSARIASGRAEHEQYF	1
CSARMVERDSYEQYF	1
CSARILNEQFF	1
CSARIGLADAGELFF	1
CSARTAGNPEKLFF	1
CSARTEGQGAEAFF	1
CSARSPMWERSYNEQFF	1
CSARSGGDRGEQYF	1
CSARSGSNYDEQYF	1
CSARRVDRGHDEQYF	1
CSARRAGGTYNEQFF	1
CSARREGPRDTQYF	1
CSARNSGSSYNEQFF	1
CSANLLAGQRPNYGYTF	1
CSANQGEKLFF	1
CSANGGAGDGYTF	1
CSANLAGFNEQFF	1
CSANPLAGPYEQYF	1
CSAKRLAETDTQYF	1
CSAKVSNQPQHF	1
CSAKGLADYNEQFF	1
CSAKTSGRATQYF	1
CSAKTQVRDPWYQETQYF	1
CSAKGLDQPVDEQFF	1
CSAKDEQAGGEKLFF	1
CSAKRPDSFYEQYF	1
CSASDLYNEQFF	1
CSAYVDEQFF	1
CSALPLAGGTDTQYF	1
CSALTRGQGDQPQHF	1
CSALQGREPWEYEQYF	1
CSAPPEGPAYEQYF	1
CSAPWDSGETQYF	1
CSAPRRAGEKQYF	1
CSAPGSGIYEQYF	1
CSAPKTSDTQYF	1
CSAPRTGVPETQYF	1
CSAPAGGGGSYNEQFF	1
CSAPGLGSPSYNEQFF	1
CSARASDYGYTF	1
CSAQRDYYNEQFF	1
CSAQDSGVSYNEQFF	1
CSAQPGMTDTQYF	1
CSAATGEDEQYF	1
CSAGVGVGSTDTQYF	1
CSAGVAGRYNEQFF	1
CSAGDISSTDTQYF	1
CSAGLNEQFF	1
CSADDMDIQYF	1
CSADSYTDTQYF	1
CSAIRTGAGYEQYF	1
CSATSGTPYNEQFF	1
CSATPGSQGETQYF	1
CSATQVGTAVNYGYTF	1
CSATSGRSYNEQFF	1
CSATRTREPYEQYF	1
CSASPGAILSYEQYF	1
CSARESGPTQYF	1
CSANFRTYEQYF	1
CSAKQFF	1
CSAFLAGGGTDTQYF	1
CSASRTMYKNIQYF	1
CSAPHGETQYF	1
CSAPIKGAGLNEQFF	1
CSAHLPVGNEQFF	1
CSAAHPEQFF	1
CSADRGSSTDTQYF	1
CSAMRSSGTDTQYF	1
CSATSGDTQYF	1
CSATRQGALPTDTQYF	1
CSATLAGAPLSTDTQYF	1
CSALLVREQYF	1
CSASGQGTSGENYEQYF	1
CSACTDTQYF	1
CSARESNEQYF	1
CSATRTSGYNEQFF	1
CSARWGSTDTQYF	1
CSGLAANQETQYF	1
CSGQPGQGTDTQYF	1
CSGYERGNNEQFF	1
CSGTGTEPYEQYF	1
CSGKKRSTDTQYF	1
CSETSGYNEQFF	1
CSTPPRSGAFYNEQFF	1
CSTLRGEAYEQYF	1
CSSLKTLGPGEQFF	1
CSLRGSLTDTQYF	1
CSRPDRGPKNIQYF	1
CSVFRAGEETQYF	1
CSVSSGDYNEQFF	1
CSVCDGRVMETQYF	1
CSVRGQAPNEQFF	1
CSVRDRGGHEQYF	1
CSVQYSQPYEQYF	1
CSVQGGAESTDTQYF	1
CSVVSGTDSNEQFF	1
CSVVRSSSYNEQFF	1
CSVVFVFRSYNEQFF	1
CSVVTSGRAVYNEQFF	1
CSVVRDEQYF	1
CSVVGYGSPYNEQFF	1
CSVAHPGAASYEQYF	1
CSVAQTVTYEQYF	1
CSVAALDGNSYEQYF	1
CSVATGDEQYF	1
CSVAQGYSTDTQYF	1
CSVAGGQMNTEAFF	1
CSVADLYYEQYF	1
CSVGGQGDEQYF	1
CSVGFRLNEKLFF	1
CSVGVTNLFPNEQFF	1
CSVGGGQIYEQYF	1
CSVGVFSGGLGEQYF	1
CSVGVESQGRPFTDTQYF	1
CSVDLRESYNEQFF	1
CSVDVGRSTDTQYF	1
CSVDSGEGGNYGYTF	1
CSVDASGGRETQYF	1
CSVDGGKASGRSVEQFF	1
CSVEPPGGDTQYF	1
CSVEAMSGELFF	1
CSVEDPPSHDF	1
CSVEVWTSGKPLEQYF	1
CSVEAQTGNNEQFF	1
CSVEGRVRDTQYF	1
CSVEGQSYEQYF	1
CSVEGQGAGEQYF	1
CSVEDPTGDYNEQFF	1
CSVEDLAMNTEAFF	1
CSVEDPYQETQYF	1
CSVEDPRRGQGTDTQYF	1
CSVEDRAGEGSEQYF	1
CSVEEVGSPVQETQYF	1
CSVEEGQGETQYF	1
CSVEEPPLLGQGGVLTF	1
CSVERTAMNTEAFF	1
CSVENLELAGGSYNEQFF	1
CSVSKSPSSYNEQFF	1
CSVRLSPRDEQFF	1
CSVLLAGSENEQFF	1
CSVLRVGQGTGQYF	1
CSVLRGLAGDTQYF	1
CSVRPRLAGGVEQFF	1
CSVRGQGTDTQYF	1
CSVQTYNEQFF	1
CSVGVGHSTDTQYF	1
CSVGGMGWGGSGINDEQFF	1
CSVSRDRGTEAFF	1
CSVQPGNEQFF	1
CSVTSTDTQYF	1
CSVSGYPGDEQFF	1
CSVESRGETQYF	1
CSAWGGNYRNEQFF	1
CSARTRGYYNEQFF	1
CSAVKPYEQGGTEAFF	1
CSAIWRSDTYNEQFF	1
CSAKGDNNSPLHF	1
CSASRGANVLTF	1
CSAWTAPGEQFF	1
CSALSAGQETQYF	1
CSAPRGGGPYNEQFF	1
CSAARRAGTSNEQFF	1
CSATGQPGEQFF	1
CSARAGTSGRGYNEQFF	1
CSAETDTYEQYF	1
CSALGAAYEQFF	1
CSGWPLAGGFTSTDTQYF	1
CSGGLAGVRETQYF	1
CSGTWQETQYF	1
CSGRAAQETQYF	1
CSERDSSSAGTEAFF	1
CSIVQQGGNYNEQFF	1
CSTAGRVGDTQYF	1
CRPQVGDQETQYF	1
CRQDRAPDEAFF	1
CNPRGTDTQYF	1
CAISDLVGDTQYF	1
CASSPREGQSEQFF	1
CASTGRRTDTQYF	1
CASSFDDYTDTQYF	1
CASSFWDRGFHEQYF	1
CASSLGPGDSYEQYF	1
CASSPSGQQFF	1
CASSPTGGQGSYEQYF	1
CASSRSGVQETQYF	1
CASSLLREGEDTQYF	1
CASSLPDRPYEQYF	1
CASSLAVSDTQYF	1
CASSLATSYEQYF	1
CASSLAKGLLHEQYF	1
CASSLRTGPDIQYF	1
CASSSWSSGNAEQYF	1
CASSSGTNEKLFF	1
CASSLQGGRSHF	1
CASSPIPGLGGYEQYF	1
CASSRVEGAYEQYF	1
CASSRPY	1
CASSQGGTTYNEQFF	1
CASSQDVSFNEQFF	1
CASSQRWEGYGYTF	1
CASSGLAGVYNEQFF	1
CASSDELADTQYF	1
CASSELVPDTQYF	1
CASSTPRFDLVMAGELFF	1
CASRSTPDYEQYF	1
CASRAVAGGGYTF	1
CASRSGSSVYNEQFF	1
CASRVLAGDPDTQYF	1
CASREDIAYEQYF	1
CISVPEKSPDRGFNEQFF	1
CASIISGTGAYEQYF	1
CASSFSGKGVDTQYF	1
CASSLNRDGYEQYF	1
CASSLGLAGDEQFF	1
CASSPLTGESYNEQFF	1
CASSHGTDSYEQYF	1
CASSQAEWETQYF	1
CASSDLYQETQYF	1
CSVGPLGSLEKLFF	1
CSASGTSSSYEQYF	1
CSASPTATNEKLFF	1
CSASGTIYEQYF	1
CSARGGRIRDSPLHF	1
CSARKGLVEGTDTQYF	1
CSVGSYEKLFF	1
CSVEPVYNEQFF	1
CSVEAGPSYNEQFF	1
CSVEDLGGAGGYTF	1
CSTRRTPRDEQFF	1
